29837 866
844
147
569
900
700
866
113
191
702
980
428
659
480
100
203
125
446
238
496
325
299
422
268
774
119
835
727
568
370
229
923
317
176
172
89
101
324
455
388
636
275
907
416
186
332
224
955
590
438
455
217
648
500
666
556
141
654
116
688
510
890
644
97
241
911
227
170
62
635
307
553
590
687
238
970
608
204
453
739
51
758
751
552
84
435
5
823
311
518
214
41
786
390
879
84
180
244
180
367
718
143
410
384
727
17
187
826
468
876
610
138
114
855
833
204
842
865
202
90
343
728
218
825
642
195
343
955
784
98
802
348
408
99
103
843
294
83
979
834
217
122
574
888
864
972
571
167
941
859
337
545
45
460
387
616
936
881
996
79
60
977
686
344
569
388
464
96
603
295
958
124
886
647
563
884
363
771
760
291
344
287
61
259
790
795
262
966
328
666
388
582
153
886
946
22
636
99
1000
855
773
266
721
304
713
245
58
326
100
684
541
917
718
452
474
970
627
516
488
486
661
417
797
686
183
588
587
881
338
965
789
432
851
736
377
899
479
141
842
342
924
608
88
674
928
968
826
571
597
874
546
882
648
539
718
540
376
711
644
523
590
45
687
284
623
910
574
532
2
260
796
393
134
310
996
637
674
619
406
360
715
568
540
577
61
53
95
586
287
867
447
906
765
666
351
349
347
11
190
713
15
866
332
731
172
834
617
620
424
656
328
958
83
164
116
213
609
25
488
151
329
715
152
119
58
811
259
474
516
699
372
888
96
672
460
126
629
578
592
390
498
444
75
932
211
86
746
667
762
541
31
623
510
854
924
421
157
464
173
809
642
3
46
849
92
260
454
279
878
891
189
411
62
382
810
904
548
63
107
444
195
138
776
472
795
361
927
733
780
210
539
8
970
389
609
74
944
803
579
416
834
652
910
938
251
237
237
796
165
124
791
777
306
581
8
76
96
400
659
756
129
218
295
128
42
627
226
445
753
354
971
862
724
531
225
690
594
225
453
106
657
103
162
453
816
93
391
33
993
778
52
362
362
816
652
901
282
334
811
13
47
560
512
770
22
542
235
487
110
153
294
760
64
332
589
629
170
169
6
861
818
828
768
440
38
162
664
620
190
906
272
320
183
363
660
187
524
567
893
292
148
650
955
567
184
630
544
891
80
156
825
644
340
408
445
838
691
724
83
288
292
995
645
727
923
853
630
160
466
568
273
824
804
872
210
829
936
391
509
203
281
142
680
209
751
473
645
361
420
447
4
240
857
808
119
466
943
179
412
593
903
145
530
704
140
869
637
27
339
947
427
686
959
657
714
777
851
287
36
343
917
689
58
311
260
618
789
97
779
739
811
668
403
281
851
258
757
927
671
723
950
442
582
76
900
21
391
322
56
228
722
113
592
779
45
470
133
270
34
943
198
751
760
771
724
914
96
683
245
95
498
272
913
931
432
216
864
89
119
97
238
32
557
813
465
257
906
47
704
870
785
258
989
56
978
497
897
92
896
31
620
20
389
719
688
362
304
197
364
719
489
168
448
296
623
303
677
308
99
400
738
320
157
7
79
259
888
252
815
122
93
732
217
95
890
543
110
64
685
335
614
370
297
492
413
999
686
437
791
107
3
648
79
46
109
562
987
538
403
386
395
594
378
403
235
15
179
864
599
511
886
558
650
615
363
884
634
631
291
974
610
830
679
832
547
202
986
924
407
400
329
188
50
84
508
29
163
444
137
802
930
427
169
509
975
189
672
659
748
145
754
422
649
52
894
55
59
695
21
766
381
771
936
600
772
363
757
409
910
728
916
187
3
826
286
219
357
82
874
445
299
310
160
10
114
867
647
816
431
523
89
965
874
127
173
528
1000
697
451
63
400
409
892
491
292
426
560
169
65
852
484
910
315
839
459
373
809
134
783
601
145
871
243
248
332
964
367
702
683
155
615
988
457
788
164
853
184
103
913
11
57
424
16
876
62
289
212
