11455 531
555
848
266
130
403
972
968
399
804
968
168
102
94
226
139
552
567
133
88
226
501
431
795
434
656
386
365
960
159
803
540
222
706
489
857
526
585
154
533
34
429
51
314
89
884
229
603
225
634
411
158
226
165
604
688
404
946
305
501
900
393
444
301
522
960
95
324
594
891
923
121
424
769
715
368
710
688
554
63
736
863
752
684
564
509
9
345
346
783
86
216
991
457
61
115
594
216
653
242
129
115
341
957
664
661
275
166
99
661
569
395
947
879
260
861
905
272
447
363
815
816
638
191
777
639
960
698
861
136
430
903
28
97
529
535
813
885
914
95
758
513
307
843
273
12
536
278
601
688
288
735
170
469
884
388
840
664
456
248
398
166
462
224
323
376
612
500
611
302
240
111
186
492
291
182
761
840
586
855
992
911
407
917
628
391
942
467
433
414
847
707
533
239
949
216
759
944
43
845
520
348
652
905
316
742
951
968
998
569
600
886
387
886
175
406
611
541
788
703
84
318
332
128
361
948
430
91
717
402
664
84
469
102
393
845
293
381
91
302
865
533
52
974
299
485
728
821
92
462
976
692
227
247
54
351
936
386
936
696
974
764
345
378
586
878
119
368
884
970
883
196
242
854
664
732
658
974
21
313
997
301
23
373
63
932
570
476
684
757
392
831
45
309
89
425
624
581
84
110
540
889
197
565
860
570
902
985
532
260
427
540
711
82
149
730
466
633
862
280
777
458
870
769
659
227
606
738
655
466
432
805
520
493
530
179
651
82
410
833
553
75
12
762
538
532
220
981
765
784
498
800
382
623
914
133
134
54
739
484
768
450
527
22
616
695
527
798
715
373
413
185
224
666
402
992
392
723
59
609
590
592
34
175
582
447
139
958
34
831
816
819
476
603
549
841
795
861
501
618
926
40
869
589
624
974
255
852
163
25
625
709
58
236
481
119
818
839
982
384
624
11
701
322
809
995
467
292
179
317
922
289
264
403
843
549
675
995
538
644
337
225
926
8
996
135
381
654
829
70
159
640
957
582
718
472
412
973
863
703
714
23
739
113
233
426
519
343
517
214
398
151
443
345
434
57
859
715
756
612
178
661
855
569
40
302
321
53
288
91
556
284
799
790
864
778
166
582
673
709
203
681
157
885
773
481
932
513
767
158
425
258
876
892
486
410
28
440
60
255
213
134
416
246
665
411
668
32
356
160
310
318
