53073 844
617
198
316
713
105
78
175
255
554
307
909
546
709
999
722
626
688
675
327
478
702
89
970
94
546
936
2
353
596
728
156
479
236
454
625
951
494
854
677
80
934
195
213
639
436
235
252
508
478
719
99
805
831
189
820
667
591
494
313
641
896
595
856
804
10
316
126
775
147
890
337
610
851
841
414
813
524
304
739
422
617
754
465
43
230
14
866
29
48
607
392
196
524
243
146
656
189
774
766
189
735
920
883
601
658
12
153
730
798
528
5
780
551
39
165
969
31
693
636
286
255
707
205
559
84
928
441
586
174
410
459
297
744
306
578
332
688
201
357
947
552
688
150
35
52
502
389
612
869
887
924
648
126
381
513
744
447
916
418
385
706
590
751
725
363
761
905
620
662
521
746
487
338
666
127
510
908
413
67
640
887
753
575
114
636
621
969
537
514
306
480
914
592
951
409
234
141
85
482
915
431
583
155
919
591
843
257
543
807
658
855
705
969
876
841
596
566
441
919
506
220
219
922
539
308
274
652
95
488
187
735
439
820
57
791
106
621
340
262
453
810
15
625
318
651
278
422
938
51
406
502
157
307
742
513
144
60
876
516
359
132
355
119
197
846
664
204
767
31
971
1000
351
750
684
179
642
978
284
267
928
35
155
169
66
460
46
717
729
648
336
107
677
304
179
148
253
798
979
858
66
911
710
398
195
306
835
350
639
512
174
121
339
1
182
895
322
240
237
762
577
848
588
418
613
996
305
649
795
585
141
722
295
665
951
232
673
235
875
925
256
706
597
593
865
977
343
944
767
26
612
978
254
744
257
845
111
293
656
807
542
250
8
195
140
130
248
964
551
854
636
310
386
302
993
729
588
382
10
773
984
693
291
879
369
533
998
183
936
452
740
981
630
817
489
961
295
919
422
819
18
780
476
592
998
710
922
557
161
927
459
992
162
243
601
161
540
925
657
364
119
155
754
517
927
363
708
139
254
633
873
716
804
627
108
408
755
117
623
535
369
699
690
563
177
177
723
274
17
715
619
919
201
349
784
394
189
260
915
392
380
133
614
457
445
311
451
198
572
276
854
190
471
5
927
837
548
909
505
715
187
494
943
347
41
441
329
838
386
923
840
248
767
216
68
16
809
245
454
775
259
360
359
203
362
332
968
134
805
161
378
872
765
23
527
629
13
507
37
223
133
920
835
765
759
617
706
904
598
751
698
813
352
250
292
549
14
589
14
362
710
265
269
206
53
606
995
99
223
959
562
431
462
754
462
149
201
359
966
213
242
183
377
978
745
251
653
100
485
573
832
99
408
1000
647
532
766
900
665
999
797
922
661
192
326
134
501
639
280
770
840
81
49
923
477
12
45
626
587
409
85
356
744
655
724
88
223
993
419
233
875
526
246
871
504
173
229
188
106
671
259
349
498
6
146
55
764
868
101
733
806
627
37
654
858
360
187
263
404
474
189
107
610
631
434
938
327
780
39
831
415
8
753
457
319
826
966
747
480
521
440
168
875
707
11
677
901
322
113
302
558
125
697
821
85
223
931
451
319
423
320
877
653
727
80
782
704
158
86
683
99
754
825
28
196
406
577
140
449
854
283
429
814
116
827
202
734
761
292
25
578
625
272
951
361
257
36
395
681
817
745
771
638
67
30
751
946
913
439
265
896
811
401
409
791
102
786
472
91
387
276
945
9
338
51
253
232
523
426
820
193
39
450
741
309
456
230
868
144
789
845
150
986
909
813
727
365
548
112
631
541
798
222
43
883
186
18
348
369
5
866
690
261
119
331
115
873
110
550
367
980
770
281
241
9
997
401
945
529
573
835
661
232
135
359
369
189
346
80
843
673
899
579
318
83
763
955
574
178
18
184
215
634
903
457
563
277
797
958
156
412
294
914
522
807
187
858
43
757
653
232
109
957
609
696
