34691 508
680
547
14
296
808
184
29
112
657
295
649
989
675
773
305
53
810
569
919
379
903
98
497
754
436
487
288
745
32
302
772
384
766
420
745
24
403
201
822
477
88
339
760
189
989
241
900
142
674
674
392
735
496
127
951
930
235
684
478
383
47
395
412
85
59
184
281
307
403
506
905
444
933
966
460
268
360
405
415
460
723
107
245
874
304
666
35
712
666
479
568
401
943
426
177
71
161
895
290
600
708
851
457
538
302
100
493
712
583
135
263
613
576
818
470
384
438
938
909
758
694
127
570
694
529
545
184
662
212
38
662
565
743
732
270
500
842
488
618
488
944
421
104
444
740
820
501
624
698
838
466
774
135
230
637
999
230
376
587
723
247
718
278
126
350
909
310
629
669
803
733
787
183
42
73
907
329
591
280
936
863
99
233
951
232
301
470
642
262
413
605
295
593
954
603
357
337
128
472
309
865
514
756
171
89
736
899
441
693
717
824
375
51
577
629
580
592
742
136
928
473
106
717
365
21
765
862
474
926
63
387
409
538
722
89
920
860
589
870
394
87
331
924
688
817
180
671
433
640
836
312
735
15
78
676
352
87
816
337
743
851
14
213
161
814
209
40
297
741
707
155
107
294
352
275
978
333
547
220
210
768
639
317
68
339
522
958
126
890
928
384
309
299
917
224
529
368
225
607
592
933
575
880
883
42
119
715
747
116
920
702
320
919
215
413
826
199
259
892
25
239
658
68
566
412
653
912
935
704
201
991
719
838
20
285
694
387
692
16
312
337
534
424
840
775
818
906
417
268
79
156
125
864
247
908
88
883
221
129
316
49
137
367
663
917
322
483
388
335
860
83
547
586
584
818
784
42
962
586
731
147
196
582
157
619
210
408
191
424
17
143
136
31
430
728
146
977
343
669
462
168
435
595
371
447
940
261
159
828
292
924
914
897
74
852
614
363
332
993
262
299
160
712
45
379
949
986
680
596
823
494
992
499
726
915
188
239
60
426
48
821
102
765
358
866
713
894
205
8
79
198
796
116
849
964
318
900
967
82
398
595
489
800
656
196
383
54
979
689
310
581
499
18
771
617
236
455
903
818
547
326
382
476
394
229
986
271
484
107
125
212
736
642
624
607
451
261
235
841
315
391
209
521
951
831
4
404
844
