16309 173
391
248
64
879
158
290
884
320
407
283
389
433
290
899
240
127
931
111
159
279
104
755
672
414
974
38
926
489
469
875
741
641
296
737
513
449
312
901
967
875
594
131
658
92
541
247
900
777
870
630
332
314
810
713
83
545
527
873
291
124
550
194
615
718
109
404
83
488
658
121
121
630
15
444
858
371
195
506
91
145
476
109
26
354
26
670
557
395
931
999
95
606
10
608
208
485
134
368
813
11
328
782
382
476
947
188
481
343
368
94
521
446
600
245
127
448
196
183
830
230
782
195
584
829
974
514
575
387
898
666
218
185
390
509
962
19
644
423
880
677
983
154
59
206
780
786
612
283
527
788
655
900
792
727
762
903
13
484
756
62
435
494
157
528
337
409
715
638
676
84
368
735
28
