12122 11676
12363
3415
28739
5356
10945
5721
3113
6405
294
1972
25920
4520
17236
5033
29493
1809
25600
19002
14834
29254
1777
13318
19380
13017
15798
24526
24651
3221
12751
10105
23687
17399
19834
7458
26113
12819
25228
8725
13620
29573
6333
29785
24055
11389
3181
10691
11881
9406
21138
8257
7007
28939
26704
6067
9901
17540
1919
23706
6106
18166
18879
3868
20381
25268
15199
15268
14046
13082
20245
15593
843
5945
9965
22630
20747
6287
10624
2155
22446
16231
7667
29902
314
11382
21638
2251
10421
21273
7635
20169
14104
26027
23029
19885
23942
11289
12903
5228
16783
3333
1558
5272
5628
3868
2526
29804
15005
12381
25636
18094
10170
19479
24488
11910
17017
1687
15600
2671
14106
22378
3455
20836
5641
13750
15194
24154
13956
17356
15236
16429
12322
8069
15409
871
24964
16342
24508
22073
20645
28702
19568
16824
15735
23520
715
4455
27658
3124
6500
2012
691
26723
3593
20821
17634
22364
3655
9778
8805
9829
7043
25455
28859
7677
6883
24670
18385
20551
13441
18401
2752
21072
13172
12371
26663
26591
11605
22941
11305
18985
11562
1253
11798
17735
391
21576
29063
25433
17714
27945
15949
25817
16450
16109
8195
6713
15008
27982
20476
25988
18777
9455
25628
29077
6747
21166
4667
6706
4257
29021
22390
9652
18433
9842
24506
11774
25013
23584
10428
23117
10431
20177
9367
21933
17045
9425
17413
24276
10866
23608
27452
17559
27159
4287
23799
14961
16324
19779
10057
18083
27509
28436
22297
2183
29394
3101
11731
15891
2936
27345
6907
16984
22088
24268
13312
22158
4685
21492
26270
21067
13668
8997
11373
1901
26014
13169
11312
24455
23351
28272
14720
6691
5959
11777
10459
4483
810
1794
1509
979
23400
24067
1852
27337
18100
2665
28058
21971
22077
4492
29815
2971
6039
18183
15272
4003
16052
25462
14507
11850
4138
4455
13155
7853
2306
4970
15257
18950
16111
6172
4602
4267
9651
22454
23865
13963
20683
26017
12516
20794
15345
7670
29896
763
10310
11414
1878
23828
21929
29353
12208
21607
10841
2491
5482
25075
29709
23861
26286
18842
3476
2930
14841
29557
5637
18689
12680
18472
26814
1299
19021
24982
29285
13740
27041
16879
6846
24381
3704
8280
10637
9572
5316
27272
9627
16942
6537
6648
16785
23589
23124
29698
5122
21417
26505
16117
27021
20490
24521
22319
27818
4858
10637
15997
21273
10954
7615
18081
19541
28393
26875
25888
1704
13512
2669
7163
25062
9842
28473
16978
21661
17758
11678
9417
15307
7131
27355
5306
20547
9546
6423
16983
11106
26751
873
4164
26229
13731
1040
11701
7372
28456
3906
15927
6236
11218
16571
14681
26025
5121
25321
8328
25071
21821
10924
1376
9410
23003
22480
13049
4302
25146
22194
18879
10834
26259
10298
12145
20694
5739
19451
25424
18489
2757
13974
17406
6990
3023
23401
5419
5280
24817
21642
14974
4441
16007
29538
6172
7025
3280
24841
27791
1162
716
5393
6693
3029
27076
11971
9398
5036
28391
4918
3965
14793
3945
24850
27257
24107
16005
27546
27373
29672
47
24302
724
14678
27228
7517
25841
27437
25591
11958
12904
7231
10384
13341
3866
24605
25584
10103
25281
28439
22200
13499
26565
14813
18676
26868
28784
7983
6648
9894
494
24696
10700
1366
3714
27744
6638
22729
5431
22174
10090
20243
15621
14181
24813
5038
16095
5881
21938
9839
13510
3830
4030
16078
11616
12455
11952
19335
14859
6538
19966
5052
9096
28967
11166
11633
26059
21258
1092
17626
12399
8757
4467
1638
13958
15501
11601
2961
18561
4760
4957
10062
14564
10452
17827
10135
27956
2918
10412
22295
12032
484
27994
25160
2161
28527
22493
12165
3238
13037
28180
10270
8953
24785
21580
14863
10022
26515
15729
8264
25785
15713
9583
22396
5962
6681
11687
20975
28689
12987
16028
28774
2769
14040
16025
19452
7835
28887
4623
1157
11582
7449
4822
18946
8093
17910
5189
24081
16269
17704
7408
16152
17287
17626
29963
25397
12991
27362
15491
7953
18911
29375
28677
12838
14380
11958
27046
10418
25519
19844
23112
16841
29217
20467
24430
11888
16922
21378
8316
25399
12942
4726
29063
8553
12132
557
10
16310
29734
3031
7169
17126
29117
11973
21133
7514
16325
23322
10607
27174
25981
24405
10615
28862
19723
22319
17579
19290
28167
21427
6786
23914
4928
25811
3433
23022
21310
2572
21686
1759
28133
16191
12929
26290
24911
12808
16550
29070
4040
19330
7771
11656
17496
1028
23814
23618
26360
12882
8982
16778
20157
9469
6304
22537
16018
6448
20890
1835
15797
24572
14058
18104
12988
27722
7824
28104
17755
29753
12321
25935
22868
20406
8402
8615
21477
25567
11766
840
17581
24302
25117
6689
16502
15826
14367
17916
6820
27491
20725
13164
29500
29221
4640
18074
29543
20563
23516
21726
24055
17514
29958
22207
18045
17129
1330
22880
24123
5628
27771
19214
26316
10706
8887
9727
15821
21445
8747
11035
21338
7032
11793
8762
28868
25421
16830
22502
3962
25545
3596
15654
10282
12690
16423
15130
15029
14038
29476
28509
1260
27824
17777
16352
12380
5093
27387
15517
25865
14979
4096
4901
27445
12928
984
2208
24026
20475
7044
27349
9682
10514
23204
15424
3493
29571
8588
8894
10540
3982
1953
5857
14266
17654
13969
13589
27693
5161
6643
1947
29103
4774
27188
6996
16806
27529
318
27074
9879
2749
7755
10147
5983
26709
20560
20726
28869
28914
28847
28737
12960
2693
1054
12246
18909
3075
26310
10797
5264
29280
12087
28974
4956
6589
1930
21287
23174
1604
10244
24869
6863
16800
28722
14342
7988
16460
8224
8829
28415
10250
20206
13062
4025
11749
2314
2576
14456
22030
3993
27213
2345
18166
7725
16962
25412
97
9662
14866
23274
3725
7375
17856
4426
10678
27470
4448
8710
14443
7083
27594
15391
19859
4854
22722
5639
25042
4665
8050
13204
27602
8892
28531
3020
18914
5463
28174
2082
15212
26369
12058
23582
15837
9587
7145
14728
21642
2950
25862
18566
25848
29112
24208
21654
6426
19666
24581
5585
15174
16392
6597
21692
522
23613
11051
3099
6402
5006
12097
21636
333
1837
7270
7186
5076
25871
21474
5081
5973
3823
14263
2934
24784
2817
3227
22
26132
26633
25293
2880
5295
26375
16608
15999
29764
24864
1045
8100
9595
2965
23567
25273
12402
9322
5819
22778
9115
190
22777
7936
21640
12927
22581
9936
9900
18490
8880
8100
9975
14894
18847
26259
15389
22086
11385
28731
17012
5230
11853
26701
2483
13506
29998
7505
22906
18517
11977
29676
7822
20611
4407
26303
48
3641
5043
13559
29895
11479
13675
21457
16332
6600
15721
20182
20577
19031
1713
26926
30000
10982
16079
294
1028
1871
9081
1257
25307
20743
9882
23678
3441
12776
6742
7158
29772
2041
9075
18647
25173
15461
13003
11981
27738
5464
24060
29798
5271
5192
21797
22271
2769
5686
16752
20101
3271
13159
23560
28313
1981
20649
26404
1968
1954
24524
20877
23870
22977
19891
5928
21710
25643
17513
21924
25777
25592
3503
17216
17003
21629
2371
24327
14147
23164
20636
28750
20305
5795
10501
17425
23219
11320
28445
15983
5890
14548
23489
18191
22074
28613
5890
14764
26686
18303
4046
26120
25936
19445
18885
18826
28279
21765
24317
355
5139
24390
7637
26909
24807
27610
18593
18949
1906
1073
25358
15722
15562
22789
3672
7796
21526
25774
21416
23545
7515
3971
19716
5195
11025
700
6380
29666
25974
18718
29089
11044
26226
18572
11352
15400
11409
6600
4126
10434
17891
27295
6158
9715
28213
17438
25459
7363
19151
15472
6869
20297
20038
28652
3805
1656
5075
24365
12922
9291
29048
1273
114
10940
17219
20054
5092
4202
3526
15135
20760
10664
12971
2795
28341
5085
9625
26705
14256
17870
1689
989
28093
3781
28687
17282
11546
18715
27206
3858
5644
20100
23908
16736
5300
18426
431
2258
15236
2322
11197
18428
11362
14801
5534
19567
7341
19958
28557
20969
29574
5252
26327
2284
24945
7744
7502
1819
11261
22403
2521
17602
24476
3156
16576
23354
3918
23309
3677
29189
23204
25435
14067
3976
11301
1671
13760
17157
12898
6394
9511
14627
5032
21948
15756
25073
11055
15912
26039
26978
14162
1498
28093
24764
3627
23405
10103
20307
4552
16765
18082
16002
24005
28446
13262
9668
1165
17210
23362
17342
11598
5724
23905
25027
1404
1476
8440
26194
27183
11011
23346
25912
2863
28347
17725
18681
29824
7090
7598
13296
7302
12001
12368
2147
19388
26845
4730
12653
3559
2581
10994
29533
11144
1181
12560
11851
15648
21264
20694
25373
6210
12011
17550
3533
11076
1846
9711
27667
359
26205
905
28552
17367
11346
7780
16667
18393
7384
5384
12017
576
18948
25159
18663
29426
22222
25044
1710
22004
13733
27962
16702
15887
18369
7629
5525
17013
9610
26626
23340
13915
26372
23924
566
11271
23046
18047
25120
4796
14479
21448
5750
6641
1948
27728
14445
1417
29211
25943
26874
25126
17437
26655
26979
12737
1667
5775
21026
22813
3637
237
2948
16634
12884
2631
26548
24631
3695
15246
13949
26657
19148
28557
17934
23311
22383
11024
21533
16637
18170
10410
7563
26966
20524
20661
29880
16263
1621
22917
14164
28999
3282
29689
19310
26224
27456
24828
9372
12158
27448
23629
11227
25100
12376
9126
3248
9017
17056
22736
28945
17958
25899
14596
16053
23825
9495
27712
20516
21008
23875
7486
6368
16
24775
10787
29079
28530
24236
7109
11375
4920
29944
12381
23029
8106
27728
22606
6414
12067
23968
1193
9258
24159
20611
11087
26562
11451
21579
16308
3384
18905
3928
28914
9340
22448
29632
5912
7097
1939
23664
15413
1712
23746
25798
28702
22305
15963
23070
15818
16760
25495
12828
15508
21647
29186
21082
2102
8515
25828
14722
9637
4222
22555
2600
5777
27902
15823
11555
17926
5430
25418
26383
990
18836
9511
15284
735
13617
1878
21082
27992
13843
20165
28633
27752
5549
25514
3854
2260
9100
14610
8504
11891
10469
26090
25408
25221
18388
1133
17271
17923
9132
12200
7520
29074
25656
4435
12992
5546
1279
21345
28708
10058
11602
14875
1861
1878
8609
12527
5914
688
7328
18735
6932
6555
26816
22884
9648
12555
5357
14228
13979
29509
27079
7390
3407
2384
11582
17164
9868
1060
22956
11490
9161
14424
13640
11638
1394
9819
19021
23089
7866
14895
25732
8441
15481
28528
11043
21803
3807
22001
2618
3138
10198
4358
25741
5682
28325
23312
25690
4674
8341
138
28815
8940
8345
14809
4288
26692
7688
20250
20220
8733
17569
12509
6632
16717
18530
27137
3797
28006
16866
25418
28698
26171
28471
9977
22337
9561
22289
17505
28126
9468
24871
14957
3329
8911
4380
17366
13090
29145
12814
8284
29353
68
9189
22159
6361
13545
29012
16972
26103
16224
11251
19828
23642
10116
15218
13941
21162
22933
87
14157
12078
5063
27237
27591
29547
15491
20553
26342
18987
2488
620
9935
26646
15037
18539
26493
21002
7734
9460
17320
17082
28996
9300
29453
526
29939
23035
23060
27543
6581
3455
29356
18310
3558
17870
18654
4344
3401
2861
10491
7569
14229
13078
19759
28131
116
9478
24196
20891
18696
22911
17224
52
26618
7207
10123
7352
4605
90
4529
16296
771
1122
21183
3777
28617
5186
15741
5228
7349
28653
21648
14281
143
1103
28715
5185
19634
20327
4419
6490
19691
21536
2098
3448
5576
9703
23456
24987
5201
7778
18963
29024
17406
23784
8178
8236
1925
12842
28315
9593
24144
1234
19754
22304
26485
13327
26079
1257
26945
20518
21335
11231
229
10099
16215
10075
2398
4885
8417
11396
1786
21717
8801
24128
22879
8823
27682
625
2185
17662
17259
7384
3350
19594
29842
16604
23863
16298
8465
8706
2922
14553
28332
16077
6444
23967
2692
15336
9396
3306
6523
5149
2379
175
29516
21481
15535
15360
4889
20920
28146
7079
19883
19851
24753
608
24311
1878
8150
28884
19843
25099
19757
16901
27575
2300
21933
16713
2975
24940
12650
24033
10061
4344
6877
23780
3787
8293
5787
16174
27704
25839
1317
4716
29537
17654
12694
14739
5767
5198
24719
21035
24989
3240
18839
22219
21608
15483
3954
1019
10309
19491
23282
27592
10070
21805
29534
14494
10942
22345
23009
15072
9117
16995
22575
10704
27319
13347
4075
7064
10898
15858
24218
10314
556
17745
88
7127
1446
26634
12264
25370
21334
11830
28755
2653
22533
21434
4428
8799
26457
23150
16250
11743
1032
14545
15477
25679
17198
23098
16890
28038
25845
5941
13515
9933
82
261
3848
2379
28622
23566
22788
22588
26826
28733
22788
29882
12021
15646
18583
6630
29618
27113
11374
26324
11040
18653
18860
22847
19400
26917
15032
15958
20537
2529
19049
13438
2802
13901
1585
3476
17326
12023
3210
26751
2422
7911
19176
28136
10989
22393
17182
8232
19058
26924
19342
24348
25086
17467
17886
5467
16487
14536
24559
26207
14257
28866
25347
5346
23760
27941
29358
10028
8298
16341
15763
23805
10671
4253
10786
29925
9179
26716
21018
20933
9661
654
23553
21871
1594
3140
25186
1811
14492
11524
17819
7381
14200
22744
14282
29511
25371
24755
12024
2248
5103
3921
18578
15652
2536
25243
12701
28316
14982
19745
6192
13146
18439
7347
20311
328
1996
29305
25008
20790
14609
29666
20186
13815
16111
26849
19506
3460
25456
13402
7032
3510
7853
19535
14781
778
21982
25462
12382
9610
5465
12161
2364
7584
2043
3808
13475
11608
20953
13485
26521
3512
10862
11234
21739
4636
2633
29529
18109
18579
22995
577
13421
12007
11949
28681
1436
14869
5688
5055
14640
11075
4080
6055
16195
15416
1825
16513
29913
1230
1853
25239
13737
12230
25042
21976
12761
26818
27982
11799
27625
518
11443
1178
9237
14900
15121
8720
3082
5199
25205
13035
8049
19704
9195
24270
8121
8872
8803
4991
10813
27034
6447
6412
4722
23533
20768
15614
1226
28622
18868
862
1377
21820
2210
21817
24143
7766
3555
1813
5775
22382
21254
24187
8612
3232
4503
13804
18874
11742
6147
856
29506
16889
6461
11699
22927
26593
26498
4379
9999
13812
28430
2565
17480
20405
9878
3463
28436
26504
25746
2061
24256
28328
7809
24893
24155
22762
12767
17265
5150
10326
22053
20738
25096
10821
13222
3355
24284
8960
20594
1817
9488
28924
19309
18686
3675
3984
19480
19176
9005
22417
9266
8363
3069
14267
3055
15400
17351
2645
22886
29050
22493
8928
27148
4851
4837
6302
2048
2848
3815
17774
19243
2905
15034
17834
14010
1577
16185
5702
14223
20964
13429
8552
17860
4591
1407
12610
26101
5212
7973
22503
7645
12948
16652
25881
15804
1094
8556
9551
2573
8052
1791
12626
26215
29134
6013
20147
14071
21323
7333
937
21072
21245
2069
13337
12110
3285
21510
25147
12214
29886
7996
13313
19414
14583
21593
9756
9699
17058
5987
16804
29024
27122
1504
12981
7274
17071
26541
27744
23388
6182
24756
25334
15885
4688
10709
8654
6320
5538
15237
621
2097
11880
5262
26661
4508
28105
5402
13053
1131
12048
17955
29121
4903
6758
9426
14994
14804
10413
26106
18636
9492
28943
24346
27882
7551
19120
28950
7346
18310
17008
25747
20365
23742
28003
16240
222
17932
17124
13212
6265
2040
10622
22827
21238
1436
833
29094
19856
26667
6473
16740
4847
12636
21984
27800
12556
5641
4508
28724
4457
8164
27474
25256
4870
7979
21277
25758
6420
24291
16638
27392
15379
257
23610
4997
16857
5776
21729
20469
1842
4255
13102
437
9198
14434
20098
17963
7709
16963
27665
9951
17254
29817
29468
26938
10879
7435
3885
11158
7397
26493
10748
8057
18693
29029
28868
19277
12582
29082
1286
18655
14039
10239
13042
14339
28363
13919
12098
183
10166
17383
14020
5310
8990
2070
24370
26413
18303
24919
16073
22901
21348
17939
15659
12074
15543
1701
3974
22874
26571
9415
15897
7526
27316
21328
11629
26439
6013
8844
16118
22731
14390
22035
15509
17868
6931
27312
3482
3519
28723
10229
11950
15897
3049
4857
277
22006
1495
19680
16090
24747
4874
10196
29935
24142
20149
8694
8643
10629
18949
7273
15043
14663
29405
20356
19431
1507
13093
14527
10949
21012
19014
3486
9366
22187
8335
11709
11220
21355
5501
17479
18365
26537
1407
4354
15748
21036
3467
7794
8467
14111
11688
9709
693
14178
20721
11250
18759
13693
9085
14376
4128
7069
24696
13268
17194
8893
18941
2417
12095
7440
9409
7974
22411
24978
15450
24972
22875
11522
3830
18787
6260
17693
4942
10377
23571
27650
16593
2357
21038
26480
17949
4703
5841
29145
2542
29848
734
22589
28860
25695
6568
20246
2290
7348
27470
29898
14242
12076
5723
8925
19497
5937
23686
25107
3629
13933
9447
27084
4386
13451
18059
8622
24315
21331
21477
27358
10992
16514
4449
26189
17981
7778
25319
19651
11884
12928
14826
3524
4520
27142
24349
11893
13108
26539
13884
27622
10383
8734
26193
14228
18685
26428
23975
24049
20215
11404
1887
8081
27273
19569
7785
14628
29456
9830
15759
20835
9756
12000
7710
11076
13317
6854
25754
26025
7796
19737
2142
24419
27637
13969
2334
25527
26248
5843
10059
26556
2235
22059
21587
20935
27599
250
4164
8588
22582
25910
17123
6082
8297
20542
17520
16190
9767
28912
23402
23005
3341
17908
22737
5475
14928
11974
20737
14462
18961
8081
4326
165
17498
20579
4187
13281
26057
21205
3920
22222
748
12091
14845
2735
9208
6441
1083
22543
2862
15065
14303
13866
9679
394
21838
23253
8038
2347
27318
8135
24826
12473
27654
17141
26622
26861
28393
13690
25030
11963
2593
25283
28479
26134
20563
10931
17555
3741
29230
22128
22142
22251
6777
14955
2093
8742
3543
21359
25767
22457
2919
12805
15801
4666
27992
22743
28306
21363
22083
24983
28897
10803
17096
8256
19823
10709
3327
10024
18430
6407
11288
4576
8152
18399
5004
25018
15649
13572
18988
9719
29797
22558
5477
20769
19110
1973
6420
22821
22809
21982
17046
17171
7786
14180
15446
17445
28683
11433
3428
10975
29086
21041
1689
2280
19485
2782
24293
12766
9044
9803
6130
26810
4341
10976
62
739
20472
4036
21214
5797
4336
12645
8377
19389
11559
1148
28294
1017
27522
1338
7969
2883
8398
11053
13872
5232
2996
11965
16308
923
7681
28668
4121
25120
13663
664
11263
16561
12613
9899
514
9849
18472
18856
1228
1913
28511
22693
19759
24476
29452
3042
8891
6116
24230
6409
11265
27093
11524
9848
29916
27838
9151
17183
19843
16528
18697
12881
6462
13906
23099
4806
11107
25755
186
23668
25490
14762
12126
20625
8125
463
21214
27197
24612
28774
10784
29927
9810
22531
20854
8297
1551
16220
20484
9364
16520
19612
16995
15109
15599
1748
21863
13622
8438
28476
10219
29099
25808
5682
635
21827
9943
9241
4560
5540
29467
24130
20576
12814
22665
13956
4683
15708
23950
4769
19710
14463
28860
3329
8156
18734
17977
19842
18167
25504
12134
132
18088
17956
2930
11440
26845
966
12289
672
18021
1647
14569
2317
16422
29481
15799
17488
2182
17074
10597
15929
4292
1316
15239
4226
14248
23696
24493
18301
14950
9452
18155
7116
25638
22907
5852
2573
8660
4018
27368
9207
3665
5439
28560
26782
5418
290
21980
21125
18350
9089
27677
16471
10226
8138
1082
28199
25607
10697
28667
18633
28970
16783
12671
21742
14907
301
5669
15275
20922
6848
29474
1904
19066
27310
6631
25750
9818
7955
29725
19212
6500
21693
29412
8600
17305
18803
17382
14766
6823
5184
10714
12480
19556
5613
24659
20723
28626
10533
8507
16421
17648
26983
15098
1926
6342
10254
18399
13137
13705
26306
21724
26564
22908
5111
7504
15708
5035
15232
22686
21556
4910
18176
18716
12716
10219
7510
16521
7778
8853
10812
1543
2439
19133
9447
22672
12269
14426
20374
9381
1956
27870
351
22698
5982
7169
29777
28153
11436
23868
24427
13778
19174
20033
26123
3348
26920
796
11555
8679
29389
10221
25304
6073
20818
29880
3995
24052
20863
12164
10255
13259
8983
6670
25603
15249
21183
395
26099
2078
8826
16668
24629
15235
18528
17907
10977
23055
11576
23881
2564
22459
15214
3039
27542
17974
5207
3805
3269
11017
13371
21808
674
11455
25724
28831
28558
3545
16491
1861
21503
13752
12754
23816
21127
15432
7399
22293
17924
22531
20657
5474
26288
25958
25510
29242
17996
7047
24455
18724
5673
22589
10562
27580
15257
8496
15505
10832
25669
15660
11507
28757
16813
131
22611
5158
27517
22165
10731
27588
11733
18031
20491
10172
23152
18798
27243
24406
24245
3701
26685
26916
25522
15820
28983
1729
21337
2433
4152
19792
6606
21485
15974
5069
29147
16884
244
9991
19381
8322
17364
20657
29118
18760
16588
8611
25409
28375
27399
15905
25486
15880
14354
2972
6363
21065
1305
7962
20435
18901
27185
19360
7585
24017
989
10696
7943
11693
13593
11422
23758
16575
24510
21083
10452
8133
6121
6884
1245
9461
25733
7836
28694
29176
21254
16442
10206
5203
12070
11012
20736
11054
29975
22254
15268
14896
358
21033
4449
25652
14040
20198
24532
3307
11370
29662
18870
5986
13485
3315
6670
7543
5708
1645
23486
9315
20175
8859
11648
21356
19172
3945
13650
13131
1824
15240
7466
28447
29609
18216
28661
25836
6933
11927
27952
16682
10954
3375
4709
8468
22822
17213
22343
7736
23733
23047
13409
17814
569
21130
2500
4795
20963
11015
1356
2742
16266
11360
3041
16354
17023
20496
5440
14003
10480
17072
4404
2491
27454
16560
21993
15974
25694
16209
230
954
29696
11279
4550
8976
18372
4204
13558
4216
16249
16641
20823
8912
26425
11049
29310
10567
2852
8061
22788
12067
10017
16855
12683
26990
28597
10118
27499
6761
29774
3719
10177
18775
20984
23139
16894
17290
7452
12751
7414
5916
19202
9033
2636
6547
26998
27397
4334
23625
20613
9083
1087
15422
23560
26595
4728
11641
19226
22860
18003
12345
22234
15956
16980
26842
9965
24126
29234
90
25874
26233
14750
6909
11626
21925
15651
19978
4539
22911
9746
13558
11595
29539
12324
14313
1277
19362
13933
13409
14001
27743
6983
9642
8079
13327
28397
14070
7542
11567
23744
8207
24526
21076
20166
15199
2415
22676
23617
20888
28259
8930
12703
6916
25324
29659
3642
14403
19274
9676
29827
25164
20483
17808
23499
20696
18306
6971
12956
27146
22444
14931
16215
24129
14903
9423
2698
25756
2237
14613
28292
20652
19768
7197
1992
13947
15624
1438
16411
11399
11258
7198
25873
13081
20291
25481
18633
6044
7099
16264
8353
22052
20105
2642
20763
679
7499
9703
4934
8027
15117
16590
27717
20935
23791
1465
8081
19223
8311
11730
19746
16374
26874
6587
18109
19015
8916
15512
15030
25226
25639
2350
16875
28000
24135
7581
28302
23347
5630
12075
28672
28980
29746
11775
9316
9714
23719
14592
26793
27664
16920
11522
12199
8760
4562
13092
23687
29850
2507
9358
13741
18124
24742
22894
10626
2372
28171
11635
11917
24931
18874
7828
4892
24182
18919
16075
1957
21448
17881
1922
22315
27389
22139
13339
26544
24778
14264
28671
16844
11456
22639
29709
17130
19922
29971
27966
3289
24700
20936
14082
27428
11382
18411
19034
1862
21665
20767
21661
17213
1348
11219
4941
9289
1489
22838
24395
10379
16235
26155
12827
2832
28967
9713
9142
7645
14994
14474
9864
10475
16944
24470
13938
28455
22824
17391
17994
17440
9989
13953
24924
9174
28064
29159
3903
12782
22600
11851
12849
18304
10729
5089
21832
9435
26199
8335
11381
13478
1183
4912
28246
14855
7733
15095
16617
21120
16240
17856
8331
10594
6335
2964
20885
28438
25893
23913
23586
5255
21397
17901
27433
7021
27233
20695
5291
6636
26434
24722
2900
26227
12513
12005
15459
29314
23000
24114
290
26064
25725
55
10566
13081
24394
18899
5694
11088
1664
2783
12971
13924
20497
9866
5001
5477
971
24716
4087
7204
20702
25671
11346
15211
11832
16845
7335
17040
7749
15455
22224
6891
15113
4793
4428
26416
14601
2310
5660
2883
26032
19531
11797
22808
23639
5288
5280
25692
27213
20915
24494
1746
29275
3989
13785
11187
21830
17942
1271
11463
26374
4200
14938
22710
19951
1935
10938
16339
4217
10370
24459
18054
24194
15774
28663
10002
7063
25353
19960
15208
4288
2814
4637
21220
19302
16786
15987
14198
8561
3773
25229
7817
7856
6263
5193
10982
16431
23102
12463
6618
7161
9844
4050
7415
9662
7120
8487
1295
620
6722
22634
21340
23943
26570
29582
26118
13089
24856
22643
15379
7931
23282
7362
22980
29318
28305
28102
23468
1689
6109
24116
22554
28577
7958
7177
8761
9915
28259
14497
23621
21409
13997
7594
10504
15734
24053
26750
18347
23371
28080
17989
26112
16775
28149
25405
14976
19328
14072
22251
21414
4223
3845
5090
21118
12071
15652
8819
26578
7635
7279
22847
11542
17675
9141
14725
5334
17335
28209
25685
24368
19650
7425
28475
18003
5458
13762
15198
24284
20527
11254
6074
5195
27100
3410
23638
25435
11651
26658
24316
19384
3835
28897
4429
29558
9467
15607
3008
19225
16816
23004
20827
15944
8092
28908
367
23155
17331
18385
17042
8765
19110
6491
13890
28120
14555
9869
2808
8202
13033
21235
5145
1473
13017
29479
4415
9186
23749
16860
7109
14233
28762
15400
2319
3417
12412
28941
1305
8931
361
9938
12010
2683
19389
27533
4905
21937
7739
8013
24754
27335
28093
2847
17220
16
13180
19279
5959
3846
11049
8329
12975
3620
20453
19227
10218
5773
11397
4007
22967
1109
10089
2013
2162
21794
23337
17143
27582
11068
19239
754
4643
13279
17622
26248
17099
4033
29275
13719
16431
7169
9122
17599
17951
14106
19407
18141
6889
24173
29416
9027
2993
10081
16537
12928
25203
11930
6034
1824
5504
27314
27932
29559
12458
7103
1211
3886
2862
27771
26500
14616
5783
10607
19557
25029
6481
27674
20187
12260
17647
17200
27889
8171
20528
5993
4421
25900
19692
8379
28072
6835
12724
906
21035
25740
21142
27040
24738
19678
19308
17563
5882
15093
21827
22747
25184
18266
9714
17011
3895
4839
20143
8553
14866
25406
4195
9701
2230
24193
22601
17608
15704
1926
7837
12329
7781
13974
19985
3030
8379
8361
7892
14514
22483
23626
23691
13640
9378
7885
6309
11600
19247
15222
28719
8085
27384
2713
3367
8914
418
10130
25015
7022
28646
15160
1423
25871
16495
22734
26564
10688
1777
24427
19213
21030
29461
9209
29334
14979
3890
7220
22590
10133
7014
21964
12512
282
10738
22933
18556
16443
11837
23053
2313
27248
1311
5381
25830
9301
3028
13803
13627
21026
13493
1473
5531
25899
19556
343
4971
3471
20502
5010
11231
29553
21485
17674
21201
6436
7492
4665
28041
334
24691
28378
3505
6569
1648
28189
2813
301
18912
6455
2081
26534
19987
5100
24697
5014
22739
19854
12955
28163
133
19736
26472
25382
10581
5914
3145
18785
10641
13923
6790
20935
17768
6797
14486
23158
13102
24805
16083
12956
28261
7635
13950
10249
14885
14621
12968
1305
14572
23718
28902
27020
1632
27716
9382
846
17911
21863
43
261
14460
13243
6062
9916
19111
6671
22837
14085
28105
4600
25153
28509
4686
22865
16067
7017
29579
25381
28859
575
1303
9701
14880
28018
11818
23262
19484
29010
29196
27743
11402
29185
4468
22477
7272
27981
16363
15904
16958
7799
15523
16606
13745
5033
1881
9191
29518
1747
26593
18975
19962
16078
23677
3823
20070
14929
4023
27909
16040
14510
12864
16766
6165
19509
25092
617
11931
3157
25445
18083
28899
4166
1080
16720
28116
12173
10155
6724
26928
11522
4679
6706
23865
22465
13024
8817
28585
4302
27370
24031
27002
26091
21144
6689
6004
4894
8064
26207
13909
6417
12387
19466
16149
21339
18306
17285
3269
23310
22836
21179
11203
25852
23042
22062
16062
19305
7985
13377
13614
19355
10133
28549
8135
11822
4221
11101
25191
28608
595
26913
3042
8963
5043
20537
10245
18663
23423
2588
11954
28529
21274
23746
22670
9214
2534
15287
23894
9018
28357
22042
22470
3153
9924
11379
11780
12503
3993
15987
18327
19596
2554
8173
27919
8640
14234
22384
2363
22276
5655
24849
18308
16001
603
20975
20466
10478
12587
8250
2125
13816
19997
23516
11127
25263
27471
4101
15192
1359
22775
20796
29564
1476
10410
23932
7986
21389
3006
20795
14030
8319
28996
10931
10686
24818
21556
24456
13605
200
28820
3921
28305
8134
1947
13513
6045
26108
9808
16723
11268
23476
5601
16789
19268
23219
26853
20562
7920
6890
20005
23789
13671
18060
22180
19384
12971
5134
24423
21343
6179
22184
17011
15674
3277
21764
26228
7685
26580
15453
27101
14724
26216
8378
22331
23025
21292
4002
28925
2090
21605
20501
21409
7346
10106
8926
4884
18680
11390
865
12147
7329
21565
27855
9806
1985
15848
7342
19006
22928
23613
10412
21738
6646
13272
5237
15765
2
14527
3148
13425
6563
27812
16631
18225
27677
3081
18249
10657
8431
26923
21752
18916
8531
5952
17674
22555
15887
21585
25319
27104
2966
27091
22351
9217
20306
8549
29548
4838
11228
24994
24091
23804
22097
13892
26559
21950
10561
14476
3501
24147
17652
16748
11585
27827
306
9070
3412
12414
2644
19971
16298
4329
21118
24768
19208
27526
308
14546
4098
29084
13903
9609
17299
17039
19257
24817
21986
3513
15779
19272
22776
21775
21485
1945
16407
29377
399
21105
24196
7814
17966
21498
10023
21767
29610
21671
7478
6753
12559
1062
3769
6584
3353
5786
15923
8006
26976
12149
17850
710
6584
17026
26752
5101
2699
26586
5775
2004
10045
15730
3193
5629
10909
3737
22399
11054
24012
2038
13375
1662
24405
7817
20474
22385
20736
8215
8291
24941
216
13642
12065
17168
16611
13143
28691
8354
17223
21648
16041
1869
12065
28704
1562
18420
22423
26755
7079
11419
14721
8078
22032
13339
6682
15811
6586
21655
19505
29088
528
29786
9566
17271
3683
19985
6049
6482
17908
29138
12305
13643
27690
4218
22462
13300
18658
29588
12262
14956
11776
8668
14307
8665
21179
25845
14943
13577
14049
29296
3905
10157
10876
6315
5115
1983
17593
23126
21544
4912
25115
15161
497
29103
5441
19918
18213
18585
6368
17605
23937
5733
8362
2470
14368
895
2739
1988
26482
16875
25278
19480
10408
4769
2841
16244
1931
3339
27478
7173
4901
1034
5360
4028
18798
24057
29402
17128
12287
447
28564
28744
6449
1932
29614
23979
28977
7789
13583
25489
137
16179
2992
16954
22638
25985
12796
3907
2307
24813
20090
19252
25484
19302
12732
27607
7425
27737
26680
28057
15073
6326
9261
3527
7305
2983
15679
13967
3710
23913
23840
680
21493
4161
14841
21877
21805
18490
20999
273
28299
23242
14140
12847
10291
16897
20133
1306
4388
22130
5034
17208
15876
8526
6247
13567
6264
565
6903
5232
16680
18716
12328
12274
14379
9115
29800
6610
26539
28936
3943
9473
11003
19421
26086
6990
13954
17460
16492
23286
16283
20391
3358
13224
19207
29043
19354
21494
17414
23787
22932
26216
5911
14292
13153
16777
20115
6412
11944
1818
19979
13482
28980
9036
15133
25070
26539
17307
6270
19464
26221
17952
4712
2682
14989
15282
24188
21311
26852
25279
23103
16721
16503
17817
17628
7915
12541
21422
28522
20349
28414
29468
20554
1514
9391
23087
22278
19334
14842
15013
19564
16654
20538
22232
22804
8919
88
16279
29894
21311
13103
8207
565
2464
26098
9533
22810
1567
6456
8319
26362
10154
25176
6613
25275
6305
4701
10429
22647
6585
28247
22892
5483
3911
25756
8541
20927
9624
23849
20326
21254
18206
26454
26312
24510
14612
25624
6208
16230
1351
23888
26688
12108
27847
26268
23185
27495
27310
11178
23494
7531
842
1937
15153
28724
1683
527
14549
14623
3130
24863
7893
6824
3734
9066
1803
29469
17347
17108
739
12969
8165
17333
27659
599
15274
28945
15047
13390
4670
21025
10956
23382
4143
16276
657
28357
5327
25968
2499
12573
15127
1005
20644
167
22826
17082
2783
230
16994
12321
2343
13781
11205
16745
828
26985
15245
10388
12108
8380
3357
5487
13085
1550
3225
2740
14520
8069
5767
1405
8476
2657
25800
14197
16883
19779
10295
5703
1188
21258
15165
26528
6717
18875
25304
29534
2771
104
21284
17182
26438
7555
21697
14494
5105
12863
12556
4608
15062
11241
27116
28737
8077
21589
20475
25931
11501
324
24833
14174
1762
19969
1562
25561
16159
1495
900
7550
23004
7364
23463
25644
3978
24221
1183
12534
11146
8166
22624
23770
21257
6845
3674
23922
19297
24157
780
3679
26054
28359
1714
12838
4530
28129
8579
21817
22375
4571
15666
27939
4531
6988
5762
27041
21401
13380
19965
4792
11537
29824
3212
24170
4175
9465
2191
2529
507
506
29432
26221
7688
2524
20436
29409
3169
21249
20040
12113
18353
1058
4171
20349
8623
20132
8754
18880
15372
3290
21726
8796
4370
5797
21464
9240
10414
12866
5778
26180
7827
14406
6469
20585
13365
17747
934
7592
28891
5247
18791
23634
15047
21848
8360
8017
20593
2143
20916
28081
24056
297
20915
27841
656
22908
16950
11789
12027
27977
1270
4554
1221
23441
9961
19360
23838
19979
28498
10167
9082
15292
27444
9836
26497
29453
12234
23547
10639
14909
17040
29860
28468
12656
8500
14267
2873
28164
19990
13744
10236
9192
22289
2562
26850
26144
9803
27285
5753
19119
11507
29855
12645
27529
24954
8699
11999
22370
29300
12539
7911
11821
27885
4955
26160
20434
16374
21902
753
19458
3454
11075
4004
6082
11827
4961
23977
13851
24862
10939
6521
28470
5085
20306
2154
27189
24101
6824
2957
6996
21834
16205
16968
11574
20168
17198
26010
18261
1726
20625
16930
13682
7918
16626
23444
21068
13518
22823
18858
4749
14757
5849
4944
21087
14301
23665
22387
15228
18902
26977
17388
28847
1037
21823
24549
3621
12952
22882
8546
15213
16939
1480
7286
10580
29223
24129
13921
14609
7429
21717
22877
17437
19978
8390
28807
1681
3270
24345
12300
20275
15196
21520
18305
7111
2941
699
4575
8273
24885
24700
3396
23166
19447
17712
21853
23560
8416
5083
4751
12956
14603
1654
14394
13680
24323
19908
25271
5941
2084
18595
8136
24650
16821
12768
15348
27769
28544
11670
29061
2242
20817
11341
11294
20628
15861
5541
7904
9871
17613
20670
12720
28375
194
10688
20829
4519
1512
22274
5338
19657
25616
22562
24154
23814
25161
7872
9616
26073
16172
5564
20544
29268
5959
13697
17616
7273
21996
15944
20954
9254
16886
26392
2034
17770
7732
18941
17995
21851
9816
6727
29459
25292
29452
17534
29351
6512
20828
160
29466
20462
405
25377
14534
5329
8859
2188
11561
18652
20361
29601
13181
20119
18571
19818
12733
4983
553
13345
15195
10028
2836
2052
3748
14410
6160
10982
27295
26374
8711
11423
11945
14657
16698
9662
17966
13187
2788
10312
16282
14643
13131
11149
27272
16612
17595
3346
24846
27483
17563
7378
1049
16496
21996
6636
26710
108
8584
4955
16240
15554
8684
12440
2219
22413
26633
24828
21132
20702
25085
18003
5884
8454
6302
28856
16749
27927
25065
29384
396
9049
25312
7319
13904
9087
24240
1192
2508
28040
7415
10815
14432
22337
16911
3267
28600
25450
6724
17960
6850
18194
14948
11486
28500
20640
2433
29427
24261
26416
9908
10719
15230
11658
24796
8471
5722
7794
20589
3584
10010
10986
13565
18405
25633
21339
726
7677
12061
2908
25270
16092
341
27989
29908
11210
3295
21341
8138
5689
18299
1666
299
26820
4878
24090
2648
15158
29581
20081
26821
17055
7243
13749
24909
13323
25925
13952
10086
20334
15087
26946
19645
15502
23418
4532
1447
26951
25298
11509
27710
23122
7069
16898
1523
11318
19942
22949
10875
15477
14810
17857
25722
4904
6167
13331
12017
24619
4697
21853
25988
2769
16467
8819
25212
20064
19572
15152
9872
16146
27857
28396
22917
20626
4916
675
10849
1402
13758
8199
3403
16398
4841
5795
13934
13535
8428
9583
28949
1032
9460
4466
4878
22708
13072
29820
3267
29692
15294
11196
20751
25312
20393
4959
12802
14562
8938
5224
23305
13063
3383
18139
23110
8913
27194
4015
3420
26766
19964
6581
10537
8507
931
9012
28511
26548
7402
20558
27540
17233
1026
21036
15478
28368
25041
21317
13639
28869
12577
23134
2505
12756
5777
3061
15161
5479
29264
7335
10748
6758
10638
24447
10999
16548
23119
12044
25638
6433
13796
11214
27195
4230
13100
24239
18372
8951
10931
13417
1549
4190
29078
16106
22143
27572
5997
28243
2516
16698
27300
25342
2172
24336
8648
29413
3516
12534
29036
14034
16493
27748
8601
26190
29986
4273
9025
25235
6386
26782
7041
1545
18297
11861
24908
8636
16782
17720
16535
26186
1582
25446
16489
29517
22228
19094
12593
13417
17066
163
1897
18270
9210
21459
3776
1489
8950
5260
11511
8990
27202
5698
18012
8535
8609
15025
1946
16550
10113
4251
19324
25269
21762
29143
919
19645
28268
4901
958
6695
22513
22286
23086
15442
9982
60
16547
19813
11504
19789
25224
1136
19217
25982
11335
9251
23428
27512
13868
24527
28406
24589
9852
23905
4141
6070
2045
27047
6689
9784
19259
17423
16965
28167
14677
28077
17762
13428
11172
20099
9321
27896
7594
1949
14540
10334
23938
19548
13407
13850
26045
14769
19986
8727
16693
5533
4602
17353
12281
1774
1502
5783
3155
28920
8977
13848
27298
8597
10738
19526
9109
23739
17826
9738
27556
5198
29112
2214
4987
17259
27427
25971
23096
26067
11878
28468
1477
4328
8754
8223
6607
26516
3489
8504
10386
27963
18625
26853
29139
28568
16147
5037
25755
24213
8134
24636
17574
16382
26664
12906
26823
8661
4267
14712
28661
25930
22677
25874
16516
29964
16042
24989
29209
22897
26109
11543
28254
6355
25221
6906
29246
23046
11573
7176
22791
29756
3076
26905
7996
2775
14976
26851
15239
20548
14593
1872
8469
22728
5389
12206
19764
28481
19169
28672
17175
15301
23512
15579
21598
24647
9800
3189
17041
29236
23726
20419
26282
10269
22436
8996
3509
28322
1119
25888
4207
29450
5351
25004
24518
17335
9258
3539
14334
23030
24509
3142
2170
18342
11239
11484
7036
20542
23862
6491
28938
1174
17166
9464
21612
29942
23980
23314
19306
13685
2261
29029
29833
23564
2202
9801
10376
18136
23162
12985
28099
6258
19337
19698
4628
29819
23150
19754
21357
19735
19875
20639
28285
28894
24563
17322
13617
28691
14759
9896
2900
5949
6643
12794
5248
13617
10761
25385
10308
28420
26059
23712
13172
2498
29043
12629
18535
24349
29599
19234
23625
28075
26303
7285
27466
15518
2610
8583
24096
29500
20681
6314
593
6754
23241
17558
23138
2607
1579
4042
24963
14197
22471
22673
24776
8101
543
16091
7086
436
305
8868
8125
29481
19678
445
11603
20205
27676
29587
17994
1700
23592
4327
12603
4815
999
28413
11381
1930
23830
6245
23073
1831
15394
11579
17650
6252
22777
28976
6226
13205
11291
25307
5990
10934
9132
25283
4195
25279
5443
17799
9517
11252
29872
28972
2651
18550
21316
26706
25987
19843
9233
22880
5207
7718
4778
12160
25797
27159
23506
26471
5184
22672
5827
14
25536
18233
3860
9420
6640
20748
5730
26590
24300
28095
3594
5868
11125
26122
1124
16912
29594
24578
15138
23990
29806
9052
27571
27573
13166
20259
24657
10763
13330
4285
16745
22783
17541
7610
14807
2499
662
9378
24720
16708
14453
22377
18738
13632
27495
8125
1056
12076
12612
19865
5259
523
18006
6446
29831
22110
8293
14729
17579
29758
3055
4254
12555
18164
19083
3999
16466
29961
1740
14240
25865
8374
29046
12490
2154
7385
4198
21583
19512
20545
6334
27840
26229
28101
13547
6985
17937
14620
9128
15674
791
23890
16935
26950
12250
4987
26093
26587
8223
1267
10279
26039
28035
23452
8917
27624
27286
1287
2141
254
25262
24958
8908
2784
22486
18428
6622
21044
7550
25887
22638
1840
17497
3728
19220
5262
5379
1476
12116
4397
4004
22661
8449
19894
25379
6920
14804
9787
1005
1020
23128
5711
26631
28197
7138
7704
10902
16570
13334
16121
19770
28397
3085
25400
225
4187
4358
10109
24946
5442
2342
22522
13488
26660
24579
13032
8676
3127
13255
29588
2031
20890
20072
12786
23316
14999
4487
5570
24276
294
12668
4537
27757
13574
21890
14501
2278
2824
5906
365
29084
27814
11845
2529
5256
6016
22566
1635
11502
2267
9547
12639
19134
21917
15515
7195
1671
14581
11756
3689
21885
22563
1532
354
16889
17264
26611
11992
5308
22837
24364
16178
286
29919
19660
17891
1705
8983
26187
3396
6265
11437
1277
18384
5093
462
27887
23042
19386
24059
7475
17395
7396
11566
27790
5620
27725
19061
24987
5219
28597
13114
9103
14043
11035
16214
21500
5206
24590
13870
28161
8129
20805
27462
17356
6196
17846
14188
5032
4786
10228
28272
4579
29855
179
23677
2121
24605
15992
3598
13323
19799
7133
13369
10605
4098
16476
16127
25724
9359
24216
17570
27228
24434
9410
2
19077
6040
3435
19503
27595
54
18431
13107
17888
17061
17751
9210
7710
14646
29493
11817
22914
14796
18767
10614
586
29414
11690
25940
21783
12370
28820
1316
25352
16036
5472
12940
14418
3294
21363
4900
17949
24774
10527
15051
29888
20850
11345
166
29944
16544
25147
11980
14482
15943
20806
20922
10530
12108
24336
8311
25768
18001
1022
4313
21714
12787
27517
18714
20536
16727
9469
10935
18670
10183
5031
11937
21394
15797
28112
14883
26663
22470
7048
12767
39
27123
28376
29922
2330
28987
21894
13241
18985
24487
3835
22392
23646
20265
26692
21598
17716
24643
18172
9721
4174
20998
10431
22849
3761
4434
9555
20689
14499
3286
5763
16094
11597
13967
3580
2790
1884
23997
25075
11345
5267
24649
10731
25204
18761
26318
1095
21685
10585
26654
10703
18550
11969
9243
26378
2985
26703
5835
28433
14290
13250
9891
18838
12096
3238
12623
14509
20336
4777
2441
25605
16658
26407
15123
9827
14082
12725
8098
21330
28830
10209
6782
7843
28969
16728
16242
2941
13828
21190
23888
146
15824
16385
28273
6352
23443
26223
9335
20642
29875
4498
2915
29123
11582
28323
1939
24448
8574
22314
29969
3221
28401
4663
6386
4013
16183
26083
27867
11892
28920
12609
19261
3326
2083
26550
26116
6669
21237
14790
17660
5139
6525
8219
27020
16604
881
9032
5342
10398
23470
335
21114
26856
28631
24630
13566
2703
17580
5645
25016
26472
2584
6480
21718
4090
7672
10937
28429
29036
1498
14211
16045
22640
16177
564
20380
24882
8115
10385
12694
15375
17215
8158
25507
16814
13930
29081
29387
3150
5662
29066
6749
21862
3390
1010
14697
11738
17236
25417
23160
13605
1331
697
13784
29815
25244
21562
26611
8121
12032
2951
12558
10175
790
4940
11636
12448
6548
7673
9348
23716
4213
17526
12105
15461
12507
27510
19832
29833
19567
14449
12172
3359
5457
2161
5282
15961
666
19205
29956
6759
12651
27913
19748
9483
24054
14444
15140
26961
27082
29669
8756
6127
6091
10691
8633
2600
17427
15330
20795
3532
14339
15328
27062
3142
19469
4075
24152
1025
12493
3270
28729
4862
16924
2865
16131
4056
17816
25386
458
26531
18814
25067
5862
27356
27341
8500
19587
24059
7374
3662
16682
29419
20557
9278
12985
25775
5424
2394
6443
19864
3123
18546
26777
16062
5305
14570
29805
5944
12305
27707
27849
11885
7801
2713
5006
8151
7749
7361
24502
15476
11715
25250
11645
27063
16835
9920
24155
114
3381
3379
23553
24846
7305
13237
1708
688
8250
18358
23979
20030
1877
16055
6111
16212
24652
12839
15678
22698
29355
25454
4821
11321
24681
11540
3929
1679
19499
13362
9125
17468
9008
13114
7696
17935
21944
19197
14263
16824
11667
17493
21579
21993
13041
24127
28433
3565
5948
17197
14956
24167
7887
25518
12586
18026
15585
28246
13616
5044
22085
19259
22894
27497
8440
3348
19646
9208
16434
14023
21448
8891
11203
12265
20733
13525
17500
943
15243
27813
23809
7957
23160
20123
6125
26128
15885
11313
8873
164
4909
26675
15447
2080
12283
26197
15238
9274
1805
16924
13616
5183
13801
4473
17781
21342
9060
9155
24342
12475
5520
28183
22197
26965
15541
15719
25220
27692
21563
27198
24453
15892
9844
22216
22414
19025
28780
10775
4835
27608
5228
25662
8852
29247
23658
1935
23224
3583
1710
16610
17633
7470
28034
4899
8320
28373
5127
12596
23307
25520
1290
14921
24481
13535
21804
12294
5260
26217
29420
20213
17429
28219
17347
1476
11038
20841
3213
16972
21779
20972
28649
8078
10101
17811
27478
1776
20374
8272
26387
9864
15930
18785
14415
18586
6812
10006
29284
14444
24980
14548
11003
8103
4560
3289
5615
16635
6197
29481
23660
28430
17918
12976
4173
13100
6809
13837
16189
8409
20424
2707
10926
4705
24153
25528
21657
23965
28282
20249
16855
24619
19850
5979
24369
14531
5632
29033
19028
23108
23084
4033
11647
23504
18917
15016
23322
12542
3460
11160
23542
21242
6413
24872
10230
6597
22448
8509
14445
4171
12508
5913
14390
12073
21647
29266
2809
21022
13928
29656
21082
27713
7141
728
20508
28820
17664
3064
13670
6393
3354
28724
3228
830
9158
24311
3446
2059
27938
5546
1687
20862
17779
4389
12523
4576
28226
8229
19661
5860
29924
605
22649
1267
28958
18933
20249
6552
2424
4751
9038
9099
9690
2744
25327
6209
17047
7873
6784
3456
21471
27685
10985
14437
2316
14939
27325
24441
4554
28856
21753
28431
27744
9922
21721
19627
22765
21091
7604
13870
4895
21667
28945
2737
19500
1610
7896
25366
26054
5345
17133
26335
23357
22447
5779
7024
19584
14958
8510
26296
11430
19571
23254
23498
4126
24872
18669
9138
9730
8729
10983
6365
25025
25249
14124
5597
18655
11043
21445
3696
10445
23578
12104
19317
26266
28660
10520
21839
22461
15182
11447
17460
27598
3443
5129
2905
3676
15678
11383
2205
11729
26411
23744
27582
22098
19395
7535
6189
27433
14647
19827
2867
305
16447
27088
14951
29256
26022
1961
25133
5131
4957
23638
21430
8507
26370
3615
8289
504
26247
9663
20279
594
11367
7396
19740
29066
22109
4564
19501
8015
24295
26996
16462
24999
19243
7158
24968
19453
26878
7489
14325
12324
4806
29742
17382
490
22510
28733
14202
16348
28495
21589
10482
29742
28566
7851
14732
16996
26907
25697
5941
26364
3981
9797
16641
13965
11382
15477
2402
829
5494
12791
23061
10820
3057
3874
23901
15511
2316
29439
20358
19371
16643
4816
11603
11646
10579
15931
7782
3632
29978
25364
28469
23911
22511
18656
11567
9034
7018
12937
6247
28878
9243
24680
22936
6266
18411
4247
18316
12877
15186
29794
10682
10896
14499
12905
13362
3753
22498
15646
29348
1769
14992
25697
2163
23380
24434
10317
25227
1326
20378
19299
14122
12704
15994
11784
22682
8257
9915
2622
29489
6994
22730
26647
7695
16988
9789
9577
19585
18162
19076
21847
9042
10378
17887
802
29486
17331
7190
7111
20052
25067
19078
2290
28150
2510
7965
14113
3374
1233
14503
6245
4720
27767
17705
8460
2542
9844
24704
27466
23240
3748
22401
26134
18120
26664
18347
20212
1283
24783
7175
26068
3111
10071
8822
4806
738
22573
23335
21066
16901
5341
10989
12129
26343
4757
20132
9774
14689
12159
5218
23347
1555
6147
29561
13618
5259
14546
12213
14548
5380
12102
27733
20396
6955
17865
29369
20534
12182
10630
14825
16432
18962
24127
22
19635
5394
28379
14217
1366
24074
13043
20441
20997
15933
4313
991
7324
17372
24031
24424
29166
24015
28238
652
17081
22299
23880
24082
14395
7332
8570
6775
7049
20706
11033
23470
20094
11892
12236
2705
28613
7964
15477
26300
1836
18036
609
13273
27174
29202
18313
12313
10
26898
17263
18358
8009
16220
27796
26999
19246
24268
14778
27262
21322
8658
14016
21849
5259
5949
28317
15720
18164
6941
6549
5020
6362
10512
3195
15933
5865
8924
2193
1749
20092
16131
9347
22675
22677
8373
573
19839
14087
28179
8505
22699
29136
19699
2924
3752
25748
1311
2947
17605
12770
23199
9294
21179
26710
23639
17876
7233
19389
9691
17541
3259
13391
8229
29667
17903
22067
27968
2745
26560
24584
8345
1720
26496
15602
29443
23173
9345
25058
17810
1090
5868
9937
8995
4513
11649
23084
21768
16713
1252
21224
2390
28951
17331
7623
9869
29572
13753
2325
12069
7108
811
20111
8046
27923
11755
5995
23807
3011
13060
3261
2878
28794
20758
24868
7587
5766
6303
24678
16810
17263
29795
15696
27888
18243
10606
22667
20378
11447
12806
4533
18890
15233
14062
5490
1191
7429
17451
1003
27294
23079
23267
25591
26255
16308
8408
25791
6981
15496
24426
19602
18584
26137
18497
19187
20878
22129
7557
2261
26778
15478
23388
754
3634
2916
7133
24478
24968
6877
9525
26661
23953
21743
10259
14047
7402
24641
12246
25059
18913
27399
24895
17030
17698
25679
24859
25017
18303
22771
5398
26016
6879
67
7408
13969
13371
10868
22134
10178
19814
29235
11519
26778
18335
21953
24423
23464
2965
6410
29614
29387
14937
9054
406
24583
26568
2334
14540
23186
734
26130
13010
3879
10984
17042
231
16169
5606
1029
9512
21714
3856
11427
6799
1706
21288
5753
500
17453
19627
7787
12711
15805
3068
410
13150
26786
15645
28328
26088
23921
12124
22989
27179
14559
24371
10078
5504
26386
11519
12985
1032
144
14289
29484
26519
20897
490
24552
2552
9467
17236
17073
23167
27910
8400
8706
23325
11099
5292
27377
19135
2958
28370
22054
14563
24841
24487
25936
10629
24321
16674
14827
9832
11341
28540
8941
25317
27141
5129
10272
6861
4228
7978
17931
25290
27848
11108
9526
16138
10396
28962
15468
15156
21696
27949
14208
15528
5633
26854
16995
4728
6330
25344
14066
6653
21734
3819
12260
10289
11347
20853
788
28114
24933
16847
16773
19083
5386
826
13359
11585
17408
26719
9352
14415
9024
27677
11021
14580
22661
17926
22477
4464
17289
11447
16201
15621
25204
7948
26732
202
11007
2590
28934
26467
28750
25026
29655
24716
20787
25800
14797
5483
4535
20368
26851
19004
16240
5216
18765
3802
28893
15463
29711
28250
20899
1973
27057
9275
3717
10672
22186
13220
6690
15596
15795
8295
13333
21800
22293
4017
3658
7859
15906
27185
29101
26228
17425
26870
24384
23750
21084
15172
16127
14102
17557
5760
21589
26786
29455
29538
9072
4040
4044
26839
613
25237
7268
2575
27791
13261
28680
27437
26339
7793
1762
1637
23052
20768
5329
19317
23257
23254
22238
16306
16869
8119
6448
19396
9312
27842
17030
19619
11807
9652
24950
17116
1041
2912
1530
4488
4390
4753
14849
14670
14799
195
14114
21269
9867
2585
27860
20195
25320
14536
1983
2996
1174
5672
1896
17788
11669
18814
7546
29323
8559
5425
705
10717
6015
16704
29179
5199
27466
28567
1078
24234
19735
567
804
19285
12167
1092
8547
24365
9874
5846
19392
8785
6727
25097
8918
22484
8825
6535
11964
18782
9292
4357
4936
3661
22754
24165
18867
28923
23743
7600
12540
27037
21947
1760
2294
18144
21176
12018
15236
24174
9294
18164
16215
29465
12455
7951
15413
26362
11613
14800
19463
20458
19345
25104
25848
11762
18279
12007
18927
10784
8843
5980
29548
2844
27314
27933
11759
3988
14120
21348
447
20421
23155
8009
29082
3853
28525
28766
9425
13849
29632
14896
11102
2178
5910
11273
25020
25683
7254
19175
22301
1224
14355
1640
8522
2282
13959
24876
4401
24513
8134
14655
25195
20790
27258
11887
7037
22584
9320
17549
13264
1311
29370
23084
19102
10609
18492
24505
1099
17781
19448
17079
23338
19893
4554
24586
9448
13983
29171
20275
25984
7782
13042
6372
9383
3623
16373
12047
8036
10864
21420
19915
21254
26206
24126
19400
14358
4144
26700
16735
5783
14221
11550
19715
17854
22811
27423
11887
16016
19263
14771
6182
7862
18465
16266
3750
28271
10719
11876
22291
25516
28093
29598
1174
9965
21452
29858
5362
11752
4333
22102
6838
15259
21369
25178
20081
27821
27986
7147
8029
5975
9868
1519
28168
24494
5609
13116
24016
4805
10291
11886
5934
10862
13843
19222
28771
1657
24942
3972
6324
17447
7809
26623
22398
17448
8260
9102
12829
11697
15089
26287
18235
29430
35
3690
26184
22563
7683
22974
3384
3952
27077
18147
25535
11976
7187
7176
25327
22481
5893
9473
12606
1112
24550
19773
27228
13012
4220
2536
5850
9837
28126
8799
11269
19803
29850
6673
1300
63
11814
11985
9722
1901
1409
29718
2013
1742
7013
16055
8666
27665
21362
3210
28664
8952
22317
29030
3174
727
20247
5268
28861
20343
23242
29063
8611
17414
7294
58
19725
21590
26821
8286
25884
13575
3899
7950
25254
24504
25802
11232
18764
18052
3194
13788
29771
21201
14657
27439
13719
91
93
10249
1390
13544
24483
8290
10608
15253
21072
26975
159
824
11536
7585
29601
20748
14445
3507
17339
7839
11382
20696
19527
26742
401
7185
19812
16920
18450
20122
9762
19063
11419
15555
15793
22375
14154
21754
26847
649
27493
14206
15512
3306
17280
26074
11939
24741
15529
11340
23376
18363
12484
26780
15379
24352
12299
12030
27966
17972
6841
10946
2140
11200
21463
7558
27275
5470
20861
13354
13424
21962
755
29029
16076
14186
6231
5949
4041
298
19293
10092
15258
23426
27594
18462
21951
28036
9860
22688
15861
16375
12877
28553
18769
12099
15612
22538
5738
1870
15671
5109
5927
9389
5773
17043
13212
9032
28265
21176
11961
4344
26047
18819
27019
26965
3845
7200
15035
17631
24886
9051
9259
4976
3193
1003
16794
29482
17577
856
13958
22374
5836
5947
27204
17774
10742
29733
27772
8758
15315
18171
27761
10920
28797
14408
2513
19470
20151
16760
2586
17190
11231
17352
3043
14658
9363
21124
8928
26514
29
18010
23294
11469
25050
2945
165
19760
21977
8579
1527
8374
18830
20751
18943
23446
16789
28361
2936
12016
28852
24633
1884
4431
13032
5553
27122
23183
691
22678
17496
17229
7866
28583
11368
19263
18722
10420
16078
7337
1597
29677
5419
24712
26824
28535
11041
14194
14973
3371
8654
9440
8197
6451
18736
14937
135
13808
12037
26772
14454
17616
12866
28514
11641
963
23498
29036
19901
6292
26018
12210
14700
13004
10341
22936
25208
29228
2209
28526
25670
23173
25389
18906
12013
23521
22861
11007
13612
26704
7934
11323
26661
28449
21285
8758
5749
22890
24430
14106
28900
20385
26465
22501
3609
21967
24130
4876
11909
2109
29656
13420
16262
3021
1887
8650
16352
14439
25991
26093
1024
24632
17663
11318
2207
29237
29970
2365
20527
28756
18124
9498
15136
1180
25225
27350
6422
9670
10366
16817
9483
3149
532
23291
8153
13147
9045
4826
27643
21406
21687
25790
18862
18742
1033
29549
19321
14192
1914
2314
5952
3947
13979
19136
25433
486
8944
18859
15402
16150
17898
3466
5924
24655
3119
14741
28537
17171
18428
2755
19702
22470
4683
29156
19562
21829
5567
25533
3846
4544
901
20198
16950
13854
22682
18378
5444
18792
20789
4319
12902
26112
11478
18143
21191
27974
24949
28256
7191
14115
10066
9578
19630
6720
2692
1871
20054
29205
21642
5352
27409
14424
3672
3576
20244
25262
29893
20672
24092
21703
6094
18201
11966
2982
1156
10153
7416
24081
18487
25734
2363
7250
7454
11514
2793
10832
26229
17729
11958
26073
14306
3678
16908
16625
2106
11930
27933
7247
10013
3348
3291
17663
13139
22723
2588
24753
28847
10305
11557
574
27880
5001
14705
18784
20375
15370
8186
22294
28847
21301
29820
24983
10770
9280
3404
25236
15482
27868
12964
3341
21722
16526
21291
10850
20960
24029
21301
8616
2784
20717
1297
6287
18523
25951
25994
14431
20613
17203
16860
17712
18144
13032
3701
20247
19265
20107
2203
27980
25094
17840
11192
20006
26612
185
21853
24085
2528
27353
10403
23351
2247
5937
15608
16640
23470
14078
27474
10647
25837
8529
7043
7943
14929
4295
26679
20079
20899
5590
22563
545
21697
8104
11367
28142
12552
29172
15012
20320
26572
24247
7577
15744
8909
1417
29384
3682
19709
4653
27961
3711
12788
11093
17718
22909
15831
5072
5075
12528
1154
6419
18971
536
28280
20870
22083
18547
1105
8620
18387
23801
20280
14281
5768
16232
29802
21625
10801
23099
9388
9936
19831
20414
499
8332
3425
29929
7129
18092
4461
8439
21399
13752
1465
12417
7433
14521
21899
4007
12343
18320
2923
17687
20231
14793
2727
4023
12690
6316
19186
24782
26073
24534
23587
5383
1987
14562
16912
5465
10854
29025
655
24489
29176
18066
7341
10882
21432
27561
14240
21395
5596
17193
16649
10312
28732
8495
1478
24483
21424
22607
8586
27584
12196
28201
7159
5161
11133
8732
27887
3356
24849
8428
19377
7026
3576
22994
8046
6073
263
17126
4872
8496
15519
3914
25172
15784
25016
20887
3800
29904
13958
25507
6702
16661
14451
21273
13752
171
17089
24700
22886
13218
17595
10757
12706
27696
8083
9558
23772
21800
19576
3594
3080
15062
12962
16111
6318
13960
20697
6934
12085
11197
365
3688
18245
17639
10285
26797
28781
25180
26256
13593
28234
18123
26839
6628
26360
27448
22811
3213
698
16418
22455
14064
10504
27821
29056
1291
12073
16528
18438
13317
6661
27507
14300
26442
21527
11503
27833
28671
22002
11583
23999
1824
1255
15730
11508
25336
21241
18635
10845
29029
24256
12077
6527
6776
17450
7496
804
21940
26514
28619
9952
10878
12078
6563
21922
3877
6740
1817
2842
11643
1535
5322
10107
3905
18274
735
29994
29839
6594
11323
23348
9859
8306
6714
319
8481
20463
21877
22334
1172
27556
4648
25291
26444
7157
3106
2901
22523
12736
1752
23617
27435
25615
22566
28708
16045
19172
26576
19934
29623
1467
262
24529
9831
4457
20007
3969
26010
25069
29560
10552
14901
2075
28658
12754
6006
27336
18635
5950
27192
17648
21715
7781
26777
1813
1913
12206
14069
15483
11755
4136
23660
19760
12149
12818
4343
19733
26479
29982
24638
29879
13774
18496
10253
8978
20804
4495
24515
22334
18647
3467
24812
73
16833
456
16297
23203
7446
3596
13129
10867
5627
27880
5763
25154
13431
28260
3167
20772
9170
29752
9890
26783
2052
9721
17986
25200
17317
22815
1376
1528
20914
25611
12669
27278
16983
13568
14937
19937
1211
9216
80
18458
12159
4528
22923
13729
3445
6080
25709
26379
24280
1819
26660
28288
11581
16724
5602
21220
27557
4540
11094
29878
20626
21194
17377
19981
29611
29719
10015
29757
7856
12630
20208
5945
29091
28772
22747
17474
22827
15465
11441
22296
2716
18760
25497
10131
28712
21350
21395
313
10140
8827
15648
24850
16492
96
23328
25774
29754
22615
5863
9370
4275
17978
10577
11895
18245
18260
12702
15220
13126
17111
6871
18233
15691
7462
5146
25570
4247
24460
7844
1053
12391
20716
2656
4704
4924
28197
26717
20992
29342
12526
14831
23566
22024
26153
26403
29169
20878
13522
9363
17603
12806
28334
24587
1318
14613
3548
84
643
15586
1203
1621
29108
4712
14232
25
14057
15991
7524
28074
23034
2309
7120
26327
21790
13956
5612
22394
10654
21188
5301
28841
13220
10455
12974
22210
6079
8069
15943
5026
14971
6001
7918
29291
4435
26401
16027
14928
29246
7814
19090
16720
9666
20901
7445
3905
28784
4224
25741
23275
1544
29987
8755
25823
12999
26452
22095
13387
11530
8820
923
28801
6899
9743
24186
16794
17376
12918
25513
8021
22000
9158
15350
10610
12678
8069
7175
12008
5012
11826
7195
10920
19133
5360
4964
27360
7998
20705
22501
27979
1222
4437
3968
11896
18207
15663
28982
26070
21646
13111
20053
14790
10834
9958
7949
21240
5486
29742
8878
18856
17813
15516
2418
10147
6956
10434
15769
13477
27283
9850
22710
20412
1437
21171
4370
9385
10584
3130
13129
24796
24239
25233
7076
22314
21030
2773
22196
25021
29428
21481
20146
27219
26774
6990
17152
6857
100
25269
23043
14748
9004
483
7005
21340
14466
4463
23227
28208
15819
14103
16132
5383
26698
15081
5638
16307
14332
23630
117
22352
5641
5483
2148
996
29394
6238
22347
17599
12191
15702
2008
27342
14470
23940
9783
20696
17680
29406
13783
6286
25588
3072
6929
28696
28101
8637
14252
13541
17676
12024
17225
13038
285
5142
12769
11274
24919
17307
20040
14051
26375
14191
10487
14021
29206
12358
26961
4893
20163
4713
13260
24665
7632
20172
22653
6839
28630
18048
24157
29130
17466
15492
10898
2594
5539
13043
24506
19049
24599
28791
25039
8503
10232
11304
8387
28258
24882
23124
1396
29141
5774
1559
24555
14762
29370
23982
28634
24834
1691
18763
18057
1280
20238
7051
8380
23331
16903
659
13450
19656
1569
4266
15221
2002
26923
2563
12387
17622
12005
17160
28889
29956
4611
29118
2909
27627
2984
27282
27323
13318
865
14997
29223
27954
6633
3289
7546
4660
29622
17310
2411
27930
104
25530
9292
25434
6412
14140
25198
20927
9142
6903
2398
5000
4737
9185
25316
13219
23224
10846
14656
6596
7802
1255
17809
2762
23883
4656
22929
1629
1042
2413
23278
24179
26148
27198
26639
16759
19003
14755
18157
26507
18815
3665
14764
15316
1542
1581
22531
8440
5571
10013
11515
3385
12176
6232
2307
3839
3447
675
27310
10636
22792
7451
17261
19121
9440
16760
24452
23836
4519
8224
18992
1105
23808
26015
3791
23011
2266
3767
26660
29592
5617
11214
11364
9886
23647
9547
12412
24291
413
16755
8666
8341
28984
6259
7814
29228
22551
7384
8290
1944
6721
25820
14505
16610
20201
12959
8154
7551
5997
13672
8924
26444
7846
3984
28994
5880
25977
5034
23651
28940
13709
14753
9808
15997
665
3995
3308
19794
23250
26371
20460
26245
8885
8433
25037
17526
4940
5159
13135
8133
29542
8178
12709
50
15343
16791
10380
22404
23547
7434
16417
7371
29054
15559
8644
18039
28448
15847
1811
282
10455
18552
8623
20899
26140
7767
21950
1915
12183
23674
6611
6802
2145
29222
5262
11005
11856
14607
20438
28837
21493
7795
29477
24483
24101
17978
10137
9509
26261
2355
9263
427
982
23755
11583
4823
27670
9125
24941
6993
13270
29185
12404
1454
1629
27909
24200
5955
29379
26100
5729
27586
27855
12964
29081
8759
18281
11782
12952
12744
22106
3330
4481
9937
21481
20689
22698
11818
11758
18857
6612
12744
3164
15264
19218
13163
17863
3343
23543
21114
22244
21596
3445
27925
14736
1738
22299
5295
12185
10748
22900
19685
24176
12843
3669
7092
16141
16834
4446
25158
18926
3630
8616
17363
18087
24569
7104
26903
20512
18513
4153
8040
4179
19314
23619
11273
24209
19189
15119
13964
12980
16562
5135
1613
2192
11580
7314
6541
8696
29171
11438
1205
25177
8979
13426
18365
25929
9287
27616
4165
12832
13234
17934
18157
21965
17689
10303
11045
19736
192
1671
22766
22286
6349
14357
4567
9596
8384
4342
3583
2797
3767
13629
24701
19088
1724
26645
18784
6345
12495
6626
20267
23118
1407
22076
21286
22479
14809
23269
2222
2649
6404
2652
18831
19958
5269
3100
15466
20185
27285
16675
2806
19782
16973
13403
25762
6598
144
10513
26174
21247
11276
29809
27318
7414
22623
24069
27815
18334
28330
7548
26037
7280
23922
26077
7376
1804
13628
20047
22548
5204
20802
11409
12391
27492
29372
4389
16094
10102
936
15645
14255
23028
3358
6804
15281
27134
2346
13997
25565
19739
16821
19568
9135
13522
3444
1660
11322
13253
25905
112
24944
3462
526
16824
6555
11803
28450
12067
20996
23324
8809
1226
16690
26316
21271
13864
10230
22606
10173
22547
7270
12509
1696
29030
2844
21594
27305
24815
24823
6038
27293
19953
13845
5229
20406
28704
11456
29525
13568
25764
25214
12922
11400
29274
11608
349
19000
19376
7469
11875
8465
18882
8487
28915
17375
17873
445
27705
26996
15722
1062
15765
10831
8808
13595
23729
2654
3822
6374
28583
19455
9200
6278
5113
18930
7943
13651
5663
21123
14450
22104
24808
20866
27115
12033
25595
15966
844
15207
18462
6586
5298
23109
25264
28526
8279
13951
18505
3650
7381
21114
28347
16116
10094
17737
26425
478
7351
17059
8186
725
2953
10658
17529
18486
21544
6199
8249
21745
12539
3456
1838
20271
3876
10416
17991
3841
28030
27256
21969
26318
14093
17291
24032
7174
4046
24885
22444
19066
15763
1401
2324
5718
2300
11037
9342
2461
12247
6807
13629
14836
21747
19450
23574
4854
4619
14496
141
11076
15464
27763
13666
9699
24059
10046
20231
23335
1274
7811
12196
23768
23855
20797
21294
18487
28194
2095
29771
10640
727
6010
29127
2646
17859
17317
7157
24460
3623
29254
6607
5904
29193
27617
2678
12412
7011
7223
11875
645
10543
6072
25510
20301
15963
26994
29494
13518
19277
25524
21880
2510
27770
25537
5455
21829
18340
1099
14334
10280
27025
19933
14700
15773
13147
19364
16479
791
16292
11949
26466
26215
8595
3315
21374
26159
19230
10834
19613
3863
18266
29348
16713
11273
26927
20230
20716
2261
25462
6975
27315
29851
15681
1750
24603
19581
7517
22845
20508
21064
10280
5809
19204
11564
4986
22025
155
16786
889
29052
29662
15311
11962
27146
18052
4247
21744
5989
29286
13714
4878
5834
12437
24154
5464
22453
19631
13916
25105
2478
29601
4529
6734
6212
23484
10341
24028
23334
17805
29543
12096
25858
8839
23972
23754
15036
13442
6111
21462
7677
1567
25448
25203
153
272
2620
24913
10098
14796
23807
9178
11666
1146
20744
16141
28939
22796
22969
5547
21464
18675
14602
6380
12822
22359
14020
14693
16634
1357
6178
11806
7519
28539
3323
28993
20218
12061
6877
27785
15251
25522
25182
17721
24847
2180
11113
18092
3353
8921
18911
29786
5023
7210
18961
23092
29531
412
23560
1115
25968
3807
15139
22319
24248
17167
24407
24544
15
23033
11704
24502
9821
15711
18919
22669
15394
353
8148
1882
14367
7390
15260
4178
18171
10503
21574
11745
11473
8343
6899
24827
2045
17755
14330
19970
4006
26286
5872
12135
19398
18155
15891
14796
4834
29173
9816
29230
16000
26766
10921
23645
14170
26870
17268
19448
25352
16735
26746
23367
15090
7149
6850
22051
14759
20226
21179
20836
20652
27134
18716
26983
3448
27258
8691
19698
7916
25424
21854
4352
29726
26780
29976
10945
4561
22016
28099
12307
783
15429
24912
24215
8721
6900
27800
14009
2184
10812
29310
11905
2235
11480
27172
21531
28299
27221
11798
9129
29184
16145
6836
5065
11656
5537
8174
3655
14066
18071
8593
18660
8688
29882
21466
11144
11178
7173
2875
12081
12248
20953
4320
18535
25174
9991
22095
11813
29612
22661
22705
19012
25813
3884
12338
10137
20101
7762
5748
7023
9088
27363
24812
16393
7412
16252
19069
26956
22699
18548
20725
2661
29423
285
26449
16635
26745
5719
22421
18830
27151
20359
23950
21067
9675
13491
19927
13839
13437
6952
13516
22570
4307
3701
25398
5859
26523
3198
11621
24535
28200
15362
12241
20181
3251
8638
6624
18994
15918
9326
10743
6735
12477
12558
1292
144
22977
5883
5420
9757
20419
21124
20061
21205
7524
7434
6213
29201
25348
22446
20703
24035
629
18042
5879
20676
11396
27859
9018
23207
19812
27936
17635
23190
9502
17308
14476
12139
3174
14195
14749
23297
3458
12010
20967
10876
19803
29473
18352
25390
17602
25932
15355
17541
6532
2111
10669
27737
26011
24771
24665
25948
16757
21145
11917
25580
6207
26585
9198
5672
3001
19815
25610
12730
817
9503
15322
6353
22494
23074
13036
13823
11833
27279
23364
6826
23527
25529
25073
14232
7607
479
16707
4614
154
9551
7807
28285
29208
14918
16608
25364
10915
9833
29079
27950
20472
8648
28585
143
18943
23283
4380
29939
18536
29068
5062
15539
4904
7557
18460
5046
22189
22230
20003
13439
16838
13433
20967
5385
29118
7810
15339
25103
2617
16823
9060
16143
16055
24553
10406
6983
8041
3327
23086
764
25496
19017
4901
18788
13068
9537
24877
24271
26788
28397
10171
20240
10915
22998
14775
17746
23634
22549
9796
22947
15431
6654
23313
26769
17390
3455
23952
27821
14000
19465
40
8307
18288
25046
6527
1091
13695
14989
983
1854
12357
4033
6755
23571
12469
22162
24958
18728
2508
27458
16884
25498
4783
10322
21753
11571
18572
8612
49
10469
27900
24073
26760
26178
3482
26884
11159
24163
22544
23684
10735
23187
1862
243
20996
8057
11329
510
10683
20952
28474
12175
4077
10292
12007
18037
27182
28194
2255
11686
12476
17750
15881
23721
14929
15190
7847
807
21336
23287
16181
14143
13099
2868
17628
2392
29222
20628
17586
5971
17176
19198
14272
20601
4676
4285
11289
24844
28110
14799
17505
20381
7836
19057
2261
3457
4344
28774
20892
9727
22731
16571
529
9583
25824
27836
28470
8738
8963
9466
12752
25385
21881
20042
19777
17580
15007
22691
17693
21140
15752
15302
26838
15135
16386
7
9148
21901
7364
13832
21038
23724
27744
7252
21656
10816
20863
7430
24940
14424
28605
1579
20804
27022
7131
21336
14693
23576
19459
11470
29145
17018
10962
3076
5177
28282
26416
9180
15724
29070
7914
1547
4338
12377
13742
16590
8237
26081
17203
19054
22027
1926
21378
25448
8867
27068
22801
22068
6719
8775
8069
1536
11761
10798
21521
25806
25178
14133
20379
23442
10729
16584
24509
15385
28716
13048
22385
16765
27802
18230
19520
4286
21224
4714
11049
21735
29597
16045
4960
26547
17151
931
8932
28243
27938
1278
9036
14388
25969
29133
12502
4861
14340
6399
2074
25197
2296
17908
26600
5362
29062
3781
21825
15802
11032
20837
25391
2318
19819
21221
9120
22456
26113
1197
24026
29353
21472
22005
14467
4073
6114
16753
25442
2789
17781
14756
17305
3022
3261
12782
18818
23111
29052
29012
5029
5251
27636
14163
24083
18273
26090
15186
15499
21062
21943
12561
8615
1765
8519
19337
72
18890
14502
21330
25708
5476
12537
12567
4469
1837
25003
29863
9933
16829
22350
4854
26974
16958
29968
3057
22538
11153
5471
9
7989
13821
28666
9582
23042
13102
8791
10538
11024
19953
13072
788
25192
13444
3297
8641
4131
12050
6421
15909
12596
8648
21986
19836
28140
9498
21776
6002
4597
22170
12416
18660
23106
10697
8537
7179
3589
26217
11552
1691
19516
28047
13458
19106
10676
23595
15825
27587
25015
542
19443
29658
15532
20227
15308
1694
24865
14149
2898
24998
6696
16623
9570
15522
20046
5215
7859
15261
12686
17742
19332
28443
26033
25262
1510
3226
29505
17934
17626
5701
3688
12179
24844
2247
11685
11591
23553
25712
15289
16052
955
22063
10975
4204
26237
2018
28588
11579
22025
7261
27319
27899
24116
29108
15462
1514
12542
20703
5044
18693
3980
20916
16556
5273
24841
23511
18690
19117
21444
21702
21516
25126
20411
27626
10770
13614
1649
1330
7464
20589
6043
10287
25898
2460
10
183
15254
9878
9043
7516
8403
17864
20131
28093
900
16853
13392
2544
6383
19002
27745
14063
25482
13390
674
19375
10641
1673
13563
5425
19423
20525
8002
3367
18686
4306
12092
14256
4507
25391
19999
23508
24613
25165
22356
26227
13870
11981
29504
1276
1526
306
18511
9877
22328
8373
18199
16687
3428
1166
18433
9923
18049
27775
15109
6206
27664
9416
1113
29243
10858
16648
26066
28604
9787
5363
19067
6656
11857
13905
5428
17455
2966
15051
3691
1128
3074
22786
11486
4625
10227
1615
29581
25660
26414
16937
4338
19450
11816
16184
9365
26844
20023
8507
15097
29002
5556
1382
17658
560
18713
28125
4685
2458
14379
7193
3399
8385
26230
14674
18014
18657
1214
25751
14433
22787
22453
7820
26077
18292
19187
6725
23208
15075
22492
7778
11791
2534
19367
25238
12937
27942
7962
23506
13554
20485
10764
8257
10105
22585
1600
24425
22071
22911
7727
17168
28160
9975
21616
22729
2463
13291
26320
16842
27771
4307
18318
1068
11484
11235
1250
10925
17854
753
14601
27086
25229
15443
15935
29149
24488
22078
8142
17404
375
11575
9107
19641
23484
14408
13715
26692
8850
19294
12770
29991
25131
3272
28501
11073
28897
6946
22185
8083
16000
11970
5291
2973
4585
16120
16878
23590
5977
20109
27863
24677
4259
3868
24786
19226
7913
6891
17129
29327
19874
8385
12250
12275
18846
6815
798
9595
9703
1004
3828
838
11588
19427
26567
6127
9986
25919
9053
1175
303
11713
3488
8076
9639
26452
14045
14766
1716
14240
14982
3898
21769
23519
16329
2338
23739
16022
8950
18811
4686
20067
24649
24738
2138
23917
8382
8149
9663
7759
26355
14084
15512
17407
27924
28984
27956
11592
1341
5427
328
6136
4894
20144
25117
4933
1321
62
25071
5000
16394
28157
2424
24045
27778
16417
445
7451
1502
29152
14564
18180
27292
21266
24410
442
4517
2570
26335
12995
1636
376
26438
4397
6778
23
3166
24584
7087
5386
23441
15586
2997
14692
16283
4662
19281
13159
7054
18229
24478
28120
23981
15731
9345
5383
20742
