21830 2608
24035
24214
27629
2852
20808
12005
20947
12247
5499
1898
12362
830
21275
4731
9696
15312
2329
5311
10976
28657
2632
6318
3486
10976
2432
3830
4125
279
28076
26250
27737
24237
23367
13953
13425
26665
12683
6570
20135
13255
26311
23945
5096
9748
12495
28727
28476
24158
3961
27048
19356
3114
12345
10285
23043
25821
5081
24843
24038
16263
9193
3016
29011
26956
9848
3886
1917
27572
9429
7638
9546
18004
22457
24087
3729
13256
21287
20410
25798
26697
7245
24263
17350
20611
15024
7924
1549
20074
3930
24347
15509
2905
18136
21332
24480
7422
18386
1010
14628
11097
6336
10154
10126
15138
19097
17983
9987
28870
1049
23848
69
18829
24281
28231
1549
26421
1449
22142
27041
1208
5035
10654
12779
1502
29511
16912
5710
5113
21113
8548
2599
16382
20346
10480
17818
25105
12378
23091
16214
18540
8508
14871
9816
27033
6603
28601
16678
26489
179
1013
20180
22534
26240
18507
11677
16842
8353
17835
27820
23155
15582
13168
8726
16440
19159
13910
3166
20252
13835
7739
1618
4874
596
14976
21041
17678
17
22602
25283
4519
11066
2976
9746
21706
15264
20006
26073
20060
23258
11994
9994
16102
5864
3774
9708
14506
21484
27886
25357
5413
19973
3041
28179
13993
22082
15226
25462
29035
4626
23021
10204
25671
25630
1696
21825
18032
1517
2092
5375
25650
10543
24795
25076
10297
19911
19783
14078
2195
24787
21804
19361
10675
12762
2625
17826
25843
11763
15273
27114
29022
16466
10569
25149
3703
12739
19455
25578
19915
7172
11924
6471
15510
15391
21340
7585
6109
21787
9485
25898
23374
22928
20003
11230
18626
19823
22088
22680
17046
28664
10093
2243
6990
3575
22137
29734
17091
26590
9372
13230
1617
21801
20266
25331
15351
10320
23167
5155
17649
15771
9452
12772
24059
28951
22964
14669
6719
18414
13181
6647
14653
10271
26590
29806
28925
6722
23623
17448
1243
25031
23005
26090
20741
3162
10653
1912
18398
13031
3559
26000
23834
12041
12683
10146
11780
7510
2906
9105
5962
3939
29364
24062
6852
11173
15610
23800
7557
7680
21357
26834
24469
13264
1496
13121
19167
8662
8129
24805
5782
28267
21748
26440
12213
29306
2738
26015
16739
27686
28476
24344
13627
20731
5754
18705
414
19291
10326
2945
17668
13671
24578
22115
25020
2235
18965
20334
16590
1331
26200
7158
1390
23483
6048
14857
21073
27788
22817
21316
24903
11969
11349
15497
21868
8987
1155
1977
22862
7059
27017
29683
29531
29990
28456
22992
18008
25726
538
8286
29295
8306
20548
6716
28198
10090
4882
424
20497
28154
29430
11514
26319
1886
186
16722
21580
13741
7017
15653
4887
8510
28827
10234
5215
13357
6471
3725
2564
21439
24217
3121
12184
29737
23378
1172
13963
28731
27257
26372
7273
23506
1794
21123
21941
16736
3151
18452
11478
22474
14632
27540
22120
13351
12419
11350
10594
28101
16304
22671
1910
26098
29312
9189
10308
532
17080
22073
22824
17248
19222
11885
22506
22031
17266
16287
4323
20928
3292
16504
22198
509
23710
21332
8479
19526
7973
27141
4579
7714
1562
2614
20527
26918
14099
7864
10085
5985
11304
5069
15394
6972
23891
13787
11202
6635
16799
3873
21180
19809
18537
26672
9953
26110
28217
1010
11298
2986
10928
18951
28461
6940
1915
1697
9724
26308
11040
29459
10206
18127
19975
26514
28679
11896
12058
22180
24120
16581
22731
29943
26377
26345
25273
19556
2027
9023
20643
16102
3516
2505
19181
13140
26727
18020
9278
12097
11213
9198
4870
22857
16693
15083
18112
16552
23260
11436
11459
15680
17663
21290
25361
27104
22300
28322
925
21940
23880
20383
18129
20433
9666
28621
1930
4403
17178
17964
761
885
4169
29531
328
13218
21723
8608
1214
13353
19257
24914
26727
3761
25052
6695
5442
512
6650
16262
17407
21886
18057
20144
21539
1692
23018
15331
4186
11214
10906
10872
9121
8205
7308
16822
27114
27794
22643
26577
26334
25583
15257
8798
3113
23880
12139
21235
21648
5109
22168
4064
26942
389
23678
5840
7230
3318
6460
4103
5782
14474
8778
25785
20182
24655
28031
3469
10477
22009
7558
15022
27500
29928
20026
21012
216
18828
4186
20659
23907
23236
9231
29699
9793
29288
27423
10698
93
20688
13632
20326
25413
19580
29184
18002
10894
13359
3341
3580
28001
17504
24682
19338
17375
9931
29669
9453
4536
3629
15078
5504
7071
17557
5412
6564
18627
28999
16266
21344
2880
8095
29643
6950
27295
25616
3763
17115
1112
12770
21839
28974
20605
22331
889
29358
8920
20241
24051
21309
5990
4816
28796
3244
19576
4994
25751
14393
13310
453
27381
2559
21494
25412
27182
15180
8006
15391
28132
5274
12872
17672
12998
17450
8036
26878
18211
14309
14177
13306
17014
9130
6720
12093
9636
6315
10524
11557
10069
26488
9278
4599
7867
11143
23021
20947
28580
14736
10394
15473
6995
4666
2884
3184
5741
28658
8941
27432
21467
17276
25961
14096
17351
1008
6794
1534
6626
14598
28165
7030
7664
19842
3050
16369
25975
29998
16227
28309
3374
18694
5506
8058
12246
25021
17570
13085
9161
7692
11972
2434
15940
637
11429
6739
18057
15740
3828
7501
27186
915
20545
29515
291
5652
11159
5697
23507
10345
27743
10291
18710
17904
2623
11707
5132
23876
20072
7679
23297
11690
29288
1788
13328
9488
22251
11368
29089
14603
9903
8733
22724
4712
6681
22993
4410
25558
11139
19637
969
3312
3601
7894
10582
15146
3250
1144
8938
27031
12072
18372
28415
10779
10217
28606
9152
25623
18802
534
23447
17684
25973
20292
6399
18887
10932
9103
27207
17089
22192
12382
9309
24965
7570
20037
22347
6376
10725
7552
2215
17528
4640
20003
1760
24839
29860
18961
27260
18367
14878
25142
6469
24205
7532
24712
20140
23276
15264
8480
27640
2585
5499
2073
15151
12073
15166
17540
10066
6134
9821
4805
26188
7786
8932
12080
26991
13503
14308
2820
2168
13910
5585
11757
9331
19941
27746
7871
6452
29130
14935
12406
12891
12674
14321
27187
18854
6131
6551
10141
24645
22482
8514
8522
25074
3687
5745
7522
22821
25961
12413
9631
7695
12516
27189
1536
16036
20738
10442
8141
9917
24430
19554
15700
18924
3955
7744
3248
18044
21430
16285
9653
17994
5454
24152
21508
27390
10536
969
27017
11652
18543
22653
16350
541
5266
14928
2026
20552
8781
26125
14224
4748
18180
17670
5052
2062
8926
22425
8913
1476
3000
23266
23796
26288
3101
2894
3302
21377
967
24239
5028
26858
8221
24406
14006
17046
7914
18521
15347
20983
17351
26498
10193
24062
29198
19874
1085
16942
14551
13110
22955
18448
1027
6035
6023
15759
19646
6059
10781
5989
27576
1495
18726
21562
18801
18355
19384
11547
24899
28895
28679
269
27886
22901
446
28761
13116
10124
29655
8205
25639
5664
10280
4576
13697
539
6140
27219
20720
4750
13140
25773
3822
29622
22638
6173
29378
29420
22728
10815
25507
9267
22055
29823
19139
23964
15501
24219
12270
29552
16750
16707
1607
25863
4709
10022
23729
12747
1250
25917
28697
8459
1675
21071
8386
15884
3326
13807
19704
18030
21302
7390
25384
27941
19623
4880
9297
29052
24996
6996
14270
10733
22515
12536
6336
17285
20322
18894
41
24142
16546
2142
6425
17753
15612
2358
28248
25554
6459
22284
16290
4081
15169
25777
21165
4115
26252
21705
4195
624
18910
18808
9443
19221
16601
5078
17397
12728
21514
16652
6448
19955
24997
16952
3174
8255
16400
19182
275
3421
4473
7554
9177
2349
21517
25468
26846
3177
29399
13228
18473
7136
289
9595
3929
9673
11674
13314
488
19505
29144
14094
14163
10587
10409
3882
21563
5444
1512
25137
21520
16263
13921
5448
14392
6738
5210
12454
25313
8203
8793
8859
25340
20950
11398
24974
19941
21448
304
7121
22353
12595
28287
19912
14842
11947
6888
21359
25253
13451
26369
5177
18839
24432
3042
14356
26484
10312
14843
333
23803
29768
26763
27890
1306
18065
19292
28880
18813
11037
2423
2014
16608
6529
11103
1058
16558
7686
5918
5339
13250
29764
4537
28618
12838
4552
13419
7715
27710
14112
2858
6178
6931
18898
17473
22662
25000
2532
5390
8122
14253
22652
17128
6368
1257
17643
16649
2003
16738
9930
11694
19434
15868
19445
24808
15760
29601
13234
10226
25562
23179
14077
29438
53
575
642
9569
1184
14309
12111
23052
16973
6062
9777
1095
9553
14278
24349
14023
27253
20165
16340
13608
24478
1134
23039
26851
16432
15422
20912
24628
16049
23867
7783
12706
16199
25041
22545
12300
22738
28791
18594
5792
11745
18074
1807
26500
24626
18861
23324
12005
20672
2568
16216
28736
427
29481
18675
3093
19428
22469
8656
2003
25526
16413
3523
8333
17958
11926
24250
5488
14765
21197
17784
22033
26049
16291
20362
26039
14356
20567
2131
22673
19589
3386
13601
9828
3658
22362
2105
23152
8106
8235
27145
5590
19399
17654
1192
24531
2440
3060
6310
447
25587
8531
16855
14286
10300
22154
1274
14347
25304
1208
20438
25795
12321
17638
24753
11282
5471
13039
13849
10923
13552
29560
23231
21330
16064
12552
9640
4736
606
17174
10170
438
28007
9789
8203
414
2961
24948
18742
29332
22734
14447
15466
17349
22441
24094
17900
13451
15295
6050
15784
27966
23205
18599
10616
7438
973
2197
4431
18217
7553
14544
27860
51
391
23050
29673
27532
684
29601
11139
12306
386
29028
3125
21194
25494
17231
10823
22558
7322
489
27883
13043
27955
29940
23874
25050
9889
22057
8114
3752
4828
802
17339
23531
9483
1656
23559
7850
20151
28383
9857
3404
26218
27352
24927
25005
24872
13866
28759
12604
20568
27615
22368
23376
21761
11964
1324
17287
3931
4124
24797
17357
14863
12306
2174
16063
10244
929
20335
19781
28453
6659
9435
8753
7733
18541
15162
16785
15133
2084
24685
4970
26059
12504
25486
10985
1121
10725
15159
14473
6706
15579
27999
18950
21850
12387
6590
2289
12362
26520
27962
12593
12819
4081
1458
26384
25238
29724
24280
2126
2038
20850
7992
25215
13978
2491
20340
16638
11992
14951
26178
9487
17294
20829
27676
22788
24428
14726
27567
10957
16603
11093
23248
424
27299
27690
7055
17790
28950
3435
24624
7436
1825
19805
24588
10355
24829
3476
6678
23234
2884
10939
5161
24156
26894
25753
29541
7237
27025
13362
26981
6543
23348
25610
18595
15861
3324
23244
19180
5742
17551
20995
2866
18407
14231
20519
20921
2055
1409
28779
7114
27203
12694
10264
8306
25637
17697
25163
4796
29458
28607
12974
22514
26341
23173
19705
28176
16968
20631
3088
9864
21618
13435
26774
21318
16057
20075
22496
271
20302
5586
22604
26247
28754
3486
2166
19708
6641
24804
4636
26736
6942
29271
29888
25014
21529
5022
8007
7342
1357
23597
8820
29054
22855
22596
18131
27572
10473
21818
4449
16759
26862
6407
26473
21573
23122
17422
1714
16479
14359
28131
358
19000
19637
2095
25001
2921
7332
27161
12135
886
18575
11750
24498
14666
17846
16287
17666
1383
6326
18883
14253
28038
6266
19062
2197
29557
13654
10837
12266
8531
24169
20931
24923
3542
18935
19810
29224
21405
9384
6058
11195
7033
26050
2216
28913
1570
29390
3817
3027
27833
27484
25068
10999
17508
12246
15004
28198
18167
9600
20554
6076
13432
19621
12948
8765
1633
11674
4270
26241
11432
20066
27746
13855
7751
20632
1743
673
17206
29733
1883
20630
8995
9211
23115
17165
10164
10382
26079
21916
16818
6733
7075
19024
20907
25234
1484
5023
10004
26483
6194
4434
25543
17554
4211
12699
7442
4628
8547
26108
26191
4211
1872
29269
29911
27898
19145
29080
8853
13388
3691
13720
27413
7928
28936
15293
20985
14816
28630
17902
7102
13146
6940
21914
983
7311
17833
6329
27368
24565
24130
19952
14392
19415
10011
23045
22402
29615
20856
18437
21600
28476
15502
4643
8003
4750
475
4448
10764
1359
14609
26794
4510
11104
14616
8432
15158
21809
26782
13216
15621
25224
10604
2514
23941
9979
11871
21278
20490
23557
9338
25805
22531
3492
11002
22336
8514
6873
28157
15073
4264
27864
17597
215
5441
16217
12634
15620
689
25924
20815
28099
19582
19711
18119
22021
15959
14570
19198
12658
28582
22452
25337
9942
17556
14410
18397
13525
16985
11282
25795
24856
19803
21119
5431
26179
3169
13515
7553
13037
1073
24012
6312
17037
2080
12599
18342
113
11699
952
20940
21872
15702
11569
26134
26780
7563
21259
29174
17025
31
6248
8898
29606
20232
9838
8317
21938
1745
9354
11906
728
2615
14785
29215
22674
6846
6031
6925
17641
29783
20440
23716
3933
25735
8122
19083
13897
1408
13500
7599
24369
25207
9879
15610
14743
1161
24102
9045
2812
496
28124
9864
26881
8319
23152
10409
14761
4927
989
13241
22701
6626
23616
21264
15722
3751
26377
19539
19797
6604
1639
18009
14616
2576
6765
18887
17627
12951
14391
3471
10169
17919
20365
8480
6682
25627
9778
12495
5056
9132
9110
5558
3334
22280
16047
17551
18983
29683
21981
7259
29508
28389
29788
22129
19984
26160
17409
28977
14974
6769
5479
28338
16950
18759
6392
2855
13230
24591
17331
7363
26932
16750
29023
10756
29945
28823
14742
5862
29356
21010
6954
4257
18691
9659
24712
25621
9495
22951
10487
9555
28630
22416
22229
10235
16118
13026
1516
17162
8362
20420
14312
11820
27698
15437
7833
26459
5388
19987
26140
28033
7150
2324
25318
17009
10615
19673
25596
251
6991
2854
24503
16721
482
10124
27380
20249
27121
24075
18338
14948
11568
10562
28629
29155
29827
25674
21731
7289
17837
3619
23778
6442
9620
9633
28938
19618
10139
1408
22884
11974
11320
28181
19367
16433
27948
7624
24157
6588
22001
7546
16049
11336
18977
5566
29393
20720
670
18755
23601
21020
19210
20257
9022
14863
20047
22087
6778
14949
23772
7158
6537
9660
10067
12283
12792
4969
25548
29374
24260
26388
6814
28101
3977
16851
16720
14235
4990
10684
258
15357
13956
26260
18900
22259
26746
16522
13279
11287
4749
26660
14620
2502
25036
14241
29947
28189
22804
3345
15189
10849
4354
8270
2256
9597
4258
19691
998
26646
6192
9675
13639
26499
7037
2525
10165
1346
15203
9505
19784
26197
797
16204
11401
5306
22135
24017
4839
18111
15699
8909
7941
4198
14762
29873
8201
13562
13160
18792
6638
16580
127
16830
7926
14436
26293
6115
2890
10640
6102
24309
361
28433
25172
1921
9731
10141
14153
23653
3302
9055
29820
17804
28270
20823
11052
9471
11831
17611
26430
5222
4518
11424
5938
2507
25745
2288
5361
3289
11923
12935
3371
13119
27858
28460
28589
9848
22015
17398
16884
25373
8158
11941
17904
21254
5546
8815
29053
19711
19343
17972
29943
22161
5480
5881
5586
29938
28519
14633
29034
16620
20303
13100
7261
28526
8507
23408
20829
3764
27187
26519
16124
26525
28712
1982
9342
2796
16565
2053
13439
16607
21532
23995
20151
16279
26749
17313
1166
709
5451
27694
23683
18687
23981
29928
9704
17076
20008
23058
1655
1321
9576
21998
9574
6990
23329
24510
21306
1844
26876
10688
13316
27407
2860
6374
14541
6110
10134
27369
3256
19210
7879
873
22445
26025
29413
3625
7992
3687
2015
12175
16226
15476
6191
7757
29905
28042
7189
27194
12720
16166
29211
29599
6564
13537
7633
9418
999
21754
17568
4226
24883
29256
6200
12319
13665
12613
5215
25980
2282
23531
3425
3751
9826
9502
29401
8620
1676
22588
784
2458
23536
26508
13421
29404
21990
16068
14394
3001
16410
7656
10586
9912
23293
9203
3245
13565
6015
1228
13875
24161
18689
12357
23517
14608
11963
29222
704
20007
22122
19882
9175
2355
9804
23841
25476
12901
1299
6630
12919
1583
13079
21835
6574
23666
7110
18157
19380
29974
6987
7192
6055
1492
23123
15379
3510
28944
2870
28883
789
1899
29101
20969
15424
24858
12023
22570
28082
6928
16076
6801
21570
3617
5054
5722
18786
23743
12341
28898
29064
18032
16049
17051
29600
25116
14308
7375
9403
4909
16026
22957
6397
13605
25508
29299
22322
1355
13777
3258
14424
3652
10995
6421
2031
29992
26795
26769
23761
6178
16314
19495
2079
24869
3689
26679
14392
10621
28646
5771
16443
6379
24963
22896
22948
14477
27433
25711
20304
18782
12600
22765
