3448 9273
26745
1915
327
27435
13510
19111
6802
26103
5601
21886
10102
11273
889
21504
24279
20739
3450
21205
24567
4909
13833
16975
17661
5636
15969
25381
20411
17671
3513
8175
17353
22495
12897
4270
5545
24737
10592
22270
2280
27653
17817
5089
1642
6298
24047
11733
9124
29792
27156
22004
4297
26692
21010
20223
19175
15084
6374
33
18851
15653
18344
26816
26214
7238
22897
12754
11719
15752
3685
1606
11762
26838
9539
3565
13775
23358
14122
24511
13474
12382
20351
23617
5483
16090
15746
14928
20070
14109
16196
11867
4685
15110
16555
25514
18511
7837
359
12130
27152
19509
23957
3085
29052
1723
6094
22072
22327
4500
9834
13455
23678
2662
306
25658
16853
19484
11208
5387
21314
12680
3474
29722
22145
7637
22955
2529
6452
13837
11799
16176
29155
20651
24345
23906
10862
6273
27180
4026
10476
16081
19547
5604
12771
20795
28643
26567
23789
6148
7008
27964
13722
23660
9249
11004
17801
27745
9136
1295
10990
22494
24123
9296
29606
6842
25146
6058
19571
21261
2843
17020
19605
2174
28794
4351
2987
427
3086
428
25496
18167
22042
24322
19404
543
8509
13686
5574
19164
12358
26453
21119
3131
4865
6425
3901
13981
14681
13929
2995
20159
8056
11972
10428
8597
19931
7118
2104
9581
17864
3079
3173
18340
9712
26397
15613
18016
17894
21393
5592
16073
13444
2682
15871
4123
23271
8627
14288
29574
14225
14680
13012
11644
7480
26290
27123
22656
6003
4522
22074
11610
6743
1532
8801
14722
8905
9004
13180
17410
10760
9354
19281
12088
12451
19028
8748
7669
6461
17777
5071
23758
27647
28662
11971
24589
13791
9633
3516
17929
16374
24181
23046
11746
2119
29156
20829
22075
16946
16987
183
9899
21534
16750
12127
3354
17200
27643
1044
29046
13
27396
697
24692
15946
27702
2745
10348
15632
15075
6396
16179
6294
12103
13640
613
27457
4907
7813
4350
7283
24752
29671
16370
17081
3686
6429
24902
9639
26934
7482
28282
20431
21401
15795
5733
19926
22254
6368
13749
8058
15424
1332
13628
3345
5679
11853
28578
20833
13823
21925
12525
29895
19433
19952
12142
13108
20604
20767
20784
23509
26214
6618
25084
1427
17728
20079
21716
3276
23393
20667
2401
9530
883
29877
27290
7726
22399
23112
24504
28152
25802
15888
14533
27519
18556
6423
2434
20991
800
323
10785
25937
27305
10561
15860
13874
9028
12541
11806
4942
4274
23307
14374
8849
19095
24745
18361
5117
24586
28533
6624
6378
27062
6995
3381
27463
21556
12990
19645
10207
26030
1000
22950
21744
18355
12467
9571
25592
26753
11143
28462
12030
12591
24916
29347
2109
15258
26852
14313
29825
17778
6660
29403
23229
15736
13584
10644
10561
2302
660
23864
3211
19142
22375
18144
7772
5599
22992
21461
15799
13254
6402
4537
2502
13217
16023
22607
24762
3684
13230
17787
11813
14294
5693
8805
25986
588
16527
13317
23512
19415
11580
6336
11193
6925
18500
513
26442
22620
18988
7866
14864
20705
7416
3325
29067
8949
8288
20297
17341
19995
10296
22448
9953
8529
9732
20221
14729
28343
11032
23583
8949
14301
8534
15674
11836
5692
13691
9433
2975
6492
4401
8090
23767
26192
20444
23165
23525
8514
1639
17874
26248
24988
24530
12040
16191
966
25823
13351
19531
7952
23191
6498
15174
9081
12819
1421
902
7052
11917
9718
25781
24352
15003
15595
14472
15082
3313
7779
27601
7200
12475
20654
20496
463
2943
5469
21271
19458
6274
17897
26715
21701
9058
16015
4565
8878
24569
7442
22895
1314
25934
7984
13607
18601
25558
8473
6272
22675
29932
21064
15439
13579
26880
26913
20816
1485
28880
2741
16812
25620
19933
16326
20609
9074
3262
18665
26381
29962
21885
23967
29564
3795
29495
9993
14623
18819
7773
20058
23521
28342
1042
27976
21808
24460
20737
605
11927
9575
25556
17373
20954
21231
3655
7617
14618
131
14298
23235
14817
28944
4471
13705
24115
15547
3979
26743
6561
4403
20745
22290
21273
12675
10694
6652
15904
16652
29080
5521
6644
27868
20017
4342
13303
10777
15138
22488
20613
9474
13900
2765
16543
72
16151
20896
13856
11475
3491
15576
12304
12074
15306
7810
18598
18814
26372
6682
21595
26079
28976
16389
17828
21517
15372
24456
24940
14997
28033
14996
17282
18721
24194
26321
17722
16830
1436
8268
27200
757
21691
25004
8482
16971
27117
2608
6606
14271
25043
2162
13699
2914
339
16186
11972
14182
18267
23019
10055
22581
5184
23938
18879
13742
15278
11061
22991
16637
5179
17309
19235
101
12544
25427
7882
18879
25777
25372
5989
18652
15377
15260
775
8475
11206
29958
26408
29441
1388
29191
567
16614
15992
23832
22103
19773
2385
8179
28486
3040
20196
14344
11346
26261
3329
1757
27898
22067
16862
21318
1058
19418
5921
18503
4807
4772
6664
1171
20145
5871
9566
12499
17020
10380
17732
1951
8366
19766
14211
14062
16977
10797
23047
15429
8983
3322
16809
4373
6940
26946
19098
22070
10950
4377
15593
3286
15741
3997
17634
20975
19010
10843
20100
11903
2465
13461
15324
10399
15460
10934
12387
26377
23595
16167
22316
12670
20705
15287
13552
17827
5716
28292
22369
29810
26432
7219
9747
22640
22431
10823
28047
18551
29288
18100
3147
8392
1122
15732
14276
4548
29113
23369
1810
15211
4960
12521
19096
9866
4364
10906
23750
6232
2637
7378
10615
26573
12870
5133
6546
28216
24233
2128
4179
18677
14767
25084
23521
20546
3981
6524
14535
1667
21657
14187
12663
4442
10419
25540
26178
16814
19333
28111
27830
10153
6007
27338
21283
25369
6408
5325
12031
13829
26111
11465
16976
13073
22168
4505
4300
28662
10592
13671
27451
20369
16363
17301
13686
24935
28197
16109
13292
22924
16866
6422
13180
29986
20401
28150
1265
5987
10041
3745
12118
29974
6824
6665
7866
26443
205
21917
17005
7425
26790
8152
5850
26873
18814
13451
6515
15377
8218
14415
13397
12541
21764
5976
10702
11314
6481
820
7755
15198
9971
22279
26498
13255
29775
23430
28387
25006
22507
19145
19673
18020
1142
19939
23394
16912
15352
24809
18877
8783
25232
15234
16083
13073
6932
292
29565
8921
22
10487
25004
22
9371
22637
29602
2075
13435
16713
12457
7689
23061
26427
318
444
10050
29799
12801
19839
15986
25636
2592
9089
2449
25168
24164
16542
5683
17384
3567
6597
15872
21972
17831
22059
21677
22240
26238
8939
3751
9445
24082
12639
3052
4521
5864
4822
21841
5388
2935
16548
4362
1027
8749
2201
15009
13564
15403
13117
21105
24997
20053
18272
26293
27425
24993
3695
23789
23097
28987
21189
19254
12077
24160
21335
25651
8576
5976
16781
10803
12063
12015
16173
8059
17491
12157
25712
11658
22663
15967
20584
26358
19464
24159
19121
1512
1378
10832
14388
15341
4234
9255
26810
20583
17049
9335
14021
18277
11588
21707
13809
536
27477
7538
24601
738
5249
9309
18542
6827
22234
6822
10937
15491
14607
14369
27639
29264
13878
4214
6461
7159
26558
22712
13371
1551
22766
23684
23566
4079
13418
5580
21055
12501
21430
11104
23316
29877
22839
21741
29355
25336
11587
16424
28405
4014
11565
6686
18839
1371
29736
18053
9480
1774
8964
20856
27127
16268
2784
1630
25505
20655
23820
20303
1349
27372
25498
12963
15734
12295
18832
17259
10974
4885
2359
16901
23245
6660
28130
20680
23852
8775
20042
18903
8573
10649
7314
28502
16969
16238
9551
16214
5098
9697
8433
21557
9641
12431
14856
29449
23360
8162
27245
11656
27655
29333
19597
4543
9245
28414
15522
29130
15123
13973
356
20896
27854
2691
1710
3344
29687
15450
14837
11395
20250
29487
12333
8496
11953
2873
20502
11829
23739
12584
8397
20523
23136
7384
1020
21290
7926
26140
5077
8046
15819
17281
13700
9785
26179
5384
4157
20118
26656
17552
6929
14652
7129
4526
22290
18141
25906
9378
26036
26728
19174
8908
26610
22906
10827
19755
3690
23991
15629
25334
1624
1407
12385
12202
29801
451
29560
24821
1765
28035
22695
14325
21421
24545
19236
1485
28313
17254
7440
24534
13740
17113
22867
9609
24486
13554
4591
528
14314
1975
18798
14883
150
5668
29871
19987
7170
10460
4077
19250
23302
9439
10630
516
23921
522
11418
3261
26885
25083
19659
27963
18685
2084
20117
19748
9187
9062
16694
11270
20842
19155
18195
6499
27338
11684
1034
4445
8540
29001
13793
15636
7754
2905
13192
22486
14202
23062
11881
18427
11788
6758
13613
10966
13647
8970
29441
20118
18039
13596
6891
12923
15105
3568
18630
22240
22636
20041
8078
17244
10658
27638
16836
5497
17379
8492
28936
2393
11093
29639
12142
7473
6024
29810
13143
13441
5546
5260
710
21328
4237
14944
12411
6038
3147
21784
20718
28629
18860
1996
19682
10122
27335
2644
10943
10968
11979
5601
28369
17223
1226
27056
27042
973
2165
12626
3377
17667
21657
24891
12707
23650
6621
1962
893
25307
14331
8458
21405
150
2116
20791
2527
28339
8600
27448
18937
11577
4508
22956
1306
10917
12896
25064
20760
7212
20832
4370
16724
20005
2772
26376
22876
25439
2924
25861
15846
11055
22709
7497
31
7718
15253
18442
7408
5382
14743
19154
18576
21452
22326
4732
19457
13637
10790
12782
12043
7606
12033
16118
21023
18070
1349
858
5551
27510
5589
834
17345
22739
19294
16937
20613
6409
28532
23478
16131
20589
6410
16024
15609
1649
6934
20228
8946
10079
15715
12804
17500
28207
18924
4503
16478
19909
9355
16360
1729
25685
3724
7348
19221
29190
1499
21708
11961
449
15145
9915
18052
15603
1452
8503
26573
24439
23817
14033
16427
15728
29523
29936
16448
6950
13536
4639
19213
7441
16611
20251
25928
15106
15178
18030
15178
26203
10124
1443
20931
25821
9291
10521
19580
9321
13141
6586
24056
9178
18663
18286
3151
9375
9512
18068
24608
9292
20097
18251
27104
9143
2303
9303
22701
20206
26442
12113
1374
7251
6589
2231
9056
8994
13136
13370
8206
8429
12509
15457
5752
12755
9395
18668
17222
28157
13410
10933
1474
26108
9643
27252
16442
6928
18056
8861
7608
8685
14121
1052
3039
748
24435
4542
6267
12017
26156
1921
29336
13472
29367
28887
25815
26706
8742
27367
5974
15553
6437
23872
16732
18000
13708
8612
16673
28877
8759
23462
8079
21547
2257
12949
19740
10816
28792
11073
12988
19183
4012
23229
3836
21980
13825
2870
6270
11681
24737
28940
18691
21263
1632
3872
17424
10422
6804
7066
9797
891
8634
53
23107
4436
26300
12863
5919
24163
25964
2498
7349
29031
24246
12349
13572
5239
2146
20162
11950
14878
16087
6241
6894
24630
21454
8194
11562
12617
18739
23188
5848
11110
25195
14640
27232
5638
13901
16671
15440
15516
25122
4450
24691
5633
1926
2105
24089
16815
24037
5766
15284
11643
11152
952
1156
23391
18052
24321
19918
16354
18708
29682
21052
3844
18645
27492
10936
13836
10928
8001
24046
29918
9661
7703
26970
20667
14237
29095
23801
20252
9084
7238
624
7434
17121
6982
28040
23903
26575
14980
1078
21459
28177
2508
4423
15015
12858
12570
4836
26991
23640
4193
17185
15447
24879
19746
8785
7437
8974
29247
17373
8053
13769
10249
24074
12800
15006
27449
14757
6874
6578
17643
16480
12203
20363
1305
1705
10967
23912
3249
14607
12591
27471
8767
14261
20127
25750
17350
22421
21357
23997
2997
16255
28473
18879
3512
28889
15562
11031
23392
14329
21055
13651
26017
20605
15770
19420
1031
21472
5028
17715
22943
28903
5595
12094
7219
18443
14885
7181
21418
11553
8008
27645
6972
29328
7843
4048
24879
28569
14326
10551
29470
15717
20891
19259
18194
604
20939
22082
9500
8547
16894
27189
4925
23785
24016
28388
14569
27284
23083
26740
26087
24434
12887
19307
4829
5356
5122
29305
21285
10240
23478
8512
25505
21467
27247
15664
29108
15341
19847
23392
14159
23713
11050
7035
29382
12561
9112
5434
5713
18737
11018
27734
26197
15632
24454
19795
19483
5749
12027
3234
14657
11460
9033
21785
15561
18218
14501
1881
18729
2042
9740
10009
18288
12912
10233
3876
20562
1123
21719
3737
7943
27423
27593
20032
27334
11903
9878
1204
21133
19683
24534
21083
22339
27637
27822
14462
27758
8751
3161
27687
506
8040
883
4896
27145
16617
2496
28843
29868
24337
16649
6949
2155
28361
5761
5506
19579
9629
22888
19207
28786
5632
15787
811
7139
26585
23677
12911
12820
4255
5306
29845
12598
22435
11702
19127
28698
2229
12071
12221
16851
11073
23843
14234
1940
26514
29492
25630
23692
18062
25569
21370
12133
16438
1664
1307
8880
26369
1914
7415
23507
19850
4776
12069
3264
13600
28869
12441
26649
13808
25769
1903
4631
13730
6778
15003
27704
29027
20963
5314
13290
27562
8592
14171
23317
12799
25609
2552
15406
22558
21693
24101
19356
17397
28561
12977
19598
5731
15951
19724
3884
17970
22512
736
19290
4659
15754
10592
19840
29324
5383
14189
18439
20334
17954
153
6381
23858
14132
22033
13523
23895
17320
22783
526
25690
7037
23588
25940
18968
17844
28157
12333
25519
9570
4375
9080
6440
10796
20517
23297
7009
15649
5940
21789
29304
6605
23476
21846
23168
5096
6367
8375
21875
586
14712
5008
12707
4082
11419
16999
9927
21629
16336
22483
13222
24309
23118
9932
1346
26810
22901
18240
20581
1571
25849
419
6597
3617
27125
18686
10420
17777
25946
14654
3606
1083
21866
10291
23423
17706
14406
485
3176
28019
10649
21394
6365
21284
17589
7815
28304
14583
28028
25671
28732
23369
27202
5745
9389
19775
23907
21216
28831
3955
3571
20331
20707
859
23347
19113
15094
19530
7311
25673
28638
6563
14353
20425
29503
18485
11516
23125
13743
24580
16115
27038
1544
23354
6971
2300
14646
21746
3097
18425
19207
8610
20246
1368
26933
2015
13338
19340
5873
1205
12142
10226
3190
5607
447
22352
13868
25201
28067
28036
24770
15721
5099
17549
21476
21137
1937
22580
11950
6321
23821
1327
26805
18388
8305
12861
19121
27632
706
18482
14016
17173
11427
14842
20791
24342
14391
11894
374
29208
9396
22186
5223
8645
20802
6679
11943
19937
2516
8432
28682
4762
21751
18561
21811
4939
26890
27299
22643
28982
8595
9957
20590
19331
4263
24891
4877
28801
18202
13566
3822
22167
16666
26378
14000
17209
25051
25500
14781
14254
14322
2675
5380
29233
28067
6712
22009
27739
7126
13117
4378
26412
3664
1689
2778
5671
8424
21493
19783
5878
5136
3549
6212
8368
13059
19994
27377
28012
21597
25119
7914
26368
132
28352
12057
15565
8859
11650
9340
18109
19517
1738
9387
1752
9433
20385
15848
13377
14953
19938
3943
21459
8940
20477
4467
9662
19753
15706
2451
8210
16179
27680
1602
14026
5329
27711
9895
28729
22217
2032
13951
17526
18916
15889
13271
13373
2743
23669
21664
25730
20253
27265
18496
2963
9923
11648
25792
652
11065
11275
2540
16178
27211
6750
10669
23281
150
27833
17645
10285
7365
10199
26536
28321
2491
3952
4226
28294
2957
29911
8968
23452
24967
29960
19666
8221
26976
7612
25688
7306
24244
11457
3745
473
19470
1182
4658
6209
28376
29975
10900
2930
10815
9639
29514
4525
1488
856
23433
1462
28851
2221
2903
23757
24634
5098
19640
28142
8142
15228
15389
484
28171
19326
28578
4357
5957
28448
3028
13154
21200
24364
24019
3034
8897
24277
18567
7628
4020
28048
16726
25428
16803
10099
7117
14002
7778
16831
28299
10974
9527
16648
15350
25848
4912
4867
26697
15191
25252
7546
19860
1889
18667
25211
11080
1381
12075
22186
11321
4963
6083
26843
17018
7279
26845
28689
26696
12625
20182
23977
13480
12724
29174
22411
17548
3531
20065
7770
29142
27706
18197
7703
27721
25619
15669
27995
8777
4373
28208
16304
19913
23872
5387
5359
29342
20513
16845
7268
9483
15256
9956
28154
24244
29329
7020
4105
16967
19232
4888
907
1681
21900
28236
27122
13203
27580
29417
29741
7889
13160
27113
6434
4892
16916
5212
19275
1966
7370
26400
27795
29265
14347
28721
25003
20377
15650
21849
7460
20910
6719
23751
21857
25765
15086
16817
809
29864
7014
25505
17254
12750
25131
4764
27688
12457
14806
22
17914
23116
1744
17773
2210
3819
9299
8020
11006
21280
25972
18384
19604
25521
13335
27737
12752
6765
19600
20447
21765
27345
3654
9280
27248
9376
16802
8320
13239
5133
1737
13130
17008
6005
27901
9366
8331
969
29322
12599
8763
1172
8546
3596
23755
28894
2409
20940
25436
7846
5283
27986
19600
23895
27409
21792
7329
24549
10395
17990
187
11122
12675
25137
18216
3739
3932
4132
5876
3550
7947
6180
17359
13136
6962
12
1339
26328
7994
11221
17056
18040
14257
22165
2905
19108
20469
20501
28533
25000
8358
204
8923
7014
11828
23602
29199
29799
5558
21640
28501
29194
22478
21330
14647
9321
21568
13918
13152
13112
5836
22693
20815
27449
25906
7183
27420
4896
9597
28582
28559
24704
8686
16728
12897
18638
1192
8137
18888
9712
13828
25844
18811
28169
29242
10852
24675
28989
9475
26817
13902
24029
29842
19249
22689
12888
11251
28884
28951
18459
10501
11325
3425
4253
28473
3683
1007
1102
7699
2348
514
5092
28921
16736
10434
5027
26269
19814
23981
26708
9956
17425
17841
24709
15367
10905
23861
20889
13164
3312
18465
21506
27748
18884
11363
24148
19393
12129
6674
21665
2337
13121
26464
22378
3491
18511
2106
26215
27968
2589
15904
13388
22497
8647
16312
22816
4195
15767
28165
13450
14100
9701
14591
2903
22176
20278
6248
20820
17500
22690
17407
19738
6478
5172
4157
22378
24627
20007
505
1948
9198
10722
17483
12743
3894
6356
22199
28682
20898
27842
3697
29178
5897
15211
3641
26979
9285
25192
19315
26553
19005
16426
6321
25983
24241
19551
13025
6593
27637
4405
25880
21546
11467
24149
21692
19864
15074
8480
6210
6734
6331
6148
26738
7146
15300
27821
21364
4465
22791
28556
12143
8741
5887
25820
24645
24285
28201
6603
25612
14173
29461
15301
3364
23887
22410
12355
5153
13811
1852
8058
23849
23453
5490
23535
20737
14714
24340
8904
29090
25438
18607
10666
6595
13591
15433
13972
15741
16731
7338
17836
23333
2888
12674
20808
16740
8535
29824
4525
3504
170
5500
20372
25103
8594
17587
4423
6316
12313
24286
21445
21245
16454
25387
37
9436
21690
15347
22845
16887
9606
16513
27075
5750
22780
23384
18420
26578
24303
24926
26304
11358
13868
3388
16160
4683
14237
5428
27890
75
21136
28261
6813
28637
6372
22583
15007
25067
887
14765
17112
2755
21394
26504
3543
18717
13531
12276
16871
26542
18812
26405
25636
14915
10545
3347
2642
29251
804
24031
10166
29370
17971
11041
2882
28857
24860
18593
21491
17093
28574
28710
7867
8776
5013
1310
917
9848
1457
18539
18332
2711
15634
986
7308
29075
13145
13609
6586
14958
16413
7586
23683
28316
2525
20708
13200
26322
27005
21026
27607
14497
2919
23230
23155
18076
8723
12847
6975
6068
14159
26383
23219
8398
6923
7554
15154
28160
24122
18908
14275
4332
26652
19357
15927
14593
19871
12243
5226
4152
12140
19984
6036
21523
6190
22356
8112
17400
5124
25237
7754
7401
22317
3574
22149
13981
21591
896
11270
29138
22079
7974
17938
25693
807
27393
19866
12637
18061
8390
3976
14846
9348
2889
19437
4813
26243
25217
11503
16655
1385
20881
6330
2365
692
17677
18043
1422
24827
29346
19724
5759
7093
29815
29877
29557
19806
23416
10937
12092
3949
24722
7844
4721
17556
22771
18066
11756
23336
29129
20847
27172
12846
610
27586
27513
846
16564
29543
23616
21648
14388
20297
5614
24761
9381
24717
23298
12521
8973
24326
7692
20196
25729
17962
12320
7932
7879
16826
7575
1340
29048
10699
6143
28234
20249
4433
8628
6835
28494
29313
8399
18155
28548
9907
5261
1541
1302
496
15734
4474
28146
17497
20639
13958
515
22005
11455
2651
19078
27988
20106
11580
27248
21317
28628
20362
6943
10511
21217
23177
8714
18009
16228
7620
10590
4380
15737
18993
13894
18421
26373
26538
914
7144
29730
24226
29958
15180
18831
5710
16796
22481
11897
22322
2422
10941
26091
27551
4093
21279
18062
6480
22505
13331
5860
13054
16378
13923
20563
766
18233
15507
1044
25506
22203
2955
119
4015
15471
10627
5891
19643
15033
15929
20855
2366
23378
20388
23984
12221
6575
29464
12690
7647
23746
17364
28736
18612
25368
22096
17670
5492
15863
3806
6584
21217
3539
12677
21906
9069
9852
15348
26822
29094
28664
26913
15645
18441
11931
25364
28863
26282
13374
17686
27945
10774
26812
3729
1817
29389
454
14372
4334
8020
24285
18277
18225
10978
4285
1926
12137
1443
298
2386
19073
22293
10239
21951
14061
17793
18775
1175
29369
14794
4929
16951
28821
29608
8926
13933
11326
2819
2976
11844
15084
21328
23382
19378
16540
18594
13168
22343
10261
22681
1790
7813
578
26424
10542
23605
11613
9478
14791
5735
2358
13134
1671
9433
10842
19708
27596
11129
29691
20070
25423
1226
6508
29199
20895
18245
26923
12102
13611
1510
19926
17706
4218
18072
20514
17839
7533
15440
6231
26266
5029
11567
24831
6866
9133
6841
1934
15609
16294
29309
2705
4938
886
13410
4766
8613
17664
8323
27245
20944
5473
29241
14941
2849
21185
15174
6008
13902
29030
2148
12340
1518
8263
9397
9156
23946
976
13808
2818
15155
18180
14042
1805
22144
5759
3510
29146
8503
15244
17399
14782
23815
26886
11736
18867
16453
1776
7418
17908
18854
25611
25791
6705
609
3731
3688
26751
9283
24488
3152
14296
25790
17209
27641
20173
11322
2028
1934
10740
25045
20800
9644
16292
4042
13532
14749
21912
11259
12000
26267
20577
14102
7577
17280
12448
13451
23016
14994
14909
10012
1929
9573
7992
28981
1319
12867
2055
29540
15809
23905
28885
16681
13279
7580
13856
17227
8166
15488
28784
23759
27681
16044
26171
13242
1491
10733
10551
16863
11044
12739
22673
11385
17791
5121
1671
2494
28779
13640
5836
19031
5079
28939
12035
10276
7375
17838
14104
11294
5263
9719
11352
3350
22523
776
7289
20038
7682
2392
19069
18102
1319
19230
22335
16974
26319
8618
3468
9397
23758
27683
11797
27587
11413
467
18079
13695
22591
14679
20520
10951
20976
17555
10135
21482
16569
15602
25519
11621
2562
5333
23303
18799
28812
29786
11324
13646
7949
12134
27512
28538
3658
20800
21502
8926
23504
21525
27459
27287
28055
23603
2764
935
16918
14446
22603
202
15547
23985
20836
19192
28097
26501
2345
22556
9133
26765
2823
25769
8935
12319
25624
3761
25127
9943
9656
27426
28283
26032
22438
21657
29398
17127
18965
11660
11109
20842
13482
12342
27053
15552
26347
3812
28842
20609
19967
958
26956
7422
7121
6265
18421
16171
22336
22189
8809
8232
10726
4605
18450
7797
20189
17333
7775
20813
1231
9646
17187
14382
22792
4860
17326
27562
6135
7661
7272
20556
24675
13720
13012
6462
127
25955
26595
28876
2030
11120
28843
20268
28344
2189
536
28678
24154
24582
29834
3793
4710
27132
10125
18069
26145
9514
27862
20601
4145
15321
19645
6802
8351
2282
28660
1913
17233
6785
12742
28048
25039
5818
3905
7636
21517
27214
2554
25424
21738
20470
15838
23572
16894
5611
12248
19272
29804
2023
25483
19238
9966
3417
6121
18305
17720
19100
1555
9476
18139
1138
7920
8284
24328
29747
15557
28369
29181
6727
19027
28302
23167
11496
16976
11378
29975
21299
6253
3827
8257
22055
28166
26962
438
15805
28256
13770
29140
13411
22981
635
11431
11752
27673
11338
1067
13647
516
29498
17215
3323
25304
19365
18132
1863
1495
2121
24675
26113
6429
9421
11471
27298
17404
2938
2538
22362
1646
399
1659
6680
20817
4669
10078
24119
5876
28620
2827
1333
7530
8787
14601
8277
3814
11728
25397
18771
3134
6575
5694
20926
23766
7802
16565
5321
15411
14974
12182
12960
28557
17185
17121
26875
4043
5965
11036
8464
17107
17666
15845
27316
18951
20975
4590
21446
29584
22977
26084
22354
29486
3030
7970
14723
16809
3702
20434
15629
4838
23975
22255
22641
12110
3343
6363
16158
2356
7277
17287
20417
10705
206
26371
24251
24597
20254
11327
693
26894
26110
15104
15371
12325
9284
26384
24245
15377
7540
19153
500
21821
2063
18177
4773
29070
23009
15269
6774
11908
4175
17205
28854
23987
9026
26485
21850
26762
10345
17489
889
4759
23932
17415
19862
20055
8105
21840
18449
25738
15820
15981
25346
14210
7234
20536
8196
18920
10071
26297
29780
24127
23857
10514
1695
24180
14008
21636
25794
7382
14512
7079
15018
24809
20100
10307
11368
20473
15814
5326
12239
1844
2876
10260
6775
15464
22905
329
71
6753
24458
18820
17433
9115
13195
17429
13575
21475
27178
25708
14541
27522
9036
18724
29967
24999
13881
27736
83
19794
15580
11
14489
27580
8991
13025
19091
27680
4699
6291
11506
4954
22919
6121
21215
4117
5805
23640
15707
19027
14612
22029
26755
3735
7526
24465
17388
26457
9980
18419
18114
21449
24831
26534
10081
10351
21810
16706
13196
11888
11436
23192
11798
19399
2860
12670
29259
7978
18175
1564
22797
7111
13998
20197
22833
22937
29195
24071
19469
3466
16823
25765
29402
432
7055
11519
12503
10963
11904
15866
19007
10824
391
22579
28220
27318
26747
28893
24648
17480
23388
9198
16079
23776
17663
2084
19871
27926
20826
12175
6937
12995
21147
18212
3956
19636
9461
15314
2109
5852
21948
21355
26339
21032
11725
17453
29687
26259
10401
23129
3045
21450
15507
14499
12593
12014
25412
10819
213
11650
10524
20125
12
27679
4977
29290
15679
24862
3880
18695
13667
2144
29637
26074
17565
19928
29878
209
8380
8625
29066
14568
7800
13673
18258
4583
18785
12281
2105
25657
16705
6441
24298
19862
12790
26928
16499
23502
24826
25513
2755
7531
29748
26272
23761
14166
17208
29178
11517
28216
8406
21421
3437
15352
27555
17604
9895
5605
19095
8867
22120
24114
11601
29398
5139
7058
21867
12902
79
29687
4647
13626
27160
24742
21750
6876
22537
13102
13869
12212
26076
9033
25984
16771
28953
11632
6586
6118
11659
23825
3909
23444
11703
6516
13296
27468
23281
5077
3884
13624
28720
11958
13586
4229
27355
24915
18452
10892
28604
17332
16274
1605
5085
21074
5940
27531
17796
27471
19615
7453
6194
3239
17284
13562
19592
10981
760
29302
17842
10836
18877
25220
658
7354
15448
23169
22469
21952
8275
2863
10232
9529
19914
5625
3096
19261
14027
5430
3112
8042
6893
29006
15481
18551
21327
9716
22530
26228
27499
611
21562
7531
7883
27897
15178
1732
2876
16003
19290
4652
23080
13882
18941
23998
27392
6529
26079
23014
21256
8059
14146
24789
8858
25483
21314
17978
12120
1427
5013
13467
10533
10039
574
8789
21950
9390
19448
25251
8588
7182
3598
12565
13245
19239
293
25082
6360
25160
17021
25987
19063
9703
10048
171
20224
8348
26087
20739
13598
21653
12790
21221
18360
26375
8418
25694
24808
20644
3253
9185
10873
28573
9281
18820
490
20560
25335
23524
7499
19626
3076
20470
23870
20394
21919
3008
28209
11538
3312
29229
17122
5608
12984
13944
29117
1112
24889
958
23182
26782
11613
3170
892
21417
19690
11983
23749
27056
27747
16870
11366
13978
12796
28310
22149
25750
10858
24554
24370
8381
6296
27738
10944
3328
26002
27800
19389
20457
21394
12633
22461
24521
3170
29572
23773
9709
20827
3668
2400
1854
22256
2675
16599
17974
23822
27670
20154
16779
29874
10231
4039
3556
29560
16156
1631
25950
1960
2061
22497
27803
15574
4170
14082
27551
1573
22489
19685
2476
15864
22984
8136
26272
6731
27149
6891
21952
13269
8262
28201
4806
5559
13696
6550
170
18022
8269
6192
10598
26874
665
14404
3201
21110
9721
4812
5567
2379
12233
19804
6922
20074
12564
23665
11840
14564
4988
3166
30000
6780
15136
6978
9280
23771
28721
15312
19812
27361
8528
23738
24885
28804
21040
10570
25036
329
21981
21671
5057
6307
20394
5364
13518
16156
9926
15268
14022
27787
1461
1160
3551
5002
11864
1151
18091
9015
8723
9218
15533
23795
17995
6440
2437
10759
12507
5011
14653
19768
21636
4875
5949
26809
22936
27773
20891
28617
27992
16430
14779
10353
9229
10313
24601
12896
22181
23894
7552
7126
27785
3745
4480
14297
25596
19177
14199
12605
26001
1689
20717
18610
18363
11564
324
12082
26152
3642
14004
7815
14730
416
28063
20306
24944
12650
24741
7930
20789
18294
22766
7267
29725
23530
428
26137
19152
5550
14501
26962
28843
23931
4642
17891
6657
7030
25823
25726
20350
12120
28789
17081
3729
23176
9232
14728
13082
12295
28186
3481
4182
920
7237
11306
19701
7040
19225
27206
26852
18708
16490
16759
7658
13421
17077
806
22063
24283
11853
9790
29238
15815
12532
19659
24035
8020
10832
26356
14247
3588
6470
4325
15579
18647
8266
15490
27800
27735
27967
29113
5155
4360
14440
6811
17998
27541
22091
9905
23678
26544
18546
9177
23062
13016
27548
23075
1643
17614
2971
11968
12032
3315
12530
20904
26878
17603
24348
19852
23858
9205
5995
1558
20181
2383
5054
6972
25932
1947
15893
4596
1962
10495
1410
3817
19192
25503
22688
14249
20109
11111
10987
2554
6235
15383
27117
12252
22284
26940
2220
22981
10974
4513
20041
24813
17642
25288
4236
16741
28755
4964
19211
28874
10332
8528
20741
14757
23165
16186
26898
9049
12481
5354
24368
7106
26646
16191
6793
7052
29129
8661
13362
14108
13450
7069
2229
24828
29131
16745
8029
7801
8610
7363
8913
22384
21535
25770
23550
9893
661
29398
17467
1155
25729
12185
23145
11869
1192
15849
538
11790
9826
2537
27060
6393
15195
22086
22065
12854
1446
7533
1897
5
14767
5861
11259
25098
28788
10579
27005
2665
6369
17337
4107
5956
15081
25224
1426
12508
26682
4602
24953
15300
28280
17155
18027
4357
4744
10642
10815
19991
8718
11875
29470
13517
26878
15423
23974
20171
22648
28935
8812
24957
7136
4931
27462
22152
13044
19836
6338
5439
18847
22543
12904
4634
22902
14900
25831
12985
17835
976
21703
29053
15653
25784
28050
21879
11652
23310
24684
10184
27263
19325
18975
29446
13824
2247
1189
16629
16904
28541
24796
26831
6885
12266
2584
2720
25940
9000
13529
25181
25865
16707
17782
18251
24178
15801
3168
15101
13806
1075
12473
14709
7587
23633
236
19755
25922
6990
23904
15371
25560
9679
19319
20977
23071
9235
22372
9935
27372
13132
7096
2376
2457
15024
21501
20546
19204
8482
20197
21944
18808
6082
15283
9311
431
3478
2082
8442
27511
24659
2752
28547
18686
9937
15268
10175
18424
11441
20000
21088
9350
9492
11749
9368
13194
18431
16529
15380
26442
1574
13918
25360
5717
20701
17025
24479
28866
4254
47
26529
6065
28354
8120
3002
19740
909
4867
27866
20971
14428
7508
19693
22360
23924
21250
14007
22037
18662
67
15390
24457
24373
25017
20905
17166
5480
25679
10454
12856
11742
29844
18287
26969
354
5370
2352
17735
25397
18315
7285
26106
7065
19217
29776
4992
2030
27304
2596
20712
14152
12391
27959
22627
8051
14494
21410
5233
17587
6898
17915
60
21608
8427
5088
8950
3402
25772
18776
28058
960
21373
15397
13057
29897
2965
7377
19542
10836
12702
21619
1387
18787
9689
24735
7322
17593
19731
23088
28687
17431
16179
23
516
26281
14273
25579
21076
7656
27455
6851
12814
20730
26157
5438
27487
20807
4356
13569
27958
17250
17983
1468
9315
16384
14608
351
27913
5205
22337
24626
16184
23894
27873
24424
12734
19372
26374
23394
5192
15043
150
27793
25420
25808
24645
2465
5624
28148
9259
26875
8324
4796
12957
6277
10459
15277
24235
8448
2776
12019
7231
11799
22333
15226
474
24122
28337
19281
4298
1438
10921
14619
25130
2285
22409
15711
23712
12393
12785
24745
3159
21296
1970
608
9993
10901
6954
29469
10272
19536
27091
9617
10450
29059
10537
2577
28046
24087
5545
2001
15515
6766
27651
21727
28306
14121
902
18257
24713
2622
3071
12063
1518
10840
9255
12240
2573
9519
20085
22920
26295
26590
6945
18806
15191
23418
12469
4299
2823
662
6772
17910
9699
25125
27356
28579
1302
21779
20027
13999
4183
27531
26324
20950
4544
19147
4274
20417
19722
23057
1228
27990
23019
8630
24982
25287
12039
12204
17932
27368
15406
72
11283
19937
25239
7255
25695
5532
4409
2364
2826
23912
19487
27955
16606
5880
14176
14598
28039
18219
28099
18034
22890
8829
24310
28849
7663
14865
1150
29993
22377
24441
23441
1556
15475
14943
6210
26313
22062
12891
13307
22631
12229
582
6173
17771
21379
21168
24458
19168
15946
1650
13508
26095
8684
26130
7123
14452
12003
25688
19745
18984
28786
18490
2892
24106
15348
6221
15161
22812
14456
7150
10339
2283
1270
16901
3832
8634
11637
16181
28105
4690
6130
1708
25493
25897
17306
26340
12564
28665
27947
8356
26483
19978
11831
28257
9145
20763
27116
23445
1888
20255
13059
4654
9169
13694
10196
18714
25384
28820
15109
18404
11305
4077
19954
21174
21473
28311
19162
19164
29882
13620
17977
20177
27115
11077
22243
1518
18811
6220
26030
26827
24499
22407
9611
26859
12504
9027
24951
28711
13216
9839
24077
4485
27158
13739
25690
29497
19756
19548
18103
10281
25721
17772
29962
19627
22205
4036
8565
8439
24755
29698
15600
23483
16873
14486
28751
10138
11359
7944
13249
7984
17260
5110
13126
27173
28743
3374
8326
21492
667
29486
9208
18192
28496
7002
14801
20812
10588
6100
15730
4358
13828
27343
25347
6104
28939
9294
14931
15783
1356
15205
23747
5033
14814
16195
25850
20516
8189
2476
2999
14142
3381
15197
19861
16505
1468
15352
4731
4622
21282
21107
25152
28057
3260
7408
21046
56
17579
17786
17095
6174
26456
18250
7826
9262
1027
3427
21901
29780
10643
29312
21848
16765
13582
15381
29243
23900
5138
16991
27428
14466
24917
3245
10777
20445
14055
26896
957
22229
22921
16947
5997
29019
26005
12092
7711
1270
29141
4972
8053
9350
17465
7796
25652
10588
22124
6411
182
5969
17683
2788
20718
8390
13086
10712
3297
6591
27672
23117
10136
15064
19896
24628
11169
15290
10434
21652
14923
9762
6805
3731
26922
26440
16965
24737
20797
26547
12
9513
6853
24926
8192
21223
20374
26266
22193
10935
4700
28792
5228
10334
27896
29721
13463
20547
20953
16658
16997
10667
12637
3238
19424
13329
21267
21398
29693
622
14546
4122
14629
16160
22863
19107
8483
29151
5564
28263
8460
13844
5830
3996
2306
6350
24310
26862
9299
2053
29474
7203
18638
3947
7739
14268
26228
24734
10197
19877
2619
23372
29202
2786
5445
4770
8907
29320
17924
23418
11655
12904
28342
21105
13751
27111
14656
22424
15111
19203
27922
19624
28852
1958
10478
6107
9628
10190
13687
9935
19568
10590
563
20439
4358
29669
6018
7683
13221
13327
2063
29485
14941
19078
3599
13297
16792
21884
11274
14570
4421
1953
21940
18703
1572
4555
5166
27181
23359
1832
5788
21652
21262
25301
9017
25518
20437
21735
18721
27108
5924
5742
13899
7675
14215
1853
21848
13083
8014
14978
9718
125
24737
18869
21932
2965
12974
16805
5746
1869
8613
8722
23228
17430
16784
12126
14554
6762
13642
752
18476
23477
23902
21291
18203
25372
20230
9874
9447
8071
25178
16819
4503
3527
15134
14401
16628
9274
5228
20938
3170
7263
2913
7761
6630
25190
4719
6272
25804
25827
9915
14570
2935
3887
13012
13571
13773
12563
14958
17737
29248
8843
18512
26922
18523
2073
18130
18553
24246
4798
7768
15710
16127
13452
25026
2403
443
3098
9811
3425
29865
5205
22461
14354
9882
2565
11744
3740
16455
3474
5319
27147
13067
13927
131
24001
24345
634
22287
4673
29327
18607
29589
14614
26185
11455
16870
18462
5650
19306
17130
6277
9619
12727
15773
25908
9618
25439
10147
1550
26563
2836
24181
121
8791
19096
7604
8765
25136
3818
23785
28396
28518
5356
4083
9554
12116
13368
21589
15135
2524
22337
10206
13419
189
29361
27171
27178
9610
7099
17411
7224
5987
25436
15886
28811
28497
27426
24137
12672
5220
19722
4730
11609
28627
12447
19606
12203
18624
1330
4386
6117
18942
26009
8314
14077
1306
629
11289
13512
25600
25130
15960
28455
20981
23621
8080
10330
8541
12800
16535
25313
6206
10270
17756
23699
1573
17562
7711
8195
17773
15545
16065
10387
17618
11608
28897
5435
25579
25356
10147
28844
12939
15502
7678
19578
21230
8126
28869
16527
839
10800
8070
6801
9252
25963
5624
3963
11492
27065
15164
18579
7987
14468
5235
13466
4065
5537
15539
16188
14496
20024
3586
3355
23505
13941
2268
21896
1529
2888
17374
24131
25599
21314
14323
15316
22771
16514
21444
14441
11581
24683
22257
14215
22967
17170
26100
24042
11736
15438
1572
11657
10798
10143
23132
11985
15630
7229
18314
24411
21028
26901
12916
15948
8392
26072
6798
19010
17501
20274
11060
21401
4085
9510
2960
4540
29887
10490
8663
1198
28782
5585
13378
19806
17114
18235
16128
19547
7192
9149
29192
21453
8882
17045
31
1803
26644
29090
14392
13825
28918
21043
27505
22796
19486
20687
4171
17986
16923
23338
20120
10428
3143
8372
7816
8054
25416
26758
29278
9256
22968
27861
29329
20184
12627
28166
29838
14569
27527
16714
24495
200
680
22549
21936
16848
7550
17964
4718
2837
11947
11168
28502
4592
737
9824
12571
21706
2406
18761
2958
25881
22956
5037
17013
4947
19702
20189
24748
407
24430
20119
2079
18649
15541
9038
23334
20803
20726
1009
5313
17853
24851
14432
2853
27517
26834
5089
16983
4943
25936
12331
11761
11799
7504
27856
2285
29728
18052
12844
17301
6601
21332
21351
94
28387
18292
15288
9649
13008
8520
14668
9538
4493
4050
907
19142
18251
18547
13956
2557
24401
29112
25756
22445
3340
28741
21692
12863
24185
29685
8903
28732
6121
25993
16605
26987
2828
28033
4207
17211
27978
11434
10712
22905
16673
28519
17006
2399
739
2309
29297
1971
5832
11384
2744
21200
13769
16161
19185
6985
17522
20834
21755
4533
26301
6040
19939
18666
28271
5225
2142
6130
6574
3152
29252
5019
28345
9210
4885
10507
22876
15127
21323
16159
18605
20235
17679
24708
1844
21374
26028
8385
16833
21489
26900
25364
24432
17196
29091
19511
28046
1031
12225
26013
9824
4512
26136
7623
4042
6190
9954
2022
5150
4697
19088
27671
24192
18035
8120
3402
8413
13768
13208
18048
21552
16726
4383
22920
22036
10600
15880
7947
3132
23908
26589
22306
13800
16103
3997
2261
25019
7961
29954
22274
4538
14537
9828
11343
3681
21663
8668
14940
24451
4886
12058
22822
25724
2154
25993
1058
20250
22074
22747
4581
11856
3222
4418
19181
19198
26801
9583
20529
26149
12668
27589
26554
23405
20272
26128
17016
27153
7568
16532
9685
1002
18018
22113
3280
27055
27557
22971
6230
3434
1652
6227
29568
9930
5802
21848
29285
29406
26189
8858
6559
29243
28789
19486
12681
20795
4257
17842
17607
13788
13054
19787
4373
1251
26269
28192
380
14720
21646
12983
11958
15988
24304
7165
11140
14588
29943
11068
29874
10383
1943
12328
15120
9184
16070
11396
6179
350
26680
18664
26801
6701
18897
12839
29514
11644
28596
24563
26229
28018
13398
18970
8547
17434
3030
16419
7058
8912
26423
18770
9059
5912
1113
494
2538
16975
14640
5244
9432
13731
4035
6286
13528
10709
1157
17768
14483
209
27288
29524
18193
6066
8106
20005
9064
25077
10212
16242
11192
13943
24137
28284
21767
20550
10275
905
15179
7181
19104
17752
13306
26250
27033
24079
9864
6448
27713
14744
17720
29510
13555
16945
12829
5650
15117
17295
27374
8283
9106
5917
5444
23196
10619
1182
6187
21715
28130
29458
28356
25970
24541
16662
9941
12611
8749
9809
29642
24733
26236
26202
4286
14212
4093
15590
6450
7546
15067
25089
12576
1557
7130
22681
6142
19086
4879
10763
26635
24940
14676
19252
27435
11149
1466
1230
28674
12890
27238
11012
12268
1024
6146
5570
8609
8670
18277
17339
18424
26838
3327
19061
29301
16612
5817
17770
24510
17228
13952
27168
24543
659
23426
16176
25872
12494
23053
14255
26418
4490
25365
29948
19426
5391
19053
18587
16724
10501
25956
22387
1487
23442
10683
29682
29202
5208
6237
1923
2383
4680
12440
614
3205
9357
7503
8023
14295
3092
10341
26445
19821
1157
18428
17686
25586
7789
10890
13950
26653
1921
8614
1707
28452
25594
4044
28381
14482
6023
28677
27667
27045
12786
16070
24011
25317
23871
5894
923
5838
5632
3760
11057
23278
26150
11696
4928
27113
6239
12604
24404
10888
25397
11243
27492
11623
12182
4371
7973
11693
8273
12903
8277
6520
27494
9877
4566
25228
11054
5642
940
12828
29194
19249
14420
21719
22445
3988
19994
1068
7106
23176
9235
1610
27956
2306
13895
22882
9434
4231
20130
155
21511
2314
27850
15060
10652
5570
20688
12938
6872
19951
1811
10689
20967
26004
18126
24965
12304
13244
26164
8788
16189
17140
12461
23375
28746
19343
21406
15740
17266
21724
20194
8590
15823
10265
18890
16947
27219
21904
21622
3615
8743
17983
8550
27139
27380
23034
23575
24330
19685
27506
14234
14129
19104
3506
27307
25608
22014
427
11779
4019
27459
13070
11542
13236
9089
23930
22737
29648
19587
29553
23763
24957
26240
16864
5202
24684
14116
119
27760
28016
1442
26657
22610
27120
3711
10756
686
9446
7327
14674
15983
6958
22726
4846
24036
19216
4178
5969
23838
22832
22117
29530
8897
11521
19177
11290
15625
18569
25325
23855
16069
28911
13148
21955
16255
1363
28597
23587
3548
3149
799
13890
25723
18584
13862
26735
6434
7485
24596
10349
9631
3958
3143
13576
20677
3781
12369
14509
27264
25843
17800
24021
1528
23700
6258
7169
23944
20195
8057
11284
20111
16061
6133
16072
6597
18705
22273
11932
16931
26232
21188
19831
7874
4521
21128
5273
1328
17338
2920
25241
18080
20728
22719
1481
26610
24152
25071
7521
5467
17450
13240
25695
18880
9540
27322
25694
16985
7477
26308
9561
19399
9875
3625
5675
11375
12364
10709
28976
6296
6155
23805
1520
18943
6876
2809
21816
29472
5059
18020
301
14440
1737
982
21059
728
8537
1476
15096
25238
29302
29880
22061
2763
14459
27263
15038
22234
23041
24966
27851
23020
12613
22158
9102
12835
27568
13224
3461
1085
20230
26249
16477
2864
15227
24953
3646
25485
20461
11865
20550
15059
21276
7521
10678
17935
8960
18920
403
22543
9521
19520
15994
5646
11805
2119
18306
8733
27515
19482
14587
27576
11980
26425
5179
29702
22364
10668
8276
24001
21973
16457
13612
16742
11297
29996
1011
20096
18392
8377
22418
15679
22434
29696
9125
24960
12549
24124
25951
6632
4076
26805
2361
6458
22790
13346
26184
29511
10880
19587
6690
29884
333
5549
550
8058
20433
15872
3122
18779
14457
8008
4847
15105
24525
9577
26832
21511
21872
2971
6579
12005
29110
1589
29541
19737
3403
19953
14241
23404
14682
136
27477
24304
3631
3702
26192
8869
2615
16918
14080
1856
29692
16153
17822
23053
8977
11426
26787
25092
24206
13784
1633
17886
6989
23144
9983
3061
13298
23729
13065
3017
21870
25786
2001
8227
9915
16459
26764
28539
13498
25066
24726
19378
3427
4685
4615
8795
27391
17383
20015
11861
22988
5947
7026
15469
4020
7714
29325
15236
23256
19768
17739
1607
4587
21158
7574
29613
23098
7924
4868
20428
18572
12443
16069
15536
13569
28144
19170
12419
7611
19521
26517
12802
5740
20446
25455
26113
2400
11283
6828
26147
11186
17257
2420
16550
6033
22619
17464
7000
2950
23886
12711
8047
26219
25191
19689
23350
26973
13495
27049
22119
18354
12076
4429
19849
16701
19628
17587
21206
29710
19068
13353
3089
7336
29611
5924
17463
26994
6758
2418
9934
10623
4706
11769
24290
15367
18631
14642
18218
1548
28831
17950
10950
10324
3309
19814
20017
13422
20863
341
25448
29415
23624
6582
23216
15288
24797
1401
3327
13231
19519
9245
2947
385
15095
25020
4793
12859
19696
8132
18013
29076
11639
23698
22883
15686
21765
10182
19971
3878
22876
15755
5325
7259
5327
11870
9953
24892
11202
7199
8225
13736
29686
5272
25689
24475
28322
12724
2426
11375
3043
28996
22788
16161
8228
8058
6843
11419
24846
16613
13803
18008
25379
21474
19622
26738
22975
17552
21424
6228
1949
15391
4781
11399
26454
28651
8218
21859
15709
16384
26555
17153
5043
23450
23113
7969
29577
21494
21343
535
10919
25341
28419
4461
28509
20996
13532
16085
13755
24736
10250
11317
16402
5243
1949
6608
23596
1119
17382
19231
13934
23581
23330
17802
28556
22633
14329
15600
9290
6632
29344
12632
24982
13496
28199
29107
18871
1290
21404
18626
16269
942
4975
11972
12212
6220
5463
10239
587
11028
18211
29608
26365
19661
2385
15188
24172
8578
16929
26122
28856
27448
4176
10824
29474
27595
14730
12477
15078
3288
29863
23765
17680
19167
23052
19340
24161
14481
5943
2214
10647
12900
17673
9618
17095
13390
12628
17745
15266
21341
8364
16966
13869
5464
14257
26681
22211
24860
28157
14381
19134
20384
22658
29003
16381
19536
8816
1713
10800
16765
22765
18200
15332
28367
21635
27856
17417
7406
8993
25758
14892
19069
22275
15602
15164
10737
20352
25541
4240
20834
23015
10070
25637
14007
5344
743
7007
6670
24894
23258
27808
25557
28813
2525
27826
23580
11801
9102
10353
23379
28164
22492
2901
21657
3593
10490
9458
18290
22195
27511
4362
14052
9814
13304
6608
18957
4785
24478
7417
28696
5837
14787
6136
21453
18031
22202
11007
15662
12273
24738
24601
10144
27039
6935
17971
10334
17096
25946
3117
15929
12633
24178
11634
10153
4218
18813
3791
4209
22690
26230
25772
5274
14432
1828
8975
5991
9797
8771
144
273
22060
17733
22615
8572
4838
19526
28583
19864
13602
28773
24351
15401
11786
1460
22764
25629
14535
5019
10668
28090
8938
4400
28542
1219
21882
4619
20259
16271
11170
29398
180
3622
12658
9000
10010
25926
19660
14297
18869
4502
2957
19165
9965
2032
13918
11566
29638
8108
15106
26540
13899
186
24886
1437
23180
8948
15545
28940
7356
10367
17604
20798
19374
9620
4021
9498
10233
7453
21540
8360
24571
28657
4674
25415
16407
14652
10369
313
13265
21014
13562
15426
8950
22773
20635
13141
21049
14447
22242
14026
15989
7667
3089
5032
26901
20629
2922
8528
24000
20803
8336
28735
19654
13027
8729
15764
13790
3250
22257
17710
13266
9266
11533
20656
3162
24056
20112
6331
19368
5015
25861
24751
29873
9585
10326
18444
10131
13231
13067
29927
4527
4633
24410
20558
26488
12362
20523
16034
20331
29908
15351
25769
28462
9928
12691
18445
29783
23534
10750
6387
28748
23065
6775
15773
15712
29617
1926
26609
13854
23453
22336
23647
20742
26430
12356
29141
24094
7955
14779
27078
29729
13062
14586
2626
17111
15974
5724
5357
12575
21957
3422
21692
14344
513
18829
19481
3880
21886
25113
26260
24783
29793
11473
20683
29172
22761
28746
25348
9236
3514
12968
18864
25721
18292
16971
992
1742
20418
21819
4019
29488
29015
7480
3808
24056
26653
25314
19166
6133
1760
10148
9149
4741
14586
12054
2477
1016
23487
17514
9110
1651
17141
15769
1445
28018
14907
6660
10370
1838
27689
8491
28987
9637
19501
28734
15263
150
10074
14782
8642
4311
28815
8351
2711
21581
8079
12861
1736
11355
632
22165
12838
1114
13285
2075
17804
13741
9723
23797
14178
15866
6458
25256
24013
2709
4038
12235
6354
4208
26515
19687
22945
13713
15981
19278
18465
2409
10045
25922
2119
8638
13476
2319
15281
1489
13362
14688
21424
7292
13952
25568
16974
12780
22468
17915
6518
26413
17054
26917
15523
12255
15325
12525
958
8595
11433
24799
16940
18434
13813
8035
1653
1066
3603
15688
22481
23460
9534
2893
8891
10081
2803
23548
5227
19138
28667
17630
29530
18626
29954
6740
10689
24571
11797
5885
23500
28798
6371
15803
8730
22611
4558
15015
8368
12448
17706
29262
23986
3971
3719
17975
14980
25288
24825
7855
5295
18446
2809
5512
2191
3805
10730
15318
1176
29265
16753
22441
25311
12766
19114
15843
16951
24139
27321
11462
3760
4064
29642
27210
25140
18910
29557
10560
1168
21932
13503
5869
2338
8496
21449
9430
16334
264
23336
23483
18614
9806
13867
8952
23932
26935
26983
15737
29534
25926
3531
2634
10543
21903
23075
21020
3848
29126
21003
7178
2426
2013
3592
15864
28088
15210
20796
9664
21068
29551
6373
3697
15183
14828
13309
12742
2291
18120
15421
16839
23216
16544
2210
29979
18698
23136
19936
9598
14766
8439
13069
12781
9289
17717
11406
19914
27717
23529
17885
27092
1760
4205
3011
22085
28840
6243
3433
9648
16911
23346
7960
18086
20699
12062
17754
2990
13070
24562
26421
11996
22626
11210
18967
18782
6519
17663
6027
14502
1363
1539
2059
9921
15480
551
5126
5408
6009
14979
11656
21521
22101
3614
22199
6542
26172
19570
20276
9188
24920
3873
9019
21381
4142
18367
12611
20389
22467
7165
25482
17798
21115
10345
4489
12397
29007
14286
7606
24787
20868
3621
24118
22757
20238
20148
20704
25285
26153
3666
23896
14630
11486
9140
7845
10474
25249
10704
13057
9408
26685
26704
25014
17511
14629
16115
19018
10985
26883
6202
25847
6248
21273
17112
24901
17168
11820
21596
5000
23293
22421
19517
964
6309
12933
29732
19955
9561
24484
26697
18567
8768
15351
10615
4151
27498
5796
12538
27283
3639
6636
20348
29810
17151
18865
28351
15044
16929
23711
10270
17237
4622
14312
4114
14040
22790
10837
10438
5629
29214
22980
12074
29470
24485
5581
20272
3773
12381
1145
16877
20084
7555
5457
17958
7813
16028
21057
22080
14503
13566
19180
28412
28713
4364
6337
9749
27761
29793
12113
1629
4820
21712
29827
15239
5156
26255
6250
21345
5268
1088
24697
24251
2250
342
254
21040
18974
3667
13821
2144
17927
26019
21508
26146
8069
3291
10992
11431
18
3600
4012
7104
21499
3167
10782
12030
20595
19369
18145
7611
24060
23358
22084
8178
12602
8590
27019
16254
8719
29865
27829
3155
20719
21584
13976
15588
29472
13144
4604
20665
8354
555
19680
18613
6011
21359
23018
3503
9175
10410
29247
18054
13483
11770
18811
713
11491
23200
17600
24311
3410
10561
9028
12728
14063
4421
5966
9580
10092
7339
22052
7669
13912
17863
11650
9472
11421
22235
2689
4145
3203
26417
419
22110
18617
1554
17604
13735
29844
21205
5246
12826
26134
20745
233
3897
6096
24210
17084
15032
9133
3505
6733
2978
9697
23381
1482
25005
18762
18242
7102
6088
3273
19346
196
14146
1552
3689
27188
12441
18264
20184
23314
9316
16954
21049
17969
22137
221
17413
14392
873
19742
2800
17311
23178
3297
28397
15050
27623
12598
26032
16160
10812
2863
7111
12744
21010
21767
1495
11553
1921
3490
9381
11229
12169
4591
26448
6883
2462
2903
26967
19043
14893
6122
5916
14626
20513
19456
11601
1342
27691
10259
23156
23490
7660
13636
21581
22214
26188
10227
13669
8824
9976
24013
11188
1786
8785
1860
28165
13602
11188
8014
17947
7371
18449
8236
20912
6722
6605
16251
18532
26988
26798
20890
20310
23902
22856
2024
15328
19329
23405
18338
5934
9976
18217
5545
1225
12128
13917
10115
1696
18233
26268
2548
28956
5460
23024
285
20864
25043
14900
8731
17233
17918
17209
23981
8826
13401
2100
28591
22555
2412
23754
717
6714
15954
7391
3242
9574
26112
973
22705
23789
407
14817
28466
24679
17501
13037
3569
2068
20106
7741
25531
4815
11188
18404
10273
12815
23568
8033
6044
20022
23151
11843
15522
23804
291
25029
22902
17935
19186
11666
22603
502
19009
2674
16226
16274
21317
257
24581
6168
11696
14830
80
17799
14770
12553
27360
7319
29400
25070
15985
29508
23725
6671
6116
6532
13367
3169
18543
2178
13587
6732
6212
20083
15869
15925
21746
20769
21601
15200
9329
9706
25308
22855
1516
12574
10758
20348
19509
15692
29228
7540
6377
26126
19228
18744
5272
6665
2098
27348
9435
24000
21221
10951
19635
27433
10227
4991
26477
3174
11188
14060
21822
19157
25411
22273
28615
3781
9876
20865
29625
8424
6198
6695
18687
28261
22762
25516
2951
28248
20676
28456
17859
8588
2791
15160
29524
11957
23477
21354
19340
10965
5333
11085
4349
24884
8660
1501
5089
18228
5382
10242
211
2167
4758
15536
28973
26529
28897
15386
13731
11217
4735
22543
2482
14376
12333
8128
16717
6686
25158
22310
4448
14459
15825
12889
15086
2042
844
19124
1933
21819
19478
21696
11446
28421
21320
16319
1596
7271
19170
29504
11264
6410
9454
8732
1812
7847
8355
25378
12218
2190
11055
29657
26728
15693
24102
20596
25937
21110
1690
1887
15714
20496
10432
1539
14315
28040
29799
19046
22370
1106
2468
28601
11513
6068
14316
15752
15902
21683
26053
29497
6571
22261
1796
10585
4403
21769
10342
13728
8243
13357
27383
13164
19350
12779
28717
11590
3368
9092
24694
16984
26557
5175
26624
3144
12373
26292
24630
25099
29669
18821
19171
20591
29745
8755
8781
10623
21134
18564
29293
29333
9633
12889
29820
25285
13744
19253
20356
15349
2560
16098
15317
21352
6515
10251
2181
11838
7693
9382
8996
17819
21012
22924
15611
16722
21553
9641
775
13454
18287
1877
25145
19446
17563
13672
3527
3156
23647
15317
25828
9756
19122
12037
8696
1573
14209
13564
8221
1215
9188
29844
1601
1246
10576
3067
5434
17276
21017
4101
11024
14217
9734
9955
28174
26490
20398
15529
16194
22350
6112
27442
12326
7044
28903
5474
28873
14363
16521
25360
28277
4804
14156
11007
17099
2224
8563
19739
29029
3443
18296
9825
11289
28474
8474
2183
26878
16589
19306
25050
21432
20883
20920
22442
11545
26672
22685
2500
4997
15452
11898
18627
21807
16140
15545
9804
19856
11480
18889
29641
12846
3192
22402
2418
14028
27383
7318
20918
2077
5853
25076
1815
24364
14440
12561
29640
27936
19440
14616
2323
9084
2245
29818
760
6301
6706
27741
29352
17662
6868
21280
11565
8714
7366
22154
22466
1268
4423
10442
19106
19431
15782
18065
21254
29294
2921
12154
27802
19408
1222
11392
14249
5176
4020
26535
9491
9893
29205
7529
29568
9276
2214
25622
21953
21272
23165
6146
20851
9923
13290
13539
6676
6440
14405
22104
5543
18499
16278
486
22567
18095
15343
7806
4075
11255
3693
9166
2503
11431
12572
6597
1218
19921
26115
8230
1227
16839
6127
12453
15177
710
25471
16209
9711
17008
11696
28491
2897
27176
26161
28197
11205
22273
15271
5065
27817
25067
22708
9764
13512
13233
12397
27716
17866
12727
12191
17448
20951
12538
6453
14654
24476
12491
17254
5775
4793
22058
19575
26699
25888
1337
15097
21337
16526
26904
2175
13735
12316
6517
3117
4297
8373
10519
2293
15711
9423
16708
4590
12457
28702
15375
26181
17882
6722
25226
19630
17700
18735
3779
165
16351
26437
16651
23533
798
26331
6379
11267
12502
15539
22648
15144
2719
7159
25515
6776
18277
16645
9116
21249
7267
22140
22742
12901
7841
9118
16233
11904
5165
7259
17485
3303
8857
10719
9226
7064
8989
14158
15312
15104
13826
21411
5489
1889
14800
6291
23855
17373
17924
773
5564
4499
12993
14353
280
11685
14906
16674
7087
21761
18979
27035
2920
11313
8045
942
950
15836
13556
22970
7070
4733
27865
2050
2028
13228
24611
18975
6381
27922
10081
1473
5229
17384
4949
26720
18519
8852
262
3574
7937
14877
13727
18887
22726
18277
1016
21745
20135
14357
16090
27926
22116
22235
9426
9672
1384
26277
20789
17498
5038
22211
20792
3951
14314
26090
20943
21116
29549
7363
21261
21964
17986
25015
27344
14980
16977
17065
9682
17199
11265
17748
11385
18515
3201
642
18582
8141
24257
21325
9994
29027
5756
22506
7272
6132
5815
27431
15921
17301
3307
19072
9005
21803
2875
7286
15267
23953
1478
2895
6120
15418
24814
24397
6799
9461
15670
23806
10911
22899
24645
15928
19113
27898
21502
10305
13959
28090
13270
161
7353
8601
8272
14184
29962
16430
674
995
27752
3555
19553
164
5906
15788
6958
19719
28023
2916
17024
14705
7029
18519
12135
8459
21661
26511
7496
13674
29302
12709
26702
3707
16193
8589
1411
397
18120
18417
1406
17862
5688
3494
10300
22065
1990
26801
14131
29430
29217
18281
24108
6236
11152
1537
1335
8570
22733
19373
2343
19761
2587
3256
24192
23476
19340
6944
11333
25378
26285
19441
23951
26023
19754
17511
3058
28597
3232
10461
1556
28975
2081
21708
4556
8576
15983
19615
15258
16791
10226
20857
7265
4954
7745
3599
28655
28427
18805
1367
1224
29558
19484
4376
8258
8313
15947
29769
1012
2277
28520
12081
29380
27855
18621
5714
863
2861
29104
20498
25340
13983
1135
8210
28815
19051
10917
26431
84
19351
8940
28650
8805
15270
4532
4059
28970
27592
2099
17802
7008
27820
21719
9807
15942
7680
1821
4154
18088
7308
11873
6911
2233
4870
29249
15403
18017
17568
24600
19986
12994
6456
14742
6788
1973
19961
1679
9867
13408
11290
27993
12071
1062
1459
22159
18023
10231
12657
19526
3549
6240
19616
10893
8395
26866
7370
21869
14224
28598
1172
10325
22327
25234
27927
1142
12751
4416
3038
29039
19981
28387
13788
7133
22217
2416
10247
28671
22707
25327
23641
26619
3803
27471
17093
20283
4412
21027
25131
18830
10779
8016
20705
4952
3456
6660
22557
5314
13748
25115
21899
15580
2224
29218
5436
21531
20387
15463
5136
28360
10261
19804
21168
18374
24073
25201
21019
8745
10531
698
5184
6739
19480
2059
25535
24307
11950
6519
3131
27066
17751
6969
22122
17330
23620
7644
22331
21811
28766
23367
8963
28455
7739
13859
12146
6223
22174
3583
7060
27855
28570
22729
11054
19245
