45066 15937
5808
3264
9377
22018
6213
26217
29008
16312
29351
18226
7842
21717
10504
14630
8862
19813
4571
747
1807
4810
25034
3985
8188
296
5859
23283
13049
5063
15302
13749
6970
14400
2427
18235
21313
29162
8501
7969
14424
12051
2970
16233
4541
9201
5600
24739
19773
29075
20352
16959
19237
26623
29676
23809
15306
4347
14018
28870
20016
21394
3847
26967
29770
23871
5947
27974
21521
10285
27941
19221
20330
12024
26621
6690
23821
3461
606
22261
1150
28068
27105
16619
17263
11570
22820
15580
8592
1792
4813
5740
212
27315
8622
29696
12542
1899
12331
23251
9675
27920
17929
19665
11626
24660
16739
19808
28314
10131
18619
9414
10936
16495
6330
29436
2158
12548
20967
18632
15587
24152
1914
25142
25159
7420
16400
18146
7195
28914
8837
156
19358
24919
28343
13683
27553
23792
18335
21313
4737
7270
586
26337
15726
14556
20683
24532
900
22160
20189
18563
911
24786
15906
3501
23926
8649
9919
14755
24159
21832
26311
29072
14133
3596
1134
28206
5976
22270
21850
26302
1240
29474
20639
23727
14932
6825
6155
14606
25708
1815
3018
15668
29062
9381
8105
7365
15076
18269
1458
4560
25892
26512
10218
15428
28095
7103
7878
29972
16985
28554
26138
20903
29029
3200
11428
29011
2394
26478
1102
6786
26142
11010
23794
21098
3049
18001
27919
17046
5809
6495
22698
4217
6665
4301
2984
27470
20850
26952
3662
1203
6664
12614
2198
19954
69
25822
242
23771
17035
551
20668
28848
16100
2092
5070
4906
24429
21257
14349
6784
2091
15019
3159
10364
3559
2877
27488
19717
7891
24143
26014
13672
19065
24200
7759
27178
20704
12459
4084
1916
20201
22854
7015
29824
11924
27059
7301
18250
17137
11829
21268
6882
28923
21356
17727
2119
3286
10443
7903
8988
24974
18972
2941
2440
14469
7625
19202
23322
6144
17704
2316
3968
27474
25949
18193
9840
28178
7458
25887
26498
3253
18350
999
26720
4594
7759
12598
20308
12612
2730
28822
6471
21445
29687
8694
17953
27279
27889
12177
1485
2249
14051
25518
25748
29906
19600
3985
12640
17017
580
16527
1018
26782
11469
17553
26727
16729
29435
18751
24329
16795
7956
3548
2719
7791
26693
2515
11958
16990
27527
28330
2364
17402
17814
26161
4472
19630
1341
12633
27025
9661
27695
29155
18147
22512
24630
10650
11752
23487
20179
22038
18562
6264
10647
29960
18888
10118
5060
21562
3551
7469
528
15063
7036
23864
20212
3175
28507
3735
20068
12767
2021
20998
25106
29199
6222
17694
3644
12109
7864
18931
24053
9751
1827
24509
22293
16678
428
10771
6957
22174
24997
3111
13465
20477
23499
1699
23739
14789
6729
3087
29943
3101
1354
17091
25077
23331
16739
4550
5544
332
14906
19929
22324
10462
7589
19612
5649
8092
24714
21680
10780
18269
23282
19945
27384
3401
22736
28920
13453
10276
16169
37
7016
23871
8520
10383
24723
14574
15871
13971
8716
28205
20418
21280
8201
11988
2370
26091
16875
7697
17792
22194
2326
855
20958
23721
18395
10525
16279
29260
6416
379
2733
15970
5864
15393
25123
13098
26639
20979
14503
2852
14911
17687
23729
22312
27120
28977
25444
25015
28626
17250
29233
664
25150
3592
28491
12958
25794
20035
15407
18049
12782
5749
21005
9048
4593
2122
13989
14686
3272
4039
7122
2531
16284
7325
480
3672
20757
16019
6647
14177
13422
18714
1081
6682
19180
28858
25479
5395
15632
1968
16634
19785
7422
10037
19735
29408
9066
29059
4124
6019
20817
23580
12887
19930
21839
7060
14516
5317
22709
15779
25744
5436
22931
21254
13638
26409
26180
2556
19881
1821
29946
21250
14841
975
2168
28652
19310
11816
21825
29606
23739
5640
26809
23231
23244
553
19858
20521
6375
9284
7081
27981
4559
11785
15063
16699
21242
1573
19303
27354
7866
19589
13153
10062
27611
19420
18079
2930
8276
2449
4328
12013
14789
20390
2811
6460
24422
11149
4767
21652
4760
12375
14581
27973
12046
17609
26090
21310
3701
16279
21136
21392
6363
4122
11012
13800
24859
6717
2224
28856
15771
15802
6199
15440
28765
26794
7499
23265
13315
16645
27881
12689
19097
7053
4775
3596
284
11784
11435
10184
13721
23155
10485
19842
6013
28664
5356
18607
6589
16408
11633
23201
4581
6486
24455
16563
2900
11381
19301
1865
29307
21720
15501
5062
14140
3450
20339
7512
23054
14253
26491
7707
15119
2529
28912
14482
17202
25327
22458
26249
19132
4790
10044
13159
24220
8400
14113
20643
26372
17786
6634
23359
19021
24379
3729
9112
21282
28494
26803
24455
25417
10386
21948
8733
11376
19407
4769
17156
3640
21959
8886
26610
13740
7364
1201
9601
18870
10241
19532
8932
3025
23450
9712
15874
28043
13514
4125
2032
8346
23353
22852
16667
7414
27982
3001
19449
28311
23933
3289
19479
267
8729
24475
29147
12369
28185
20065
25655
16718
19992
26906
18418
6648
18886
22382
5297
12653
18662
9392
690
10684
25874
21395
12871
17097
6662
7514
949
10589
508
28909
17992
28593
18899
15975
1670
5459
18243
14079
9885
21416
28942
2201
29546
4298
18040
19945
3146
20363
5846
15752
4422
19145
20366
23950
2045
22757
885
8785
15597
17542
26330
14988
15562
4134
20397
13594
18232
2105
26003
28074
7988
28840
16845
27612
4350
20314
19589
7126
21877
25754
52
6404
5592
5914
6133
13375
20671
4853
6145
422
27380
9937
13748
22023
16556
23118
18721
12737
19871
16568
2796
24158
29169
3446
27926
24397
16282
9950
6955
4117
16410
10862
17398
24477
19395
7420
18774
3210
17978
5056
22275
7987
23930
29718
21311
6804
5134
737
27921
23188
19370
1439
12210
4977
21159
22969
10999
2172
21550
23611
1017
11758
25203
8710
13975
18589
15365
21613
7571
17150
16597
18768
1467
21833
20455
15873
22108
25957
4710
7832
7307
14087
11984
28667
16469
4785
11095
6483
6896
3911
29842
24323
950
27411
2934
14522
23975
22913
29619
6368
9647
19650
29374
3894
13991
297
14459
5974
10590
19971
16875
2539
5938
1159
8882
25388
29205
11394
9802
1364
1914
2399
27017
20226
232
1098
24503
11704
22535
12099
24997
9746
21241
1806
9307
10531
11866
20128
24312
19368
13505
15225
16563
25683
21665
27334
24691
12922
27335
6541
20999
11798
4094
5937
15085
20303
8167
12877
22708
21331
1978
8894
6100
19840
5108
22641
16612
24172
21439
3018
18823
3163
17424
22167
4929
2817
9250
17450
3104
15776
17933
13356
10582
7881
2568
11719
14110
7816
12470
7544
15444
26370
16800
2836
27945
1472
1111
9209
28883
28352
9793
19680
24731
2673
3241
25436
23957
11045
25366
17870
26627
17469
29578
24154
1960
18066
13249
20005
18543
3488
5589
6213
4515
3324
12551
29621
27817
16386
25991
7973
11491
9855
27570
15
11214
28345
25206
9064
9174
22082
2039
29817
16506
28988
7273
6751
10352
20204
1936
23429
4006
10875
2331
910
20628
8696
27268
17411
5475
26299
6683
25455
15742
27440
22927
25056
25696
23564
5026
10036
1494
13316
12658
13461
14429
20441
9909
16192
26306
4400
26885
19209
21367
29795
16509
14904
24617
28793
5193
25772
18996
1542
100
9149
17094
420
4758
18316
12926
844
19196
11718
26201
24635
6587
25765
4917
29850
24060
6908
24671
3242
3963
29110
2695
12109
28060
23312
17128
637
24985
27065
28507
22145
8755
19647
13354
15811
25248
4690
5502
19056
10403
5213
15080
12726
10914
23544
6593
26910
11765
25978
21689
15105
12498
3890
16049
21069
12486
24108
13138
13197
17569
16670
29982
27867
28861
17019
15825
17225
11503
16114
1453
23746
25013
16060
412
3816
23645
2758
14812
14079
232
13671
7831
5561
28498
22341
3648
6882
27124
10824
375
25302
7369
3397
26967
1951
13650
29132
15575
6451
1820
3736
20827
10514
16284
16191
12752
24912
1017
24346
24211
26281
23042
452
17152
14973
20736
9523
28977
28788
19122
7297
6673
3420
26786
926
26865
3480
6051
20528
23098
17889
5258
240
24477
28845
29998
19728
12042
6312
7986
13767
16411
25293
22239
15893
5819
27716
29688
17116
27
8067
7336
1466
3345
14516
7445
1419
16483
17755
216
7081
21327
11808
21883
32
17894
17600
8103
14892
29774
198
14396
27186
19784
7488
2121
19885
10058
17925
9361
24475
9894
5140
7898
14178
23008
21256
15225
6337
12424
24035
20150
883
18230
4969
4949
16966
25211
12082
28363
16830
693
10407
8452
20157
10337
7235
6261
2749
20797
4256
14736
12450
18462
8814
26212
4086
1979
28780
24431
27413
19438
22726
21430
23419
12048
2722
25837
21927
29273
2952
20483
3246
15926
5213
17272
27261
6025
25832
885
25859
27400
28769
13780
11992
20187
23466
4237
5648
25663
2771
11586
23478
15331
7117
4857
18248
29047
534
13255
2189
5644
3595
21515
12383
13878
321
1439
4495
22209
20730
15423
26744
19325
11208
20278
23659
9064
16097
4687
12388
26607
21118
28737
10371
27240
27921
11135
3114
18147
23992
10609
27574
24647
14094
7917
13659
20627
11706
24333
5551
26785
16911
3811
4330
26971
21696
18181
8551
21318
18969
6744
15627
9558
29425
10257
29455
28261
20336
95
10456
7327
21282
7894
4191
24308
19557
10132
22533
12826
29763
1863
1645
21119
29814
18785
26752
90
16913
27398
17898
68
6914
24231
3718
13281
4157
15657
27322
28275
5557
16904
25519
18129
6796
10869
534
3697
2729
21798
11154
21129
4657
28062
9505
9183
27025
10097
25635
9328
20827
26030
11855
27782
13575
19645
4905
6323
24883
16015
12741
97
19302
26299
2973
23198
9345
9157
9347
26847
7777
24662
12987
4104
10472
11218
8025
34
28313
20323
17857
17267
10854
23479
95
18248
29032
18773
20072
11931
25451
21881
3351
15687
10055
28627
22564
17714
29596
23391
26012
11696
21540
27819
28570
6560
3861
19351
27730
16500
15509
1532
4501
12133
15472
7620
14281
29686
1373
9753
19690
28922
8828
21864
26262
5600
26034
24451
10402
13987
20704
18321
22333
15077
17332
17304
15559
26589
26189
26093
909
25013
4943
29290
18906
5013
22123
24732
26871
26067
2063
16264
12433
10668
14843
16296
18106
9309
18393
16534
12069
15852
5486
27350
17979
19369
10429
13295
12998
27672
18251
16661
7991
16194
2828
517
8517
631
17192
42
6921
2156
29354
1743
12586
25879
21691
14910
28951
25004
11043
3564
7973
18349
15408
19880
9215
119
293
22139
19831
21531
24045
12984
26970
6678
22688
5725
11833
26650
16505
9255
9872
22256
14294
23738
494
16811
17132
5538
9739
15088
2329
4710
3970
20773
12468
17003
26918
26668
22311
27216
353
16135
15237
23980
3050
2737
7206
2427
12462
23264
24143
526
20977
2759
14445
26701
6076
26397
23508
8310
13760
17730
8837
19034
6804
25623
4381
10176
6970
8114
23250
9049
3364
5004
14883
8169
18019
28259
14306
2502
29346
17566
15717
1861
4449
25957
5377
25291
19962
29478
23970
25769
21845
16334
19200
20858
20441
28369
17282
25901
25850
20371
19575
26117
16146
139
21767
17283
13274
5018
28316
22398
13432
21482
26158
11486
28835
18067
8749
14218
7087
5971
22567
14205
4113
22002
26543
12758
22336
4910
20505
24448
9580
20335
28442
19156
25697
4369
8971
14154
14245
7055
29570
20365
18406
89
29656
26897
2307
19106
17861
27912
15575
7841
19867
23025
4220
22825
6562
15929
28412
13090
6359
16392
2388
451
11208
17051
20424
27832
11956
6471
18095
8024
28676
21680
23216
11789
12259
2801
20731
15813
3282
19204
5403
18395
4357
16354
16912
17934
29746
20039
24445
9339
7006
8777
18590
8895
18560
18376
23210
18866
2255
2138
18416
6447
5311
5611
13403
13715
3317
1922
24986
2739
5791
14322
19586
4616
16378
2676
11927
3860
1280
25994
22880
27562
7594
11652
19999
27004
26279
7946
9275
1449
8926
28601
9827
27610
25183
23490
1925
17457
12420
366
24646
7423
23752
16418
22864
25242
27310
11289
10296
10476
783
17156
14717
17191
20847
27739
18668
21904
19629
27496
24565
7724
19625
13901
1099
23676
27486
3084
14823
21779
29237
4251
27737
28365
9563
24374
7250
1324
10975
2099
17525
27783
1718
16343
12200
14617
22584
1318
802
9976
19317
4595
21951
23663
26792
8560
20743
15473
15883
3528
21188
21467
17054
18453
22878
2090
24096
6838
21291
8990
7844
25644
11706
2739
7342
3560
11304
14538
23189
8031
11180
17241
14122
18337
11218
25093
7636
13628
18737
26624
690
29786
5284
7118
763
21102
13249
11729
8237
24041
21063
7046
13162
1679
569
26763
10125
15832
10012
10654
19415
11728
9461
16188
21400
2926
15984
11971
28404
22054
8116
20194
23473
16150
13665
3520
8599
5735
18202
28814
28846
7657
25361
9115
10133
22105
15259
13951
20022
29835
15188
12810
178
29823
8227
20686
5224
8743
19882
17753
28554
12819
15572
18457
26491
12481
24282
6760
5248
8167
20431
13881
14585
25289
18826
24245
10458
10162
8541
5579
11032
2985
28868
29559
28581
17937
18585
1305
16935
8653
10181
25092
17492
29900
7030
6180
21574
1231
22557
22804
18941
751
13903
6618
4265
17468
9328
14348
23122
13539
2105
6333
28713
20008
8973
13260
25983
11376
9347
1227
601
25274
25905
8809
25477
27045
9245
918
16660
13901
7175
2771
29637
15729
23136
1341
23386
14251
927
17024
15024
22969
2383
28872
10183
16707
2668
14208
6455
21475
17106
3130
23744
24443
18813
28263
26489
5653
25695
21775
1625
10840
18831
5577
2325
27478
3535
28683
9580
314
7216
25969
23978
16800
3830
21629
13604
7451
4859
8084
11469
18931
10476
13881
19428
14449
23747
29440
4990
22408
7657
2988
27298
24318
23383
2002
1204
26883
4701
27565
24605
29919
2852
24707
12747
12198
17957
24514
24276
7458
11342
16549
28089
9135
2845
21171
6419
23306
26883
18714
2197
20026
27783
17441
23736
14520
11723
3983
13851
13280
8219
5894
10824
10838
16565
11812
5773
4831
13401
19571
27055
21311
12926
165
7605
11766
5629
12715
15505
3865
17863
21068
5215
24936
21275
27711
19928
22399
16507
28469
14252
21567
7101
25749
756
9004
15616
7619
25435
18959
7673
8526
23208
24579
10298
19887
27280
23913
19112
17798
22196
4711
25323
25231
18681
25338
17198
16201
1098
28644
7276
15847
8868
13408
25443
26477
22255
12589
23338
20308
15081
22191
21967
21828
3201
13297
27187
17552
23464
6293
26290
26287
26688
27277
11246
4629
12063
11462
7644
2025
132
22946
25123
13434
17063
3815
6951
21402
22370
2835
4
4553
12653
273
18892
26611
12645
23715
22526
10472
6746
21764
21837
21581
5930
13751
12225
28897
1446
4935
4390
20904
6834
24069
7210
11166
3917
7156
7296
4522
23544
26308
13492
8709
29038
25479
27629
21977
8554
4831
27963
181
16846
26392
9923
6444
22386
16429
14802
19304
17098
10053
9579
15092
16975
7172
25059
2592
13796
13208
2284
15791
22368
23709
11083
25030
12658
11866
25363
23820
3770
19231
22364
27542
7289
20573
13413
2606
5986
26470
24508
26896
26877
28265
8010
515
1954
5650
14385
27635
23978
7961
29295
4070
28253
12695
11909
3205
26731
9057
15691
25726
17910
9670
9817
1171
25751
15619
20840
3510
429
26450
2119
9146
742
321
156
20094
8527
6903
2735
23779
22796
19579
17343
9503
5964
26685
16168
18675
2983
17729
26284
18500
13568
23671
14231
9057
2074
12431
20838
9290
7627
17916
27055
24580
5453
17483
17096
16194
16787
1620
14464
20912
1014
16197
20533
16960
27452
16750
23652
25736
10685
4012
14504
28527
14237
27431
19792
13032
28602
17671
2807
683
23177
8688
11034
1733
19404
5991
21386
18392
8340
22699
15214
27887
14126
5735
10796
29936
17140
14108
18811
8318
6106
6559
2071
8524
2751
25497
21668
4716
4448
10083
21492
4971
25847
27766
9938
3355
20968
17087
19606
27870
5789
15461
12966
16689
8565
26143
17145
15718
19544
14520
19605
3590
18866
24429
16408
13887
484
6880
10886
4768
28744
16148
23233
21492
4036
4930
21156
19291
16180
27627
11445
24902
6445
19412
12520
14764
22499
29936
11920
22100
29982
26975
29659
18348
27370
1362
28732
20149
3351
15414
29066
27533
11528
25788
19552
25449
24925
12126
25516
2155
9660
20697
13311
5348
22291
5422
1683
6367
6691
6552
27117
6973
821
24636
4837
28369
9305
19708
1654
26528
25642
11602
26307
19142
28407
26211
24568
6915
16397
16092
6725
22645
13302
28580
12193
14415
17136
2450
21766
20565
14648
2901
5014
855
17648
10802
8266
22219
1508
11661
28040
18709
21590
14271
12481
1524
5636
22797
8266
2899
20536
10674
15865
17359
21498
23654
14851
25845
28738
24460
17291
4594
13523
11966
10307
2086
4319
3852
1866
1200
28703
7958
22802
4921
18410
24207
22144
932
10375
24045
8138
8584
16731
15547
17753
20193
18025
19472
20539
22986
4979
27579
26773
8065
13669
2036
20644
6000
12933
25945
11298
21307
27414
10793
29982
7843
18870
8373
27076
12452
28638
10370
25679
26661
6039
11533
11521
26218
15762
8499
4873
20915
25366
17497
1650
1985
11503
26924
14297
15904
10657
2464
12597
21858
8897
2032
23137
18163
21740
27208
15896
2355
28078
26454
25362
17498
13972
18404
8004
6998
25525
25104
5621
8035
11687
2113
29059
29238
2202
10213
27105
1040
11198
1252
24987
12136
8701
11394
23751
7145
27292
1435
7966
14716
8443
26759
12554
21734
9723
19393
15527
23237
8561
29061
13149
5617
2709
19731
27582
12466
14698
1947
4650
6767
22782
8843
9200
11259
22541
9438
29184
26986
26195
12032
15656
7689
17627
7439
4043
28335
2597
13398
21557
13344
17665
13691
19956
11146
17733
11962
20237
3513
29675
22880
6895
25028
6076
12039
8081
3890
3206
4266
14689
17909
7288
11011
18924
21883
23636
23348
25619
23446
28409
6424
6566
11744
21752
21155
22544
29370
18319
3702
6664
1144
17839
29680
14674
26839
22072
2728
17022
22408
21055
28669
18143
21436
24333
15355
8334
9502
14533
25173
15723
4995
26557
3975
13251
563
27811
15962
16294
10848
12328
10636
26310
7213
12680
9064
15248
15859
2406
19027
6815
24991
19933
29254
23456
13063
19048
15682
22335
14480
6475
12348
25697
14002
29469
16117
11554
18339
28980
16685
19258
22006
13923
3441
14953
7561
15231
10459
22297
3154
7722
22730
7661
10890
11492
27758
2230
12171
23365
3276
26443
22150
8489
549
9113
5840
9136
21720
21666
20777
14898
1199
9501
4791
21249
19373
9280
15975
3799
18843
16466
16047
21128
8655
1654
1886
12816
12386
16590
5569
3683
22844
15655
14709
20218
16546
15865
21808
15826
29701
5931
25146
17508
21731
20345
18276
25258
9075
238
9524
8565
28011
5522
24810
18623
19469
29188
4716
13736
26647
9793
8603
5457
12410
21568
9556
11677
1780
28151
6843
16596
25873
10188
22948
25972
15165
15905
25897
9568
17908
2927
7270
6069
16776
29553
10308
958
17757
4883
8531
28154
10606
12972
6921
10157
1495
16840
23062
867
16561
8939
18592
490
12445
2137
16762
25207
14477
4608
19844
9752
2522
17666
15660
27985
27500
28803
13871
7896
19096
10709
22716
25495
3792
9651
7570
2802
18649
12290
27403
29631
6120
29014
26626
7974
22212
6584
9177
29728
17822
11329
2940
26063
28810
11961
16731
24776
5591
10793
26921
24874
11013
4908
11626
7815
13757
29949
25287
21351
1625
14117
14460
25920
23878
24168
1456
10842
1130
10751
10334
11226
20982
14487
2344
19152
21576
17478
14143
15583
29331
26109
12959
4711
13895
27178
12115
20158
11161
12308
23755
29800
28784
19398
13212
8916
2353
2629
1630
22659
27755
18260
25289
4730
1328
5888
6271
14710
7606
184
3636
25629
29518
22048
28546
20931
25226
9152
21973
26690
12586
16222
25062
11627
10136
16902
7953
26305
7800
29708
28502
25306
1331
10312
21064
5275
46
18685
13046
23740
10286
19674
6299
16350
8120
12220
10496
26245
12978
8136
17437
14023
997
6242
929
25674
12214
16851
25271
9032
11468
9695
4435
27870
22535
24009
697
14585
534
29928
18304
6279
8802
2660
22768
73
14528
13261
20810
19073
23303
19672
14172
14041
8626
8063
16436
29154
10317
9842
12331
24224
20249
25108
17075
1830
16344
17596
21841
2262
21420
5719
23159
28102
23757
417
1742
27783
329
23456
15622
27244
18808
28173
24767
3518
11086
1041
17139
4479
16164
25106
21179
6450
20949
14224
19824
16973
22470
11755
4419
20482
16743
10631
21488
8128
21209
28232
1786
24905
8237
4403
5305
25251
13872
25001
17872
7909
19335
11512
10385
4654
20319
23012
12368
6845
27404
18744
26916
4575
26527
17064
8087
8043
6952
11102
11829
7089
695
14064
13843
17771
23526
5809
27660
18156
18097
11713
2707
27022
3663
7466
3860
14871
29762
671
8724
27101
21011
25725
2560
7098
15372
2389
12828
538
8703
2467
8565
9818
6885
12915
19437
14369
10530
11571
5170
22727
5778
19886
22646
9537
24353
16867
20400
10526
19303
8359
18310
23728
20046
2670
13472
29865
13611
1143
305
20308
19761
23507
14367
18845
10993
16427
5605
4387
7241
24297
8251
11064
26349
20998
6876
8259
27659
14462
28568
29295
19449
25796
6480
14558
22824
5502
10645
3235
4949
16527
21756
7061
13231
9127
7925
3580
19954
13186
3620
17182
24006
1676
10145
18116
9601
29839
29853
14393
7181
12021
13655
27549
16017
6489
22111
2651
29176
16875
22857
9690
9667
27596
29052
7680
4667
5563
2565
21110
16270
4252
6876
25726
22826
11628
24806
9093
2823
18792
4578
9653
19160
25760
10646
21455
29316
12050
27384
17265
10583
29878
19553
8201
24855
25895
9380
21417
19694
12259
29963
23607
6077
18791
1223
20435
14369
15947
799
4993
25708
6748
2599
3894
28971
12708
22927
5937
28325
248
13309
11828
7843
930
20186
7471
18955
14435
24827
20089
24958
17345
24922
355
8658
20827
16241
15861
3260
14446
19737
24638
8017
7515
22020
13313
13554
13532
22088
29820
4366
25576
3766
24057
2156
11908
2507
14033
19633
23736
490
2073
26021
14269
25090
29431
11538
3253
2285
7292
5381
3738
5406
1547
17065
29887
3391
2564
11570
13262
6436
14188
12129
23526
27907
11067
27346
8929
7932
4357
12206
2435
14777
24446
6038
9031
22197
13367
15061
24741
19722
12599
4754
673
7660
3266
18438
17280
18008
20032
600
22547
18187
13206
6402
11175
7220
1347
1825
14809
17466
20292
23546
7445
4349
28217
25076
11698
28620
3031
7072
751
28508
2317
29200
5234
20939
17825
15640
220
15448
11179
19194
15399
15283
19787
29118
21989
18543
10104
7957
7095
29105
21729
9919
14862
11527
12328
26438
27123
8671
13920
25675
13461
5037
4747
28520
24564
27970
2161
9002
8046
26491
1147
15888
1338
13455
28199
21742
3972
27047
5409
29038
128
7773
22254
8611
24428
12848
21822
6351
18066
17770
15722
5637
25691
17849
25809
15232
3592
20591
28216
16849
8801
28744
16998
12117
26584
3645
1561
27212
20393
11360
299
3402
1136
13412
7096
9531
11516
26044
5461
10371
22739
1715
9306
6732
1324
16942
929
1736
21939
27433
14321
6186
7561
29057
9069
25331
14925
12422
27992
21261
3203
27046
26366
23958
21333
892
19073
10372
28867
7648
8650
13695
25542
16688
4497
6433
18209
24280
1931
16269
25120
14124
14726
14518
11637
26911
13390
2933
26335
24231
27051
12310
14137
8532
2281
10730
1779
20527
12021
14086
21441
28903
25711
15162
19751
21247
11370
5424
24809
25488
3183
20668
6793
457
8684
9323
24764
23524
16958
5215
18159
20565
17788
15504
2187
14486
7998
1866
18542
18319
20161
20590
2139
13005
5810
21089
22554
16775
7383
19780
7467
5386
2950
4124
19787
8624
10214
24591
13705
21587
18188
291
27810
502
23378
7789
6989
27381
5857
3325
13704
19410
21846
4447
4092
10910
29137
9353
22233
6821
354
479
28079
7061
15636
12117
27151
26965
7950
5867
3149
2437
16777
1064
28822
19604
11074
22771
29142
2793
7002
13670
8722
18596
23653
25645
22815
7441
4327
15543
25507
9946
1382
27038
27619
12306
6132
18257
27962
15268
28215
19808
24489
20208
9322
29037
28987
17236
10762
11437
23471
26960
3947
23014
23573
5948
25836
24429
28707
19340
15175
7653
7479
22296
2545
146
28962
16380
23110
27269
28795
25530
20777
16513
28238
19243
26309
2037
12273
25933
29908
26454
17358
12627
21766
15269
2484
14533
22504
13331
6275
3787
13533
2905
25751
18341
26896
3843
13975
11966
11151
5802
13912
8602
20269
17476
12185
29384
28239
14341
8345
25517
17165
5193
10665
20173
15780
9030
16026
23507
3070
22911
21704
27109
13307
14073
4483
2192
25679
25509
29416
4870
12788
3962
29071
7361
12928
8445
20934
10806
24379
8850
13234
335
16345
14251
2111
22163
17531
4222
28150
3992
23707
15916
29877
9810
5735
9730
3367
6633
12213
18931
21398
12477
17130
3810
21969
21376
11725
18783
10839
7015
18485
17826
15588
19135
14718
18447
15225
11509
29378
2745
10665
14763
5380
23949
70
10178
17496
27377
1720
2245
34
13584
20537
28975
23923
23326
479
21245
17452
17063
937
9305
6627
16530
20850
12887
22739
26193
15655
29257
21786
17155
23414
10589
2785
24156
8989
13426
8902
27523
7014
6519
19376
20498
23280
15293
16478
8467
3052
27647
17329
846
1212
3644
1827
2320
25942
24973
22206
25682
15630
25630
20435
24729
24270
22369
27148
1769
12321
11459
15063
4944
18676
3940
28587
10849
2493
14790
13873
16839
17993
12461
21433
21200
25621
23955
22951
4443
992
28523
13329
26042
14965
5364
28671
20965
11617
20174
17984
26098
25612
29423
20317
11297
27197
22263
23927
15188
11511
8634
28045
9506
27457
10026
25543
5461
21386
10559
10371
10670
16962
17737
8728
20852
23832
19711
12893
6829
3175
16684
8789
20715
19607
23695
18659
6320
6621
24459
19447
2707
9456
5268
2996
13258
3482
14009
1142
28275
24897
24756
24381
25862
20975
223
23211
4042
8733
4129
13241
3120
9186
17681
22675
8578
61
14275
18909
16054
15486
9824
25407
4222
23886
7550
15119
8930
25507
2848
882
3060
18860
27966
11386
19587
573
24587
18084
27751
13514
25596
13995
12168
18972
29088
11030
1511
26642
26180
16117
25371
10492
21949
25710
16707
7327
28149
7496
7126
1998
211
27608
1553
17484
20615
4156
2100
16907
26683
19815
29907
14192
12523
194
19536
11377
16422
10504
16765
5670
5024
22056
22320
13485
11964
2020
965
189
21603
29847
15904
11587
22536
7253
29346
1096
6270
7073
14072
5894
9069
4678
16784
10984
17496
13588
26714
4484
19081
23030
26855
7857
10248
1302
1283
27250
27421
17957
17616
13257
1937
9938
5370
11644
15884
15364
15415
18161
13916
22526
5593
21778
2523
20966
13241
27203
8254
23051
29913
19236
25368
22626
2345
25348
24477
11743
9748
4374
25403
29889
4432
26218
1761
24060
9896
5186
11544
1339
12302
23420
22731
15855
8940
28270
7067
18588
29122
14984
28469
3956
7072
14948
11825
4417
3807
25651
29460
25473
22014
19062
4131
29819
19687
19229
4288
17583
3934
5339
14507
999
26888
10596
16570
5687
20366
4267
7980
15846
2017
24415
10755
11213
17007
17615
1084
26151
3254
17954
23978
4100
3561
9481
26155
18540
14789
27006
29376
15391
14612
24572
780
5344
20704
10435
21111
4843
19090
8174
18788
16017
15282
12258
15988
7392
8148
10383
23627
10391
12477
7050
8492
4829
7606
26659
5880
11020
23176
4493
1913
10020
27067
16048
15092
20607
22049
4387
7071
27216
21440
13920
1455
22687
10080
23866
12753
7382
13618
4452
4451
304
29775
6001
16939
3558
26381
5661
29153
3158
23595
27557
29780
4201
23847
11900
21503
3813
1691
6190
14827
10892
2579
16357
14075
22764
19800
19870
17140
18739
25339
10325
14468
21963
6694
264
19335
2019
3339
171
18602
12785
18676
623
25648
20715
12274
523
9414
11823
13113
3494
21680
28863
2932
1475
11031
27878
10542
4384
800
27105
111
8320
18713
13211
25541
1980
3454
10119
26818
21487
20979
21374
11196
25036
18788
23833
15732
92
25924
19005
15944
26569
13111
16232
10732
12534
28708
7055
7256
9241
5524
26194
25033
19989
24276
11318
17944
148
26118
1867
11185
24789
17495
6491
17130
18566
19689
5034
3558
19117
4442
3196
17244
4941
16438
12027
24127
15658
13739
22074
22368
15788
14581
23980
20479
26483
2626
16616
15585
17402
7540
12983
7101
6002
28969
9003
29409
1695
27329
9479
2570
5809
17753
722
8041
24429
15842
11637
3933
15772
24278
200
25946
23695
10513
19752
21453
28778
399
12593
20954
9457
4464
9903
24705
20319
26081
11290
61
18907
4856
3676
17713
4115
24868
2929
26580
21205
566
18168
5309
7922
21395
20567
15406
13772
16789
17711
6488
5718
21744
20637
24313
22635
3433
19717
24106
6284
16607
7796
21107
22481
3454
1250
1923
5103
14521
26703
12171
27527
28697
26633
25454
15732
28603
17633
29848
15566
27046
10457
19301
6430
28131
27131
7611
18572
25728
10309
7993
10906
3919
617
29870
25511
3373
26101
9951
4280
29235
4331
27086
19617
13334
14318
27345
18093
6506
28358
19954
672
26339
3961
8733
12753
24301
19379
1175
22
6251
9763
16729
29468
13859
3256
4718
10226
28828
1075
19816
17817
4774
27732
24530
1570
26048
16186
315
12949
8322
16351
29753
888
26061
28767
11993
29048
27417
15256
3268
22442
2875
17542
21786
16145
4742
5326
20850
19172
13849
14654
4566
3349
11040
19068
10085
5169
26744
2881
2750
4532
3168
570
20003
18681
9280
14114
23070
1180
27313
10453
9649
13777
22642
25214
19504
29109
14949
10308
19004
7800
26923
11719
19934
13919
10112
13572
12730
21793
25699
27838
21281
22698
27672
16597
22358
2286
22529
20046
13055
8157
11237
10093
15511
5564
18571
13385
27356
21344
27314
5836
17115
28752
5946
13836
2312
1104
10335
2857
18537
16140
21632
5288
3473
23283
6565
20545
5341
10250
14781
8503
9624
11658
4077
28421
28932
16278
17421
7430
2838
25057
13435
8272
3322
19302
2056
11334
3206
9486
23393
24805
15994
5777
15154
20618
11032
23331
14545
22030
6412
22708
25913
21585
26011
18689
1236
13621
10509
18316
26594
9348
28716
21948
27920
28560
19294
11943
23295
6489
17527
18413
11408
6443
405
948
16701
8950
27686
3600
7084
8968
10426
4247
14186
9329
14595
5821
6795
6821
550
18061
19216
19835
3163
21326
7754
9392
16021
4948
29185
11694
28015
928
16717
25764
16575
11626
19494
3218
3383
16486
24850
19765
27396
13312
5435
11178
3019
1988
143
21405
11496
26284
22552
26191
29032
21776
16911
11460
20528
3163
21444
21350
4878
4048
2315
20159
9179
18359
3762
20466
21396
2546
6045
10116
22901
5192
12404
19516
21125
21765
27282
16366
1879
8294
11158
987
5378
24769
1579
15219
10762
22811
18881
3653
7428
3535
21347
17134
19026
27708
27967
20187
3565
20848
15330
6524
810
19897
22142
1539
8556
15844
15467
28902
13558
16985
20668
27505
10040
21690
10819
14255
28072
14094
5875
21744
16775
28183
10919
19621
19160
3768
3833
7487
28481
26889
14449
15640
16715
12373
27625
21168
9441
17742
4179
12763
13359
315
7729
6277
12514
29172
25243
19430
12488
16647
6707
22330
20732
13747
24236
23687
27618
26593
16786
14442
10446
21458
26142
19461
13644
14857
5797
4221
11912
20478
13750
13911
24921
1835
23443
2223
13157
12161
8096
17984
10365
10163
12168
21030
29817
20400
8465
26018
28671
6807
4004
2066
14716
6746
27556
17634
5400
13463
23333
18793
5366
22084
26683
10923
14109
928
22044
7863
23384
10969
15817
24206
2814
25427
4945
8497
18509
14750
26718
11939
17593
20078
23115
7555
15136
8965
6705
7772
26790
20105
12948
7460
20323
26251
14857
1816
16798
14115
20825
25457
13678
29966
17999
23942
12085
23774
27098
27059
17398
18039
28323
16909
17726
19070
21450
15199
342
11199
13732
4909
22507
22971
14016
24606
20001
13135
21583
97
20972
16130
26436
10383
1238
3077
20485
10656
21980
28653
4946
13161
14999
5075
1224
9421
7030
5217
20687
5306
11857
23510
4396
24841
5559
24056
1612
5927
15713
8131
13561
10918
4124
922
14067
21691
7702
13316
21610
568
17066
13928
8993
3256
6862
7300
21747
9235
10490
28959
17099
18074
14966
10233
3892
24237
4482
253
2214
24860
28843
20870
29970
24675
27438
18328
3473
18282
14064
3315
1748
13913
29026
9302
15485
5319
17561
20467
14979
27906
18662
16497
264
18067
26048
10472
7826
7742
8765
22819
3390
5201
15777
11052
14115
24369
28961
22565
29944
2452
25046
6584
10992
2524
3460
11274
4499
20335
10461
29311
18129
29377
26483
11911
10172
29750
5720
1310
28471
6021
412
15678
29
14375
6792
3166
7440
21549
10189
17716
26481
2423
16178
23525
22477
7988
163
24816
23368
21896
1005
25995
4918
13909
987
6783
18790
17153
25862
25347
14265
1132
22984
29643
22104
6098
9678
2952
14402
24238
14468
26305
23115
1665
26860
3527
25344
20801
93
3645
13589
16152
7182
28828
20933
24813
22623
23548
17610
4199
5148
16009
1653
17905
9466
9406
13707
29181
14492
4615
22654
5372
22556
20288
21286
24386
3356
17858
12442
10072
27552
2589
2743
15136
20124
27062
24382
28809
10848
12167
16928
2119
15659
8759
6489
13294
5976
4401
10714
9907
1938
17880
17098
25300
4164
24391
23346
27975
18488
24643
26638
5252
24752
9375
10795
6188
26709
8045
23957
29357
12768
16846
1622
21584
7879
18572
727
4842
27483
28800
13608
13474
6214
8291
1616
27779
18841
28560
19356
8969
15746
10136
16792
28533
11564
23075
4782
12924
3353
26014
9639
8392
13194
25103
28950
12152
15648
6984
19678
29609
4927
26457
7359
4148
17474
4060
8906
13825
24812
10711
22684
2667
17938
1316
12528
19340
15096
11532
26503
24490
18133
3058
13553
18555
21437
27351
16540
28852
11860
20015
21371
20086
11921
18248
21526
17298
10146
28207
26962
22966
10808
18548
22819
22472
24476
21065
17285
26090
25900
14249
24989
9073
14102
5017
11366
8622
24759
21091
893
6280
4649
13457
12564
9346
17279
20696
17828
20014
17600
23759
24491
12722
4379
221
7293
27169
26277
14040
19134
16605
368
23222
1706
27004
16303
25450
1588
12519
9320
10107
8331
20613
29296
1405
17422
25732
7424
7838
28920
24674
26584
24773
26937
13935
21000
14466
14517
28780
3481
23837
4051
4144
258
5960
4533
17289
15136
13677
7930
12844
19149
29534
22720
7431
18222
12304
5486
7366
13193
10182
3409
20992
2780
13772
10627
9276
27069
20317
7393
20543
13713
11953
7043
24182
9063
5069
26277
2401
429
15599
2082
6385
15244
22454
14187
13749
25103
20107
22420
17041
19448
10456
20577
17630
1613
8175
9850
12492
12414
8365
15329
273
18811
3235
26792
11644
5749
9802
10839
22090
9714
7340
10607
23718
28186
11425
19585
9802
926
21947
13871
23951
20387
6172
24130
12067
6657
13098
25424
6693
15669
4535
1786
12568
7692
16650
29214
25570
17881
24342
6038
25041
7610
6668
14283
1249
19740
19760
24602
5783
6937
3265
8769
229
26480
22001
29008
20584
18693
29508
10399
13901
21210
8864
843
12740
10473
20287
25083
15423
12874
22907
18543
2382
29716
1285
14457
20483
3477
9784
9004
4289
27754
18879
15339
19763
14830
7748
3756
19941
18536
28511
45
9464
16157
25858
6753
23088
10525
28176
2496
4345
100
1300
29769
11659
19771
7622
9835
11152
20180
29562
12893
19373
26619
21644
22621
25251
27050
2132
4260
1356
24909
4215
19922
5527
3493
18081
8129
21071
9327
25146
28582
13478
20105
24250
10539
4505
28794
28263
2441
28384
16704
1992
15935
4415
26234
20717
9102
28436
6177
22315
13607
24493
4758
3791
24814
22708
18491
26625
24871
24042
10069
3353
6988
17355
25737
27632
2125
9110
27506
24116
27735
1676
8969
19855
20687
8632
9606
28930
6818
10443
8828
24142
7132
414
5522
1581
21666
24003
29438
14446
11701
18943
29231
4581
25605
29897
8424
14309
6550
11269
8083
12814
6489
11099
21650
16274
1905
14548
16939
16634
11906
10735
26129
5998
872
11099
14941
15882
7379
24795
24715
23007
19057
28363
1894
1071
21993
2760
29029
7153
4523
23698
4607
12200
26382
9509
4887
3617
7026
12345
1377
395
3501
13368
11292
27743
3987
13815
12108
10211
24079
17548
13936
4144
8497
20894
20860
1331
20314
18572
2560
21408
12602
18630
28047
12659
8512
15465
1759
1487
8416
2146
24700
29940
4069
5741
8340
862
29282
15782
12715
12128
23766
24116
22916
18339
24702
21477
18233
20786
207
16970
13755
25394
28365
2372
1597
15313
6540
17329
25301
20721
15280
16001
3046
29960
3326
21905
19233
11319
18599
8892
18432
3145
21199
15283
23229
19130
3927
20824
13635
19969
2246
26975
1321
22859
2497
17094
17495
1421
24252
8638
15664
20576
29681
29354
19363
18878
19610
17587
23746
12572
27721
12011
8814
5230
26460
23063
17349
14219
25872
7579
16873
12519
5259
19239
24604
27439
24156
10795
13702
12366
18151
4568
27571
28229
920
2306
9415
27406
15720
14521
23075
19465
17311
9621
19104
20889
26917
12858
20624
5832
3134
15448
25682
5566
20207
3358
23550
3182
19234
14214
19842
1202
17434
4983
24232
8756
10479
7437
28363
4191
24115
7537
24499
22588
14047
17217
4124
9389
11174
25506
27716
14737
18708
26544
11368
15531
24235
1071
19833
6982
29358
11133
13326
875
15647
13815
22903
6974
1392
25868
2710
20423
511
13886
14329
25065
6614
10997
21498
6830
6669
28955
18749
5584
21428
6728
1356
14274
12620
1744
22921
14926
13716
20818
9413
4675
1568
5777
20629
1344
6875
15051
28881
17653
8023
11956
14606
4994
18386
9159
19883
10645
4540
8935
12403
1544
3402
3510
26812
2207
28417
14336
25893
7734
14794
3880
24488
21202
15775
19518
23569
21402
12343
10656
19006
21380
29277
21578
23117
25246
27523
29221
17067
26029
4384
13727
24129
15361
8029
11826
15882
2248
17977
1464
10548
28836
700
5291
20544
8881
18877
13359
1769
4900
8430
27221
17419
2805
721
15828
4494
39
6147
21712
19788
957
29254
20507
22538
17947
20459
25376
6320
1625
12113
17140
29492
14609
25940
98
26452
10585
6910
7361
7677
25259
21295
15100
26797
5373
15659
5587
11224
9646
23276
4312
9561
9964
29889
1302
20864
25142
27078
28112
3225
18371
17618
13717
10909
11738
12719
17755
15952
26732
25486
2822
19604
27676
17624
16153
12768
455
412
20612
25564
19202
527
22940
13902
4825
6738
16038
29546
10835
5461
11519
13028
21800
6449
9710
18474
25130
18240
16616
28460
13574
19404
9656
762
24738
2101
6962
15653
25661
19351
24587
1525
23987
7335
14791
21147
20365
15533
13378
28937
16129
5585
10013
14748
8026
18952
2162
26943
5084
15838
17650
10895
285
26648
25009
6251
5577
29838
1705
12926
15355
28823
13397
7379
29406
21810
783
11837
5177
26700
7782
10495
17518
7216
18516
16653
9084
1660
10864
22652
26598
13600
14095
2953
24156
21620
18078
10867
22454
440
13904
29854
13191
14082
7040
4543
25497
20071
18082
1778
7025
21019
19930
13107
4272
22968
27249
22313
24315
19583
3413
26328
6200
5964
19129
14741
23584
24253
1644
20478
27098
22206
19795
54
15909
24756
20593
15568
29047
3368
8853
18048
8957
11897
4490
4955
774
21495
2530
24834
24432
22845
14854
16785
13803
21653
25221
14577
27131
3516
16387
20141
28459
14515
7
23284
19009
28623
1115
1906
27757
18430
12899
7532
17461
29536
16775
8989
20616
13865
22758
23132
23978
29500
29168
29510
19885
4153
8722
27669
20860
2839
22024
17667
26934
13979
9415
5904
28736
11079
15968
110
23706
8939
5109
23645
13025
4762
3254
954
19440
18078
4538
20883
400
16388
22679
20350
23073
19439
8204
26949
7425
17271
25145
7844
11676
26739
24981
3880
4379
25875
16751
16523
27886
3311
27113
29765
9781
29832
21289
17440
15499
13469
24565
20
21822
25462
305
17449
4044
22467
18853
22238
28021
15406
14939
6428
16318
7408
3700
27222
25358
12695
15188
4938
15177
6515
12346
11444
7041
13145
28386
481
13096
28846
3147
2993
9665
23890
8488
13866
23796
4843
1107
23429
1499
20463
2279
5931
11598
18686
26441
10401
6582
6231
27056
23144
14571
16106
28334
1331
28268
15324
13568
9500
21076
18560
21655
22856
10679
10139
3731
10047
15241
13178
12498
15535
15007
12929
16044
23602
748
9086
296
29097
28355
14671
5980
8643
9635
20712
13992
9493
9349
1948
18714
28207
22678
16265
10872
21701
16108
26221
10808
16975
11997
27448
4173
25867
27651
5642
19481
9265
29874
10641
15649
8985
28749
12967
9527
10757
1624
16572
2449
9421
11263
25951
10434
317
5413
4822
20004
20864
16217
8487
23257
6745
7849
9448
9857
26465
21371
4718
23305
11207
20309
17356
25681
21982
28747
4539
25955
17895
17788
10705
18859
12489
3602
5204
445
14951
20395
27431
27776
3482
9233
11836
4514
16517
8461
11312
26246
25696
26543
24635
13690
10924
21857
27871
15069
9311
20061
29632
12991
14020
25560
25253
17483
9107
12772
11024
26055
24979
9948
28779
22468
3547
11999
28156
14485
25529
17280
19243
9618
5547
17399
123
28274
26950
18792
1706
20303
26830
17338
22298
21661
7973
14713
17489
14680
12809
15677
18892
6718
17691
23233
18421
25668
16449
20276
20072
28813
16053
3808
11328
17186
6744
16182
24237
287
892
26686
6051
22041
24438
2652
1667
11115
2707
7425
28000
6954
15524
14527
14326
8462
25899
16242
1264
16672
2588
23864
28540
5781
8432
15449
19642
11100
11776
15711
24393
5690
13474
5051
17420
255
2329
2021
5903
5647
7677
1265
4862
28425
21258
14008
16474
11252
23969
23436
29544
29587
8624
19009
28175
23500
5881
16809
9679
11531
1431
2539
11526
28845
5896
1382
27820
26804
5769
740
18436
954
8962
14539
11368
29270
27834
22750
24181
19255
14408
12056
3870
1199
18076
90
12430
25184
19666
17165
8977
7150
25792
6589
9635
26344
21063
25393
24687
12238
18401
18026
11166
26835
15457
20060
20441
4433
23149
2081
29071
3561
10746
6843
15405
22205
1218
3113
29232
24174
17005
8347
4871
16150
17017
20173
9097
780
4081
23998
7507
1740
14629
8308
26393
22008
5812
8847
903
13823
19117
19906
19740
19429
920
9047
12067
6809
13960
19937
20172
23852
5393
12919
1941
5969
16633
17513
14994
22297
18587
25014
20278
14955
27517
15100
3056
885
10514
23701
27731
28220
7823
14470
26982
6540
17327
6806
7542
7202
24692
7361
15870
27852
1629
5402
28910
636
24522
27581
12081
12603
28768
24025
25989
5854
10843
10883
5675
15980
20473
12840
12966
29114
21138
1188
13618
5106
28096
22934
24935
6758
29728
17150
28769
18312
27633
29349
2397
21601
4946
17320
18631
1835
22251
7405
24507
12594
20572
10483
1647
1497
18546
9750
1662
21452
2748
17714
27990
6846
6979
25518
12748
25344
26140
1797
17150
14141
3636
11276
12522
15217
13203
29845
11862
426
3096
17774
25433
23830
13587
4060
15431
8137
19590
25394
3884
22902
4906
6993
10141
11353
13118
20419
28837
9979
10651
6440
24650
29552
9432
24838
26463
5878
4420
1821
1037
817
16814
26935
14173
10992
8846
10495
12664
25553
16581
29310
18710
2444
5707
8365
4688
17126
17695
4126
26592
20279
13426
25192
14327
27043
12577
9801
28335
10335
8856
16033
23753
15806
17907
10484
26008
29203
8521
24336
16649
13422
29789
15661
12607
9691
20146
24638
24842
23433
1754
26181
6497
25120
20740
12091
29147
2044
29435
19659
7614
24367
7121
12362
5229
11186
6003
7020
6340
1058
19897
27123
14810
359
25870
26669
5131
15773
1760
7758
28975
11069
22391
25340
19832
7765
24371
25666
19141
14443
2721
20956
16625
22537
18602
17560
8134
27504
19397
11350
26775
26511
20830
27607
14981
28901
28930
3576
3237
1765
6918
28817
18130
22039
22195
1792
17429
8107
28874
5211
16070
28959
19105
13527
15724
24384
20858
14030
21191
28824
28930
28415
27854
29221
14057
22441
13001
16822
2577
5539
14007
5498
13901
10410
25834
4369
20488
20727
21714
11577
14545
25838
3380
238
8132
23616
13425
1911
27016
27792
15846
427
14171
28381
6734
8216
8438
19117
4190
14757
20634
10918
3856
6538
8972
15006
13370
10505
24882
29710
17267
10292
10627
23918
17875
3976
20033
25375
1643
16840
15081
12163
20393
6258
6972
19099
16655
3268
20557
8753
28746
11280
21718
3267
17735
853
4895
17233
28435
29617
23302
54
17026
9120
29492
9554
1126
1681
14248
5698
29377
9227
9773
26971
23801
8928
13753
13881
23646
10426
300
12933
28954
8367
25437
13931
28595
19929
8698
14340
3087
23658
28056
10453
9121
15518
17864
23125
1562
24050
14451
6584
2876
5485
2618
7782
19498
28480
19243
18262
3187
11196
19849
24016
8566
25494
23120
418
6531
29846
22193
6147
26421
1860
29552
19470
16307
19865
22935
14133
8203
23382
12463
29057
8991
19903
12384
7708
6221
10178
20797
18517
20140
29552
2398
22839
22388
849
29518
16027
27856
19463
5567
4211
5324
28058
11856
25540
10303
20210
7830
10081
20793
25429
25455
15067
26556
10602
97
25853
28955
15641
14512
13297
25373
8041
16552
16673
13702
20788
23944
16854
2149
29776
22202
23839
13207
3905
2443
12217
22439
22337
1258
28854
21068
16632
17240
7887
25994
9301
24790
1216
14489
8570
15263
11958
5655
13959
15153
23793
6984
10357
9783
9838
4438
20607
5482
26726
15045
13961
9628
8501
20929
3987
18400
23981
24558
23505
26655
9665
7050
28983
17075
24191
6683
13831
18647
19717
868
14661
4294
5670
20809
9856
6517
11032
1299
19946
16062
15838
22251
22454
6791
14093
23959
21958
9714
10665
27758
29279
24150
1373
7262
25540
18432
18597
15871
15921
16573
8842
29267
24473
1484
2887
10452
8368
24335
18062
12131
11545
6452
17401
13176
10927
13735
27626
24100
456
23774
22407
4970
1766
1966
14022
6257
3678
9422
13647
21567
15557
2851
8884
23720
4269
16646
2741
21600
27534
22495
6209
14180
11142
19438
26922
23661
7921
4428
18299
8322
10885
3226
5369
10447
4945
11884
16657
16296
686
5756
7605
22908
23847
12736
25497
29243
7009
3820
8259
28251
25570
18062
9540
13957
12014
10838
4594
12911
25238
1958
28160
25241
10965
4716
8998
21267
11101
24565
20343
5709
19845
24271
12397
17820
23173
13282
12908
12785
9722
1072
25322
17613
252
1999
3117
28028
27964
4823
7114
1923
21719
378
7403
7214
6602
16160
11509
15052
8428
5805
5680
23457
3915
24997
13399
10328
10368
5016
13461
25073
29291
15268
23011
8608
12776
3343
30
17177
23078
26754
15447
8687
29546
19063
29501
13820
25679
19387
3490
3264
29452
29393
1378
4887
17352
13983
7962
17741
27788
8648
26052
16186
3992
16433
21767
11478
5734
7776
12794
10271
10460
8052
16226
24353
3743
11580
27777
15384
25139
20679
24132
1892
18812
17053
20081
148
29962
9379
9523
4805
10752
16688
9561
29820
9505
8330
26109
13597
24539
14620
19754
5208
10730
28875
26267
15318
16334
13967
29568
5019
1002
24273
2174
21227
22005
6190
6330
11336
12924
12644
4338
24747
306
12339
7291
3913
11969
3560
7222
10837
7121
21404
18998
5663
18463
6572
16692
1986
3141
3202
13530
28740
22827
12263
26976
20989
73
6384
25024
4279
24021
26280
27338
26178
4691
12313
8731
20446
24285
21417
14732
13257
1583
21454
15048
20750
3983
24060
11343
4848
27463
26396
964
27295
6876
3145
15183
2143
13779
5818
21839
5928
28986
22688
22223
4345
14690
5946
1869
23639
13440
28620
28178
22084
21071
13229
1330
16700
15875
22930
1408
14157
18632
5545
19755
14939
6943
11310
14474
2443
4085
9724
27862
434
13546
5512
29359
2868
14375
17279
23098
6378
26570
2082
9104
29603
8100
10579
25513
13073
21857
15569
27891
9407
24237
630
18509
21763
13927
27201
23377
14510
15905
18754
17415
732
17144
6915
26329
18419
9966
24237
26093
3622
20942
11607
25024
24306
16159
20482
3890
6856
21152
23736
1731
19685
5914
14420
19431
25872
20220
27389
17529
920
15967
9896
14434
14906
20721
12238
15649
11761
20844
3910
14207
23311
12737
1113
26047
18698
14358
3303
26690
1769
6627
9519
3250
3876
12846
17517
23590
17326
21040
21501
22070
22553
7043
18117
1863
18394
29105
18904
21142
14177
7400
9396
3608
16015
14773
1321
16009
9631
26393
6869
15994
26175
18390
22394
18585
12935
22210
16495
6342
23496
2267
17083
4827
26559
5713
683
6177
9010
7240
27350
26828
9171
8874
11050
5564
15200
18363
17927
16870
13856
13628
14455
27767
20989
29408
18300
15431
5001
5129
18715
16680
21946
1818
20967
16230
4021
27977
2034
12775
6692
8518
6282
24795
5944
328
21887
23495
28207
11951
13765
987
8048
26068
9190
9791
29729
28092
25362
27484
3225
21834
25903
5932
26549
5482
16450
25025
19311
16051
7692
4373
8031
23144
28936
300
24677
8552
9105
27085
15894
5795
14108
25830
27226
4697
864
27183
11039
18938
15415
15962
27922
2243
19743
25332
7065
11192
4572
16173
7626
22607
4746
23072
17309
11716
9837
3224
11011
28473
1162
298
7053
24788
5444
26748
4283
1008
1553
24138
24423
10143
25208
1234
23151
28113
4532
10792
21466
21298
8914
26435
28345
24117
22996
11200
28370
14062
28710
17431
20105
6532
6361
22154
21636
15697
8601
13847
15761
27900
13795
13620
11141
9901
12813
2480
6784
23059
6885
11843
23444
4430
16542
20143
28163
21214
28429
4639
7766
1053
2819
3341
21404
29754
20854
16476
24789
12238
22019
5669
19512
27834
7079
6724
8830
10775
21838
25599
26037
25800
29842
19024
6803
10847
24464
29408
15280
19606
29900
15654
25803
6032
11410
15989
20845
655
5992
11568
21248
21054
11176
21942
19390
4432
28733
28191
10576
4219
4505
24494
13197
3799
9793
361
9050
2367
4132
8452
22556
4201
6334
6687
19455
18842
23549
25622
29237
6845
4398
20770
427
11685
26501
19640
11045
6059
13335
168
13982
29809
22486
2758
2691
28244
14026
24230
6261
2924
11526
29786
19116
28863
11294
9437
9865
23070
8425
27194
10857
27133
21215
19691
28090
27683
19284
11782
1310
12972
28032
3453
17057
21661
8192
2708
20862
22747
5773
27862
19426
7948
2426
8971
12982
174
15310
23743
20471
23583
25653
5791
16573
19592
11255
18635
13671
19618
20273
9225
9903
15831
14898
14213
13312
25252
12763
408
4028
23455
13188
22388
17943
9795
24002
18908
6326
3798
24038
5580
22106
14749
26373
10614
29472
4134
13526
27068
1414
22424
847
18624
5379
23505
9549
317
1704
3205
23191
25090
18499
15493
25870
7824
28888
23448
5041
26072
26787
11035
15745
15920
8058
17524
1652
2224
18156
1623
22237
19054
13388
18862
24641
11653
18504
22494
5786
16888
892
27070
13833
16065
27020
16150
24817
24496
14859
16590
13893
19076
345
15226
17550
22893
6764
11945
5421
12074
4065
29190
28910
13890
25665
9557
8671
26051
26047
28734
22437
9677
258
2669
24862
26419
21142
15467
22354
9978
11488
485
15645
12805
18410
25348
5099
22964
3158
23627
18112
25230
13717
13062
11558
2126
8351
4575
11752
3261
12149
18636
21359
1251
22357
14499
10837
24175
24076
12506
12250
20247
6983
903
28233
2935
16501
28570
10948
5482
20520
29514
18310
12114
1283
16718
3057
1396
21966
5537
10894
16723
18407
21067
29594
11488
14397
14519
5457
2996
24525
24535
2190
19661
15493
2325
6345
24642
17489
20798
11296
23936
27139
26381
2283
5791
27159
26632
20448
2550
1744
20222
10794
9847
20027
24360
28806
2583
15810
27792
2098
11225
28960
22127
29923
7969
27178
487
858
2976
9436
6110
1235
14898
6635
27931
6383
18297
1739
6976
21537
29921
8309
27189
12365
11241
5684
19360
15904
6200
19253
18779
22426
8043
7465
20760
22467
7329
9240
15321
8915
9284
25797
24278
27574
4568
21453
10876
17891
9764
17419
4833
11586
18939
11347
25714
16320
20578
23110
9718
22402
11706
18949
25100
10722
24728
23683
22062
3254
3266
6840
20824
8696
22991
10961
4410
1610
2385
23371
15267
21015
14567
27319
15460
13274
3668
26359
18985
24864
8662
22800
12316
14731
7899
13573
13787
23392
23135
24819
11024
18006
17282
15089
29539
2095
15335
7042
12182
24099
23604
21228
15536
8804
17035
7507
11707
15804
25854
1603
20819
22042
13472
20161
21924
3351
13632
27969
24562
16896
3712
3279
82
25591
27235
11676
16116
2042
23499
21628
16909
16856
7049
3090
12460
16853
18116
29536
2980
15840
21697
27852
9010
2959
3200
5802
8269
18976
2048
26182
24062
3174
25908
13490
17653
21353
15226
20958
131
16470
23387
426
3237
19022
10973
22597
18457
12951
25283
17470
26626
12887
6710
15860
14151
23259
16361
26411
15199
23930
6530
18949
23959
22102
11299
14630
4764
8515
15659
1592
883
29545
21758
16775
4629
1227
7276
13813
26092
15971
2371
21865
19200
2929
26854
12017
199
4361
21729
14146
20139
25508
16350
19391
7557
5851
5596
2022
21761
29268
10891
21701
27883
3668
24216
7408
13460
10383
11680
4801
23440
6977
26870
28582
7640
7107
25415
28607
14485
4940
6635
5319
8171
6114
9273
23619
11767
1259
22563
28023
25246
16975
5433
29814
1949
29159
17580
23854
23095
15940
29454
19498
11375
4866
7509
2466
27993
27809
8058
2554
25488
24128
13930
27388
17851
3870
22113
440
23336
10893
23956
20859
26353
28618
14624
3458
14699
14234
10329
4442
2208
12733
28391
14114
4021
24019
29485
11806
9808
12843
2860
6834
8484
8488
26490
17817
10604
14148
25120
5751
21142
8721
11741
5977
5121
28522
3525
14149
1900
10229
26618
9233
22344
19652
24051
1781
1689
8947
19947
29538
16583
12303
29856
9106
10755
13612
16851
22333
16206
3476
10148
19031
26647
29860
11372
21237
9207
12837
13137
15000
22579
27265
8273
1152
22418
17875
24850
9724
11600
9676
16351
23381
18755
98
20845
22230
3081
7986
8881
7848
20720
28424
3716
14542
9488
27944
10125
9649
6415
11499
23554
4698
1638
24463
1159
2082
10550
28220
8628
14008
6197
5380
13826
29247
26691
12386
6801
125
22453
12424
27607
16911
478
21150
7653
29904
22313
2711
10140
2230
4790
23993
9643
15681
11988
3314
8888
15630
15760
3579
20256
19553
21247
22888
26479
3140
4061
25267
25097
14262
2411
12593
24413
224
26512
17671
28691
29477
22680
11421
3422
15596
1511
11585
28093
3636
12581
945
13988
2598
26509
7262
25946
13845
20231
6334
2437
23862
22491
12522
20226
7346
13677
2549
26826
2924
26804
5924
2820
14309
28127
7641
2047
21466
23480
26912
5481
15646
28972
21102
27372
3874
25930
12638
28501
18834
28843
16366
13632
16783
10828
28738
27001
3049
9151
28463
9925
17020
28946
3033
14942
4775
10121
22585
3413
22259
27212
12501
26380
5814
18560
27405
6044
2308
13282
7198
15807
9180
13626
16231
6253
4642
4416
6448
17411
27025
3793
3017
1267
14068
11508
19297
26434
29065
1742
8890
28713
26070
15578
20273
13981
20741
6812
14937
25072
24797
13516
12104
24419
19455
22866
900
10001
25701
20405
2908
27602
23127
3820
4301
11556
29372
17591
23768
13944
6171
4167
29122
4617
21913
23507
13783
11902
5130
16206
25627
8155
9927
1752
25359
21632
26875
21440
1250
27264
13590
22791
17205
3788
22737
11860
29407
21744
1495
12651
701
26146
28941
17477
28086
14256
25035
21083
19609
9765
5204
4515
9597
15549
1604
14591
29078
24463
21110
25435
29370
7599
16640
14126
3016
8192
14068
1077
2015
19657
26292
5517
10829
10916
29083
29403
27371
12524
28813
11815
12387
8589
25170
24966
15190
12983
29691
3949
2150
268
12049
741
353
13586
23890
20346
26020
7950
13933
24270
7796
29253
14953
2695
6260
1864
13071
11804
16517
11845
4838
28015
17823
15446
22432
10511
15257
15202
22716
5766
20885
11138
28499
28885
6816
7159
26564
1059
20035
28106
24711
9153
20239
19996
21127
26140
27254
13272
15228
23305
16564
23167
14264
14694
3850
20893
18231
24448
23200
16393
7410
22747
4777
17106
12026
12346
11358
19447
1391
13798
12015
15637
21435
24098
27310
21082
19072
18108
29634
18892
4415
18512
28367
27078
22331
14142
12752
11488
8101
26576
9071
1813
7646
3281
15889
21541
26692
26677
22001
1169
9472
22546
25893
20513
2367
9811
1242
3177
4606
25897
22556
10522
20661
16458
15160
4384
6382
12482
12361
10394
28662
29297
12557
12864
6684
27111
11996
3940
14274
23786
532
29228
11538
28282
23985
14344
29445
5444
5461
7808
14711
365
4097
29013
26856
28824
27701
15187
22157
20308
22790
21199
10277
15989
10599
27647
11000
23195
6810
25585
13345
3434
16003
12611
28895
28301
13342
21407
20003
17552
9124
10386
3876
11780
8989
17765
16762
5073
28033
2043
1628
25343
21939
20316
29798
7681
23592
10274
15009
16787
28951
27174
28945
27910
29210
17729
1290
11050
16480
9060
29979
266
4901
14010
15881
26057
24672
28862
13558
25425
19256
18869
3640
6319
20224
24837
24569
13402
24030
1425
17158
7804
7807
18723
18021
12634
9901
28738
27155
29691
2247
12473
8399
5469
17797
17389
7670
22329
10518
5636
8766
8182
14181
23483
9789
646
29829
3411
1602
13445
23504
14187
27607
4411
10819
10157
1697
8121
26721
11793
26080
9280
16568
9300
29062
16232
10386
19844
22036
26634
11884
2258
21860
16753
23234
5414
13458
25139
472
22001
10848
24223
23445
12145
2620
8871
20160
14042
9304
23233
5983
16033
22558
7396
15697
21261
23478
27517
11368
15833
677
22752
6262
25202
4577
10493
6166
6711
26261
25093
23381
138
28175
23427
7480
21578
731
22025
5270
11857
1993
9812
3290
11811
20171
10038
16496
6715
13525
4193
82
7245
3547
14965
10820
24767
9259
14165
19438
9787
19068
20934
1473
2873
6497
13794
15969
28250
20301
25497
22412
16534
8880
9302
16199
25823
6393
27464
6887
4882
29315
23557
10848
938
19683
7484
3466
22574
9142
21773
24051
9764
21122
23403
20690
13284
13061
20130
25945
29543
27560
21600
6266
21865
20543
23711
28514
10161
10696
1853
10374
17220
18573
153
29904
28027
4850
3564
29766
22708
10626
6306
17297
11770
13762
7282
4100
1694
13097
6623
7166
25823
9121
3582
6839
27255
26003
22853
13489
10906
14697
28471
6268
22297
20919
14215
15057
6519
9413
13437
132
761
6299
26071
21129
1222
19421
1918
12626
2560
27173
22981
17215
2557
15729
11969
18104
2322
5001
9900
24368
11277
5395
2535
4561
14245
9435
28434
29613
1995
144
14363
25492
22290
19873
725
5485
10868
2797
23238
9638
5067
16924
4467
15404
14949
8592
16572
27410
16531
20677
25843
15092
24797
1005
14375
1930
17071
1640
1110
5464
1983
27685
20895
8706
17189
28926
838
7856
3565
6748
29989
3702
26133
22551
27460
10141
13840
10551
7432
22364
10263
23786
4291
6733
12330
18096
26779
2721
16896
11969
18226
12990
20686
18014
15021
12413
1660
1868
9891
7569
13305
18892
18964
22596
19397
13557
7837
8605
6059
9160
2564
12879
18365
10874
18828
2419
13825
17856
5343
21784
23767
13894
8423
16211
13847
13454
11783
19895
3476
22700
8663
5069
12392
29229
18332
4934
740
6888
16242
14122
7095
27569
19229
28305
16389
25268
29300
8009
16505
14655
6820
6976
8942
24474
14793
21772
22043
27273
16101
15411
16391
664
24104
24537
3446
3598
22961
9361
13594
1686
29721
1885
29843
25175
3956
8291
22653
27395
24133
15777
46
6119
24397
20481
24208
12630
11594
22710
17498
18189
1336
7444
24941
12640
11221
17364
28468
17305
10866
741
13705
10990
12595
20944
9711
25672
5412
10563
11198
6904
24025
2821
20535
21403
6705
17071
16642
23813
13899
27431
20688
4737
18708
14360
19304
22280
2360
28207
22631
21176
26519
25452
3233
7365
25427
24999
13621
8417
26325
28514
15340
1696
26170
17691
2489
16129
21346
28717
14452
17411
660
1962
6214
5795
10049
7147
26550
4245
10255
24995
21962
13382
14748
11963
8745
26101
11950
9744
13580
18038
1115
798
28915
5079
11184
9629
10399
11880
17107
6152
28059
20938
23290
12225
17454
10055
20439
13776
5976
15645
20702
16103
21541
11501
930
3739
22302
4627
27896
10015
2240
25657
26509
6417
27012
15953
14446
12060
10115
22410
6561
6906
18307
8209
6950
27021
16818
25540
23820
21889
25496
25299
6012
13302
1395
26339
17695
12
27698
3133
1845
21983
10135
23242
24637
4432
21942
12943
23313
7274
5628
9079
27729
21679
3485
23255
984
21987
25311
21969
21236
17534
1409
18888
2079
13700
8263
14857
9317
3822
5882
12870
18163
13276
26232
4406
10221
7159
27937
20548
22589
28427
4141
19735
23937
5583
20283
14152
12418
7954
2617
23765
16478
25273
25103
18659
5276
28149
11235
11241
17446
4916
10060
26161
13500
15286
24015
10806
26178
23975
18158
24430
21003
9425
2980
9091
23140
26160
12236
3633
11271
25594
16529
18278
6896
29366
24750
3623
23461
16628
22640
28900
22514
22797
1932
8569
1025
23385
8278
20213
26337
11321
20290
10838
10682
19533
5669
14072
25968
26173
8368
13177
4809
14288
16652
22625
22601
29176
3191
202
19382
28950
19599
19950
24209
18743
17306
1505
6152
15492
18184
955
6140
16051
5648
18783
22022
534
11323
27840
11115
9887
8497
28916
8152
743
23496
24960
22619
27070
18365
19145
2356
115
29892
25135
15332
26089
14434
14703
11116
11753
15178
11776
25489
3087
10981
29587
1664
15905
18166
25095
21771
15405
16578
28298
4398
15890
19570
7154
17515
356
25021
23887
24249
23307
20120
23537
4578
17187
25383
20866
9147
13179
29501
24641
13624
17395
12502
23086
15873
15190
16853
27887
5
16153
27584
2193
94
20304
19806
18492
959
5036
10843
27290
15078
27834
2451
11529
15078
19275
22421
26243
14049
25520
27993
2424
7522
20530
11117
27604
3554
7542
8042
15946
25607
8913
25227
23594
20913
29162
7704
5014
20492
23459
8417
21188
24013
28611
22140
10573
26030
6189
11546
20930
16601
13205
14045
866
6626
4360
2730
4292
16402
5567
4115
13196
17993
17093
15320
19121
3672
18736
16978
18443
25508
8311
21323
17862
8655
24462
14761
9672
23639
18758
16472
23206
9449
26152
8766
17040
23427
12314
349
6402
1898
18198
4617
6674
13322
2
29533
16013
19092
17245
19585
13312
29122
21916
24822
27422
25438
6136
15064
27733
29407
13684
9041
24230
29604
9613
128
11016
29951
7427
21336
21898
18648
22361
1841
3307
5342
3458
12928
5125
22952
28248
27770
11934
17355
8213
799
13878
28856
25889
12579
15567
13005
8692
5974
21519
21745
10433
22714
13101
29968
19090
10937
17990
21499
26921
10966
21626
27646
29125
11012
8541
3239
25716
8100
6563
19788
20295
8479
18700
13892
21348
16551
5467
4147
3344
29206
11800
2672
11060
15584
26322
12240
17014
19741
15463
11720
11210
17580
26974
7778
28487
14634
2947
8527
25260
6032
18811
14853
24864
29003
15460
21635
28800
29865
26364
28077
20826
21591
23196
28930
14430
15107
24679
12865
23746
2633
4791
1823
28705
1414
5463
16146
7205
19561
10845
9482
13295
23823
3862
2360
27021
13040
24864
20060
5131
26737
4729
16251
4992
21099
20666
28350
17234
9294
24482
12978
18564
28922
18113
4848
10131
13245
13599
18596
6229
1185
11032
8332
2133
10550
18859
5482
19776
24164
20679
25194
23449
4820
21029
579
3972
18233
13362
17047
16616
14694
10072
3657
2200
7908
13048
28663
15264
4568
7131
6521
3080
9593
26821
6670
24563
19430
12162
1197
8199
14833
2953
12396
15888
25339
12803
11053
11150
22685
3044
25041
2208
15987
29805
8720
29553
5231
14956
19335
14292
24188
6309
3161
22708
2955
2089
2544
1201
11746
2983
22240
17903
580
14069
6863
16050
9783
24590
20479
8008
19894
12796
5210
25740
16276
30
26374
18318
12854
7055
18476
19539
8362
3744
16695
25370
27473
7621
27555
7862
17202
14659
26111
2399
11387
5603
10161
1680
3961
3979
13600
17340
8035
16645
26427
11711
11674
16568
7772
15456
24385
8108
4233
7432
26509
25135
13144
9480
5846
7023
20075
14180
13280
20398
522
14056
23315
7476
3211
25313
17622
14051
19666
26163
146
6366
25252
4347
4422
5481
5363
9121
27177
1454
1489
10611
8968
19132
3335
9986
19810
15939
3913
12566
15892
19176
14445
11728
17975
24493
23921
8968
3149
26298
28594
19940
22237
19315
22013
22947
15142
6173
2585
26376
7763
2100
508
26249
23316
15771
4413
15129
22714
20765
7084
4932
17555
10079
28837
16470
21068
22184
8527
18728
6624
25374
17027
29676
29513
19664
11648
28270
29160
15245
7815
13743
14028
7879
16334
1449
16253
27249
29061
24399
22571
14972
3470
22646
21390
2019
13316
9862
14434
19552
4456
22399
4629
3414
16338
11112
9988
9290
4601
24756
9200
11562
18945
26893
18268
23123
29740
10586
12882
9661
390
12509
25291
5178
2322
10558
15137
25134
18538
18228
23949
20386
21588
20533
18147
5410
4237
596
7058
24099
502
24479
8222
19119
17619
24982
12015
4954
16916
29096
11168
26938
21988
19193
27059
3939
17954
1531
15165
28681
22361
28845
11482
16647
28156
9497
175
7377
23126
10134
13212
8767
28672
15138
1686
3116
23246
2614
24357
22122
26462
3166
26707
1975
1960
22670
8499
26519
15261
3123
20889
9729
29422
832
21
11685
8938
5795
19308
25083
16813
27362
21293
29229
4895
11407
4913
343
15046
10836
23089
9926
6027
19615
13669
22861
21511
4128
20811
20867
5413
9810
29233
8497
18753
21554
19486
19307
13240
19305
29286
675
12388
17809
22979
27466
24546
14590
21580
9398
20323
571
14199
5304
2079
16165
7750
16613
10456
20578
25802
11688
7228
23593
2223
4081
23666
28166
9812
2417
15291
15482
21043
11634
20709
20151
22086
29883
28212
24258
29008
20257
8185
29195
27608
3529
12883
13756
12272
22732
3032
29358
4893
6413
708
20619
29743
18275
6569
28115
17281
3283
27841
10573
8065
28533
19624
29656
11759
19565
15137
9728
25066
19773
23375
28691
28463
8424
10530
3768
28435
20445
13746
29111
27342
9930
9612
22874
22266
1368
2258
17734
21020
26196
3861
25070
15856
1610
21690
20494
26911
28498
13678
24690
12335
23611
21202
9289
26710
19999
25333
19545
24337
5522
1890
16452
19406
26729
22879
7226
1732
16735
1339
2223
23028
1413
4979
6799
7974
20021
19329
21024
16834
10544
20973
2931
289
24967
109
9752
27322
7496
14340
2753
14513
25008
15714
4403
6936
29504
14909
22470
12426
23956
14630
5519
10849
6444
4544
16034
5577
11346
27766
16601
23127
9517
10661
27391
24681
13574
8306
21712
11315
11268
13088
7260
7128
19158
134
2190
24908
4549
27731
27545
9809
16386
18479
1060
19197
16759
18289
7369
24699
27919
1267
17945
1830
24352
310
23162
10230
1679
3910
29491
11128
16850
23095
4549
14007
8538
3628
3764
16861
693
23709
10593
9955
22919
21874
18767
27129
15382
21805
178
20479
9586
17461
13762
20565
15341
18928
25754
29917
27988
17541
29282
14486
22402
4492
25274
7663
4138
2760
20287
18863
4615
8814
7239
22750
238
21557
13956
16483
10412
20023
4653
5232
4138
12805
12282
11663
14323
6492
12201
15284
19171
7947
20766
14937
27071
16777
28117
12136
5058
12741
5588
2008
904
18937
14356
2176
25284
7078
6712
252
8619
17602
4283
1299
24268
7592
27231
6923
15019
8457
2845
26913
20941
17764
9730
10923
14865
4120
321
16258
8744
688
5394
27657
13692
23647
14519
9464
19978
2907
10639
12254
13959
11272
21998
10596
17910
13456
2275
22460
21493
8302
24843
15786
1120
16314
25205
28913
28472
9370
1967
17699
14218
29095
578
24944
8899
9390
13068
20273
10545
19518
28794
18962
17000
19087
2180
6308
9073
9124
19901
21330
20822
1638
11475
22689
2393
3044
22755
29259
1034
5611
2191
8807
537
13464
28446
14100
20213
9714
11825
786
9324
2523
20711
9432
18280
14303
15977
29350
28046
14835
20831
10917
1048
8300
25536
656
18107
9295
2339
18563
25315
29911
16016
17225
12941
17998
25481
16405
29042
23995
10427
18892
26967
14352
13241
4744
4003
25834
25505
20253
20920
48
25024
7505
22132
13470
8895
13869
23589
7716
8394
11190
19922
14068
14077
18244
2622
24367
8496
2727
24892
15605
19377
10789
6527
8682
26830
19374
10560
5199
25129
7903
10233
29584
6974
11706
15285
1237
14714
24978
25624
9536
17796
25895
6198
16386
17263
22596
9187
18188
14313
739
3691
1532
17114
18923
28531
21984
27445
20537
18485
11618
26612
11241
5797
1033
25910
21861
20594
9417
9799
18622
9790
1874
1387
28378
10511
17273
6562
237
4658
14682
15535
1169
25315
9108
13897
5838
23232
10711
27126
23020
19422
17378
20326
4184
16888
13037
4715
3064
10030
17544
17891
1185
20414
6237
6775
10852
27142
9510
2016
19856
5230
17397
7198
6363
23930
27263
1442
16192
25618
23068
16532
25701
15523
14557
1226
14943
4918
206
24169
7304
9859
2989
20437
27022
1141
15923
1067
29400
1699
5336
20001
23539
29134
17789
27801
6137
3264
22781
20319
371
17567
14641
20037
3762
28990
24314
15461
14584
8791
21444
24875
8212
14775
12100
183
9125
10041
16036
22728
10597
21589
1939
13669
26227
2393
10274
29917
15357
8945
21199
14182
27892
4887
21695
27081
29563
9042
7113
25150
17604
15061
14706
54
16874
18337
16129
3082
10834
6608
12236
14162
10403
18787
11544
11769
22771
13540
23636
9575
4067
22401
6364
25071
5980
18303
15791
1662
7233
17470
29457
9013
21651
8716
29697
12089
5324
21616
21511
24618
604
19158
18368
3720
340
5622
11702
15485
6565
18428
26016
6416
20223
21130
29321
23562
10289
29669
7198
25913
749
15094
16940
27191
29258
26037
12413
9078
21751
12750
16347
13369
17378
4612
4284
5559
19951
19279
10758
11000
13243
11806
12461
2410
7898
28442
20206
2519
10907
18325
26342
1672
9709
3609
12233
6005
9387
11817
13894
27274
1258
27820
10239
17714
11112
9541
9764
10837
15296
18394
16334
26322
17911
25001
25149
2429
10434
13428
22745
26185
17115
16210
28877
1994
10992
10402
23844
20986
22964
14422
12554
11532
29670
21969
9345
8397
26458
28027
13981
28081
10803
28743
12344
25639
23557
23078
4425
29179
29797
22408
15165
5053
26387
21306
8293
6791
22905
13927
5675
4672
23183
2857
12744
14811
22303
11702
6666
13770
15155
2632
20049
11375
20166
20287
24629
26876
21739
23517
20687
24579
8321
22103
1420
2016
10954
24522
8792
28515
27081
18006
19126
4808
26991
2160
28600
6913
22709
18808
11769
22179
20320
16209
21415
12554
19910
9514
3979
19979
10328
26317
16191
5788
8722
25436
12470
21785
28977
16168
2551
15316
4413
2338
27272
1821
21934
2468
6927
21460
19319
17473
630
28147
5995
13414
5957
5529
18313
26228
29789
10976
7152
24175
11452
19336
29857
2767
14651
6341
23516
16311
14920
19562
25886
13426
14463
1469
26728
11752
14728
25463
17694
4665
11881
4830
4204
28198
12955
6618
17746
13093
8163
18071
11723
14480
10823
4521
1693
2782
10885
7417
17062
22540
29973
2501
18464
26784
12922
2159
13697
24154
3815
25876
22153
28708
6223
4995
15412
9895
518
11171
12683
310
8287
20191
28002
1074
22799
27162
3424
12609
20452
15903
13605
26072
29012
7624
9898
6006
5779
29046
29593
26637
16817
14475
22882
26688
8453
14661
13453
1403
13000
26284
20836
4325
17534
15196
1168
25830
7726
4677
21303
14000
29811
16384
14183
26953
13456
2163
22876
10056
13122
3672
12833
21656
25840
6818
17988
23552
2084
8642
24296
21622
26474
2768
3216
7264
21642
8998
21116
5426
13352
8915
2117
26649
7073
6715
1102
21457
26013
2565
25367
4381
19136
13576
11465
29544
18989
14000
1471
18591
11907
16854
2170
17333
19688
12202
16822
7382
29857
10774
1850
19763
630
9196
27406
16774
3246
3430
28481
10512
313
27863
20525
24703
9270
11749
15271
14742
15455
29056
6770
18330
6865
2225
2376
561
15824
29828
29166
18830
18247
19025
8454
25111
12153
2532
23620
14727
14940
7115
26983
2629
18461
19387
9681
29813
27737
29191
1582
830
21258
10581
25339
6560
18936
15312
24891
1386
5488
9361
24202
10687
27158
26669
24982
930
17619
12677
27273
24815
7662
29767
18983
27559
11433
24539
3761
27559
8408
16721
24277
2901
5787
28438
22821
5647
7395
7473
27897
11273
27972
1042
11181
5015
25271
12999
18501
5588
19320
25445
9543
3300
10481
5302
23909
19451
5311
22581
1703
28888
859
12117
14539
7118
17544
6590
24406
7027
15447
21929
643
19078
12066
12877
27680
9068
8004
27224
19762
4717
5133
10540
16039
26846
6863
8548
1552
19016
119
20441
2006
13812
3312
17506
19886
23393
4526
18919
14971
12579
1815
16411
13670
13856
4508
27648
20630
11141
15762
3276
18094
6485
26497
1322
20164
9681
2186
21414
25522
27967
22471
9789
29241
11344
22730
26815
14321
18353
3390
843
16665
21151
18390
24845
22839
435
25611
16139
15993
22945
20068
21064
10009
15012
19553
298
28675
4942
21467
4082
1851
718
11573
19038
25550
3158
12621
9804
8819
22050
20969
25710
29722
11375
23431
22541
11377
12125
23644
2163
25494
1469
26646
1377
28897
29028
28289
28701
14442
25617
21777
26093
20064
3371
4388
958
9016
7237
11216
3423
5488
11021
5891
19954
20617
4802
14680
15066
2499
12931
14979
15609
28715
20038
16475
22095
26898
22743
25709
21708
12705
18320
11596
21611
4346
7623
29553
14645
5771
2829
26167
6000
25455
28809
3869
9230
10594
10310
25697
4951
6768
12938
20579
2369
5704
2197
28027
180
4334
14145
4761
20002
26897
7748
26623
3567
28195
19889
23858
19094
12361
18126
15554
7467
16434
8337
10037
3396
817
12400
1569
10340
23673
26568
27775
6645
1179
11408
19539
25126
24819
5292
3367
7853
6815
11085
6667
17232
9174
21619
2132
11322
14673
8023
13692
8731
28704
17333
6386
12964
17486
21423
29455
3888
13183
3040
21530
4001
1165
9090
29473
27344
16721
3468
10527
24839
6653
21803
3439
23349
26874
26498
29624
25394
11184
13921
8122
27353
20804
15158
1268
7145
4378
27060
14917
8612
23120
5253
15905
25728
913
12578
10913
27209
704
679
26294
21212
22180
722
15442
3956
12384
4631
15908
26092
14103
4514
25093
20135
24494
29611
14706
16374
4465
21032
4878
20276
15906
16528
27465
29307
15075
28054
4894
7963
22981
19660
4269
4207
17385
14577
9273
27389
22116
5523
15994
9215
276
6420
10443
15191
29949
14787
19941
4403
12900
20929
28503
17800
16790
6084
13827
8041
15414
2525
13406
27403
29130
2982
24963
15699
23106
16791
25771
15391
25946
2169
17505
7898
23877
3290
10927
8347
9679
27871
6874
19617
27946
11656
9928
16081
10433
8330
29154
20344
25791
20291
9441
7610
12467
4516
10575
15163
19019
6776
20086
6076
28731
22797
2407
29437
9294
6584
7728
131
16418
17159
27902
26397
14970
18975
13929
3537
25149
21599
11054
7425
742
22341
12541
20528
27329
9216
23055
29813
4498
16726
25293
27504
10241
2418
8585
7697
14596
16200
6177
811
2506
17262
28173
16636
19455
9321
19657
17645
22456
25057
29329
11472
27396
21145
12160
26589
17024
18578
1590
2416
868
25462
5505
9800
19850
15706
10697
17658
23449
16593
1884
21511
20311
24907
1661
7146
18176
24717
480
15272
21663
21346
23189
1306
16814
26087
665
29510
25106
11593
20539
24558
2635
15381
7010
19928
6211
9790
22820
25026
18031
25432
1416
22326
19055
17038
16992
12422
24561
23966
18299
24658
9949
11341
14657
9919
10887
25352
5945
21026
27648
7983
27527
22686
14205
18972
13552
17599
17989
9462
19751
10488
9889
1006
18375
13690
2109
13717
4368
22629
28595
1154
14348
7639
16473
24878
10088
21382
28364
18498
15059
24569
21095
26047
16351
11168
27945
16027
10291
29182
12039
9916
10230
26285
18148
10369
25052
24442
9888
3044
29420
7496
8653
1635
11864
22301
5255
4871
23287
21567
29248
26733
16643
10931
28117
19597
20953
16749
17753
19613
29629
13489
22358
1571
24611
28103
4900
18081
388
27311
308
24646
13674
2707
11052
19834
9441
10335
24305
5334
17330
12681
25824
20421
5717
24819
14697
28250
21428
26074
16023
13354
967
10670
20344
7581
24768
11845
8354
16170
17402
25313
21833
20699
16255
6226
27733
25893
20746
11697
25575
28955
25155
14491
10874
24229
12027
6007
12398
17322
6489
17456
13013
12437
23535
11748
5898
28723
15947
28777
15650
29222
13100
486
20856
21175
16866
12449
29292
22410
19296
22597
29327
17615
29705
4342
2382
10827
1392
15911
4557
5565
28888
18945
2997
12282
19462
18985
13449
27414
29469
25466
18041
4360
22039
5553
19959
29805
27256
27439
19144
21918
12492
23045
25409
17960
11763
26591
30
15964
13317
14882
6345
3456
4599
25135
25736
9737
15839
15412
10309
28411
23177
1152
28636
13020
13138
26540
27924
29375
23987
3366
8302
18428
23948
14436
19652
193
19137
10274
10521
21982
16062
28377
20921
6711
22253
9618
5951
5944
29657
3
28511
25181
4117
9617
12252
2337
576
25565
3859
9291
6222
23249
25920
19850
855
6071
20032
16896
18943
11466
5305
396
7264
22436
1423
7042
9221
27853
25059
14384
11299
6784
17379
5300
4705
28543
4918
28206
16157
9228
8287
7837
16572
15408
16040
23568
20342
15322
10806
26440
10328
26691
12550
1193
12656
11352
9885
10417
808
7621
29114
22218
20950
20519
6040
10316
18108
860
17407
3720
19018
18118
6805
11332
13591
23362
12620
4126
23860
22423
18292
1574
21228
10760
24603
973
17936
26875
21802
13101
13340
24037
1888
16972
2276
2908
18
18970
8438
1644
26180
19398
12222
3562
3441
15500
28366
14007
16920
6944
16734
17067
6943
29921
29255
24671
17357
17332
28639
7966
19850
4158
11634
329
25559
5659
13653
17827
1959
13072
7919
25376
695
29533
13746
26232
25680
16735
16513
4567
24234
26726
4301
12075
1091
1427
12153
104
22340
14039
6114
18768
14432
29276
21413
23421
5475
16211
19016
594
3224
8601
23204
4729
18190
17967
1663
10731
6188
26993
27296
12331
7030
17754
20375
18894
16448
9677
6998
15692
26248
6645
21498
25349
27115
25756
11736
26184
10669
21517
24637
23499
29557
19752
18107
7042
26893
14612
5261
26381
18360
18321
15658
13725
18943
8067
13627
9743
23593
19647
20994
21897
25397
22066
6250
9930
17093
26337
24529
4512
23418
19427
27047
2047
14976
24066
3556
14446
28139
24704
17807
29695
17842
1726
29771
21573
23429
20850
7136
4962
8240
21566
12932
8163
18226
23219
22251
20096
14701
15413
18859
12530
6047
4105
1605
26343
11246
13749
3589
695
2090
28378
16806
19899
9021
15829
4503
24537
9848
28095
8053
11040
2360
40
143
14188
13618
22769
3733
9901
3915
10172
12737
25493
252
18977
24790
8150
16893
5081
29274
22752
8103
22991
3495
2865
19827
11630
3628
18200
21953
13542
6987
24215
8685
4523
9921
2075
26630
481
17713
22163
14728
20140
6302
14626
11194
9152
2786
10547
1191
12204
26608
25032
16201
6285
4113
23541
24782
7446
26334
6666
9185
14937
1509
26980
1687
17821
21170
23377
24098
3369
4053
6009
25361
17108
18411
11465
2699
15064
9996
23662
21267
7188
15815
15797
27453
15508
13430
21564
19579
24038
13765
24365
7776
18456
23976
28373
22854
25101
15524
5342
8436
1828
23300
28844
16930
8032
11275
24313
24325
21208
14204
4947
18715
2741
21674
18442
12807
16364
25403
12779
22022
24998
14955
182
13050
6375
16003
12883
18451
13056
17052
12698
20459
13500
5544
29371
4757
13839
29002
11044
27682
7001
23392
8291
10672
9883
23382
23847
19980
16801
17380
20965
25494
19895
18523
9352
15040
11954
11782
28614
22070
7264
2675
20583
14475
9454
22643
18278
7040
17179
22909
26917
2238
21279
11304
15883
2599
26874
9854
16022
18450
17266
15862
27274
18478
19796
7997
11084
23457
27046
18743
299
1759
22918
16150
14201
15559
12253
5775
24700
18354
24619
21004
19942
6453
3663
29206
15206
3910
938
25327
25901
2337
21130
18048
480
19739
21196
11558
27685
29676
21429
5398
27018
28362
26336
23983
25087
19183
6766
12007
26857
10435
24768
10419
16616
19920
3176
22379
2183
7970
1160
1375
25653
24140
4153
17630
4682
19855
12536
23141
11814
19644
11899
16343
8958
13747
13334
28135
24306
15040
26
14103
5075
8433
2530
18097
27240
3907
23144
7205
2013
4622
8704
12742
15200
29440
15202
12402
5644
18401
12188
1298
4218
4422
14359
2822
5911
20740
21248
18372
15569
8129
3477
6860
21595
2092
5646
7665
19553
21422
25391
19900
9320
3159
10111
26032
2064
10373
14106
28694
18466
7469
5045
5483
26277
19082
22719
22061
21811
2543
27964
18130
23607
7587
7284
8434
4516
1719
18439
9887
26458
6293
1434
20482
26578
25268
1037
410
19835
16250
16008
10151
1798
23068
23896
8817
15618
29483
20695
15319
18453
23935
2211
1657
3835
2761
13330
20236
332
5399
13439
23390
4356
25525
2517
17984
13153
23893
25200
12110
24339
28691
9277
3352
22469
4171
250
9848
3043
20821
28821
16254
14903
86
6019
20452
20750
27422
28055
5306
11966
14507
9851
17838
11847
861
10387
114
17315
21165
16165
27462
22185
646
5420
24647
16006
1678
16378
29733
13030
11234
19689
7543
16339
7049
26208
27059
15210
21677
28832
23043
19771
10064
7704
3653
15569
2333
322
12938
20205
11844
10594
9794
1047
7978
3114
27782
16850
13178
28705
12650
25554
18208
10852
14130
17706
15698
13357
7991
6588
2065
10961
15827
13998
7693
1381
4701
15394
16326
17222
14330
11014
3506
5071
27776
21412
1272
29724
16928
25236
28151
14634
2311
5444
17931
12617
23253
26181
29399
20016
9826
4793
16790
25932
23400
28675
25312
3174
24788
26703
21333
13911
26194
18634
2416
4524
5072
11177
26899
19765
14316
21925
6920
20204
18995
24765
28906
26922
6639
129
16338
29035
9793
21270
25743
587
17365
8333
4893
29196
507
17927
29317
13278
18958
5490
1586
12597
23467
9785
9786
10340
21272
16672
29315
921
26977
2900
28623
17225
17104
8673
6148
25151
6561
698
24782
16513
4778
12700
22125
19989
4222
9725
10985
18471
3705
24025
23402
25865
24809
12470
5269
21876
27818
23432
29857
5050
20552
15626
25719
1519
7500
20326
28204
6355
7091
22117
21083
23489
20980
19826
4138
10189
8732
22394
27579
9660
13156
18004
24929
22258
1221
27302
15733
12162
21789
27132
27149
9154
29556
7430
13027
1570
26341
116
5711
683
19910
2137
18419
27048
29437
28203
10861
26233
1129
9220
2124
10434
22102
11476
26314
23078
25352
602
28333
25112
22379
352
16704
22549
25186
7669
6986
19613
25870
13721
29547
25437
9674
6927
11498
8939
29881
25472
23598
21764
9224
19991
19680
24792
11518
11328
1883
16436
26456
15255
26421
3982
16644
11090
28367
21581
22625
17203
29748
1332
10196
16864
2624
19126
6373
13176
28131
13192
27792
26897
20688
1121
735
11799
22285
12856
15659
1719
20622
13316
13333
11909
14983
24627
14544
2591
10140
9537
16702
19923
9212
12537
26829
23036
7472
29476
10127
6812
21619
1537
27828
16694
27266
21364
20667
7350
18359
13280
15072
20395
21855
28015
13305
24987
10729
14498
26874
11708
26527
18794
18928
11663
26842
20021
12681
20507
27456
6197
4237
22023
19501
13241
10040
19644
9768
14375
6829
24399
9971
13814
25309
7362
26104
19669
14932
17540
11313
11815
8451
28582
19450
12876
2172
548
19762
17899
2701
24217
26146
18470
3926
25910
495
25799
17632
14401
4686
10542
18245
26133
15245
7580
5647
8353
2227
18629
29051
2722
3790
13078
19781
8592
15185
15175
25963
12291
19268
6290
5522
13423
26787
27631
1288
29240
25059
26448
29057
9366
3810
26592
24533
10175
28415
20923
15407
6060
15315
17183
23893
27160
7595
17490
12627
23744
4045
15072
5888
15038
28521
28613
22932
4381
26220
18914
5199
27718
4361
24309
15677
12363
26181
16492
5625
5274
6216
22678
7054
10866
4292
25966
23707
23627
11767
1601
13170
24335
16327
25289
12848
14916
5727
2239
20701
2379
4943
7372
24716
21244
23432
24673
23489
10553
27081
9932
28011
4931
12461
24975
27956
10192
11612
9147
5506
28320
24647
17971
29610
16358
28023
8833
1187
17057
23881
1293
20950
19513
11137
17469
13862
568
18973
15884
22643
13448
23915
29345
22462
4391
24072
16113
22304
19797
18547
21764
27152
26264
25957
28071
3941
16042
14481
11442
24129
7501
14574
23143
2038
3589
9312
10587
14618
582
7779
12544
1907
18039
9174
17317
24921
27119
1874
1489
1648
23644
855
3460
6035
19614
14298
197
19640
1662
16886
28655
10129
19270
9956
5443
4906
29684
27418
22060
15012
6822
22905
21840
19316
4413
1167
29120
1821
8580
20359
8392
17334
5249
9927
10100
2385
21514
23006
18574
17305
7516
16029
25471
548
10836
10496
28284
17066
28789
2971
22025
29185
9227
28441
11630
5213
10658
27825
14192
652
25314
20941
438
11636
11766
5056
10583
28313
1989
25880
25189
5126
7193
21638
15379
26616
11055
19429
11114
23299
7865
7298
19111
1948
9004
45
28561
18198
935
12175
11536
20743
25970
11512
15851
14245
19127
22365
17628
26717
28642
11288
1911
2021
28573
11541
16472
20754
28903
15293
27525
10502
18201
9111
4137
20010
4047
21748
15836
18025
11624
4862
13741
15091
20768
4965
19194
19555
9285
8901
16405
21235
9829
11960
17741
18211
20071
15153
23697
22253
23302
7311
15390
630
14585
19071
22138
5213
24743
27962
22560
24683
21300
12791
26617
26445
8125
8200
22801
27215
3385
7032
29951
23009
24741
218
2293
2370
15028
17954
24029
17497
1995
3623
18034
29622
23843
28195
880
23851
8439
15310
9865
14477
5700
16400
9478
19314
9913
7165
29071
23088
28872
973
5299
27515
5268
9700
14229
583
3828
3200
12889
20518
10445
23539
29026
567
16264
19704
28755
19153
13045
23349
17196
2009
3261
3599
14681
17621
10055
19520
8905
13157
6383
29873
23073
18052
25605
2703
24807
19590
5921
26397
2427
26744
18177
26936
16729
25558
4458
12451
27957
12115
3992
27267
16067
13747
7852
17063
16370
13298
15220
11169
10383
21069
27842
27747
13861
29191
10276
1861
342
23521
3847
16776
1829
191
8561
13193
18303
4330
27840
27117
15668
22977
24341
20129
29233
8224
29639
21168
25405
889
4796
27135
11190
1242
18647
9269
21291
16794
25928
9922
9725
9002
8037
6376
21499
22582
2625
25511
27189
21762
20812
11327
1107
1567
23594
26066
7751
8862
20614
288
18607
23807
16578
15319
26522
1547
137
17848
21702
15257
11627
5754
7766
7321
28648
6508
23018
19140
358
17122
18724
23683
6320
21970
4367
6861
8020
15094
1340
17752
10037
15422
8472
20631
817
5744
15717
26974
14945
2970
14246
3988
9698
672
2133
16370
491
9191
22542
8778
6923
18290
17818
17301
18280
19705
4678
13064
8644
25641
14657
15050
13905
22744
41
24502
10795
22093
7383
28795
8521
29252
26800
2910
27759
28719
14219
27022
1846
12942
12215
26842
14008
4218
5609
10692
7066
25522
17915
15510
29779
19485
11656
16462
16790
8811
12043
27007
27204
13080
16536
25780
2372
17944
4367
27355
1514
17304
9548
1498
8491
18696
28497
4720
24905
15026
3378
2587
6307
18005
14942
24387
2990
5291
14763
17513
28443
11255
2566
11901
1249
22510
11699
3167
22915
10162
978
1006
18405
2916
21527
2757
21922
8748
12887
16470
14079
20935
15625
29314
9335
6125
20465
21587
28835
8544
10175
14874
9958
7032
2290
28630
2442
13924
15064
13804
20396
15008
11079
10215
8629
23868
108
13650
139
20395
4107
10008
8173
9370
3165
20606
12601
2477
7934
8702
592
10746
7997
28566
26111
9206
10085
5560
19887
10829
13203
27769
22893
22053
1389
19231
21061
15308
7902
19087
24615
14355
9342
25185
4201
13897
2315
3407
16387
26313
26637
14140
2869
11114
24840
6490
23133
8979
27634
8070
23378
4188
15892
16967
19591
28102
21360
11435
925
26733
18720
9543
6172
28747
6192
22695
16947
16453
10660
2202
18792
6324
23995
7430
13174
26924
29120
27651
25012
25529
23746
18148
18184
19157
18290
18807
27312
20197
28710
18050
4583
20185
18978
7712
2365
19950
29660
4170
16909
8361
10711
4605
18831
14129
28366
8898
17930
5898
6156
16707
1905
14487
13275
5034
26404
11299
2835
17062
4475
325
2783
4980
3081
7089
10096
26441
10045
13920
22332
25715
13966
12106
17908
26713
1924
8414
12717
4322
23225
14151
17787
2282
8126
12306
27571
28110
1032
20941
17522
10636
16396
26129
11714
19042
26564
24609
20371
4423
5513
24533
23916
6193
23131
18505
5873
4656
1554
10390
26596
274
16694
29151
8607
25797
27957
16863
10969
25412
19584
3282
3123
19706
7841
5535
20508
22606
2497
16396
14997
24083
29449
18450
2951
27064
3323
9705
418
24629
12150
14729
7758
5189
16612
23748
19538
9917
10205
2339
17465
24233
11108
20486
15692
3415
1125
8700
15404
9880
25604
28698
12431
6569
8157
21453
25412
25100
6749
17590
19487
5512
15974
11200
25445
21845
11356
21371
25256
25029
23208
514
21266
20070
13872
1040
16375
2545
12007
15722
29075
878
24672
3255
2517
2438
29113
9734
10243
13924
18431
24491
23002
8040
11802
29975
8749
8206
28404
18541
12089
15029
28559
28794
8398
5898
20394
23577
2094
11704
1602
13455
3055
19208
29970
25726
24660
15412
1239
28282
7586
25699
227
26918
3011
1929
2444
6460
14999
6880
9153
18577
26248
3903
28740
3380
342
649
19558
29851
602
7037
2752
8642
4800
5254
5793
14651
821
23467
28818
14365
25408
21706
18296
29731
8815
5788
4467
24879
29753
984
8980
18654
1476
17860
28589
27729
728
13595
26399
21771
17487
17071
23729
15098
19483
4480
29721
18423
4112
17085
4003
14093
22307
3156
27818
5034
13392
20660
4279
3564
8996
11363
20313
27622
5715
2985
14947
11784
1600
21657
13259
6219
6718
24892
22851
13898
17876
28771
2366
19908
11192
7684
14709
11065
2227
28209
5229
9966
28377
5194
983
28126
11638
10280
3795
22741
7140
12770
4191
28196
28698
5385
2467
23912
21965
29883
2324
27489
29537
5325
13236
2800
5116
24497
13001
21062
19883
12125
27603
29868
25252
17482
4032
1753
471
22714
20203
17487
11833
10544
29258
19152
17688
18115
29844
22724
8955
14142
16781
16664
19154
28879
24259
4223
4961
10842
8656
11720
3873
211
26126
21940
713
3757
23827
13977
24985
2434
5998
20416
3097
8896
360
6921
19357
18470
7133
23544
25882
12044
11778
6639
10886
3974
3216
3320
28308
22149
21294
29938
18011
2980
21851
14446
11794
6028
1607
28880
22689
17598
13581
598
5082
28057
24363
1753
16622
28892
12829
25088
24560
26994
24190
25243
19632
11982
29902
15257
28178
9788
17391
27541
3671
29998
22084
9524
11749
27276
11269
10999
25355
4851
5973
21458
15218
26568
10825
9830
11322
19670
18958
19419
28881
18673
25910
7749
8752
3180
4025
4111
11951
19157
25395
26171
19998
23343
3047
27679
21396
24235
2796
16198
28434
11203
25430
14213
29476
20335
22228
10224
19694
15642
15626
1302
26771
21720
27357
6358
1414
2625
20827
7093
20075
5523
9002
20553
1293
14546
26718
13113
14682
385
20068
22840
5095
14740
27943
4958
11886
17720
19806
20814
13359
3970
1936
26141
14563
28855
16608
4328
12602
14128
12751
20309
14230
3013
4358
10025
12425
21595
28835
10150
21787
16985
11640
1972
18513
8551
20878
7687
21236
25208
14369
21646
12142
25992
12041
5254
2303
12380
3188
2482
17216
6196
23625
22308
24522
25200
8390
20252
534
407
28903
17222
2062
15251
24425
112
22298
15691
22293
28455
11448
17289
8962
18353
18699
25878
18835
1890
28680
18623
13477
10453
28801
28507
5838
15871
28559
17745
11266
29092
6941
20568
2439
14659
21583
3444
10711
24810
11843
24823
28671
2282
120
20270
27066
13899
18463
899
26241
10232
13834
28767
7299
4174
28940
21953
13655
13658
9838
2042
15619
227
12017
3220
25698
22042
10763
2413
27267
20794
17591
18026
22815
24709
25756
28410
1323
29342
20466
2754
24756
17815
2863
7477
687
27838
18291
9971
23688
28400
1774
15357
28000
3005
28230
4311
3408
6737
11342
4862
15289
13308
20436
20648
27057
23518
23656
5542
28341
588
20094
10782
2609
4640
19772
14125
2877
20894
6987
650
20341
27198
9666
25872
24432
6225
1447
4232
12121
16460
23938
20452
16996
25268
26640
10812
26713
8959
24963
16516
27869
23553
26711
18506
1078
26742
29053
2312
17580
11609
612
6330
25067
864
28775
27860
16116
27977
138
623
13512
13924
28125
23334
8388
25350
28255
23135
18319
26643
14927
25515
17523
22724
1793
2622
3952
4459
10614
7254
29164
10444
8127
12895
21235
8053
12050
23098
27303
9766
409
19777
21666
1006
3964
21314
14949
17302
26363
23499
26307
14337
29224
26230
2071
10788
18933
3974
10196
10351
13951
22886
2192
22692
23303
21326
23721
19927
10893
16890
29311
14324
5528
2604
27214
5643
21255
26220
8803
8248
20773
13865
27284
17932
19412
10624
18306
13013
8794
27918
28224
4799
16192
20453
108
12394
16305
2253
29139
14603
29544
26263
15378
7713
18712
12582
1624
26217
22344
27022
20227
26954
28018
3979
10675
17332
13409
13317
14535
4159
24068
27121
21236
28030
20406
10923
11411
10690
26261
12071
8916
9007
17905
105
14895
21230
7518
18828
2491
2334
8928
27680
24805
27784
5977
28272
3564
5775
29903
18927
5565
8540
1316
18154
7881
4956
3096
8969
25585
21035
3239
15689
7702
20377
28427
27422
9667
1085
267
8142
21458
28916
4109
17166
22671
17539
1744
19149
16715
17336
14949
21826
13061
25191
22213
19227
28068
11961
605
24054
19505
7179
12664
28988
8077
15540
23683
16773
7983
27184
10224
13648
2258
28253
19457
2128
5533
7091
25646
23307
12995
29104
9478
23180
19406
25270
22023
7794
286
10380
11059
8687
23025
25133
16863
7287
2495
23773
13268
28029
909
26228
11094
13140
23006
6092
4567
18602
17007
15589
21972
27739
6242
22154
26456
803
20137
27711
18164
21957
20762
27038
13381
8803
22651
19407
17102
5261
2888
9988
7282
9030
16518
1283
5745
2894
18493
3221
28697
17179
7173
12730
21070
18476
17895
9721
18828
29873
14951
3790
8421
18637
14778
29492
7581
25268
9832
21760
2695
27686
4737
19749
23257
9851
9868
4335
25784
13770
13458
26186
15001
11178
23390
12048
10030
11358
21308
813
22287
24117
23302
22825
27289
6359
18038
22085
9555
23583
27417
21728
26998
14534
9016
8525
18379
14881
14617
15870
9275
15264
1232
24875
4048
1137
7977
14197
20370
11759
15254
25107
27941
17056
1356
29450
8618
28354
1552
6177
521
4883
5383
24187
12529
19760
2098
25218
3038
23109
23724
15121
14505
6305
28831
10432
17869
5394
5741
2932
2676
12441
7872
8387
22588
10496
6747
18978
24613
24619
29263
24610
5895
503
9876
18425
20659
23871
5427
22482
19002
24814
9769
3525
12598
3988
21815
17533
21588
1647
12749
11634
3368
95
846
16650
10179
25762
4761
22961
18797
1534
20429
17530
23471
25275
19588
6667
10015
7596
7269
27845
22328
6242
5860
19854
21631
27938
18174
19321
4581
3258
17439
14875
8028
3547
3926
19311
2912
19296
28661
21304
2244
27647
11670
1776
12517
1654
27916
7002
28170
16110
28734
245
22347
27295
27476
3626
6098
27177
3366
21252
11592
21267
13541
18787
20224
19567
28944
29627
4294
11850
11643
23638
11632
26992
5718
17680
16224
26469
12903
17827
28458
3739
5906
28082
936
1855
22681
23175
8054
22663
12463
24972
2633
4440
7662
27442
21535
22927
20036
25129
10379
12651
10781
24373
13199
3109
10405
21862
16903
18440
1655
1944
25508
7681
12318
28091
3191
24894
7108
19724
6829
9558
7084
23394
3591
1420
8143
22353
20718
26754
3291
19989
11486
12945
7144
1225
14944
10604
17017
12110
6082
5168
17488
9163
6875
12714
13117
7791
4303
29601
21259
1354
21802
14254
316
12822
20710
24528
4408
3964
27929
13373
15861
23113
13517
17630
28442
15936
22023
28467
8143
4163
15858
17978
25324
6287
28347
17925
4731
15786
23415
10876
6336
121
23595
13170
7183
29940
27716
24808
12283
2988
25814
10019
529
8074
330
5799
20246
27691
9013
10010
27565
15625
27860
10501
19235
6705
23981
24036
8911
9059
15230
14086
13320
10469
23597
5339
7178
1554
26658
22106
10064
13749
27066
19525
15297
10520
15810
8223
25694
4160
25818
5666
10685
29024
24076
25943
16507
24622
19454
2320
4396
21787
5506
8161
13325
3836
21184
29738
6846
16160
13735
5058
15102
6407
15809
443
14562
379
13029
262
29557
6791
13600
29750
27408
4991
14680
17744
20103
26937
17233
1758
10959
2663
3379
18530
5593
17407
7520
23779
18210
7234
13401
13050
23805
10089
19043
29590
7090
28481
20104
1738
24728
6871
11598
7566
23780
13137
15015
13545
11478
25710
26012
13893
7706
14310
21069
15759
20267
20701
10232
3118
29794
10228
80
13002
7617
17036
11035
237
15891
12365
19356
13407
20627
20791
29327
13053
27339
12104
24587
7693
13211
13148
19271
7304
16966
25574
7163
13361
16632
9778
23291
97
4394
18131
5821
10805
19387
20608
9769
1226
13828
22978
5768
21187
8646
22359
19814
27914
2849
4483
25559
23548
14548
8313
19273
18628
2382
9977
23583
24574
24872
11428
11080
14641
17114
12235
14819
27947
27363
18987
24000
24554
14134
28134
10090
14729
12220
5108
28361
20611
10992
13173
26014
8535
27519
25194
13381
26415
18542
13869
19731
3993
11063
15171
18562
2305
28414
5130
24505
1856
1804
27043
29923
28488
28018
9482
23886
6360
6801
3216
9152
728
21672
29484
10299
17467
11681
5044
15323
14919
3745
12384
1465
19710
15149
21781
3668
25052
18433
9208
22080
20914
20697
24362
15570
23981
17215
16046
6310
1254
20551
20932
688
7262
19286
2611
21849
2951
10922
600
16786
7884
25328
19753
6
12357
5974
10181
16934
29430
1589
18664
21371
21488
293
8306
11051
4063
5096
5194
4128
5275
11069
6269
21490
15251
28472
8381
22071
624
28286
21092
13002
8180
2383
21370
15423
24568
5044
1426
19079
22457
21656
4262
23976
21852
1353
3285
7316
9597
12355
14367
27066
8988
21767
377
17283
2200
17202
19687
24893
27672
29400
14576
2312
20195
23865
20955
24956
6584
18389
1546
15344
15364
15724
27206
18380
1896
14945
15829
26334
45
24341
24515
7896
4137
3791
21993
1200
2326
13160
22464
19412
9221
29698
18297
8034
20526
12610
185
4129
19513
28014
22282
1978
17976
23195
3214
10614
15764
26881
13084
8301
20845
16232
26259
10124
11323
1678
3415
11161
22832
18942
29599
13614
26196
4681
9587
2915
25764
8307
29172
8655
9631
6876
28975
7508
17989
11148
26489
21753
26669
8046
1095
715
24428
6324
8987
18426
21124
20436
5500
8727
19424
19846
12697
1125
13141
23174
16965
28193
14177
1975
25391
7727
5707
18828
4236
16029
1210
5485
2032
15531
23560
10594
23046
7620
22684
10275
25128
21969
14475
12874
4378
5621
28822
17006
12181
7497
9190
1730
13799
8532
6874
28299
16776
9829
15005
27218
17313
15427
