30 120
  1   2   12
  1   3   31
  1   4   42
  1   6   69
  1  16   12
  1  17   32
  1  18   97
  1  22   28
  1  26   97
  2   9   42
  2  10   61
  2  12    8
  2  15   47
  2  21   82
  3   5   36
  3  14   64
  3  18   17
  3  27   80
  3  28   86
  4   8   33
  4   9   30
  4  14   34
  4  22   29
  4  26   57
  5   7    8
  5  25   13
  6   7   12
  6   8   36
  6  10   86
  6  11   99
  6  20   22
  6  25   26
  6  28   16
  7  15   32
  7  18   10
  7  20   30
  7  22   47
  7  23   74
  7  28   82
  8  12   29
  8  14   50
  8  15   35
  8  18   43
  8  20    3
  9  12   80
  9  13   57
  9  18   53
  9  21   95
  9  26   30
  9  28   31
 10  11   91
 10  12   54
 10  18  100
 10  19   90
 10  20    5
 11  21   90
 11  22   57
 11  25   57
 11  29   75
 12  14    6
 12  28   72
 13  17   77
 13  20   25
 13  21   15
 13  22   50
 14  18   88
 14  22   99
 14  24   44
 15  16   13
 15  17    2
 15  25   73
 15  26    4
 15  27   71
 15  29   67
 16  19    7
 16  25   43
 16  26    8
 17  21   90
 17  26   90
 17  30   57
 18  19   13
 18  20   77
 18  21   79
 18  24   12
 18  26   30
 19  20   51
 19  22   96
 19  27   19
 19  29   20
 20  22   98
 20  23    3
 20  25   30
 20  30   10
 21  25   46
 21  28   91
 21  30   63
 22  24   89
 22  25    7
 22  28   95
 22  29   62
 23  24   78
 23  25   88
 23  28   55
 23  30   59
 24  25   56
 24  26   42
 24  28   47
 25  26   77
 25  27    6
 25  28    2
 25  30   65
 26  27   14
 26  29   85
 26  30   95
 27  28   46
 27  29   76
 27  30   26
 28  29   13
 28  30   67
 29  30  100
