300 200000
18 59753 824 200000
-94 36220 297 200000
-77 160891 775 200000
-18 21806 79 200000
-86 140866 550 200000
-1 23690 581 200000
-91 3683 824 200000
-18 93761 739 200000
81 189052 877 200000
-24 64264 746 200000
-27 123466 636 200000
48 80797 258 200000
84 16714 332 200000
27 134020 397 200000
87 75230 49 200000
51 187735 385 200000
-47 51443 549 200000
29 146365 370 200000
-7 168097 980 200000
-94 37626 173 200000
91 121170 191 200000
98 21416 654 200000
-48 29223 378 200000
-52 7235 388 200000
66 139159 750 200000
-9 55083 904 200000
24 42521 512 200000
76 47974 681 200000
-32 172869 912 200000
-14 28261 499 200000
-88 43830 858 200000
73 170632 59 200000
-68 99762 601 200000
-17 92388 364 200000
59 83021 31 200000
-33 135427 494 200000
-7 130570 838 200000
-36 60076 394 200000
-89 159300 506 200000
-30 1765 223 200000
31 112588 509 200000
-2 62071 503 200000
16 117972 714 200000
25 91441 763 200000
-48 49228 890 200000
-39 183215 443 200000
45 109066 610 200000
7 72924 791 200000
3 97775 370 200000
-6 108214 345 200000
73 73480 88 200000
99 186257 464 200000
52 180018 955 200000
-97 147039 543 200000
50 179714 913 200000
33 72750 476 200000
-40 41763 658 200000
69 94962 665 200000
-99 175169 754 200000
45 18053 295 200000
-52 168678 858 200000
96 189100 918 200000
54 67043 376 200000
-90 7452 269 200000
-66 158962 115 200000
-10 197501 504 200000
-37 127961 960 200000
8 143597 293 200000
66 35345 551 200000
11 197256 15 200000
57 2024 334 200000
-72 101415 195 200000
-67 104868 581 200000
-68 136614 110 200000
13 179945 209 200000
-70 105899 5 200000
-11 63773 401 200000
47 191203 74 200000
-36 166793 404 200000
-35 56591 846 200000
-2 140995 457 200000
-23 155072 546 200000
-70 55178 45 200000
37 64862 708 200000
-91 39345 857 200000
-18 178991 617 200000
-35 9344 777 200000
-25 29398 437 200000
-9 173463 479 200000
92 150362 20 200000
-46 162324 413 200000
56 6377 965 200000
-78 196535 350 200000
55 140701 250 200000
-10 154372 662 200000
4 112190 513 200000
-79 147369 310 200000
85 196359 253 200000
69 160737 809 200000
-54 24301 670 200000
-84 38808 993 200000
98 66397 621 200000
-43 19664 83 200000
-18 131589 601 200000
5 197699 862 200000
-36 54551 173 200000
-13 103562 240 200000
69 173130 799 200000
3 114941 818 200000
-9 136417 355 200000
-4 17948 743 200000
-4 75695 974 200000
50 134765 873 200000
-55 117211 99 200000
44 32615 987 200000
0 87713 850 200000
-33 159183 544 200000
54 141209 123 200000
-63 191393 851 200000
70 85116 511 200000
-33 191665 516 200000
-12 140644 272 200000
48 9042 82 200000
67 171027 348 200000
8 103799 99 200000
39 97783 494 200000
-26 177176 606 200000
-12 98220 565 200000
54 171287 418 200000
77 28419 739 200000
63 42724 812 200000
45 166530 976 200000
54 153694 804 200000
-30 145835 452 200000
-22 147195 457 200000
-3 176642 448 200000
-18 186473 473 200000
68 120649 37 200000
-54 64693 457 200000
96 72846 571 200000
49 144621 547 200000
-16 26343 996 200000
-20 93889 971 200000
-53 169213 991 200000
-58 36399 441 200000
66 137607 470 200000
-9 176352 794 200000
-68 80088 544 200000
-14 137740 543 200000
-65 21212 823 200000
-18 53605 501 200000
-10 109726 643 200000
-8 59123 411 200000
-35 72398 301 200000
-49 116732 823 200000
-97 69890 205 200000
-81 61350 753 200000
-80 177018 68 200000
63 3167 86 200000
-28 8040 11 200000
91 39037 95 200000
86 123824 307 200000
-77 162658 159 200000
-14 199084 98 200000
26 54563 113 200000
44 23219 508 200000
7 181481 287 200000
78 182811 912 200000
95 183255 772 200000
-2 43388 655 200000
-31 24748 811 200000
85 54007 208 200000
-39 116460 70 200000
1 104951 879 200000
30 196922 152 200000
-60 172407 265 200000
-60 57737 467 200000
-53 39237 665 200000
51 20467 706 200000
16 63621 551 200000
-74 93225 808 200000
1 61048 196 200000
-28 36493 896 200000
-50 85758 719 200000
-53 18524 411 200000
-89 97754 699 200000
72 83152 933 200000
44 170102 14 200000
-16 167429 376 200000
42 167719 923 200000
42 143770 648 200000
-35 11505 329 200000
50 140570 525 200000
-23 40142 851 200000
95 58204 252 200000
-89 179883 158 200000
-58 128743 38 200000
86 151476 565 200000
46 90266 167 200000
-97 52497 880 200000
-6 1483 880 200000
-8 127537 793 200000
2 50543 942 200000
-21 12742 294 200000
-94 74042 561 200000
52 37904 186 200000
65 132999 6 200000
22 167711 380 200000
11 156089 533 200000
-18 81427 46 200000
40 193699 252 200000
-2 121767 295 200000
51 172965 690 200000
4 48238 713 200000
44 194968 756 200000
-72 133852 92 200000
-2 98156 628 200000
-14 165127 826 200000
57 193296 61 200000
2 11439 248 200000
-79 91154 328 200000
-66 19324 523 200000
13 106824 762 200000
-57 92936 49 200000
-7 109614 468 200000
76 47581 20 200000
-11 85328 577 200000
21 134336 42 200000
92 192619 116 200000
81 161774 680 200000
-42 128591 448 200000
-46 48357 650 200000
-98 120455 213 200000
4 139750 156 200000
-28 19900 922 200000
-31 139770 429 200000
44 170263 205 200000
87 61811 743 200000
-59 137190 349 200000
-80 139572 280 200000
83 143297 593 200000
74 87155 260 200000
-50 22829 382 200000
-75 68798 896 200000
-39 171456 548 200000
-24 115772 200 200000
84 9606 377 200000
-29 134838 538 200000
74 198948 429 200000
-66 77462 561 200000
-29 128507 37 200000
25 170094 444 200000
-93 181647 17 200000
-30 62907 644 200000
-71 14505 190 200000
-46 189420 417 200000
-78 27066 876 200000
-72 78302 174 200000
35 138176 128 200000
37 29418 48 200000
-94 149870 403 200000
-10 88929 387 200000
-66 38791 137 200000
85 72790 341 200000
26 193739 124 200000
-48 184797 49 200000
39 141397 103 200000
-7 138579 21 200000
15 190532 299 200000
92 75166 140 200000
-54 175321 541 200000
36 21302 741 200000
28 85728 405 200000
46 64933 714 200000
61 20179 449 200000
77 162763 762 200000
88 10619 504 200000
52 83940 552 200000
-75 117272 520 200000
71 60238 290 200000
-89 134467 336 200000
-61 99589 858 200000
46 130322 46 200000
-7 11250 128 200000
55 49852 571 200000
15 7844 750 200000
47 91005 650 200000
30 34397 603 200000
99 144764 101 200000
-51 169744 777 200000
91 49004 448 200000
21 17641 887 200000
-6 184112 787 200000
35 73166 391 200000
16 43138 652 200000
-38 104804 433 200000
40 194965 915 200000
-98 80214 350 200000
66 34681 492 200000
73 167121 902 200000
