300 200000
-4 91693 86538 200000
9 103167 18995 200000
-9 65473 99931 200000
-8 183773 19667 200000
4 177387 32980 200000
-8 159175 68145 200000
5 143701 8265 200000
2 179927 97889 200000
1 41537 49778 200000
-4 144054 97982 200000
7 118155 22793 200000
-2 111620 35717 200000
1 167918 15471 200000
-2 178043 88345 200000
2 89994 44263 200000
-9 57231 52765 200000
1 11365 15448 200000
3 121176 44573 200000
0 56303 92240 200000
-3 95858 58758 200000
-3 155210 5564 200000
4 76004 66665 200000
-4 9929 32113 200000
-6 113601 91548 200000
-1 48376 66758 200000
2 60492 67224 200000
-7 118109 18904 200000
-10 83999 24444 200000
-4 130238 86724 200000
1 172430 24329 200000
-5 196516 88049 200000
6 157511 33604 200000
4 109534 38243 200000
-4 40572 50808 200000
-9 102664 41033 200000
-4 174917 23409 200000
1 45452 84624 200000
-2 3775 28481 200000
-2 60970 77933 200000
-8 15034 73599 200000
4 48629 37719 200000
1 59986 79203 200000
-3 157534 44747 200000
-1 129755 1259 200000
9 82101 50855 200000
7 121923 10297 200000
-6 173 60719 200000
3 128114 80915 200000
-10 3872 26027 200000
-1 198901 3714 200000
4 60306 76486 200000
9 67932 22356 200000
3 161018 35696 200000
-5 114144 63226 200000
-6 78463 77693 200000
0 199881 52810 200000
6 21183 11877 200000
-5 24783 85406 200000
4 198805 99554 200000
8 76864 434 200000
4 64668 40757 200000
-2 194017 66762 200000
-9 149359 88705 200000
-5 160280 23403 200000
-3 52595 97070 200000
-4 128714 40253 200000
8 158168 43175 200000
0 180416 751 200000
4 184219 93501 200000
-3 39375 73427 200000
-8 155536 50594 200000
3 84152 83485 200000
-5 190686 270 200000
-1 21389 6505 200000
-4 86475 37086 200000
2 42901 19826 200000
9 1465 36496 200000
4 38194 90715 200000
6 18161 33160 200000
-7 193089 42602 200000
-9 143328 47886 200000
-1 26498 26440 200000
9 89183 36813 200000
-10 185529 91043 200000
6 6968 30870 200000
-6 75603 44940 200000
4 100261 86779 200000
4 31693 67033 200000
-6 13338 17652 200000
6 31058 28452 200000
7 161926 98398 200000
7 60515 28170 200000
1 76439 61911 200000
0 44732 973 200000
3 172348 54979 200000
-3 7797 99986 200000
4 78830 71338 200000
8 14822 55715 200000
1 101361 34743 200000
9 20622 40079 200000
7 105239 75227 200000
1 128694 29477 200000
-5 115847 38216 200000
0 30417 15933 200000
8 56572 34998 200000
-6 37415 13743 200000
-4 172432 60962 200000
2 106226 56090 200000
-5 24891 71658 200000
2 2313 70814 200000
3 121495 31730 200000
-8 133499 802 200000
2 82214 54882 200000
0 112958 86735 200000
4 106773 25317 200000
-5 163529 45843 200000
6 171970 64940 200000
-10 150334 87487 200000
-4 156605 27817 200000
1 52300 13545 200000
-9 97419 8821 200000
9 135508 39275 200000
4 118577 58474 200000
-1 2698 5090 200000
3 140847 24041 200000
-2 134687 2640 200000
-7 177610 48021 200000
0 174237 40986 200000
-9 58958 91382 200000
-2 149842 89227 200000
0 81556 93240 200000
-4 167024 95311 200000
3 138433 11017 200000
-10 87220 21497 200000
3 44815 51071 200000
9 191622 99454 200000
-7 6032 66575 200000
-10 182560 76599 200000
9 101231 61111 200000
-6 149235 5794 200000
-2 54970 88373 200000
5 177030 18914 200000
5 413 15885 200000
3 67169 34843 200000
2 84016 11815 200000
6 134761 20151 200000
-5 73269 86734 200000
2 175244 80804 200000
-1 7578 93651 200000
4 55648 24723 200000
8 26758 29192 200000
-1 93958 31610 200000
5 76817 66534 200000
-2 103701 35379 200000
5 41748 51687 200000
0 42100 26939 200000
2 164004 73837 200000
-6 44808 47444 200000
3 80921 19929 200000
1 155472 52900 200000
-9 92756 99988 200000
1 162956 16467 200000
-4 168128 30633 200000
-5 189157 63889 200000
-8 111703 58313 200000
4 134153 50573 200000
-5 154600 83078 200000
0 101846 40543 200000
3 75352 85273 200000
3 131513 12576 200000
-9 107560 24093 200000
-8 161559 15500 200000
9 41461 26033 200000
-7 5036 85287 200000
8 90629 6649 200000
-4 49969 58581 200000
-10 1216 17949 200000
1 8260 76960 200000
-1 199997 73161 200000
-2 33859 60598 200000
0 141823 92555 200000
-6 105272 74152 200000
5 35520 93817 200000
-2 25404 42380 200000
4 16813 30184 200000
3 64725 50620 200000
0 140849 44790 200000
-2 128354 98453 200000
-2 4854 61441 200000
-6 61497 85657 200000
-1 172393 49901 200000
2 83854 80590 200000
8 123774 18435 200000
4 46871 87709 200000
9 1333 40844 200000
-5 67565 66963 200000
7 198491 23738 200000
6 186678 25155 200000
-3 148115 71615 200000
-5 98881 9474 200000
3 125974 30420 200000
-3 133297 13705 200000
6 153529 34771 200000
-10 89054 57239 200000
-10 46831 9310 200000
6 31032 3788 200000
4 140558 5238 200000
6 141549 9520 200000
-4 64534 63492 200000
-10 35341 56554 200000
4 148847 71156 200000
-5 156205 73609 200000
-1 191794 24757 200000
-3 9161 78686 200000
-8 2283 90202 200000
-6 13357 67007 200000
0 11741 33500 200000
-2 93205 60678 200000
-5 72455 67861 200000
9 36307 33489 200000
-5 2278 93479 200000
8 132913 51136 200000
4 58811 22803 200000
-4 171671 97785 200000
-2 146190 55042 200000
1 48880 4039 200000
-6 101427 34144 200000
0 113545 34743 200000
-6 66828 81148 200000
-6 5817 88153 200000
8 88399 43369 200000
-1 116807 78277 200000
-1 110602 59520 200000
-4 164360 72084 200000
-10 4900 46939 200000
6 30408 84931 200000
7 10085 19420 200000
-8 39531 91923 200000
-3 11384 49092 200000
-8 139604 17867 200000
-9 159216 71484 200000
7 190534 36309 200000
3 156554 67280 200000
4 104586 73757 200000
3 3634 23983 200000
-6 139216 37717 200000
7 110024 88492 200000
-9 199385 35700 200000
9 76003 48640 200000
9 34579 74002 200000
0 147670 22118 200000
-3 97542 20429 200000
5 149683 18333 200000
3 61808 54023 200000
-3 4814 25194 200000
3 93036 82118 200000
2 78148 98323 200000
-9 1817 15730 200000
5 192251 22501 200000
-1 158519 21147 200000
6 140970 20750 200000
-1 199700 48017 200000
0 85661 43076 200000
1 68009 2570 200000
-7 14386 62781 200000
-8 55615 21568 200000
7 150888 38100 200000
-10 4374 28783 200000
-2 102745 37515 200000
-9 76870 25371 200000
-5 167876 73891 200000
4 187367 88424 200000
3 65104 15718 200000
9 84783 99265 200000
2 16078 39037 200000
-5 37658 33074 200000
4 168959 53338 200000
-1 89039 3213 200000
-9 170774 40784 200000
5 142912 36841 200000
3 147454 42101 200000
-10 130706 33502 200000
1 63199 35943 200000
2 159742 45962 200000
8 135069 9861 200000
-10 120118 35535 200000
8 9826 43633 200000
-9 143884 98259 200000
-10 88350 7476 200000
6 120144 56639 200000
9 150540 8890 200000
-2 12089 23617 200000
8 5366 7346 200000
9 129351 14890 200000
9 53819 99120 200000
-1 79206 43632 200000
-5 91728 72235 200000
-7 150740 14124 200000
5 22789 60350 200000
4 36742 35357 200000
