300 200000
-26390 129522 7 200000
11291 168234 10 200000
23007 1697 2 200000
-39109 138488 9 200000
44638 12597 7 200000
-32671 29882 3 200000
2770 80223 6 200000
39985 37640 4 200000
-28359 80326 10 200000
-15517 167986 1 200000
4584 45986 3 200000
-49946 75766 8 200000
-43195 151686 1 200000
-49286 28726 4 200000
-9204 12413 1 200000
1429 92585 8 200000
28554 161177 2 200000
10047 149072 2 200000
18309 96584 8 200000
26613 164459 10 200000
-25646 128232 6 200000
25866 88686 4 200000
27485 131228 10 200000
29506 2159 6 200000
-17435 48416 2 200000
37493 3105 1 200000
-1474 37081 7 200000
39698 52677 5 200000
-3187 139185 6 200000
-1863 135711 9 200000
879 131105 5 200000
-49057 188071 2 200000
39730 43663 5 200000
-1362 59970 8 200000
-9062 11419 7 200000
-30141 36144 6 200000
-45122 134837 5 200000
-48786 33095 10 200000
32456 163953 7 200000
9174 26016 4 200000
-48007 46493 1 200000
34706 13072 3 200000
-5565 116434 3 200000
-27407 16666 1 200000
38092 115401 7 200000
16627 30434 8 200000
-43246 175664 2 200000
38989 127909 2 200000
31777 101693 10 200000
42057 103272 8 200000
-11745 80067 8 200000
18467 143726 7 200000
-16479 52675 6 200000
-42674 191022 1 200000
-29453 13252 8 200000
-11443 4932 8 200000
46452 110310 6 200000
-40710 127719 9 200000
-5929 56179 6 200000
-3485 78171 7 200000
-3869 139063 10 200000
43976 106408 8 200000
-10668 146641 7 200000
17086 99018 9 200000
-16200 104075 3 200000
41711 85418 2 200000
-27918 142311 3 200000
41847 70477 3 200000
-47813 171514 7 200000
31241 152652 8 200000
-16452 187134 8 200000
-28184 67844 2 200000
-16906 167138 10 200000
-42002 190030 9 200000
-31558 65444 7 200000
-44472 158834 8 200000
31953 3874 4 200000
47032 1367 3 200000
-15883 99629 6 200000
18386 30526 4 200000
-45099 5472 6 200000
-39168 93296 10 200000
49717 187376 6 200000
-8450 149237 7 200000
-49172 123523 10 200000
-31202 145031 10 200000
16965 183174 8 200000
19398 129414 7 200000
-37025 97402 10 200000
19661 54445 3 200000
19309 193806 8 200000
-18943 195397 3 200000
-46314 16627 1 200000
-1948 149785 10 200000
-37035 65132 2 200000
-20310 128297 1 200000
49658 95652 5 200000
-48292 57954 10 200000
-664 150597 3 200000
26233 146062 6 200000
-19595 112070 10 200000
35024 126473 7 200000
29005 95877 2 200000
-13657 43188 3 200000
43311 160021 5 200000
49207 23021 3 200000
41391 149337 1 200000
-41011 183230 2 200000
-43182 150162 6 200000
38475 81236 7 200000
-30443 37813 3 200000
-25723 129715 6 200000
9062 184705 6 200000
28452 34345 9 200000
-15287 102031 4 200000
9894 85696 6 200000
-3595 115690 1 200000
-17764 66744 1 200000
-9420 194594 10 200000
-35893 190261 5 200000
-16665 181788 10 200000
13452 42036 5 200000
-29088 109868 7 200000
18988 1795 9 200000
-43162 39526 8 200000
-10323 140146 2 200000
18452 34608 7 200000
6179 34181 4 200000
-27846 83292 4 200000
17879 179883 3 200000
-30630 47093 1 200000
41319 185908 6 200000
-212 116888 7 200000
-40892 106942 5 200000
-49157 145606 5 200000
-15981 17712 3 200000
-25210 182710 5 200000
48397 138155 6 200000
11648 78960 5 200000
-27585 14590 9 200000
7408 14679 9 200000
11210 6105 7 200000
36914 105607 5 200000
-9500 194629 2 200000
38100 147872 10 200000
-33131 88786 7 200000
-33798 27616 9 200000
8219 105040 8 200000
13274 175032 5 200000
1543 184962 6 200000
13473 48280 5 200000
13822 198479 6 200000
-46868 179405 1 200000
11800 160251 4 200000
30896 166156 7 200000
-40316 142038 7 200000
-43214 180751 5 200000
-42781 115379 4 200000
-36785 155935 6 200000
-45016 160476 2 200000
-37642 1010 10 200000
-14113 79236 8 200000
-19447 20792 2 200000
-5342 119997 6 200000
37824 26289 8 200000
-34427 191915 10 200000
12966 38977 7 200000
17612 129657 1 200000
-35110 80070 4 200000
15951 34186 9 200000
-40465 186921 1 200000
-35011 148531 7 200000
-32308 188659 9 200000
3606 50151 7 200000
-24500 123811 6 200000
-18032 103666 6 200000
36735 21821 10 200000
-45421 113579 4 200000
34376 131236 7 200000
21181 13732 3 200000
28925 192811 8 200000
-36609 182947 9 200000
43946 47017 2 200000
-29507 92438 1 200000
-27314 145995 5 200000
44018 184258 10 200000
-26083 138926 10 200000
-22070 89853 7 200000
22844 115310 9 200000
20934 69597 5 200000
12040 68088 2 200000
42715 156400 10 200000
47759 146471 7 200000
-33005 100141 3 200000
14901 31629 6 200000
-13493 162283 6 200000
-45231 124367 5 200000
-7213 173841 4 200000
-44434 165879 8 200000
43858 77454 3 200000
6634 49796 6 200000
15647 129866 2 200000
-40294 67652 5 200000
-48375 120540 8 200000
-33148 157989 1 200000
-47664 73149 6 200000
99 40585 10 200000
1449 116924 10 200000
-36473 140504 10 200000
46302 111220 8 200000
-37806 140186 9 200000
-3540 69308 8 200000
29021 31237 10 200000
-10269 96861 6 200000
2385 93267 5 200000
-34614 192201 6 200000
36718 148312 1 200000
14008 110921 7 200000
36775 91731 4 200000
24796 13624 8 200000
-1149 190787 3 200000
-6218 55343 1 200000
28830 39164 4 200000
11387 16640 2 200000
-11386 20921 3 200000
-7787 23207 4 200000
19967 94068 10 200000
-24768 35453 1 200000
-5537 135028 8 200000
44655 117807 3 200000
-6573 36263 10 200000
4773 108399 2 200000
27512 144112 2 200000
-23204 22249 5 200000
-49341 2946 5 200000
-33022 91769 10 200000
30681 30254 3 200000
21174 58331 2 200000
-49097 18489 8 200000
-45200 163683 2 200000
5836 157874 2 200000
-21290 40366 5 200000
-11846 188866 9 200000
-47640 45464 3 200000
41049 116101 7 200000
9877 9967 5 200000
-27500 147992 6 200000
24163 101672 4 200000
-27286 107636 5 200000
43723 64529 5 200000
19534 66298 5 200000
16891 194439 1 200000
19655 140366 1 200000
-11341 150377 3 200000
-11760 31849 6 200000
35784 73996 3 200000
45177 122026 2 200000
-18205 181809 9 200000
-47707 84397 10 200000
19267 69812 10 200000
26218 193247 5 200000
34071 190853 7 200000
-9547 156433 3 200000
-39515 120924 1 200000
-12221 120587 10 200000
36070 173609 4 200000
-2008 12642 3 200000
35015 63242 3 200000
12076 193037 8 200000
30378 123649 6 200000
33641 56564 8 200000
2147 71269 8 200000
23918 55306 10 200000
15580 103511 10 200000
-13089 164445 6 200000
47313 10488 1 200000
7155 167787 3 200000
-30444 176474 2 200000
-7212 70136 3 200000
-43926 108148 7 200000
40931 57949 8 200000
28012 132953 2 200000
36978 177059 1 200000
-38233 36843 6 200000
30792 137040 6 200000
25885 32651 3 200000
36128 132353 5 200000
48929 188693 5 200000
37578 67449 4 200000
48703 116426 5 200000
-31512 184313 9 200000
44274 78990 7 200000
-6126 63057 6 200000
-18644 167124 2 200000
-4109 47093 3 200000
434 20502 6 200000
31274 122387 3 200000
-931 130121 10 200000
-17973 178532 9 200000
32218 72400 5 200000
