300 200000
-12700 185702 2635 200000
21472 177685 48414 200000
-8967 118571 99115 200000
-17098 85434 83115 200000
26663 101090 50668 200000
-15768 38347 51285 200000
-19288 65878 50500 200000
-20470 91398 7611 200000
-18389 148585 64507 200000
-36378 31560 67311 200000
-34764 13995 83852 200000
41848 125368 65335 200000
-3878 141547 17960 200000
46898 26754 12013 200000
-14808 196365 63634 200000
-13383 115271 84640 200000
15068 47517 21379 200000
31718 6546 6961 200000
-4277 179363 55592 200000
21830 83854 35286 200000
27835 51832 98047 200000
-4837 161655 23387 200000
-21048 14616 91806 200000
-47591 19535 26844 200000
11872 150583 36716 200000
-31639 93714 56812 200000
22630 7193 9158 200000
28906 83627 21169 200000
-32750 7645 33595 200000
20171 161192 3366 200000
10607 24089 85584 200000
11378 73452 79928 200000
-25124 63660 83261 200000
4120 176740 37865 200000
37581 146640 27150 200000
-28822 117180 59024 200000
-43481 94767 40387 200000
46121 160594 53974 200000
25543 163896 28529 200000
16459 74986 37498 200000
27355 23537 78014 200000
-10343 84900 58639 200000
10855 57999 16105 200000
44719 128428 28889 200000
-41790 179460 5632 200000
-4065 96241 21300 200000
2518 163224 41159 200000
-15218 148888 97101 200000
27652 124731 94744 200000
-45388 9201 19142 200000
-25091 109146 12222 200000
-19583 163370 36758 200000
4490 139824 38776 200000
42067 198018 51911 200000
9637 27167 8061 200000
-24287 166721 49462 200000
39934 60031 62226 200000
-36621 195367 70742 200000
40855 148214 90293 200000
47943 110562 5518 200000
-28344 121672 20694 200000
-44370 133252 27383 200000
1020 27377 94296 200000
45517 119667 18559 200000
47026 107249 13428 200000
-46340 145378 66984 200000
13117 192616 47415 200000
-31798 186177 20169 200000
16356 151714 14431 200000
49912 15473 38828 200000
34787 63988 70754 200000
-5607 47611 21551 200000
-49464 120520 65191 200000
29049 84993 36548 200000
-14537 191029 2922 200000
883 146805 55440 200000
4902 171923 94525 200000
18808 195784 19663 200000
27906 41741 79810 200000
-47729 4454 94190 200000
-7768 190007 69554 200000
33616 56224 35696 200000
44972 130466 23865 200000
-10328 182505 57226 200000
-8746 103086 93975 200000
-34376 75014 72775 200000
-37024 43168 4128 200000
-7051 60224 81765 200000
14553 76724 11613 200000
-4566 10396 28598 200000
-858 198261 88777 200000
27730 12556 28448 200000
40795 83082 90037 200000
-49506 44263 59709 200000
23270 90003 63333 200000
3605 62423 21051 200000
-12283 54069 13360 200000
6766 49618 99645 200000
-7701 129265 1892 200000
23352 124299 8664 200000
-35265 79612 74912 200000
48691 144489 93432 200000
-27652 196043 99352 200000
37301 49336 3576 200000
-19662 102637 69972 200000
43878 97886 57549 200000
12900 87645 44465 200000
25252 101713 54332 200000
11112 95640 46687 200000
44831 152264 70976 200000
8906 129068 61633 200000
-1666 171311 1605 200000
-21943 191826 31568 200000
-43720 164639 87727 200000
-12072 36029 56217 200000
24380 158541 47860 200000
46687 51123 16634 200000
45962 177794 669 200000
-22536 19740 53001 200000
-2985 132939 56809 200000
28754 74584 30509 200000
43021 23089 19658 200000
4913 35414 37538 200000
-15127 197931 57478 200000
16811 35939 85562 200000
-33157 146643 89624 200000
24909 79935 74807 200000
25962 151063 63980 200000
26132 96246 26994 200000
27213 193649 57895 200000
-28203 29101 5399 200000
45875 39961 93724 200000
-36394 166076 42054 200000
31644 60025 7064 200000
29298 168187 39891 200000
-45571 182113 91223 200000
-15623 178464 70759 200000
-2080 62332 67404 200000
15245 120392 64605 200000
-31103 186946 25854 200000
13382 156371 80582 200000
3315 101872 97285 200000
18479 2357 3206 200000
-27655 62197 94225 200000
-5433 155210 35476 200000
10093 165871 13635 200000
-23263 58346 16798 200000
1149 76309 1586 200000
23685 57022 68738 200000
36169 153334 97768 200000
9644 34066 38486 200000
37286 97698 27458 200000
35431 113195 6370 200000
19038 132199 31508 200000
-36103 32410 60449 200000
3213 13183 18306 200000
-30983 95185 36483 200000
-31546 129287 97352 200000
-28463 65398 3406 200000
39948 74739 63987 200000
13473 18806 58136 200000
-22919 99968 21957 200000
-33603 99356 58094 200000
-14854 165035 8405 200000
-35830 186018 77840 200000
-6383 27297 27181 200000
-5051 75846 90835 200000
-46670 184374 4523 200000
48317 61921 71358 200000
27847 44377 29984 200000
16340 40117 87214 200000
-26164 119752 71988 200000
-26334 152837 92722 200000
-1836 162432 4224 200000
-45006 100585 10287 200000
-18142 100920 66674 200000
20066 54049 74333 200000
-41168 193294 77292 200000
17127 131946 87656 200000
-21589 87618 85926 200000
-24857 139343 12336 200000
16373 103138 78759 200000
-9282 25218 17225 200000
-44222 78341 35760 200000
-5158 59179 41308 200000
43803 156476 86194 200000
16286 52608 46916 200000
48479 175686 62099 200000
-49693 48406 79442 200000
8349 4483 28653 200000
1650 96246 64010 200000
-46885 126315 6702 200000
44459 181108 85187 200000
-6958 130944 46649 200000
16289 1788 91211 200000
34063 33345 29283 200000
-15140 176238 77088 200000
5748 158689 99543 200000
49621 87020 17880 200000
1493 150712 60179 200000
-16770 59889 33819 200000
-11621 106487 50921 200000
-19912 26724 77988 200000
-1500 192225 60255 200000
-358 76140 94275 200000
-41311 164472 21199 200000
7825 190151 50269 200000
28823 38646 93832 200000
14811 80598 2827 200000
4703 27518 58922 200000
7466 78587 27127 200000
-43642 93650 35630 200000
35911 171174 91362 200000
-466 66886 23868 200000
2636 37612 38497 200000
-30901 154933 7475 200000
-7351 113882 80955 200000
39270 27442 89349 200000
35041 101512 6156 200000
-44611 97474 81784 200000
-20886 68721 133 200000
41313 137416 49095 200000
-35504 175169 65770 200000
-43337 67840 17822 200000
3058 186288 28371 200000
-2952 194416 88481 200000
19843 161743 30316 200000
-8879 84124 58342 200000
-45142 78880 76373 200000
39171 162938 64310 200000
9795 129899 37538 200000
-42716 161317 92945 200000
33020 187982 18428 200000
-7524 23765 61319 200000
-27911 12949 69854 200000
8617 161743 58175 200000
-12272 150411 79993 200000
6844 65945 95668 200000
-24659 77263 21617 200000
-21030 142641 86738 200000
-28176 48874 64893 200000
-21284 45438 22398 200000
29770 141855 75499 200000
35246 111751 69099 200000
24420 196484 67801 200000
-19500 178851 71558 200000
43832 112017 9821 200000
28320 25905 2763 200000
23574 9463 78303 200000
-41538 171209 13902 200000
-32288 148146 52986 200000
-1271 95922 88403 200000
-17074 42018 95070 200000
-28814 96853 71670 200000
-1430 61079 81744 200000
18016 93873 6692 200000
-48779 41131 47976 200000
34827 9233 60447 200000
-33567 124564 97587 200000
16447 18427 21278 200000
32725 123385 54095 200000
6784 76139 83595 200000
-2451 147077 81042 200000
-37216 194431 95747 200000
-34761 127674 12643 200000
-6838 58676 6938 200000
14486 189449 77630 200000
-2917 54865 42324 200000
-36285 57695 77460 200000
21124 39202 49677 200000
30503 197249 48201 200000
-16631 182184 3858 200000
44002 169179 31573 200000
-24283 67727 64294 200000
-35641 12437 14820 200000
15268 144800 2974 200000
2622 121128 94646 200000
13991 20472 18405 200000
-30847 132976 55071 200000
-26237 196729 23608 200000
13407 107202 95336 200000
23394 79167 63787 200000
38076 150527 53100 200000
-4895 59350 38723 200000
21999 93993 99132 200000
-38192 157034 83962 200000
36706 22198 68571 200000
-46218 57406 40830 200000
49206 50467 40515 200000
-38902 108641 84594 200000
45373 64779 85822 200000
17595 133662 60203 200000
38590 51896 79598 200000
-12919 7028 64788 200000
2260 193849 39494 200000
9129 104838 77931 200000
25487 192885 94862 200000
-36731 153554 68002 200000
5649 12670 1475 200000
-19494 79783 47454 200000
