300 200000
-8 153433 167 200000
-1 113651 690 200000
-1 137277 934 200000
-8 33348 556 200000
-4 109813 628 200000
-8 80275 259 200000
-10 43518 152 200000
-8 130424 339 200000
1 113290 648 200000
-5 89028 35 200000
5 50270 587 200000
5 143561 132 200000
8 153593 823 200000
1 94173 813 200000
-8 88886 37 200000
-4 87004 866 200000
6 26931 400 200000
7 138476 504 200000
4 96435 650 200000
0 179589 834 200000
0 97665 974 200000
-2 151024 623 200000
-10 117015 255 200000
-3 51022 18 200000
2 195901 672 200000
3 169757 905 200000
-4 130741 978 200000
-6 179383 111 200000
6 727 257 200000
7 160795 474 200000
5 111033 191 200000
0 166448 774 200000
-3 163473 143 200000
7 62663 432 200000
-8 108574 395 200000
5 164193 739 200000
0 80259 519 200000
0 191665 262 200000
-10 75446 68 200000
-10 88547 68 200000
7 65688 198 200000
3 78172 314 200000
-9 87525 606 200000
-5 158532 61 200000
0 16527 129 200000
9 192130 202 200000
-1 23142 447 200000
5 113478 172 200000
8 51067 885 200000
-4 23437 346 200000
2 3653 619 200000
2 170400 454 200000
-8 172420 6 200000
3 163486 495 200000
6 148451 936 200000
-1 175932 871 200000
8 20899 539 200000
-8 185226 782 200000
2 11766 793 200000
-4 98168 221 200000
6 86185 303 200000
-4 150744 20 200000
-6 196038 222 200000
-2 105893 37 200000
-5 158073 993 200000
8 40133 70 200000
-5 174129 345 200000
-5 100107 691 200000
4 131401 308 200000
9 77248 170 200000
-6 171752 449 200000
8 81059 821 200000
6 198310 414 200000
-3 165998 299 200000
5 175216 283 200000
-3 75867 127 200000
1 133421 124 200000
-1 175719 424 200000
-4 141025 154 200000
4 109014 407 200000
7 162514 835 200000
1 137975 357 200000
-7 14506 838 200000
9 72105 50 200000
-3 3869 56 200000
5 62494 71 200000
3 48652 25 200000
-2 72351 837 200000
3 169768 311 200000
-10 119569 515 200000
1 8154 42 200000
7 127862 260 200000
4 26083 695 200000
2 74166 790 200000
-9 77119 430 200000
-7 145184 141 200000
-5 148176 243 200000
2 6252 262 200000
-2 99896 192 200000
-1 65539 596 200000
-6 96967 121 200000
8 65473 694 200000
0 113878 599 200000
7 111353 135 200000
-3 11186 535 200000
-1 74617 829 200000
-3 8509 512 200000
5 34448 747 200000
-5 77906 408 200000
-2 178830 719 200000
-6 80232 807 200000
-1 57035 684 200000
3 92153 242 200000
-8 103978 657 200000
-8 105827 193 200000
5 94559 216 200000
-9 171086 250 200000
7 85679 944 200000
9 93519 884 200000
-7 136439 867 200000
3 193484 44 200000
-3 182064 169 200000
-7 153057 780 200000
7 76401 828 200000
-6 146755 135 200000
-7 24950 130 200000
1 75747 702 200000
6 85983 965 200000
-1 141078 311 200000
-2 132220 302 200000
-9 15474 528 200000
-1 157447 742 200000
8 32443 720 200000
-5 30258 900 200000
-5 79551 639 200000
8 128292 658 200000
2 7998 680 200000
3 180670 248 200000
6 155150 878 200000
1 53090 687 200000
9 143678 397 200000
9 164406 567 200000
1 64058 700 200000
8 68325 721 200000
-4 72814 706 200000
8 110887 422 200000
-3 101679 814 200000
1 94787 774 200000
6 115030 349 200000
-5 110482 530 200000
8 188078 632 200000
-10 44357 251 200000
9 148432 395 200000
-7 58537 224 200000
-10 116044 127 200000
-4 39018 156 200000
1 101899 992 200000
1 35158 286 200000
1 193331 808 200000
-1 75364 927 200000
1 24011 27 200000
-6 134709 488 200000
4 112224 185 200000
-4 174809 257 200000
-4 106023 648 200000
7 34517 730 200000
-2 184675 927 200000
5 804 806 200000
0 146953 443 200000
-9 140731 859 200000
-1 4642 918 200000
-9 52625 596 200000
5 46194 442 200000
2 73695 551 200000
-7 104791 963 200000
6 60772 808 200000
-10 177203 643 200000
4 111661 428 200000
-9 186253 571 200000
-1 49875 966 200000
2 196661 361 200000
0 83589 5 200000
-4 99175 396 200000
-8 57800 708 200000
7 120050 778 200000
6 41851 441 200000
1 137626 211 200000
6 121952 606 200000
-7 141562 435 200000
-2 64216 971 200000
-7 103854 691 200000
5 198574 386 200000
3 160751 97 200000
7 137495 354 200000
3 145152 403 200000
-6 47416 557 200000
8 140426 128 200000
5 152169 74 200000
-1 105283 872 200000
-5 110521 347 200000
-6 131731 295 200000
-4 73266 960 200000
-2 132090 806 200000
5 168222 835 200000
6 129964 369 200000
-5 153290 505 200000
2 120063 58 200000
8 54217 479 200000
-8 63559 525 200000
2 4796 907 200000
-10 74560 946 200000
6 24209 327 200000
7 191404 350 200000
-10 173386 257 200000
1 131836 586 200000
3 154624 293 200000
-10 197492 898 200000
3 94119 706 200000
8 171019 439 200000
9 38547 649 200000
-9 104784 470 200000
8 53243 890 200000
-10 48852 711 200000
4 195389 758 200000
6 96707 759 200000
-3 180963 198 200000
-6 87572 174 200000
-10 101349 698 200000
-6 27556 594 200000
7 144431 403 200000
4 40861 834 200000
3 169892 290 200000
-10 36893 892 200000
-5 42210 670 200000
2 68820 671 200000
1 138760 818 200000
-8 99694 369 200000
-6 71541 316 200000
-9 136883 234 200000
0 123027 32 200000
-8 146411 824 200000
-7 77717 99 200000
-10 27077 297 200000
2 187516 504 200000
9 2041 372 200000
-4 126560 118 200000
-1 194733 736 200000
7 29293 600 200000
-6 98966 587 200000
-2 181100 908 200000
4 31263 293 200000
-3 153219 821 200000
5 74382 162 200000
-1 121536 161 200000
5 51493 276 200000
0 74770 811 200000
3 39174 22 200000
8 188888 82 200000
-5 87131 930 200000
-6 131935 632 200000
-4 164725 92 200000
-6 186917 484 200000
-5 194611 469 200000
3 58851 921 200000
2 184230 649 200000
-2 125899 645 200000
6 106290 689 200000
-7 132239 370 200000
-10 92600 730 200000
9 31522 568 200000
-10 22001 724 200000
-8 54274 945 200000
9 193053 196 200000
-4 87094 484 200000
-1 16990 746 200000
-2 95124 91 200000
4 127710 851 200000
8 162375 996 200000
-9 83832 616 200000
4 92431 812 200000
7 22678 317 200000
-6 24777 935 200000
9 6039 596 200000
6 161201 946 200000
8 13107 104 200000
-1 108517 265 200000
-8 164001 634 200000
-3 92844 425 200000
-4 31864 591 200000
-4 77942 952 200000
0 109781 487 200000
-5 21734 127 200000
4 54590 168 200000
-1 15437 559 200000
-6 64324 241 200000
-7 148025 313 200000
-8 55662 504 200000
-5 79214 236 200000
-8 34003 397 200000
3 11251 675 200000
