300 200000
0 157611 62 1
0 195115 79 1
0 190141 6 1
0 189949 49 1
0 197539 49 1
0 150524 10 1
0 178277 4 1
0 146327 75 1
0 174568 81 1
0 164640 84 1
0 174519 7 1
0 174621 91 1
0 196551 44 1
0 185926 66 1
0 141953 40 1
0 197914 43 1
0 195169 83 1
0 135103 46 1
0 199681 12 1
0 144045 17 1
0 150188 82 1
0 146137 10 1
0 131888 31 1
0 120687 14 1
0 143268 40 1
0 153424 20 1
0 161076 17 1
0 197982 46 1
0 150815 77 1
0 168008 36 1
0 198624 72 1
0 191065 49 1
0 183248 94 1
0 120496 2 1
0 193961 91 1
0 189391 7 1
0 167487 41 1
0 196958 40 1
0 132685 89 1
0 171818 5 1
0 198599 10 1
0 173717 50 1
0 164789 38 1
0 199653 50 1
0 154456 63 1
0 180865 97 1
0 178539 73 1
0 173741 11 1
0 180508 36 1
0 168905 71 1
0 143851 9 1
0 155787 56 1
0 94138 44 1
0 192740 63 1
0 184616 100 1
0 180092 84 1
0 125353 23 1
0 191321 89 1
0 180592 99 1
0 153167 17 1
0 199803 13 1
0 161284 54 1
0 115439 20 1
0 195864 74 1
0 153470 17 1
0 136347 18 1
0 156603 55 1
0 90987 19 1
0 186677 84 1
0 102568 24 1
0 129479 94 1
0 141833 76 1
0 171926 18 1
0 189035 70 1
0 195303 68 1
0 140849 90 1
0 176313 5 1
0 141489 90 1
0 141658 61 1
0 150488 9 1
0 151973 37 1
0 198873 10 1
0 197394 65 1
0 148731 28 1
0 134713 61 1
0 166372 69 1
0 146954 65 1
0 190861 88 1
0 189824 32 1
0 166632 60 1
0 143753 17 1
0 154437 70 1
0 186316 57 1
0 192911 69 1
0 163548 48 1
0 176277 52 1
0 182729 8 1
0 199983 7 1
0 165917 58 1
0 178811 92 1
0 197080 42 1
0 186686 85 1
0 141766 26 1
0 187296 85 1
0 123381 13 1
0 190184 3 1
0 175174 41 1
0 199337 7 1
0 109702 98 1
0 167324 68 1
0 169264 53 1
0 178705 72 1
0 162812 66 1
0 175605 22 1
0 188191 4 1
0 58540 10 1
0 182916 89 1
0 197840 20 1
0 80476 48 1
0 174861 70 1
0 156850 5 1
0 187031 19 1
0 151863 82 1
0 164289 35 1
0 195963 48 1
0 141069 78 1
0 185503 52 1
0 196224 76 1
0 191169 38 1
0 162190 34 1
0 182632 25 1
0 145233 22 1
0 184815 56 1
0 96447 86 1
0 169700 77 1
0 130851 99 1
0 83324 84 1
0 158308 89 1
0 128384 86 1
0 181142 2 1
0 166521 15 1
0 167578 99 1
0 169947 36 1
0 175270 4 1
0 173664 65 1
0 163753 72 1
0 146850 78 1
0 172959 64 1
0 173935 36 1
0 191896 88 1
0 175007 15 1
0 191921 24 1
0 144827 22 1
0 188508 12 1
0 97655 94 1
0 159314 79 1
0 175641 78 1
0 185128 32 1
0 194480 2 1
0 167556 48 1
0 196704 55 1
0 167343 30 1
0 181715 15 1
0 185507 37 1
0 199405 97 1
0 187641 94 1
0 111628 31 1
0 184097 90 1
0 147514 18 1
0 159309 56 1
0 101471 70 1
0 116921 30 1
0 181561 54 1
0 192252 59 1
0 138464 34 1
0 162380 77 1
0 137960 72 1
0 142413 34 1
0 189905 48 1
0 189913 61 1
0 148854 11 1
0 185917 90 1
0 180614 61 1
0 191380 4 1
0 188136 93 1
0 191953 70 1
0 190390 45 1
0 197309 67 1
0 121163 88 1
0 197874 71 1
0 189548 80 1
0 162603 62 1
0 194052 83 1
0 134300 27 1
0 195184 36 1
0 171865 42 1
0 110578 13 1
0 188008 34 1
0 179858 49 1
0 197335 38 1
0 183549 47 1
0 129058 21 1
0 174280 9 1
0 147765 27 1
0 177465 10 1
0 195594 37 1
0 190749 48 1
0 190449 68 1
0 65355 50 1
0 136121 26 1
0 190212 72 1
0 174445 38 1
0 116240 49 1
0 158178 77 1
0 186470 58 1
0 188838 13 1
0 194925 20 1
0 176564 5 1
0 182769 100 1
0 182425 45 1
0 109536 16 1
0 197698 99 1
0 198022 33 1
0 138112 62 1
0 177484 71 1
0 126763 70 1
0 167843 72 1
0 164395 36 1
0 29978 53 1
0 188868 52 1
0 182496 5 1
0 153901 84 1
0 175534 4 1
0 179676 2 1
0 174817 95 1
0 196204 89 1
0 193629 72 1
0 175875 60 1
0 160750 92 1
0 179961 44 1
0 173693 99 1
0 139376 31 1
0 173873 12 1
0 119679 72 1
0 135589 98 1
0 197912 61 1
0 197166 43 1
0 122040 3 1
0 171955 26 1
0 169277 69 1
0 79516 94 1
0 185460 100 1
0 186418 88 1
0 160487 49 1
0 171212 89 1
0 194109 66 1
0 196313 78 1
0 168559 34 1
0 176701 12 1
0 144127 87 1
0 190002 24 1
0 174503 39 1
0 185622 1 1
0 197437 63 1
0 111273 31 1
0 177764 49 1
0 197988 64 1
0 114506 76 1
0 198146 77 1
0 154830 56 1
0 167326 56 1
0 192633 69 1
0 190430 99 1
0 180450 81 1
0 184298 72 1
0 176762 36 1
0 143282 82 1
0 198981 63 1
0 99142 62 1
0 153188 94 1
0 196438 95 1
0 192232 19 1
0 135685 91 1
0 150414 8 1
0 199834 43 1
0 198554 35 1
0 182238 21 1
0 193436 28 1
0 193601 4 1
0 166900 67 1
0 158149 71 1
0 165344 40 1
0 194274 62 1
0 191072 87 1
0 41053 25 1
0 198392 35 1
0 190471 6 1
0 152784 90 1
0 193036 97 1
0 94098 77 1
