300 200000
0 135602 424 6
0 77789 30 6
0 183585 301 6
0 175203 261 6
0 163375 667 6
0 164639 627 6
0 191932 297 6
0 192931 848 6
0 184875 510 6
0 182654 771 6
0 180971 736 6
0 174257 402 6
0 189218 213 6
0 180523 367 6
0 193212 661 6
0 198979 212 6
0 146900 575 6
0 144921 490 6
0 171251 964 6
0 158313 399 6
0 187355 345 6
0 161089 519 6
0 161080 673 6
0 190701 676 6
0 196842 802 6
0 196651 456 6
0 37203 678 6
0 143202 466 6
0 184490 997 6
0 197717 928 6
0 155260 401 6
0 198917 988 6
0 5673 706 6
0 193621 226 6
0 173798 923 6
0 186989 353 6
0 196036 349 6
0 199143 248 6
0 137808 754 6
0 150351 98 6
0 189490 605 6
0 71977 821 6
0 151773 1000 6
0 186674 872 6
0 195026 918 6
0 196805 107 6
0 160890 42 6
0 164381 379 6
0 178146 464 6
0 199646 686 6
0 183953 466 6
0 186615 140 6
0 146529 229 6
0 173692 478 6
0 161138 118 6
0 195183 595 6
0 139670 247 6
0 199747 721 6
0 194002 254 6
0 181303 922 6
0 123654 192 6
0 179324 79 6
0 199809 650 6
0 166427 40 6
0 189407 176 6
0 156736 957 6
0 105128 234 6
0 192985 703 6
0 199707 675 6
0 174336 490 6
0 188752 843 6
0 181408 983 6
0 185075 664 6
0 184911 877 6
0 141168 665 6
0 179391 784 6
0 135196 291 6
0 162984 349 6
0 198581 663 6
0 192700 4 6
0 192208 52 6
0 97809 567 6
0 199813 761 6
0 135124 722 6
0 176954 134 6
0 192841 548 6
0 168610 331 6
0 197169 5 6
0 194382 952 6
0 192048 336 6
0 191036 279 6
0 137666 131 6
0 185127 96 6
0 149684 636 6
0 171956 459 6
0 12541 599 6
0 127623 667 6
0 155999 205 6
0 194526 49 6
0 159521 335 6
0 72044 670 6
0 137045 243 6
0 147031 149 6
0 142863 310 6
0 171248 656 6
0 193274 539 6
0 197988 810 6
0 169336 315 6
0 192394 917 6
0 183793 229 6
0 180773 437 6
0 151776 864 6
0 184292 477 6
0 182555 535 6
0 115755 832 6
0 181145 468 6
0 179943 266 6
0 194268 496 6
0 139114 193 6
0 178663 593 6
0 150455 894 6
0 188699 845 6
0 134729 304 6
0 186598 791 6
0 97366 171 6
0 189453 104 6
0 77911 277 6
0 190718 135 6
0 175364 545 6
0 167564 844 6
0 97223 712 6
0 172731 921 6
0 199795 708 6
0 192791 210 6
0 166121 567 6
0 198107 287 6
0 174171 516 6
0 194012 943 6
0 37003 211 6
0 163723 688 6
0 148250 83 6
0 199512 612 6
0 175126 43 6
0 197261 77 6
0 116156 633 6
0 194901 749 6
0 122265 967 6
0 185838 223 6
0 186937 347 6
0 156851 82 6
0 169426 62 6
0 140436 687 6
0 193479 528 6
0 198925 913 6
0 170489 826 6
0 190650 949 6
0 171930 835 6
0 109522 98 6
0 172876 487 6
0 199255 962 6
0 146452 820 6
0 194373 265 6
0 182970 271 6
0 100266 542 6
0 190250 759 6
0 122385 744 6
0 172301 448 6
0 185258 66 6
0 163318 156 6
0 187367 42 6
0 158378 364 6
0 54681 663 6
0 175891 725 6
0 121748 817 6
0 171692 281 6
0 63562 709 6
0 125226 763 6
0 135130 377 6
0 131692 863 6
0 184977 773 6
0 192819 888 6
0 104879 843 6
0 165053 764 6
0 171052 504 6
0 170416 718 6
0 10248 315 6
0 152613 499 6
0 199783 429 6
0 195990 671 6
0 190472 354 6
0 198738 537 6
0 197953 319 6
0 169000 740 6
0 176988 340 6
0 141769 599 6
0 190027 452 6
0 148697 735 6
0 199758 843 6
0 167850 619 6
0 171106 928 6
0 178042 920 6
0 196838 155 6
0 111572 934 6
0 191587 1000 6
0 180706 435 6
0 191098 868 6
0 197559 303 6
0 148805 183 6
0 145825 944 6
0 172781 811 6
0 191444 151 6
0 175822 789 6
0 189374 906 6
0 129017 481 6
0 198803 483 6
0 157210 139 6
0 176940 97 6
0 187288 251 6
0 30459 229 6
0 159073 632 6
0 195503 80 6
0 155519 80 6
0 197726 995 6
0 77359 798 6
0 165377 79 6
0 192570 54 6
0 179512 623 6
0 170938 558 6
0 186951 658 6
0 78039 101 6
0 159403 269 6
0 186783 432 6
0 127300 672 6
0 190876 106 6
0 167676 520 6
0 193311 572 6
0 198069 150 6
0 110196 333 6
0 148502 373 6
0 196499 564 6
0 174952 770 6
0 190068 452 6
0 86709 703 6
0 190841 463 6
0 177692 256 6
0 177573 462 6
0 189166 41 6
0 183173 920 6
0 169965 231 6
0 171757 961 6
0 46632 623 6
0 186697 436 6
0 197348 357 6
0 189708 188 6
0 171620 590 6
0 129016 56 6
0 87066 439 6
0 198612 278 6
0 160067 807 6
0 160010 825 6
0 180843 850 6
0 179592 461 6
0 171724 744 6
0 195409 266 6
0 168300 37 6
0 190470 271 6
0 183926 562 6
0 164271 898 6
0 193223 157 6
0 192450 293 6
0 195949 532 6
0 158871 274 6
0 193828 959 6
0 199468 459 6
0 131406 511 6
0 159589 179 6
0 169829 313 6
0 184947 561 6
0 198327 336 6
0 140820 775 6
0 142967 570 6
0 178952 821 6
0 61231 762 6
0 165805 67 6
0 147632 974 6
0 189945 527 6
0 135006 65 6
0 193964 396 6
0 193236 419 6
0 139388 996 6
0 155339 607 6
0 182871 214 6
0 132205 334 6
0 177821 563 6
0 199582 643 6
0 181071 118 6
0 179015 702 6
0 160331 723 6
0 187166 549 6
0 196869 978 6
