300 200000
0 181493 834 62
0 198504 856 62
0 161203 132 62
0 136659 680 62
0 190602 537 62
0 190789 745 62
0 191985 934 62
0 72410 257 62
0 199752 702 62
0 157484 396 62
0 160815 139 62
0 137148 115 62
0 198731 58 62
0 118802 1000 62
0 192413 767 62
0 195714 817 62
0 170725 118 62
0 196048 59 62
0 172941 445 62
0 185271 96 62
0 140829 6 62
0 181280 924 62
0 182639 65 62
0 6300 525 62
0 154025 961 62
0 148710 481 62
0 189269 813 62
0 198376 941 62
0 193418 962 62
0 180403 915 62
0 161752 103 62
0 170600 187 62
0 175223 346 62
0 180823 557 62
0 174753 921 62
0 179554 957 62
0 194014 956 62
0 194716 273 62
0 185235 857 62
0 173597 863 62
0 197878 399 62
0 126136 386 62
0 170097 983 62
0 172699 479 62
0 101739 791 62
0 195435 371 62
0 151314 370 62
0 157705 279 62
0 133083 261 62
0 166606 223 62
0 73925 770 62
0 194487 351 62
0 195336 610 62
0 181194 991 62
0 159997 679 62
0 172202 824 62
0 173355 600 62
0 169494 447 62
0 193565 233 62
0 166664 738 62
0 162026 498 62
0 180316 73 62
0 165367 774 62
0 104852 279 62
0 187247 55 62
0 162098 200 62
0 186115 711 62
0 188700 741 62
0 189336 586 62
0 142591 70 62
0 194573 811 62
0 163859 824 62
0 130526 309 62
0 157543 327 62
0 187307 539 62
0 181837 597 62
0 195806 777 62
0 196178 476 62
0 144850 380 62
0 197095 696 62
0 181050 487 62
0 184222 497 62
0 171941 208 62
0 175954 176 62
0 192815 771 62
0 167313 951 62
0 161733 526 62
0 126107 478 62
0 193153 4 62
0 164097 667 62
0 169295 205 62
0 159447 201 62
0 113644 813 62
0 125226 421 62
0 191652 68 62
0 170549 85 62
0 139420 239 62
0 172624 265 62
0 153147 814 62
0 153832 967 62
0 136759 373 62
0 176839 642 62
0 191681 710 62
0 196470 266 62
0 172922 270 62
0 168628 26 62
0 166423 975 62
0 189097 30 62
0 195839 679 62
0 198035 731 62
0 74632 687 62
0 165434 980 62
0 182711 430 62
0 166337 185 62
0 139812 247 62
0 175598 635 62
0 173352 712 62
0 185337 534 62
0 194725 644 62
0 28482 774 62
0 188849 892 62
0 135053 357 62
0 189503 473 62
0 152417 827 62
0 141639 110 62
0 47935 847 62
0 185845 3 62
0 184962 589 62
0 167539 236 62
0 141347 777 62
0 186480 956 62
0 185717 451 62
0 161268 956 62
0 171218 596 62
0 115465 233 62
0 165690 495 62
0 198001 581 62
0 166711 467 62
0 173577 932 62
0 110609 616 62
0 175005 57 62
0 164793 728 62
0 196011 410 62
0 198880 817 62
0 194183 546 62
0 194372 136 62
0 122655 493 62
0 160693 248 62
0 148692 729 62
0 141875 651 62
0 177985 716 62
0 145098 904 62
0 199020 208 62
0 197622 621 62
0 169347 918 62
0 146319 871 62
0 183930 994 62
0 194114 1000 62
0 196958 459 62
0 190518 184 62
0 199755 22 62
0 199828 567 62
0 199473 387 62
0 190920 537 62
0 157675 688 62
0 167643 916 62
0 161374 828 62
0 173227 158 62
0 195348 847 62
0 190265 995 62
0 189081 40 62
0 121272 797 62
0 183996 64 62
0 185033 580 62
0 171997 789 62
0 172555 601 62
0 194779 929 62
0 87950 301 62
0 197887 852 62
0 195780 471 62
0 172369 527 62
0 135327 46 62
0 196061 3 62
0 150639 404 62
0 131456 673 62
0 176370 36 62
0 194875 995 62
0 185773 413 62
0 134854 794 62
0 194013 230 62
0 187030 674 62
0 163231 373 62
0 148549 875 62
0 193760 771 62
0 74782 74 62
0 116563 282 62
0 181214 975 62
0 180873 210 62
0 191418 120 62
0 138213 96 62
0 196368 726 62
0 162446 56 62
0 186381 173 62
0 199979 533 62
0 130091 474 62
0 126146 110 62
0 163161 361 62
0 177207 75 62
0 160200 149 62
0 197895 400 62
0 142784 339 62
0 142382 305 62
0 184194 745 62
0 194940 328 62
0 191367 666 62
0 165574 338 62
0 169790 125 62
0 122409 464 62
0 190473 992 62
0 190334 301 62
0 179574 63 62
0 199454 651 62
0 165275 658 62
0 44941 900 62
0 148033 957 62
0 181928 757 62
0 188194 33 62
0 196899 381 62
0 152672 403 62
0 172142 343 62
0 167709 75 62
0 102764 899 62
0 79672 520 62
0 86771 404 62
0 177755 555 62
0 185412 78 62
0 190205 153 62
0 179052 558 62
0 199040 597 62
0 185042 151 62
0 193207 365 62
0 195528 274 62
0 199679 35 62
0 196939 389 62
0 172654 439 62
0 189449 471 62
0 123994 322 62
0 157938 891 62
0 190670 694 62
0 187228 131 62
0 191306 597 62
0 113248 616 62
0 172483 360 62
0 188356 919 62
0 173656 882 62
0 180095 861 62
0 143266 955 62
0 107634 246 62
0 184011 336 62
0 187005 122 62
0 196825 379 62
0 174939 98 62
0 166283 319 62
0 170468 753 62
0 188408 832 62
0 190091 974 62
0 169685 1000 62
0 162383 994 62
0 30930 820 62
0 149060 749 62
0 179460 33 62
0 178049 637 62
0 174594 681 62
0 186314 114 62
0 77329 370 62
0 193531 595 62
0 125249 553 62
0 157720 389 62
0 155940 474 62
0 161619 662 62
0 161036 92 62
0 159558 901 62
0 138880 515 62
0 199095 380 62
0 177358 525 62
0 187092 856 62
0 192017 586 62
0 186955 825 62
0 110942 669 62
0 115900 485 62
0 192075 128 62
0 185791 793 62
0 173672 847 62
0 152727 923 62
0 168325 948 62
0 162966 194 62
0 197599 787 62
0 187834 623 62
0 192070 734 62
0 170204 176 62
