300 200000
0 175188 2 31
0 175775 5 31
0 198378 8 31
0 189327 10 31
0 198179 8 31
0 183602 5 31
0 199818 4 31
0 159037 8 31
0 176763 4 31
0 195745 1 31
0 185777 5 31
0 187027 5 31
0 182219 3 31
0 127768 1 31
0 30302 7 31
0 175177 7 31
0 179401 5 31
0 171565 2 31
0 149263 6 31
0 181906 6 31
0 185367 10 31
0 194343 9 31
0 196026 2 31
0 193452 7 31
0 108169 1 31
0 191652 7 31
0 171363 2 31
0 169354 9 31
0 197087 5 31
0 195124 2 31
0 180808 3 31
0 173650 1 31
0 167004 3 31
0 159662 4 31
0 155443 2 31
0 115870 1 31
0 166975 1 31
0 168540 5 31
0 187626 3 31
0 161681 6 31
0 168688 4 31
0 109940 10 31
0 199535 3 31
0 181158 2 31
0 143826 3 31
0 142997 2 31
0 131698 10 31
0 167807 7 31
0 68833 8 31
0 197780 4 31
0 198164 5 31
0 199069 9 31
0 182906 7 31
0 189304 8 31
0 193312 6 31
0 183499 4 31
0 159215 7 31
0 191148 2 31
0 198045 4 31
0 186387 3 31
0 193423 10 31
0 134638 8 31
0 181458 2 31
0 198628 4 31
0 177686 5 31
0 199867 8 31
0 148978 9 31
0 193847 8 31
0 150763 7 31
0 181057 3 31
0 192182 5 31
0 107829 2 31
0 199707 1 31
0 189265 9 31
0 186244 10 31
0 165800 2 31
0 143132 8 31
0 122787 9 31
0 192094 1 31
0 156575 9 31
0 189444 10 31
0 172016 9 31
0 191090 8 31
0 134183 4 31
0 13849 1 31
0 103510 6 31
0 150635 7 31
0 50249 2 31
0 151655 10 31
0 188748 2 31
0 166305 1 31
0 152398 3 31
0 170530 1 31
0 142148 3 31
0 140263 6 31
0 178062 6 31
0 169051 7 31
0 178248 10 31
0 170819 8 31
0 189072 7 31
0 51115 3 31
0 145299 5 31
0 188314 10 31
0 198662 8 31
0 188693 8 31
0 141815 10 31
0 173199 7 31
0 194699 7 31
0 155693 9 31
0 155416 7 31
0 162446 2 31
0 191390 10 31
0 197906 1 31
0 190820 5 31
0 191013 9 31
0 122529 9 31
0 164546 2 31
0 167913 10 31
0 197274 10 31
0 192552 3 31
0 198079 6 31
0 199311 4 31
0 165870 3 31
0 176307 1 31
0 163732 7 31
0 132761 4 31
0 194530 4 31
0 171333 6 31
0 153003 6 31
0 195551 1 31
0 135998 7 31
0 75448 2 31
0 157290 2 31
0 147964 1 31
0 105945 6 31
0 166183 4 31
0 143825 6 31
0 199377 9 31
0 194329 4 31
0 165426 6 31
0 169311 2 31
0 164873 6 31
0 159590 6 31
0 199131 8 31
0 182075 4 31
0 177280 3 31
0 195250 10 31
0 152395 4 31
0 196643 8 31
0 192862 6 31
0 198823 8 31
0 159372 10 31
0 55999 8 31
0 162853 1 31
0 190145 8 31
0 153108 9 31
0 188401 9 31
0 81790 6 31
0 161896 10 31
0 15724 7 31
0 185834 4 31
0 26363 1 31
0 174948 10 31
0 184538 3 31
0 69181 6 31
0 138745 1 31
0 171579 5 31
0 169685 5 31
0 178217 9 31
0 127409 10 31
0 130827 7 31
0 191270 6 31
0 197857 1 31
0 140483 3 31
0 197265 9 31
0 195253 2 31
0 157141 6 31
0 56755 2 31
0 188536 7 31
0 139160 9 31
0 148749 6 31
0 146641 6 31
0 199057 9 31
0 180118 8 31
0 194196 6 31
0 193564 1 31
0 185839 2 31
0 134152 1 31
0 158368 3 31
0 151935 3 31
0 133283 9 31
0 181617 7 31
0 171251 10 31
0 198770 8 31
0 163591 7 31
0 177075 2 31
0 185983 9 31
0 184978 1 31
0 190269 8 31
0 165319 6 31
0 156239 9 31
0 174293 3 31
0 165734 5 31
0 106183 9 31
0 199387 2 31
0 125427 5 31
0 108401 10 31
0 163576 9 31
0 53859 1 31
0 199382 8 31
0 193061 1 31
0 173431 6 31
0 127031 1 31
0 124380 5 31
0 153783 9 31
0 166937 3 31
0 197043 8 31
0 136175 10 31
0 133650 6 31
0 127524 7 31
0 152992 1 31
0 148068 2 31
0 188427 3 31
0 166918 9 31
0 191082 8 31
0 197593 7 31
0 155233 8 31
0 199093 4 31
0 193692 10 31
0 180251 1 31
0 198875 4 31
0 191850 2 31
0 28501 6 31
0 168016 5 31
0 191384 9 31
0 198852 7 31
0 196814 7 31
0 101158 4 31
0 161923 6 31
0 190868 5 31
0 184932 9 31
0 186005 9 31
0 193284 6 31
0 142589 7 31
0 177609 1 31
0 124793 2 31
0 177323 7 31
0 187383 1 31
0 184934 7 31
0 169978 3 31
0 172753 9 31
0 189017 2 31
0 196695 4 31
0 180471 3 31
0 198288 8 31
0 183418 3 31
0 199181 6 31
0 185963 5 31
0 193922 9 31
0 198162 4 31
0 100346 6 31
0 193141 4 31
0 184297 5 31
0 182461 9 31
0 148805 9 31
0 190584 4 31
0 198827 5 31
0 52755 3 31
0 192393 2 31
0 172849 4 31
0 165662 9 31
0 167520 10 31
0 79557 5 31
0 180358 1 31
0 182557 4 31
0 183069 5 31
0 188422 9 31
0 181836 7 31
0 178846 3 31
0 194907 3 31
0 146105 10 31
0 193130 6 31
0 126494 9 31
0 187589 6 31
0 169204 8 31
0 149835 4 31
0 175740 3 31
0 193257 7 31
0 196871 10 31
0 139016 4 31
0 194089 5 31
0 135467 8 31
0 165532 9 31
0 192788 6 31
0 194638 6 31
0 84625 5 31
0 78027 7 31
0 169397 4 31
0 115222 7 31
0 197882 4 31
