300 200000
0 192676 1 852
0 187477 6 852
0 62692 8 852
0 139318 9 852
0 163593 3 852
0 187633 4 852
0 125950 8 852
0 197650 8 852
0 118737 7 852
0 184488 9 852
0 194086 10 852
0 39444 8 852
0 196442 3 852
0 140348 3 852
0 190086 10 852
0 196673 8 852
0 171108 1 852
0 190090 3 852
0 170856 8 852
0 164344 10 852
0 173249 9 852
0 116863 1 852
0 149922 10 852
0 190390 2 852
0 104029 3 852
0 137814 7 852
0 169781 2 852
0 172387 3 852
0 6783 1 852
0 185938 5 852
0 178568 3 852
0 193102 3 852
0 144441 7 852
0 173023 10 852
0 182998 5 852
0 97884 8 852
0 164558 10 852
0 197911 9 852
0 193541 1 852
0 171639 1 852
0 186668 4 852
0 179678 3 852
0 182768 2 852
0 188534 6 852
0 169863 1 852
0 191146 2 852
0 140385 8 852
0 196882 3 852
0 165328 10 852
0 182268 9 852
0 178464 1 852
0 189125 3 852
0 156214 5 852
0 115526 4 852
0 172952 7 852
0 187104 4 852
0 193373 8 852
0 194330 2 852
0 194926 4 852
0 181343 2 852
0 173182 2 852
0 184032 8 852
0 171410 7 852
0 173005 6 852
0 157609 4 852
0 123257 9 852
0 195825 8 852
0 157429 8 852
0 192481 6 852
0 161212 5 852
0 142427 1 852
0 190948 6 852
0 124331 7 852
0 138865 9 852
0 175160 4 852
0 160519 10 852
0 197303 6 852
0 152893 6 852
0 189297 6 852
0 46331 3 852
0 159963 1 852
0 152162 4 852
0 91445 4 852
0 197669 9 852
0 198008 6 852
0 190218 10 852
0 185560 1 852
0 95338 3 852
0 132982 8 852
0 191845 9 852
0 165266 9 852
0 199131 6 852
0 199580 10 852
0 114607 3 852
0 181203 2 852
0 109515 4 852
0 185684 6 852
0 198592 9 852
0 127443 4 852
0 155982 1 852
0 195164 1 852
0 145708 6 852
0 177391 8 852
0 198616 9 852
0 146270 2 852
0 196368 9 852
0 140197 6 852
0 169768 9 852
0 172127 1 852
0 187139 6 852
0 183933 1 852
0 198380 6 852
0 186875 2 852
0 162197 5 852
0 166358 2 852
0 134358 7 852
0 175820 9 852
0 195963 9 852
0 148101 10 852
0 189012 9 852
0 198948 3 852
0 128371 9 852
0 177642 5 852
0 110624 2 852
0 140876 5 852
0 138737 10 852
0 166343 10 852
0 175699 4 852
0 171664 9 852
0 195602 9 852
0 147386 9 852
0 101037 7 852
0 169363 6 852
0 182915 2 852
0 130034 10 852
0 184043 8 852
0 181800 10 852
0 181991 7 852
0 187568 7 852
0 172458 8 852
0 174174 8 852
0 178551 9 852
0 179029 5 852
0 194747 9 852
0 138337 10 852
0 188514 8 852
0 178550 6 852
0 105385 6 852
0 163388 6 852
0 199608 7 852
0 120571 6 852
0 117975 6 852
0 191716 3 852
0 196908 3 852
0 180074 10 852
0 112526 5 852
0 197270 3 852
0 197991 4 852
0 186074 7 852
0 157120 4 852
0 158863 5 852
0 127724 9 852
0 166025 1 852
0 184937 2 852
0 109879 4 852
0 197528 2 852
0 147016 4 852
0 22923 6 852
0 177114 6 852
0 191159 6 852
0 170806 8 852
0 161812 7 852
0 98658 1 852
0 189340 5 852
0 177284 2 852
0 142634 5 852
0 151534 8 852
0 167784 5 852
0 164577 8 852
0 130246 10 852
0 198627 9 852
0 135786 1 852
0 166823 4 852
0 192056 8 852
0 180765 1 852
0 190618 6 852
0 193071 5 852
0 168062 4 852
0 152600 2 852
0 194688 5 852
0 140981 10 852
0 147465 3 852
0 198647 5 852
0 125482 2 852
0 157710 1 852
0 167237 4 852
0 150712 1 852
0 198467 2 852
0 162167 6 852
0 187010 2 852
0 153082 8 852
0 178794 1 852
0 131123 1 852
0 153634 8 852
0 185919 1 852
0 140286 8 852
0 92525 4 852
0 182208 2 852
0 114358 4 852
0 186298 3 852
0 181317 6 852
0 128047 1 852
0 186914 1 852
0 165533 2 852
0 163608 7 852
0 180192 10 852
0 184639 1 852
0 178926 1 852
0 184549 5 852
0 121354 4 852
0 190167 6 852
0 182691 7 852
0 187430 2 852
0 198371 7 852
0 161766 1 852
0 181434 6 852
0 194391 4 852
0 174442 2 852
0 194363 7 852
0 180757 8 852
0 195099 10 852
0 177483 2 852
0 198604 2 852
0 157581 1 852
0 161165 5 852
0 146835 10 852
0 198290 5 852
0 187058 3 852
0 194893 5 852
0 198021 8 852
0 198257 7 852
0 190621 2 852
0 186451 1 852
0 134550 4 852
0 185460 7 852
0 197145 2 852
0 195791 5 852
0 189129 5 852
0 187866 2 852
0 135222 5 852
0 126098 6 852
0 175309 5 852
0 190333 6 852
0 177992 5 852
0 199500 2 852
0 166518 4 852
0 162311 4 852
0 182728 1 852
0 101065 3 852
0 183842 6 852
0 140672 9 852
0 192630 9 852
0 182266 9 852
0 199076 7 852
0 199889 9 852
0 196924 2 852
0 175945 1 852
0 180317 9 852
0 102386 1 852
0 175108 6 852
0 185911 5 852
0 167400 4 852
0 188475 9 852
0 150725 3 852
0 174809 4 852
0 147186 2 852
0 199524 3 852
0 175119 1 852
0 157831 4 852
0 120165 3 852
0 150362 6 852
0 179986 8 852
0 198598 6 852
0 184266 8 852
0 169031 4 852
0 188969 6 852
0 181855 7 852
0 174139 7 852
0 142942 7 852
0 178197 8 852
0 196486 10 852
0 165405 9 852
0 179589 3 852
0 150614 10 852
0 193557 2 852
0 186034 8 852
0 105176 8 852
0 158929 6 852
0 179919 9 852
0 175506 3 852
