300 200000
0 110188 41570 8381
0 170908 18102 8381
0 153024 99366 8381
0 104504 34987 8381
0 169433 91921 8381
0 197410 74504 8381
0 182417 97828 8381
0 142391 50679 8381
0 149290 17484 8381
0 187273 28654 8381
0 181758 69366 8381
0 191893 8197 8381
0 190735 13509 8381
0 142033 52846 8381
0 140592 49826 8381
0 175552 20256 8381
0 183256 8692 8381
0 195631 5876 8381
0 197036 97200 8381
0 194015 70356 8381
0 162837 1394 8381
0 133903 70928 8381
0 188684 86541 8381
0 174596 69684 8381
0 140752 34943 8381
0 179580 12055 8381
0 192648 43017 8381
0 190016 65364 8381
0 186828 73533 8381
0 187628 59230 8381
0 158141 58393 8381
0 179448 21136 8381
0 183925 5267 8381
0 186194 77347 8381
0 189353 33333 8381
0 113601 23587 8381
0 197381 90635 8381
0 110284 56996 8381
0 141485 3002 8381
0 34328 93520 8381
0 151835 18195 8381
0 177357 74149 8381
0 182492 68233 8381
0 194304 28925 8381
0 188217 22112 8381
0 153801 77550 8381
0 178058 70438 8381
0 199468 52691 8381
0 184583 97830 8381
0 138515 46314 8381
0 172090 99130 8381
0 183458 53568 8381
0 138679 58241 8381
0 173892 95626 8381
0 157422 86834 8381
0 110278 41173 8381
0 193248 52304 8381
0 194935 65408 8381
0 188647 1950 8381
0 141700 90600 8381
0 170442 92469 8381
0 176434 94628 8381
0 189402 63731 8381
0 197446 63155 8381
0 128321 49846 8381
0 197164 19731 8381
0 190895 18794 8381
0 192665 57747 8381
0 191968 63007 8381
0 185562 39371 8381
0 159482 99678 8381
0 199540 46538 8381
0 187182 88125 8381
0 160076 49200 8381
0 161271 70610 8381
0 189117 69982 8381
0 194729 40164 8381
0 38784 37866 8381
0 182696 49384 8381
0 147719 46615 8381
0 174042 99627 8381
0 165280 12293 8381
0 95592 57163 8381
0 199749 54085 8381
0 126706 82667 8381
0 174128 24879 8381
0 195607 12870 8381
0 191231 71319 8381
0 189886 91555 8381
0 176544 9661 8381
0 142060 46442 8381
0 195152 59685 8381
0 168708 1271 8381
0 181890 78567 8381
0 195617 15372 8381
0 168478 99623 8381
0 188980 40588 8381
0 193861 15431 8381
0 152853 97765 8381
0 168492 49980 8381
0 149355 62509 8381
0 181620 81887 8381
0 194614 65489 8381
0 189036 32196 8381
0 188560 9002 8381
0 156348 91248 8381
0 163076 42321 8381
0 198534 89190 8381
0 174643 44947 8381
0 135277 63075 8381
0 124857 88104 8381
0 195858 58987 8381
0 142512 81185 8381
0 192506 35683 8381
0 181598 2689 8381
0 144123 55233 8381
0 173248 44686 8381
0 129988 80705 8381
0 185012 84232 8381
0 197820 26233 8381
0 129035 36313 8381
0 177278 47919 8381
0 169464 51436 8381
0 181210 15850 8381
0 157961 46275 8381
0 199955 45542 8381
0 156974 60100 8381
0 196193 5739 8381
0 161931 12020 8381
0 196099 21856 8381
0 164742 61703 8381
0 156492 52669 8381
0 186018 11798 8381
0 147299 2782 8381
0 170376 14482 8381
0 150501 52895 8381
0 163088 728 8381
0 150914 50436 8381
0 169255 43782 8381
0 139132 37271 8381
0 174132 86317 8381
0 195018 46040 8381
0 88318 95079 8381
0 177983 43120 8381
0 142286 4266 8381
0 184973 15846 8381
0 187987 41438 8381
0 194217 94806 8381
0 154726 77836 8381
0 161597 8575 8381
0 155667 20248 8381
0 197775 77372 8381
0 174442 944 8381
0 155049 19189 8381
0 86233 73573 8381
0 167052 38807 8381
0 189089 53753 8381
0 135367 12257 8381
0 150695 82809 8381
0 87159 20288 8381
0 192341 87598 8381
0 159716 25533 8381
0 199402 43567 8381
0 189706 54614 8381
0 187932 13529 8381
0 192147 71371 8381
0 192116 16993 8381
0 197354 32793 8381
0 160554 77801 8381
0 196854 16780 8381
0 170467 31761 8381
0 197975 31920 8381
0 165151 34192 8381
0 191647 16041 8381
0 184922 82500 8381
0 193610 90500 8381
0 196387 36038 8381
0 190804 84654 8381
0 139415 81089 8381
0 175796 70787 8381
0 167320 70180 8381
0 198726 79625 8381
0 197924 7734 8381
0 187261 25310 8381
0 163713 85418 8381
0 156486 37328 8381
0 193853 87859 8381
0 191753 35628 8381
0 186008 71738 8381
0 174212 4216 8381
0 161141 55693 8381
0 133170 52933 8381
0 198256 76442 8381
0 146714 1983 8381
0 96586 36509 8381
0 163280 91783 8381
0 193885 90358 8381
0 195169 80419 8381
0 105951 12478 8381
0 199427 98004 8381
0 66525 69180 8381
0 173917 95208 8381
0 197643 61075 8381
0 178655 65681 8381
0 188989 54846 8381
0 174891 49526 8381
0 171444 58847 8381
0 178411 61737 8381
0 59809 54611 8381
0 150563 94041 8381
0 140502 85546 8381
0 167342 71848 8381
0 172729 13494 8381
0 179826 46688 8381
0 131497 38851 8381
0 190080 7041 8381
0 104735 78694 8381
0 196354 37950 8381
0 117175 58232 8381
0 153762 22185 8381
0 175043 24805 8381
0 138331 99692 8381
0 174935 14527 8381
0 114139 58810 8381
0 154483 92953 8381
0 179570 28676 8381
0 166217 29969 8381
0 136333 60336 8381
0 192232 86701 8381
0 144596 50120 8381
0 184913 36810 8381
0 179576 96399 8381
0 166506 80305 8381
0 194257 35609 8381
0 196562 37611 8381
0 154190 54555 8381
0 172848 34550 8381
0 192150 52064 8381
0 192736 92792 8381
0 85919 48318 8381
0 120937 50867 8381
0 140983 23305 8381
0 93072 60794 8381
0 177562 95974 8381
0 190630 12195 8381
0 187463 22722 8381
0 198719 76701 8381
0 152054 55908 8381
0 190623 80740 8381
0 193223 27553 8381
0 180616 59699 8381
0 137392 89199 8381
0 142092 60986 8381
0 179473 13436 8381
0 189766 97040 8381
0 158969 96767 8381
0 183085 13482 8381
0 188812 4846 8381
0 192522 51564 8381
0 117677 29010 8381
0 175560 41631 8381
0 171796 71544 8381
0 199370 5732 8381
0 155879 72202 8381
0 181528 7368 8381
0 185780 19198 8381
0 192166 72665 8381
0 198148 25549 8381
0 157803 63288 8381
0 198312 40230 8381
0 199742 34639 8381
0 176625 1859 8381
0 187949 88261 8381
0 153007 24381 8381
0 188868 70736 8381
0 166230 22780 8381
0 194530 16234 8381
0 159389 11377 8381
0 110210 55270 8381
0 149430 1544 8381
0 197005 71461 8381
0 161062 16344 8381
0 193275 16132 8381
0 163435 58141 8381
0 198133 73785 8381
0 163692 31080 8381
0 198595 64414 8381
0 170131 56404 8381
0 186266 70541 8381
0 152349 67900 8381
0 195693 39917 8381
0 147971 21068 8381
0 179028 66795 8381
0 190744 57526 8381
0 199261 95180 8381
0 176987 6054 8381
0 197933 23042 8381
0 186181 92471 8381
0 172139 57469 8381
0 176588 85607 8381
