300 200000
0 90160 16360 11192
0 153114 1057 11192
0 195383 69208 11192
0 189398 86316 11192
0 53824 21799 11192
0 125293 10399 11192
0 168155 71214 11192
0 182857 60712 11192
0 129243 41697 11192
0 158894 44640 11192
0 186927 87941 11192
0 163135 72320 11192
0 187039 9182 11192
0 164710 30582 11192
0 181228 36294 11192
0 187437 64760 11192
0 171370 23237 11192
0 166468 19160 11192
0 199695 1181 11192
0 199810 34233 11192
0 184480 42181 11192
0 172074 53857 11192
0 195822 40569 11192
0 150247 8207 11192
0 154483 2703 11192
0 187898 71919 11192
0 193197 21709 11192
0 166471 70924 11192
0 182875 49562 11192
0 162740 32902 11192
0 196909 82930 11192
0 122564 54660 11192
0 197614 65502 11192
0 178193 90571 11192
0 174453 80739 11192
0 144644 12911 11192
0 112501 93785 11192
0 103428 21642 11192
0 199848 56703 11192
0 138181 78379 11192
0 168517 13390 11192
0 197947 68432 11192
0 119524 84811 11192
0 191277 89431 11192
0 165075 27264 11192
0 186663 91441 11192
0 194182 109 11192
0 162293 2488 11192
0 192625 923 11192
0 37202 8227 11192
0 21134 20658 11192
0 166840 85272 11192
0 133123 1708 11192
0 110856 7681 11192
0 192071 27241 11192
0 169791 88066 11192
0 180669 91780 11192
0 185806 54633 11192
0 140349 68517 11192
0 199446 78407 11192
0 151588 64057 11192
0 193306 47710 11192
0 193405 55519 11192
0 158690 12412 11192
0 67017 47845 11192
0 157435 29159 11192
0 184577 48882 11192
0 145261 56697 11192
0 5337 2500 11192
0 135439 19182 11192
0 148355 61950 11192
0 156559 8956 11192
0 105794 50938 11192
0 195847 82371 11192
0 184704 39141 11192
0 197823 57860 11192
0 75364 85867 11192
0 185532 34486 11192
0 182572 82896 11192
0 176273 39991 11192
0 182438 48514 11192
0 189130 85312 11192
0 130860 55371 11192
0 190062 69245 11192
0 193192 11403 11192
0 183731 38203 11192
0 142767 21861 11192
0 198867 5954 11192
0 189090 35193 11192
0 183052 20165 11192
0 191930 63378 11192
0 139385 68247 11192
0 144914 40768 11192
0 193901 48705 11192
0 142447 25417 11192
0 161025 15954 11192
0 154852 89403 11192
0 162760 87446 11192
0 158990 16390 11192
0 152948 34537 11192
0 162214 91272 11192
0 109828 92910 11192
0 196944 56008 11192
0 152761 69947 11192
0 145430 7623 11192
0 179128 31768 11192
0 131135 42900 11192
0 193722 99656 11192
0 151252 88287 11192
0 186636 84166 11192
0 134810 26704 11192
0 193514 9460 11192
0 167761 86553 11192
0 162414 44944 11192
0 193872 80969 11192
0 135775 48360 11192
0 186354 49186 11192
0 163879 53551 11192
0 177433 75502 11192
0 175899 86800 11192
0 166618 28109 11192
0 177479 15651 11192
0 189879 34546 11192
0 188497 20798 11192
0 174872 1167 11192
0 179479 60462 11192
0 194361 45486 11192
0 55125 48486 11192
0 187942 45378 11192
0 179314 85558 11192
0 172582 2557 11192
0 170847 94112 11192
0 178931 74307 11192
0 183780 45479 11192
0 113850 57375 11192
0 197804 95465 11192
0 187245 13204 11192
0 197586 90991 11192
0 164396 33526 11192
0 116892 53474 11192
0 184550 57882 11192
0 183514 10400 11192
0 45218 44396 11192
0 167066 64911 11192
0 118208 22880 11192
0 168587 14161 11192
0 145691 3915 11192
0 132129 6585 11192
0 47996 81970 11192
0 179160 41790 11192
0 153206 28290 11192
0 191222 60941 11192
0 145664 47395 11192
0 173693 50115 11192
0 194951 63111 11192
0 196050 38171 11192
0 136347 4903 11192
0 106910 98245 11192
0 186114 32176 11192
0 195040 16664 11192
0 138190 41785 11192
0 152509 68713 11192
0 190636 73849 11192
0 193895 81084 11192
0 181048 2295 11192
0 177049 90491 11192
0 172520 91585 11192
0 105946 26725 11192
0 185266 53729 11192
0 181652 60200 11192
0 175628 35757 11192
0 199316 6898 11192
0 152076 38014 11192
0 180218 3172 11192
0 115471 28836 11192
0 196866 73001 11192
0 159015 18167 11192
0 199390 11205 11192
0 181204 92496 11192
0 185009 31537 11192
0 191562 11386 11192
0 61045 69222 11192
0 172960 74819 11192
0 174005 53304 11192
0 197420 53752 11192
0 85906 61638 11192
0 65575 10096 11192
0 155564 73614 11192
0 168839 22631 11192
0 191682 53862 11192
0 175871 3886 11192
0 149606 21801 11192
0 185144 59233 11192
0 186063 16910 11192
0 29683 49561 11192
0 156561 57791 11192
0 144986 56675 11192
0 137814 14185 11192
0 148392 71473 11192
0 186504 56015 11192
0 117031 36943 11192
0 197448 82692 11192
0 151522 88728 11192
0 197977 83929 11192
0 158947 11914 11192
0 185232 25043 11192
0 81870 11000 11192
0 154282 78688 11192
0 192555 5663 11192
0 191466 52364 11192
0 67469 51483 11192
0 191422 63663 11192
0 190963 64282 11192
0 178091 7561 11192
0 47845 2641 11192
0 181209 68817 11192
0 113041 14990 11192
0 163832 1067 11192
0 134053 23821 11192
0 188802 54648 11192
0 198102 4943 11192
0 174740 75346 11192
0 186820 9832 11192
0 193536 77912 11192
0 126920 89273 11192
0 163150 40902 11192
0 177081 96157 11192
0 115740 86312 11192
0 155369 89831 11192
0 178749 22865 11192
0 191788 20876 11192
0 162072 839 11192
0 143708 38141 11192
0 193706 42210 11192
0 196347 17176 11192
0 101790 44981 11192
0 135398 81182 11192
0 183979 58635 11192
0 192199 40232 11192
0 167484 97814 11192
0 160124 4214 11192
0 151947 68324 11192
0 189909 74569 11192
0 193001 41459 11192
0 191753 2162 11192
0 186564 23111 11192
0 187602 13706 11192
0 153890 74233 11192
0 159765 68099 11192
0 193799 6482 11192
0 141386 14495 11192
0 188136 59928 11192
0 190131 56960 11192
0 168671 63560 11192
0 186373 70111 11192
0 189080 28069 11192
0 168400 23265 11192
0 199689 62511 11192
0 181782 67398 11192
0 172664 5272 11192
0 143789 81508 11192
0 82105 93715 11192
0 191286 94452 11192
0 145115 37134 11192
0 197220 97835 11192
0 196272 64002 11192
0 135270 58539 11192
0 151002 23112 11192
0 128091 87227 11192
0 171750 90286 11192
0 175144 80277 11192
0 196365 26155 11192
0 151113 88895 11192
0 151488 40911 11192
0 131662 91932 11192
0 182454 30782 11192
0 169680 23011 11192
0 180074 78526 11192
0 154217 66192 11192
0 187007 16239 11192
0 168181 48122 11192
0 196479 19675 11192
0 186807 4965 11192
0 161726 58798 11192
0 189701 3864 11192
0 194251 48424 11192
0 198294 57650 11192
0 193477 19056 11192
0 162489 18297 11192
0 152109 17899 11192
0 146416 62515 11192
0 197773 58637 11192
0 194061 42264 11192
0 191103 67504 11192
0 174823 83271 11192
0 173861 80643 11192
0 186539 18425 11192
0 188043 91684 11192
0 146025 6483 11192
0 199949 62385 11192
