300 200000
0 180297 5843 135892
0 184600 7580 135892
0 184297 7052 135892
0 189444 9283 135892
0 195959 9670 135892
0 199192 5861 135892
0 191691 5074 135892
0 110503 8861 135892
0 178946 1976 135892
0 77384 3910 135892
0 156269 4117 135892
0 121314 9949 135892
0 184134 9656 135892
0 154317 4888 135892
0 157526 8223 135892
0 190355 7623 135892
0 173358 8974 135892
0 189375 4362 135892
0 18380 9232 135892
0 189962 628 135892
0 190290 3520 135892
0 162719 7710 135892
0 182105 7146 135892
0 168916 9167 135892
0 157669 8190 135892
0 195731 4475 135892
0 172281 2485 135892
0 146888 5641 135892
0 197070 791 135892
0 181521 6777 135892
0 179013 4828 135892
0 111969 9413 135892
0 189919 5073 135892
0 189208 7512 135892
0 172263 9134 135892
0 110845 3901 135892
0 186039 4101 135892
0 174637 4985 135892
0 160370 6734 135892
0 156144 779 135892
0 146946 5361 135892
0 184098 7395 135892
0 183635 8067 135892
0 185325 9201 135892
0 29662 2868 135892
0 160108 1311 135892
0 44439 3800 135892
0 187141 5922 135892
0 198332 8886 135892
0 181529 2317 135892
0 156715 4541 135892
0 198818 4390 135892
0 171705 5965 135892
0 184179 1725 135892
0 195177 4981 135892
0 145748 2986 135892
0 183279 4889 135892
0 169519 7350 135892
0 164195 3542 135892
0 122614 653 135892
0 81000 7977 135892
0 199705 1859 135892
0 169906 108 135892
0 152139 8597 135892
0 183979 7587 135892
0 79287 1841 135892
0 134187 4663 135892
0 159153 6664 135892
0 196842 6720 135892
0 198707 8866 135892
0 160868 7976 135892
0 173342 1091 135892
0 184987 2365 135892
0 173464 317 135892
0 179090 1943 135892
0 54991 9430 135892
0 141229 6668 135892
0 184755 4971 135892
0 161398 2848 135892
0 192685 2822 135892
0 104528 529 135892
0 194247 6860 135892
0 132452 3778 135892
0 198615 7785 135892
0 191344 7285 135892
0 165630 3168 135892
0 169263 591 135892
0 144857 7102 135892
0 192645 1847 135892
0 149513 9039 135892
0 173179 2255 135892
0 70508 3619 135892
0 192260 7398 135892
0 163686 2274 135892
0 172108 6124 135892
0 128033 8301 135892
0 145542 4776 135892
0 127221 6743 135892
0 139264 9223 135892
0 177466 6932 135892
0 152358 3462 135892
0 187650 48 135892
0 188560 7042 135892
0 115021 9987 135892
0 106065 8941 135892
0 165161 5988 135892
0 168926 5700 135892
0 188620 8140 135892
0 121139 3374 135892
0 178949 7501 135892
0 167857 9048 135892
0 194319 2322 135892
0 155119 3407 135892
0 121977 9577 135892
0 180053 8878 135892
0 164404 2942 135892
0 127860 5241 135892
0 192005 3577 135892
0 50940 5800 135892
0 115340 7243 135892
0 131793 4072 135892
0 178082 7509 135892
0 94151 4046 135892
0 139917 8330 135892
0 194579 2126 135892
0 194806 1414 135892
0 169667 9259 135892
0 173231 9822 135892
0 191424 4448 135892
0 168083 2042 135892
0 186097 7326 135892
0 177128 9537 135892
0 165371 9383 135892
0 183607 9251 135892
0 169491 7578 135892
0 111858 7789 135892
0 146269 3744 135892
0 189823 9673 135892
0 168845 5767 135892
0 159304 7364 135892
0 192218 7948 135892
0 199745 9588 135892
0 190824 7775 135892
0 92892 9113 135892
0 192043 8097 135892
0 188655 6642 135892
0 157753 4353 135892
0 185282 3684 135892
0 185289 5767 135892
0 176869 3735 135892
0 105066 9793 135892
0 168149 18 135892
0 179112 2109 135892
0 101761 6200 135892
0 150747 8997 135892
0 185718 7826 135892
0 189228 6433 135892
0 180630 2735 135892
0 127303 7786 135892
0 87772 2441 135892
0 189189 8811 135892
0 198396 202 135892
0 173845 1789 135892
0 102976 127 135892
0 178532 6707 135892
0 194921 2604 135892
0 197212 5939 135892
0 175290 9216 135892
0 109059 7318 135892
0 190020 8523 135892
0 199427 6689 135892
0 194153 141 135892
0 138427 6357 135892
0 100872 4688 135892
0 153836 4660 135892
0 106977 3480 135892
0 173594 6870 135892
0 194947 5178 135892
0 140364 3899 135892
0 137164 5787 135892
0 160655 9329 135892
0 165738 8954 135892
0 163771 1624 135892
0 177936 209 135892
0 182438 9012 135892
0 198419 3080 135892
0 196780 9763 135892
0 178413 555 135892
0 190773 8864 135892
0 191014 3342 135892
0 114667 3495 135892
0 199632 4557 135892
0 171184 8442 135892
0 191533 1992 135892
0 193308 6243 135892
0 193326 3535 135892
0 181112 491 135892
0 199959 10 135892
0 183312 1306 135892
0 157202 6413 135892
0 160161 6432 135892
0 181560 2266 135892
0 195232 4899 135892
0 164079 2151 135892
0 187980 1866 135892
0 191675 7073 135892
0 170735 5146 135892
0 1838 3009 135892
0 184759 5646 135892
0 177420 9534 135892
0 176005 4797 135892
0 191590 7603 135892
0 175769 3751 135892
0 197197 4355 135892
0 150446 479 135892
0 184422 9018 135892
0 188146 2687 135892
0 180615 2534 135892
0 164411 137 135892
0 181946 3958 135892
0 128322 5450 135892
0 197027 2978 135892
0 199619 2772 135892
0 156644 1115 135892
0 186324 7372 135892
0 14942 819 135892
0 198242 6080 135892
0 179206 6352 135892
0 155685 4029 135892
0 174078 7469 135892
0 159872 5441 135892
0 175544 514 135892
0 197451 7980 135892
0 191321 6230 135892
0 186336 3116 135892
0 95558 962 135892
0 183704 313 135892
0 183368 9383 135892
0 56363 78 135892
0 192686 5219 135892
0 194843 2170 135892
0 199485 9408 135892
0 193931 1622 135892
0 159675 7677 135892
0 138881 4903 135892
0 196253 6193 135892
0 107145 8182 135892
0 195468 349 135892
0 138305 9086 135892
0 181750 6177 135892
0 186905 1893 135892
0 167361 2018 135892
0 180684 3039 135892
0 198466 8747 135892
0 199294 3888 135892
0 161725 4033 135892
0 195394 6177 135892
0 180808 155 135892
0 166877 597 135892
0 173694 8002 135892
0 168599 1307 135892
0 118502 7654 135892
0 116172 2118 135892
0 190244 17 135892
0 183502 8732 135892
0 182913 3792 135892
0 193829 5948 135892
0 195458 1310 135892
0 171825 7732 135892
0 186757 2243 135892
0 175809 5026 135892
0 195918 7566 135892
0 149524 601 135892
0 127051 1039 135892
0 191149 7190 135892
0 138722 4296 135892
0 184766 6899 135892
0 176868 6948 135892
0 196959 203 135892
0 196306 8920 135892
0 126932 1263 135892
0 187089 7385 135892
0 164645 6937 135892
0 117121 8655 135892
0 197872 2880 135892
0 182057 5049 135892
0 198186 6811 135892
0 173091 897 135892
0 152741 8889 135892
0 192255 6993 135892
0 165148 8768 135892
0 199731 2310 135892
0 195687 4741 135892
0 173213 6691 135892
0 170449 1276 135892
0 189151 7753 135892
0 168894 2943 135892
0 174278 2918 135892
0 164150 9764 135892
0 183996 4412 135892
