300 200000
19 135832 88169 1
35 137401 37053 1
65 91484 76064 1
-22 197444 75474 1
-82 171116 95149 1
-72 176978 41053 1
-82 197898 45062 1
0 196334 94181 1
3 157730 49172 1
43 196806 50359 1
-56 186310 38643 1
-17 165544 1064 1
-57 161770 4359 1
45 172984 62671 1
-38 199979 57281 1
51 199247 67714 1
-32 183206 63122 1
66 122389 28785 1
-2 190350 48399 1
-8 189409 4129 1
-24 169782 44934 1
-56 9085 60074 1
-48 20873 72640 1
-55 139895 27218 1
16 181948 77336 1
-3 166247 58027 1
-5 171209 46651 1
83 198343 69547 1
-96 157478 79553 1
-97 188640 72811 1
-70 192625 67595 1
96 160193 51363 1
-6 187546 43997 1
51 184242 1860 1
6 172147 12030 1
-41 198872 10966 1
54 196750 9327 1
-39 189428 14035 1
5 170615 5832 1
81 158312 6308 1
-91 150863 45465 1
29 161604 47899 1
86 116303 16352 1
-4 197638 41457 1
-7 193338 72006 1
-19 157313 25185 1
64 191035 16288 1
-30 132702 13540 1
-80 194047 92547 1
-73 145657 60015 1
-86 151624 75975 1
64 175112 82922 1
-97 178197 191 1
75 159801 43123 1
-53 197458 83928 1
9 193124 20275 1
27 180070 48177 1
59 120302 9375 1
-30 188171 46042 1
-77 188176 29394 1
-80 64479 13808 1
56 189733 49288 1
92 196797 62744 1
14 190794 79742 1
20 186244 19962 1
-34 152458 21833 1
35 190894 84288 1
-38 146339 65557 1
91 170184 38768 1
37 181711 42432 1
11 191948 68295 1
-71 136634 74742 1
-53 197531 13238 1
8 133276 95886 1
-59 175512 25537 1
-9 197331 62757 1
62 194173 28310 1
23 181893 55001 1
-26 171645 68619 1
39 118034 84905 1
-43 198706 1596 1
-17 195273 59179 1
79 158430 16067 1
-90 164605 13935 1
66 182886 57881 1
-17 196814 27571 1
21 162626 22572 1
-40 187426 92198 1
-85 122239 30818 1
83 90897 32193 1
73 110942 24910 1
49 193691 13218 1
-76 180782 35792 1
-61 183741 98123 1
23 192545 23249 1
-69 194996 55420 1
11 135198 60544 1
91 178863 15245 1
-56 113367 38023 1
-52 193917 99918 1
-52 196791 90674 1
51 195072 1891 1
50 151989 45441 1
-58 181188 61050 1
13 188364 73292 1
86 195818 47151 1
-52 179085 89399 1
-80 66070 27426 1
-16 176108 64150 1
44 196050 87735 1
-11 112250 18307 1
58 140487 10703 1
-34 84044 27517 1
-38 133569 95558 1
-83 78390 35492 1
27 192501 77773 1
-39 163754 50803 1
6 161141 7304 1
0 187315 36157 1
77 194286 97323 1
-97 198907 69899 1
-34 109313 73777 1
-56 173063 51797 1
-99 199635 77949 1
-44 177207 80032 1
9 199260 38709 1
33 163976 38615 1
93 161804 94395 1
46 181486 55629 1
26 168386 2383 1
5 175788 27154 1
92 151144 71074 1
33 192090 25076 1
-45 184347 6236 1
-64 156154 25112 1
-21 188225 97680 1
59 199506 64793 1
-83 196697 40126 1
-68 166605 78305 1
79 187009 68810 1
79 101018 57702 1
-70 199606 20892 1
4 187781 47623 1
-60 139013 8760 1
-29 191729 20263 1
-42 153625 25727 1
98 181978 4649 1
78 187203 16869 1
-84 134762 24397 1
-32 194285 97973 1
-53 176177 25162 1
8 160272 37218 1
-97 178963 75341 1
-5 198176 56335 1
-25 188048 80849 1
-89 168904 33346 1
-48 178401 60992 1
73 199279 48357 1
-12 186888 92937 1
94 160911 14685 1
-2 172460 80771 1
-84 145894 8878 1
35 198421 65793 1
82 164270 97872 1
74 196095 74582 1
-83 187898 96651 1
63 161075 44075 1
45 164733 88025 1
5 121375 83071 1
79 195399 9532 1
27 179214 99103 1
37 93337 74781 1
49 164296 92486 1
91 53220 31911 1
-69 179822 67959 1
-68 169044 98915 1
13 138120 17081 1
13 199770 26326 1
-48 195689 90354 1
79 123075 61016 1
-84 103439 22151 1
35 185779 86103 1
-98 178738 26420 1
33 194602 33452 1
-84 183714 35303 1
-70 172738 18108 1
-73 164936 89666 1
-48 196730 9234 1
-39 173746 20560 1
-29 172502 95578 1
-24 195313 1128 1
5 181549 56002 1
17 85972 34913 1
0 81342 73069 1
81 142440 73396 1
-74 172718 4568 1
72 148433 22937 1
10 166779 54192 1
39 164436 26331 1
-11 172628 6355 1
-68 124478 68989 1
36 190086 70087 1
-21 157857 54929 1
-7 159523 9753 1
-40 196367 12215 1
54 138246 9240 1
-62 182496 63284 1
-78 185416 39121 1
3 174774 67923 1
77 187831 97387 1
-34 4425 88480 1
7 198233 43589 1
88 192636 22338 1
57 179995 20111 1
98 168387 16633 1
33 193254 38408 1
53 110224 1529 1
-92 170229 15767 1
87 177587 39686 1
-17 196584 75243 1
14 114203 98609 1
39 168287 88759 1
-29 172692 30930 1
-14 135443 70824 1
-23 179884 51783 1
-18 186754 27945 1
95 175087 45964 1
-7 192091 77242 1
10 191775 11803 1
80 185440 5388 1
22 189973 48710 1
-60 64021 5184 1
-33 101652 32595 1
58 192938 12993 1
-29 183973 68984 1
83 182746 87008 1
91 180064 42232 1
52 161279 30319 1
58 161876 12220 1
-34 175188 52608 1
-75 131816 981 1
57 189057 90143 1
92 140672 7601 1
-92 186061 19789 1
-88 166493 83101 1
65 196670 28350 1
-59 196871 67163 1
95 197693 22838 1
26 198769 76835 1
-80 198366 20320 1
-89 129249 92159 1
92 178433 44847 1
-57 198274 62434 1
-27 169385 67033 1
-49 147418 20969 1
-82 163163 98865 1
-66 169655 72149 1
86 137253 37252 1
13 160273 21064 1
1 146937 47510 1
-56 196131 17566 1
-63 189483 71358 1
30 75463 93454 1
25 190347 608 1
94 92063 72930 1
43 150195 20202 1
-60 190628 95283 1
-53 160504 98129 1
-62 178424 93481 1
-85 125933 43469 1
-38 199418 55217 1
89 123945 21042 1
51 191917 17088 1
-26 113418 44753 1
-30 186361 85415 1
-80 194455 73870 1
-4 152127 18872 1
67 137380 93699 1
-15 176961 11193 1
27 197166 71894 1
67 190941 47430 1
21 166123 55671 1
-16 198659 84812 1
96 196232 11389 1
-20 67486 59267 1
-74 113099 44450 1
83 192185 40684 1
-9 146410 25372 1
78 192213 87916 1
73 166512 8573 1
-12 194108 94696 1
-47 172445 76045 1
99 175607 63842 1
-35 179354 76934 1
38 170403 30034 1
-27 71829 79601 1
-62 124606 34505 1
14 138174 26432 1
52 173015 58722 1
90 165304 36588 1
