300 200000
-2 154707 364 10
9 182776 516 2
-10 193300 584 2
6 191048 120 6
-6 174916 429 6
1 175080 5 4
-6 145453 84 4
-1 174292 16 2
8 188368 384 9
-4 170878 962 2
-2 128597 502 5
-3 190925 35 10
4 178979 54 5
-8 130644 507 7
-2 192787 361 1
7 189788 481 2
1 195665 500 7
-5 198042 56 3
-9 179077 132 5
2 169599 214 7
4 189431 330 5
-9 177441 63 2
-9 153495 585 6
4 195837 770 8
-6 161987 990 4
4 164532 787 6
-10 169551 680 6
-1 164515 593 3
1 194952 273 1
-9 191466 209 5
0 100333 899 2
1 183723 395 10
-8 160759 174 10
3 199858 427 7
0 175897 897 2
-1 111873 163 8
-6 152479 696 10
-3 111842 543 7
-6 141581 845 3
-3 136061 89 7
1 155745 370 3
3 193886 879 5
2 167964 199 4
-2 169776 290 3
-3 195958 455 1
-10 128932 905 3
9 180238 680 9
-10 187755 525 7
-8 173874 586 2
2 135557 806 1
5 185855 943 1
6 48697 638 9
2 162169 197 6
3 191500 781 3
6 101139 1 9
5 198587 125 7
-3 179615 236 1
-4 194969 87 3
2 136869 274 9
3 178639 886 4
-4 185945 193 2
-2 181281 658 7
-4 121827 7 1
-1 137461 800 10
-10 181550 552 2
0 187670 584 4
2 42559 351 7
-9 152551 240 3
1 190643 522 2
-10 153666 208 2
1 128263 875 9
4 194320 669 5
-10 152706 284 7
-8 136521 50 4
6 195198 931 8
9 198797 396 7
-6 175921 824 1
-9 198523 917 10
9 164180 98 5
7 173723 500 8
8 194866 584 8
-4 176502 490 1
-1 35560 727 10
-3 198705 592 2
-8 89469 888 2
-6 162791 288 6
6 186410 852 1
-1 194948 586 8
4 156851 947 8
3 193171 865 10
2 105751 641 8
-3 160076 301 1
-5 199435 714 10
4 181888 49 7
8 191133 392 4
3 150264 160 5
0 135809 99 5
3 177208 628 2
8 178237 288 5
-4 193014 599 4
-10 190988 469 3
2 179779 294 1
1 150357 709 6
-2 185255 379 8
7 199466 231 9
-8 165294 187 8
2 169968 724 1
2 183211 520 6
-1 154588 512 10
-7 138254 575 10
4 183913 705 9
-9 146089 532 4
0 137759 743 3
-3 184206 621 4
5 29999 475 1
-6 146093 29 8
-2 153212 195 8
-1 195512 586 3
-2 180330 908 2
4 161534 473 4
3 161093 49 5
4 169283 545 6
2 99600 556 10
-3 159218 894 6
-10 82815 131 9
-5 188704 527 8
-9 172202 613 3
6 124805 594 5
-6 166476 125 1
-7 188960 950 9
3 194735 638 3
0 103549 625 3
-6 181178 88 6
-4 182270 276 9
-7 169854 939 4
-10 137942 732 10
4 170370 954 9
-2 186763 490 9
-6 157389 417 9
2 178660 62 8
8 184491 106 2
6 171244 32 9
4 178329 244 3
-3 179170 631 2
9 181367 78 9
-1 192974 958 3
8 121338 531 4
-3 194462 692 9
9 122187 854 4
-2 194513 970 1
-6 120455 168 1
-8 193790 771 4
7 156239 936 9
3 185351 87 6
7 195061 459 1
0 141741 361 8
2 179172 20 5
9 136835 835 1
8 172596 182 2
3 180674 878 5
-7 107659 288 6
8 197517 14 6
5 187569 513 7
-5 193563 101 3
2 152231 172 5
-3 153229 503 3
9 177109 749 6
-7 192259 294 8
-2 163247 788 8
-6 175027 208 5
-9 147814 914 4
-4 175370 382 3
-2 162249 547 1
1 185539 959 2
-3 162323 571 2
-7 161095 692 8
-6 121138 836 9
0 172046 301 2
-5 158294 295 3
-2 73729 477 1
-9 199987 826 8
-8 191950 209 1
6 189606 113 8
-3 149691 639 10
-2 178035 999 8
-4 199772 44 8
4 126693 895 7
1 129289 638 7
9 184221 918 5
5 189591 117 2
-4 171365 716 6
2 198571 668 1
-9 176921 363 6
2 173074 212 9
4 175391 839 2
-9 150237 411 5
-5 197299 807 5
0 184881 513 9
1 188071 372 2
-2 187454 811 8
0 189428 960 2
-3 139893 4 1
-4 143056 1000 5
4 156065 577 3
0 181269 653 4
6 165253 868 1
1 195670 663 5
3 158178 660 10
-2 193808 852 6
3 120823 643 3
-10 191873 168 9
2 157776 880 1
-10 197941 557 7
4 25964 182 4
3 177282 861 9
1 140541 933 7
-6 120613 166 4
4 180475 655 10
-7 167855 350 2
4 184263 254 3
-7 192007 56 3
4 152679 869 3
1 180203 549 2
-5 188635 28 8
-5 172078 542 5
-6 193533 417 2
4 186358 554 4
-6 102266 211 3
-4 195225 379 7
0 188923 480 5
-6 195422 294 9
8 194876 442 7
-2 168874 147 3
-6 97954 894 6
1 199869 986 9
-10 185441 62 9
-10 186785 831 7
-6 168177 127 9
-2 195079 967 8
-5 155834 246 1
8 183961 195 4
8 188794 678 2
1 37758 261 5
3 71603 637 9
-6 195188 313 6
-10 190402 713 2
4 147832 422 5
-9 137394 461 7
7 167256 654 8
2 192972 944 5
6 161363 914 6
-3 171571 432 2
-2 159198 130 3
-4 153141 427 5
-6 172168 651 10
7 193794 95 8
6 188091 602 9
-7 125454 555 4
7 136046 705 1
-9 153525 246 7
6 108252 671 7
8 110602 287 6
-5 129313 37 3
-6 147953 36 8
8 195240 463 3
9 197751 542 5
-1 171024 304 8
-10 141409 829 8
0 173803 257 9
7 153085 601 6
3 194844 99 9
6 150594 642 10
5 141725 115 3
4 179870 624 6
1 170093 334 5
-5 199999 525 9
1 151770 110 7
-10 162944 634 1
-3 190138 267 9
-4 193077 431 6
3 136615 566 9
6 185510 632 6
0 181246 834 9
5 181517 757 6
-2 169884 732 2
3 199636 344 3
3 142091 590 1
5 178252 44 3
-3 171928 374 7
5 125023 909 2
3 160558 748 1
-10 171677 763 1
7 194934 188 5
1 181834 819 5
8 151352 33 4
-7 144329 55 9
-1 26213 763 6
-2 118254 21 8
9 138621 154 2
-3 198969 343 10
