300 200000
0 168717 4 17
-4 166934 10 18
0 126992 3 43
-3 173583 4 69
3 89782 4 55
-3 179427 2 22
2 194675 2 18
-1 194092 10 70
2 179024 7 21
-3 110077 3 69
4 184292 8 9
-1 127878 9 90
-4 53254 7 77
-1 158086 8 60
2 194133 10 86
1 186272 9 34
-2 181374 6 43
0 187358 10 1
-5 198880 9 90
1 168823 3 28
2 194022 10 21
-4 180281 4 60
4 196734 1 24
-2 182758 10 22
4 120462 1 11
1 176834 4 62
4 128073 8 51
-5 188085 6 38
0 174923 10 14
-5 164685 3 95
-5 123982 3 7
-2 157824 5 6
-1 175893 10 10
-4 195794 8 74
-5 166571 8 1
4 188091 8 80
0 189541 2 46
-5 154245 4 35
0 185675 5 21
3 187323 3 1
4 155060 6 13
-1 144881 9 70
-5 198950 4 9
-1 188323 10 60
-1 185295 3 58
-5 186546 9 79
1 191085 3 33
-5 114760 8 10
0 187048 9 38
0 163190 1 90
3 199997 1 55
4 115355 7 6
-2 95857 9 83
-3 186528 6 99
-5 176928 7 7
-4 181502 1 76
-2 184922 5 97
-3 187196 1 69
-5 111615 7 99
-3 197437 7 84
4 138205 9 28
-4 196237 5 40
2 173743 1 30
0 187532 9 2
-4 157587 6 44
-4 180688 10 37
0 199558 10 26
-5 187599 5 61
4 118071 8 98
4 196035 7 31
3 192109 8 60
0 173242 10 79
-5 185967 10 2
-3 197240 4 13
1 150711 1 89
-1 99743 2 5
-1 195622 8 18
-2 178721 9 77
-3 164674 1 81
-1 120326 1 25
-4 163590 10 66
-2 121223 3 90
-3 197915 7 81
-5 193097 2 14
0 151823 9 8
3 177898 3 87
0 184639 9 3
-1 155419 2 5
-5 186080 2 24
-1 193018 4 9
3 190301 6 11
-5 175575 8 68
-4 169471 4 27
2 199610 5 55
1 189556 8 25
3 93863 8 76
-5 112687 6 66
-2 160867 6 58
0 149988 1 20
-5 187305 5 21
0 172619 7 82
2 186227 5 20
-3 157329 1 16
-5 170552 10 74
-1 198382 7 87
-1 128626 7 91
2 193690 3 77
-4 189975 1 68
0 167903 6 63
-5 184955 10 66
-5 159577 6 60
2 192575 10 11
-5 182965 7 6
2 195319 6 88
-2 194029 10 75
-1 186503 3 41
2 174204 10 46
0 146690 5 30
-2 199111 1 42
-5 142337 5 8
2 180792 9 99
-3 185284 6 40
-1 176025 3 7
4 198852 5 26
-1 183213 7 34
-1 187560 9 53
2 197108 3 33
-3 184827 1 33
-1 187974 10 84
4 186428 8 85
-5 161123 9 94
0 57191 5 78
1 150219 1 82
-1 165711 8 68
2 170982 7 19
1 197480 5 96
-5 173266 4 24
0 123912 9 51
3 171828 8 53
1 199436 6 53
-2 150617 3 4
0 196104 8 80
2 171610 9 68
-4 160432 2 42
3 175046 9 38
-2 172234 6 36
0 141862 9 74
-3 170766 6 61
0 188107 4 9
-3 181927 6 15
0 168410 2 6
3 192365 9 73
-1 199156 8 62
-4 152321 9 12
-1 103811 7 95
-5 136570 4 18
0 132300 6 22
0 195976 2 32
-5 179478 2 37
0 178959 7 11
-1 184504 1 10
3 181623 5 6
-5 167658 9 53
4 123500 6 94
0 135712 6 46
4 177297 10 18
-5 180496 6 59
-1 146188 7 29
4 197317 10 25
-4 161978 1 93
-1 199836 2 97
4 186377 7 29
0 176159 1 10
1 181489 7 25
1 154600 5 60
4 198084 2 4
4 197724 3 31
1 177096 9 35
-1 194345 4 96
-1 171555 6 12
3 176298 2 19
4 164330 8 26
-4 198594 5 46
1 81695 9 52
-3 176097 5 45
3 131757 1 7
4 198781 10 80
4 145447 3 93
-5 185193 2 85
-3 8150 1 62
-3 146833 6 69
2 199911 7 76
3 145607 10 53
2 137732 6 82
3 156512 1 75
4 163251 7 56
-4 194986 4 27
-4 188259 4 55
-1 195685 4 20
-1 181611 5 7
-4 182584 10 3
-3 195103 1 1
0 199658 7 2
1 138237 3 22
-1 184908 8 23
-4 162520 8 4
2 170348 7 16
-1 193065 2 20
-5 172183 1 39
4 174830 10 16
-2 170038 5 99
-1 181402 1 34
-2 198738 7 26
-2 199699 10 24
1 198468 2 79
-5 170509 7 62
-5 196219 9 17
0 148061 3 37
2 177962 6 21
3 190843 3 10
-5 199099 8 13
-5 175412 4 42
-1 194227 8 54
-1 174143 3 87
1 186021 9 91
3 179895 3 12
1 154291 2 30
-5 194013 3 37
4 197473 1 96
-3 176276 6 2
0 137092 7 20
4 163431 5 100
-5 168602 7 33
4 180457 1 87
2 141974 4 75
-5 172463 5 70
2 132231 5 41
2 146525 9 89
-1 191561 4 61
2 171277 1 30
-1 180000 9 36
3 190568 5 11
2 182864 5 46
-4 199935 5 81
1 189301 1 69
-3 198825 4 4
-5 186222 8 55
4 185929 8 41
3 178459 7 89
-3 144986 7 56
1 58781 1 86
-5 170206 7 61
3 191751 2 25
3 179491 3 29
4 179777 4 14
-1 191052 8 89
-5 173405 5 42
2 163987 2 76
0 193288 10 98
0 182952 7 19
-3 170737 3 57
-5 154813 2 2
4 154013 7 37
-3 183778 10 99
2 171166 8 75
2 183945 7 12
4 170889 5 60
1 199687 9 45
-4 172629 7 67
-2 119720 8 13
-2 199262 7 46
0 198147 7 59
3 196611 4 9
3 184578 1 8
-2 195731 5 29
-5 180578 5 63
-3 192325 6 40
-5 191759 5 10
4 188173 1 24
-3 154241 8 72
3 184764 3 21
0 190251 4 42
-1 179442 3 43
-3 193029 1 6
-3 189813 9 21
1 173138 3 9
-4 143888 8 19
1 193320 3 56
0 113015 1 46
0 90567 4 6
1 186973 3 49
-3 189072 1 28
-5 189359 1 70
-3 114176 1 74
-4 195769 6 10
2 185077 7 72
0 160890 8 37
1 173866 8 19
1 194384 9 30
-3 124874 5 77
