300 200000
-157 189731 2 567
9 153890 5 164
80 181062 8 822
-652 176799 3 851
-320 198463 7 59
-931 180740 8 501
-209 197716 1 909
-125 195826 6 302
289 105562 8 335
-468 186975 6 819
371 180515 4 867
404 140520 6 767
705 198621 4 360
-510 122416 2 438
-110 193622 6 578
-643 194512 1 639
-628 191665 10 120
510 145470 10 486
933 91201 5 739
743 196392 10 771
886 162403 10 133
852 184968 1 916
518 197392 8 535
784 180709 5 865
-395 186985 9 815
-118 187904 6 681
-408 153244 2 105
56 169181 9 184
-828 98678 5 709
45 181954 8 452
-771 185696 2 657
758 180505 8 999
16 150034 1 7
731 165538 4 558
927 166224 6 953
-141 171677 2 539
429 188122 3 267
200 197012 2 711
-230 192053 2 793
-644 167582 10 907
-832 189786 7 586
-5 197410 7 649
-914 98275 6 92
-109 109176 4 37
-908 147173 2 762
784 196691 9 961
704 177684 4 947
908 162170 10 945
-984 178811 7 67
182 186964 9 411
968 112878 4 487
898 157714 7 515
685 180023 7 500
145 141743 10 685
-574 192255 8 921
801 172289 9 124
523 193814 7 454
775 199237 1 169
-945 185678 8 228
-213 162736 5 935
602 176033 6 102
724 196940 3 662
-685 186681 7 791
-602 151323 6 998
-21 135839 4 909
872 157690 6 566
-265 161031 1 142
-998 172475 3 484
383 177999 5 682
790 199103 4 887
-105 180835 9 832
517 168276 1 202
284 193076 5 300
790 159077 8 643
-765 187554 8 353
505 199644 9 309
494 179983 8 866
-527 177892 3 130
191 122038 2 71
-517 171995 2 444
-351 190696 6 78
745 190767 4 949
-555 197352 8 430
500 151315 1 949
-918 77874 5 619
-927 191689 2 419
-577 198028 1 430
146 125363 2 743
781 152123 4 404
479 166104 9 479
144 169784 3 66
-763 130921 4 135
918 119526 8 415
463 193005 9 766
395 190646 9 777
-684 170131 10 589
291 113562 5 963
-543 194379 4 970
-744 196851 8 103
792 195419 4 526
230 83618 1 296
-952 192830 4 292
-379 148957 6 811
158 159304 2 394
166 197058 2 670
-693 186364 10 379
64 108841 10 208
231 175325 8 38
-372 175951 7 362
614 194528 5 160
-929 196936 7 870
745 154917 3 913
-344 188055 9 959
-200 139544 8 461
-310 164139 3 800
-371 182578 4 736
-244 194387 10 313
-220 168915 8 87
446 166496 5 782
-31 188922 2 524
845 104620 9 690
-846 129405 5 769
-486 192435 2 875
-250 171231 10 888
311 160549 8 974
-387 199124 8 802
660 196531 1 598
754 95532 9 430
328 165632 4 696
677 173023 9 132
163 167949 3 531
605 199342 1 570
834 127226 3 366
349 180975 9 182
820 137785 1 921
-459 183726 2 332
-420 158334 9 423
-692 190384 4 129
-905 95333 9 339
-644 84380 5 392
32 199431 7 226
-82 182297 5 940
-687 133546 1 457
-490 185914 8 406
828 190698 8 56
-463 179393 5 777
-87 178206 7 838
14 189371 1 252
-893 134911 7 886
539 183327 8 888
894 182079 1 402
-224 98080 10 322
-870 166059 7 966
545 54142 10 897
638 185303 3 519
-145 134584 9 131
-738 156356 7 869
-417 195827 8 132
-226 138788 2 62
-865 168399 6 169
699 189592 9 925
772 198365 10 300
726 165446 2 730
-951 143233 4 95
-60 179590 4 418
-923 186483 5 117
-284 128599 5 290
-52 194167 1 350
-16 174129 7 231
824 136144 10 931
-73 176183 3 177
-120 184965 2 59
601 195073 7 784
729 181947 9 996
691 177149 10 631
-557 114754 8 285
-755 178112 4 720
438 199619 3 27
-558 191147 3 7
150 199899 5 394
351 133079 2 522
132 190610 10 198
399 179938 1 8
-449 181740 6 169
453 162401 7 914
-182 183856 2 558
874 188354 2 79
303 118776 10 487
-519 187387 7 27
-157 159155 2 980
-535 166814 10 330
-69 197632 7 388
-982 114949 10 873
-529 197893 2 304
915 184056 4 756
-611 89648 5 5
-821 197748 7 174
-208 180127 3 178
-410 158700 9 638
290 157746 1 242
-799 169823 8 823
79 174746 10 595
976 195160 7 346
-101 180999 3 327
871 165049 7 606
-121 184891 7 786
-953 188021 1 88
783 193956 3 661
699 184514 2 111
-890 159473 7 578
-637 199348 2 427
693 165083 10 833
992 196096 5 526
-879 156042 1 809
-639 161815 7 442
972 196222 6 865
-20 148955 1 549
895 199509 10 25
160 191537 10 466
854 145580 2 604
-550 181756 6 65
-549 176624 7 880
-490 112237 9 681
-554 180069 10 753
375 174877 6 531
725 191025 4 802
650 180932 2 250
-712 154715 6 908
295 166515 6 338
111 188093 7 211
-568 199905 7 574
-569 158934 7 39
703 160728 2 981
946 157313 10 448
595 194954 9 463
358 183444 4 245
-438 106209 9 139
536 190718 3 550
-772 166189 7 108
538 163994 1 23
39 169625 8 758
98 19160 2 559
-50 158989 8 986
-612 158800 10 985
-569 130132 8 313
-638 180190 2 273
948 189457 10 776
-215 190676 6 555
65 184355 6 71
351 192846 3 808
-81 191299 6 536
-972 142617 3 642
128 147858 1 910
646 145336 9 346
755 152207 10 627
689 183295 6 79
-206 192399 9 718
-682 191227 4 745
-743 185005 7 339
-294 185163 8 293
328 185582 9 36
177 189747 9 187
-883 150062 9 41
-357 197454 3 13
-757 184822 1 787
-64 193783 8 594
-626 178875 9 430
-168 185088 7 972
-669 186874 6 776
-643 171993 3 694
307 147799 4 380
772 193606 3 65
880 171459 2 235
296 156428 4 208
-478 150856 9 909
713 167955 4 882
-653 137849 1 707
469 101570 7 207
-439 183598 5 488
197 198351 4 334
-588 188910 4 977
411 158239 7 181
968 129337 8 786
-183 190971 3 2
875 165155 10 418
485 129827 1 89
802 155714 9 160
-453 161000 3 550
649 175870 3 367
-158 189713 8 381
-942 190541 10 71
-157 197933 5 823
-209 190438 5 750
614 130984 9 543
-670 169150 4 535
-513 134675 6 77
-652 185785 10 968
793 195614 4 834
435 179949 5 937
961 114379 7 740
