300 200000
-7776 180002 5 6530
-7124 156542 3 9143
-6303 187386 1 6300
-1791 192991 1 8855
-4518 198698 2 3401
-5772 188554 5 6459
9645 178530 9 1486
9783 194924 10 8494
9254 190923 5 6108
7868 194436 9 7725
-6765 170170 1 3194
-3954 198259 8 8560
-8093 198607 7 2562
9776 189927 7 5431
547 193121 7 9434
-3594 198044 6 9769
-9931 190221 8 1493
-3870 156533 9 9674
8881 195070 6 3529
-864 169946 10 7851
-2431 170083 4 3906
-2813 196064 7 6439
5784 179060 10 7287
3329 176366 7 8203
1971 142239 10 3371
9772 171962 8 9189
-9133 117790 9 8040
-4140 191907 8 3089
1626 187788 3 8295
26 180007 1 8976
-4476 185509 7 6835
-8298 186805 2 6858
-2456 130080 10 639
6827 180231 8 6710
5072 188397 3 8181
-5591 174838 5 3527
1397 152978 1 1393
-7899 199780 1 4730
1918 196929 8 8493
-8972 156201 3 3630
1979 190850 9 5839
9390 174857 2 3283
-6883 168147 2 5712
-3968 158722 2 7078
-8743 183700 9 8526
6994 190493 10 956
4670 147525 7 516
-2821 194641 10 5805
5619 125953 4 7081
66 167358 2 4307
-364 187224 10 8455
-169 165549 6 2724
-6450 178495 9 8189
-4111 194671 6 9052
7353 182042 7 4312
-9399 131550 1 5375
7766 187504 10 8829
5719 180987 4 3278
-4182 185141 7 8378
1549 193148 9 487
7610 105233 8 9486
-4719 198435 4 3090
-729 199521 5 5414
3518 177283 7 4666
-3412 175874 10 7338
9821 167251 5 6089
4982 152388 1 8664
9696 183355 9 5368
-9948 173884 9 7200
-928 135469 2 4934
-8224 172775 9 5407
-7208 176116 4 4422
9148 178140 1 1631
-5310 187050 9 2958
9712 181206 4 2239
-144 153486 8 9821
-2061 196509 8 7920
8174 157664 1 2828
3833 156865 1 7105
-5577 184601 6 4713
-1267 198548 2 4475
-9739 176681 2 4993
-7921 198213 6 9663
-4835 191484 3 6492
9263 171269 7 4543
-4119 196920 3 174
5450 146951 10 6539
-3784 184138 8 3147
-9019 179496 4 5869
7141 154215 10 2090
-2999 198219 4 6711
9476 165853 8 3918
-8354 185562 10 1900
-3294 167883 6 2913
-5685 196802 5 3116
6877 148022 4 7602
6125 190887 2 5908
-9279 184083 9 2961
-9355 79957 3 4837
4197 179441 6 8873
6279 193603 7 4836
-634 188477 10 6669
-911 197872 8 5619
1634 188611 2 3494
5802 198255 10 9087
7128 162369 6 828
-7029 171670 6 8889
-8545 177662 1 3956
-6766 164781 10 9
-4124 199175 9 7033
-235 172310 5 7152
3784 159268 6 5566
-4765 185796 1 7484
921 81174 3 8547
7074 160028 10 530
-3856 184685 6 1957
-1339 172520 9 7735
-5972 197802 6 2108
-3444 78898 3 128
-6034 184275 3 3328
-6111 194464 7 4748
-8076 180785 6 7947
-4752 153302 2 8206
1625 194022 8 6965
-1401 194356 2 9391
-7795 187651 3 3356
-1073 168336 5 468
-4335 169924 1 211
-727 144730 9 1100
9271 179058 3 685
-4371 88965 9 1837
-1832 162365 1 9482
-8417 186085 1 9823
2869 179833 5 5697
-8781 160532 5 9818
-6830 179934 10 15
3203 197019 6 3052
-9935 184343 4 911
143 170116 7 6366
-21 183254 10 4075
9493 190618 2 1351
-7468 174218 8 8418
-3791 188542 5 7665
-6384 166054 5 2906
6486 152181 1 8091
-4559 185841 8 6185
-5395 175150 5 6191
-5965 168707 4 31
-3985 100104 9 8005
-5255 153051 5 7030
-8514 174541 10 8472
-9527 112134 4 428
-4951 197511 5 7416
-5626 116541 3 8512
-4832 171899 3 9983
-7379 181390 6 509
-4652 141875 10 3049
626 148093 2 5811
3955 186901 6 894
5468 185779 9 9740
7394 185940 4 2194
3391 151497 9 477
-2724 187088 10 5871
6329 180484 3 811
1675 170140 1 6049
-8145 185496 7 4322
8037 152985 7 8626
3081 130706 6 3840
-9015 182010 7 8184
-7605 43728 7 8167
1178 199040 7 6188
310 167269 3 1938
-2948 182213 2 3980
7935 188687 8 2024
2125 197842 10 4772
-5842 178498 6 3919
-1563 133047 10 6584
-2726 180305 3 8435
-4463 198702 7 6438
-1981 177539 1 5080
-4851 169820 5 6410
2256 142279 9 1708
8416 189041 10 4017
-4117 181055 7 6257
381 199933 8 3251
-5798 196275 8 6922
4823 180506 3 9851
-4545 190643 8 900
4933 168138 8 4905
6226 189748 3 6071
3959 197781 5 5114
8350 188263 3 9853
-9033 194105 5 8534
-1767 148295 5 2802
1796 179515 4 1131
3401 188972 4 7357
-245 147761 5 9160
-140 197056 6 5726
7783 174041 5 845
8806 93458 7 425
7643 117089 2 2914
-4344 153049 9 1266
558 109121 6 9941
8959 194274 10 5722
-4569 196078 7 3511
-6492 151855 1 1001
-695 182260 7 1897
-9886 175854 3 7741
4144 189362 5 5828
-6666 175679 5 2050
-1971 199051 10 9175
6466 77692 7 6322
6623 185153 4 8597
-8206 159162 8 2159
-7245 190432 4 1981
7699 192224 5 4383
-4259 130914 7 5084
9424 141999 5 1848
3287 111780 7 5809
-6001 185412 6 5308
-7526 160094 7 5167
-6612 198279 6 8359
-6693 149949 2 953
-1867 104973 7 8550
1225 181716 10 4809
2662 140823 2 6235
-700 184167 9 1937
7814 61926 1 7327
7264 164327 8 278
-1598 188789 9 9319
4858 179540 7 8986
617 121698 2 5290
8218 153624 5 6490
5032 193204 6 6994
6538 151931 9 87
-4858 167006 3 9010
-3082 188675 6 7513
2819 146408 9 8439
-8570 180426 10 6865
-2867 190330 8 1618
7736 193902 6 9693
-7517 137869 5 3845
-2463 187406 10 6834
8687 159274 3 4540
869 195385 1 1158
-5059 27161 2 6846
8085 168332 2 2988
-9343 149013 3 2020
8874 191617 5 4115
-248 169777 2 10
575 197363 3 2145
1117 192518 7 6564
-2636 163292 2 396
-2752 193692 2 6578
6752 196717 3 7306
8643 118118 7 3208
9590 194697 3 362
3781 121365 7 3064
8764 29216 3 3490
-3886 177409 2 3393
7208 173397 7 1402
-997 170495 6 2060
4861 169074 3 2794
-462 68325 9 1940
5797 122325 3 6400
-5175 188211 8 4774
9007 181627 7 6389
6444 169366 9 1802
-9910 75562 9 1472
5468 181510 10 4849
-7069 176940 3 4043
-9074 179045 1 8208
-4964 198140 2 2869
-60 147766 7 572
9454 133114 9 7448
-2358 179903 1 6998
4608 179960 8 2509
1395 178373 3 6249
-5528 184648 3 8604
4021 197099 9 1986
5635 195348 4 2297
-6045 192916 8 8256
-656 133612 6 379
2506 151495 2 892
-814 150719 3 7151
-8817 190992 10 8475
5893 195885 1 5709
8295 191334 8 1010
1888 184009 5 4473
-4266 114751 6 9097
173 174685 2 3757
-7859 182152 1 5459
1029 198036 6 6357
9662 149618 5 8765
304 192387 2 5659
3074 187220 10 5894
2652 179372 10 5605
-9779 117185 3 4222
5275 167700 8 8540
-7920 187905 1 4035
