300 200000
-70 189213 89 17350
37 194460 76 42868
72 195857 30 68074
-99 171011 77 37640
-53 169874 25 41863
-30 183061 38 55832
51 105448 27 37842
40 178194 25 62265
62 157900 22 25286
-98 193739 30 42077
-93 1518 99 74406
-92 110344 21 22323
74 187741 89 25650
62 158004 14 13822
82 59799 6 92584
-16 180892 79 75188
75 197997 60 14590
-78 124132 81 43259
-74 184036 47 57213
46 184836 18 54111
57 139518 89 3392
-47 185623 58 62039
-16 194273 78 79597
-57 190399 13 73945
17 175031 22 13107
-38 138070 84 96891
-90 172002 20 26310
-36 151666 7 84204
89 176081 85 79223
58 191575 90 47667
75 187902 80 99479
-100 195685 19 6055
-58 198933 67 32142
27 134509 55 26478
-67 192959 6 23575
27 142841 91 87194
48 166185 95 11038
-31 109804 85 33728
-44 175720 46 76701
78 195991 79 54811
-6 166403 58 8244
86 162845 20 99586
-73 186914 64 46567
-6 198877 57 36134
53 149744 70 73725
-91 178940 10 95727
80 190510 43 81526
-67 156820 81 18871
28 195424 6 17772
-40 187978 50 91654
-67 173188 84 55854
-6 144191 4 64016
-81 173869 30 8249
-100 180622 48 73996
-96 105527 50 22553
87 157481 48 28567
74 179533 29 9631
26 196317 53 69545
53 195243 54 56802
40 188382 4 47383
-91 159353 77 92763
54 181916 37 77705
57 187334 7 85116
-52 104701 9 30044
92 184527 40 63346
81 102559 95 58683
-89 185882 84 32315
-27 195381 62 17497
23 169405 95 67913
-55 193552 45 20851
99 177393 95 49240
57 151473 30 26404
25 198051 32 2061
-90 197874 95 55977
-7 186117 70 66512
45 179597 58 45591
74 191211 2 71339
-99 109541 19 82682
-35 198981 75 13379
-17 198726 88 51087
31 178922 53 53943
-2 195750 8 65956
51 191731 67 2743
42 192583 23 8366
23 167321 93 48775
64 137401 65 61868
22 134252 96 47348
77 186418 26 23739
-34 199096 14 5366
34 194426 30 70106
83 196801 30 76456
42 110681 85 93567
-36 187181 36 90244
-62 143976 100 89433
-100 119823 87 99138
-8 157905 72 30376
-75 196719 26 95026
-48 167849 70 54010
-96 192638 33 35289
43 167114 9 52391
80 187514 5 77385
-31 171738 81 10543
-24 177363 70 28100
89 188598 32 52660
82 198854 84 92530
-66 139062 82 89139
82 195599 95 51553
45 180518 59 10790
-46 138878 3 7134
13 117556 12 11647
-73 177518 8 75537
-98 131131 30 29438
13 188564 55 76221
-43 174141 34 45780
-25 180343 57 35096
-74 189475 94 71067
73 195493 10 75272
-4 182223 15 22582
74 177606 77 3040
-74 183094 61 71365
-20 154234 82 95290
42 192812 43 79980
-10 196736 60 64341
-65 179052 54 51909
69 183227 96 56528
70 182437 59 87171
-58 184790 66 90696
-32 99160 91 66473
71 177483 43 73071
-90 144168 75 21067
7 198368 47 80526
93 188110 56 88355
-61 199703 41 6301
-31 193934 9 43382
-85 190164 52 80576
76 101303 43 12841
-27 128707 19 25636
23 186927 21 46142
-8 196857 47 17051
48 139736 4 2836
36 192528 75 91572
93 165209 89 63358
24 163609 16 6015
-24 114276 45 27619
12 193490 83 6912
43 187149 88 70934
1 195080 41 8434
31 185089 10 99543
-50 197570 25 31006
16 130740 66 45962
60 181651 99 25980
-68 172988 88 68950
-20 199018 47 70730
3 188747 72 89889
32 62446 16 37643
9 177751 3 86346
-40 180596 7 53025
74 172662 66 62536
30 170098 79 81518
-43 154947 14 21218
84 187977 34 81544
-3 199774 59 43310
-28 185411 92 85308
-44 154599 4 31182
49 159616 15 35909
25 198964 25 69256
-3 197998 75 28492
-20 165760 66 48101
82 199204 4 45410
80 193183 28 4876
-99 198127 60 98428
-88 173258 78 96544
-80 176341 97 14992
-59 156378 86 184
71 188348 35 68493
39 181567 20 61406
94 136573 21 31903
-14 193480 43 44811
-7 179475 15 27140
84 197486 57 95808
-68 190888 55 8104
-60 194514 60 94472
-67 194116 28 16104
-67 180435 63 10285
-65 171912 23 34022
-92 179806 69 45080
40 191550 59 99144
23 177455 13 82509
-3 191228 88 30135
-50 149430 62 30599
60 108251 95 64276
-74 147102 73 81136
99 199598 8 17213
4 185287 8 49668
0 186243 84 95970
-65 198940 83 35526
-87 198404 24 98593
18 186740 18 28675
29 199666 69 57193
80 185605 73 95879
66 169603 47 15885
-95 198734 40 14108
56 191772 76 25702
-60 186078 64 88426
86 171476 41 11567
-82 66714 20 44684
-59 164993 55 15644
-22 197177 88 2799
98 191802 50 26075
10 183058 5 32625
-8 177970 7 63150
-75 151628 53 14648
69 185536 83 711
49 199696 83 26865
-76 198347 19 67941
68 196073 2 58410
43 140331 13 78190
-11 159693 15 88849
30 174147 76 31566
65 149820 59 6031
60 131139 32 83728
-85 191417 6 64864
-55 199900 28 75355
-93 189383 64 36469
-44 188901 60 38671
11 192533 72 92524
42 168202 93 46144
30 131765 7 50701
-77 177741 51 51890
11 198132 87 22409
-5 194985 14 63093
-56 173451 57 64559
-76 174774 28 72035
-46 195316 44 15567
-46 177617 6 34297
68 127410 74 71347
55 152442 32 13459
-81 171698 78 24762
72 160227 90 20203
-63 190395 39 3735
-55 181984 21 31794
89 136554 8 63178
-19 149719 58 95440
-78 167311 17 32606
-64 197275 69 82842
94 166798 90 71139
81 168218 53 56018
-34 154000 82 67053
-46 167492 34 5571
-97 113875 49 15565
27 164385 91 99261
-9 121555 25 58958
54 158360 97 29742
72 77614 2 54995
-68 130981 56 91074
-11 170800 88 81103
32 189851 86 59101
-37 197731 78 44326
-54 158567 53 33046
-54 193270 44 55074
-89 135414 44 2775
4 175903 44 56505
-25 170373 100 73362
37 182143 77 40765
24 177713 47 68902
-52 174852 76 34308
9 189022 90 30515
-95 189145 60 98361
18 149618 41 13018
-24 177511 44 81027
-94 121629 59 93018
93 149438 83 34517
1 154166 82 91174
9 186184 84 10742
-88 154750 35 64874
20 199469 50 80754
-50 98402 65 6817
59 158536 69 2464
84 135701 84 74863
-99 192668 26 41015
-92 196205 48 74724
-23 197479 52 1291
-43 185063 52 57843
26 177167 79 81452
-62 192284 41 31280
-2 84386 54 76193
13 190881 95 82281
98 198601 16 48737
13 195595 18 69863
-5 192490 43 46706
16 91767 35 99365
-71 190978 32 56134
-75 188999 96 66960
-67 187959 25 24371
-38 139688 53 67999
-35 145369 9 83698
-58 177623 13 83221
38 184350 52 62874
-33 189420 85 7958
-38 169525 87 62334
