300 200000
-49207 166904 76929 52689
3050 193928 44528 66411
-23803 192817 61546 14357
28716 169550 16989 27314
44378 192308 15195 36801
-35508 178362 58917 49892
45672 198030 9232 74240
-33334 193386 45531 12793
-48195 138282 65899 87253
37648 199276 2700 95839
10258 160766 971 85069
12042 172202 2812 97051
12331 168218 42287 16833
-40993 191805 38242 23714
42639 199810 3213 69999
35829 174985 96866 68723
-30331 183341 65935 13145
26693 125428 92586 57879
-49679 185641 64014 4574
-10821 172718 74991 12700
-33939 193750 24818 17592
-40078 115160 30985 52206
-9717 193563 59432 97846
-39955 184840 10700 2488
-35510 152773 29605 78267
27480 197652 47945 89050
39639 124190 77819 12087
42944 194490 37860 76747
-28185 171383 80793 50437
41905 186961 87608 47505
37586 184206 82824 80261
-40817 186108 88008 19199
-28205 170420 92419 75163
31480 190188 80775 80366
-27395 152002 77495 36552
31704 198328 66443 25792
-768 186065 2844 34055
-38228 150564 48558 35217
-1508 185507 10867 10251
34876 168065 2694 55423
14949 155784 20097 919
31475 177629 30341 55164
-39815 119835 49611 99934
23745 195923 51571 42897
3198 167731 96627 94429
11539 172512 69642 28917
-28449 189298 13554 43830
-27375 178634 94707 62287
34441 198388 90550 20847
3416 155683 34272 62281
28257 197723 92605 79338
2842 198162 56330 94229
38473 195244 97139 95814
-27405 193434 58733 61125
18515 194987 75178 18678
-18674 180922 53600 31302
29605 162619 70008 50400
12056 177718 82745 71997
41166 127060 54485 90490
17411 186994 28928 14308
17768 175443 57876 67808
1469 147450 20819 84967
23983 132781 41794 8249
-24302 181454 76667 88667
-35744 163706 84126 16652
-29280 183770 46125 65310
45206 191350 69529 2429
-12294 178119 53540 86101
-21055 194647 94318 51052
-44737 149812 20125 61634
-4504 179790 57219 27407
-33444 196870 25331 50021
42818 161216 19648 2287
-20353 166271 1980 88565
48784 110805 9072 80866
-26978 131143 51908 50110
-11107 174148 71382 22535
18600 189519 23529 69405
-34408 180054 32562 5159
-36950 198785 26807 20347
17649 181160 11861 38218
11238 153617 15237 13351
-4846 158032 79713 24888
-40849 183196 18288 68055
12417 173227 54213 35698
47688 138064 88087 52672
22324 198745 73175 1040
39805 139638 41814 93940
18324 104779 73427 10844
-36894 177423 39847 94588
47797 198767 46995 86670
-47253 176644 71926 6422
8693 193242 82672 54794
-19028 155435 55269 20209
45907 168935 35097 97656
35122 166481 13088 27143
45938 153872 69329 87362
-22206 156900 29953 74395
37679 163098 44366 24468
35954 160593 56967 45491
14879 147482 18800 40655
37349 175713 72946 12311
-33203 136495 83262 62798
-23574 147739 33090 29323
-37741 198886 83559 94302
-42665 97718 68658 50986
-5705 193425 45976 14967
48321 159988 97263 6852
-46616 172729 37594 64864
-27392 198425 59198 21082
-43400 179787 46127 51043
12866 177385 87501 44663
13469 183356 83436 20812
-51 183489 62904 67825
47331 165678 81304 4712
6522 194299 88864 31425
22773 173955 19686 26460
12174 192801 29255 86432
-39188 124044 66449 60132
26554 194564 55055 10306
35607 116219 9878 15181
23158 184107 97588 53719
-26004 145137 36822 15029
6458 193280 38407 61184
28686 197203 38796 66178
1757 25037 53772 65424
-37504 139345 1324 21952
37681 196707 69719 80036
49000 156589 70653 33919
-26753 188194 61507 73539
6344 193300 27032 27853
-49600 119285 13907 12089
-16135 170245 61633 1264
-14052 145062 60877 74065
426 76564 36678 58919
8262 180504 64052 89650
14584 182964 34551 16322
-25576 185779 50661 84668
5710 194534 69029 29215
-5685 189481 70069 13986
-33761 182330 58686 10791
2458 181471 65001 14378
-41887 164678 43784 25704
-1352 188395 85525 48004
5069 190596 20668 26132
17391 187677 99289 17160
26581 186592 34980 47514
-43109 187150 1402 12403
-42747 185000 80793 26500
-45145 180779 14205 69155
38493 152246 95511 23858
45414 182509 25866 69553
-35282 117439 96546 88245
-18092 185149 37950 2511
-45708 188804 45245 55182
25039 194436 19985 55875
-32749 172828 4456 29384
-7152 181823 72107 18402
-45355 190291 31835 27187
47119 189117 71840 29168
42083 189024 54496 75587
45174 133347 48275 92184
3874 132998 29846 8713
37508 189420 52171 23143
35376 195517 86468 60336
-42714 167916 50479 73583
-22689 196506 68794 12731
49617 198355 5096 56441
35697 185905 66223 40221
7779 192176 73623 44553
17685 172297 35862 61593
8507 190811 72820 1497
18786 172169 89282 56796
49687 174810 42058 66959
-14382 125726 11421 68024
-12275 138254 15216 66593
22785 130541 75427 49859
-21109 187465 75529 10731
29222 176694 80357 16783
-24909 176713 1950 57422
32689 93529 86587 97867
-33455 97507 44090 93195
-34714 138568 13513 91066
-12544 187016 75783 98880
12314 194849 45270 69267
49117 121563 95752 81379
1451 192546 55432 23225
24234 173250 30038 22301
17541 171726 39556 66428
-49818 191119 54975 24105
-25870 140523 56166 30352
38250 162174 42716 94541
-11583 186723 18076 2508
-2233 84362 10450 54425
3003 194187 39464 17638
-10657 195465 43404 35966
-28350 187610 44182 65390
30978 196689 88247 46865
204 169175 69115 41256
27914 156083 61534 42368
25087 148188 43055 29070
43577 188915 84935 38419
48205 198508 64236 89894
-49774 192958 78894 12071
-26766 199023 82055 43135
3061 151766 20545 9256
-23636 119117 91150 4114
13215 161022 83613 4142
-17446 196599 55811 42135
32290 182623 88231 65402
29816 139762 87801 73990
5825 176845 63981 18256
45850 110927 15245 49840
-11377 119726 49181 34231
-37880 110163 62663 71549
-10712 169139 20934 30959
-12935 142079 89586 75719
-36336 182625 62031 25331
-24589 138415 5080 79031
34123 75132 20053 4976
-5534 173501 5953 86622
44605 188323 68905 98372
10904 187346 25613 66743
40356 155339 49450 92443
-41660 187543 27793 90428
29811 178621 22751 71654
-10827 178488 26383 99878
45136 159990 57240 80445
-34127 199141 121 27530
30480 185413 39045 93431
18962 178443 5383 57872
32401 176805 36663 63815
-48575 141656 66007 20278
47929 101012 66710 4858
40981 176776 93669 43044
18670 179272 23555 50222
19214 199652 60620 57233
-30282 185874 17935 8118
38477 162700 58108 16375
-41200 63174 77692 13292
22071 177317 55452 89586
-38158 193199 48403 12501
24682 134303 14978 82623
-26203 145745 75365 19323
-11905 189929 90416 78931
-37282 184089 57735 8328
46274 195268 96114 98618
-25250 160177 41032 58527
2989 161230 41334 45138
-39283 191881 87956 83839
-25716 196754 69996 98566
3219 31708 94351 61115
14892 185803 47134 37455
4823 185104 24138 2580
7685 182091 86065 78761
20892 183012 39018 68280
7723 197260 6269 87666
25752 196213 79962 18783
-5008 143888 91914 87977
-12105 143386 30862 13892
-3428 195617 3468 63204
945 149399 25658 52673
18223 186438 41632 28786
-20249 156177 2961 51567
39607 194150 75847 20435
-349 197954 66339 36924
28718 186405 43619 80789
-43183 197605 90929 33230
-28490 134490 59537 72113
45721 190381 89875 12023
9207 128359 19942 96453
-40705 189750 20909 23161
8088 155868 57036 35059
-20771 147913 94477 94301
-35331 160493 72383 80443
5663 166918 2216 68879
-42111 190751 8323 59957
-47776 132597 50902 89468
-43277 161012 37961 32945
14915 169412 12140 63375
-31242 128178 50467 4050
-28204 175948 6392 91912
-18284 134247 86180 41704
-21983 159375 44546 51646
42915 171270 48667 53646
-45805 190664 3553 52567
-20165 193464 21585 19813
-49038 197507 45756 3878
37974 193945 54370 4430
27896 174392 5923 83493
-44918 189815 41081 5165
15029 167564 42958 91603
35236 177821 43279 30941
24003 192250 38356 31472
-10331 177878 12837 43599
-31733 188267 78446 87543
-48990 198555 39072 41543
-42440 191081 74990 62459
40406 113145 53605 33752
-46886 183516 39994 16485
