300 200000
0 170657 1941 107192
-8 192006 8241 65175
9 180343 4031 133046
7 197274 9738 186618
6 165152 5282 145717
-10 140202 8878 165321
-3 153296 3613 137792
-7 114649 9290 108911
-9 142958 3025 56584
-1 167255 9533 128728
-9 185229 9721 91441
1 199583 6830 103973
-4 198298 5054 33250
-1 164479 5965 46930
7 176781 1067 93128
-4 179721 685 154723
4 182454 1901 174891
-6 194830 8721 148821
-5 195736 3391 34421
-8 196273 55 41219
-9 90950 1765 65983
-10 179709 6402 136983
-6 189800 1974 157662
-7 191579 5755 66611
8 193736 5615 120685
8 166149 4601 5536
8 147440 6005 81820
-10 183573 1711 25334
1 157665 4409 27576
5 151054 6279 143373
-6 179056 9074 182460
-5 192605 2062 183458
9 164947 1175 61976
7 161885 2783 134029
9 184886 9964 148289
7 185789 5219 32354
1 180258 174 21177
-4 191143 5032 11621
8 154479 5714 16031
5 139447 3745 188851
-6 161771 5402 198521
4 77340 638 147886
4 186083 4360 115840
-7 116964 6717 174569
3 112774 7928 9708
5 158370 3584 72020
-6 182457 3608 124352
7 171749 2240 76137
2 195194 7914 86809
-7 199684 9585 106583
2 199079 9533 177523
-3 196023 7111 127918
-10 198407 135 195708
8 172297 3626 89036
7 195463 5703 69020
-5 137460 1973 124999
8 195435 8954 162372
8 109816 1796 37210
0 199350 2572 32053
0 194892 158 104405
0 176378 1825 114260
7 142747 2672 106624
7 160921 996 54381
0 190216 2027 12367
-5 199102 686 199300
2 153428 1729 19915
-6 160705 9114 180003
-3 158738 1611 58048
9 151649 4392 114527
-10 171908 1646 64355
0 143347 9519 176877
-7 195754 6991 68549
-5 183756 8664 134181
-4 61275 2579 197181
7 165068 600 107669
-7 196081 5547 111634
4 174483 910 125513
3 184796 1198 76072
9 103582 942 73880
5 184883 4473 192172
-3 126414 7532 27890
7 178620 8325 131714
-3 130064 3435 19496
-3 176776 4263 38830
-1 159639 9815 21244
-3 118310 3437 74818
-2 70435 8865 31210
4 198882 8406 647
-10 150859 9164 96310
-4 193510 5138 106606
9 149530 8885 43895
9 173874 6683 58744
5 133114 3174 95523
-4 194651 6548 142372
-7 195072 6270 6492
3 174247 2160 61465
-1 197997 747 134267
3 176625 5510 185427
4 192546 2297 132892
3 178836 6435 15826
-9 199633 1934 118121
-5 193998 4767 158081
1 196285 5798 129450
-9 199703 1843 6500
-3 199112 1164 124237
4 127180 5882 2885
-6 166929 1994 104242
-4 158305 8920 90784
5 199870 674 169466
-1 191135 168 33484
9 188927 4813 30864
-1 171025 2810 101228
9 103995 5619 24119
8 186521 9835 14103
-6 171099 2203 28501
-4 130582 5318 27908
5 199723 9333 85951
-10 177690 7291 183225
-7 174583 6629 106055
8 188789 1455 64628
-4 195510 4722 135811
-9 198846 2451 172891
-5 146065 1199 81887
9 180146 8712 165857
-4 192848 1417 61989
-3 191933 9395 152313
0 159971 5762 22475
-9 196293 8077 180159
8 191496 8924 45501
8 177210 2926 82212
-9 190436 5737 151532
-8 169899 537 177882
-3 167223 2082 171542
3 161151 8555 10689
-1 148603 3494 52119
6 163206 6528 199376
-4 199642 9621 18288
6 168947 6613 87559
-9 169817 9260 19350
-3 195481 5076 178899
-8 174852 5651 61118
-9 189858 6573 24130
-5 157380 2373 29926
-8 127237 2866 103722
3 190676 3391 105127
0 174978 2101 147285
4 68909 4764 98361
-5 135962 309 178222
8 178548 1679 5830
2 183280 2053 157745
-1 171215 6241 31923
0 134288 350 139151
0 192860 4109 50412
-3 158296 9672 122081
-2 164967 1114 154351
5 178483 3540 154319
7 198845 4169 126043
8 176838 2638 34496
0 180658 1087 38777
1 146357 6144 72388
-6 106043 4739 13643
8 193366 6297 5631
8 198756 123 16915
5 173952 5903 12696
5 81439 2547 149095
-10 132249 5410 133026
-1 199940 2431 163059
-1 191134 9395 40138
8 172584 4339 29518
-8 156806 7939 144705
-3 136142 5888 64897
7 191627 9488 35244
-4 186260 818 98325
-9 193698 3597 131466
-6 195146 7063 134812
0 180788 9249 56229
-6 194800 4769 13250
8 198247 1090 172028
3 156194 110 130004
9 187492 4738 1902
-4 194133 1735 102224
1 191651 1946 36459
-7 131243 7463 154287
-9 139057 4197 144471
1 184913 398 195248
-1 179190 976 105984
2 132873 4887 422
-5 157676 7648 159810
4 200000 9926 105412
-9 187928 4995 199672
-10 189082 2101 97254
3 140483 1099 136677
6 117122 2047 24675
-1 105374 9832 174562
-10 187464 4510 197330
4 199652 2629 35978
-10 143133 913 41178
-3 188894 2133 57636
8 115543 5266 58686
-5 193718 5902 114704
6 177415 1095 189480
-7 130046 5045 13301
0 182706 6310 56372
3 182651 5051 195626
6 113694 3661 33407
1 162551 3672 93538
3 180023 3265 180145
-9 163144 4807 150109
2 82391 8263 94536
-5 198380 6354 8972
8 112199 9874 60774
6 105303 1407 174660
2 39201 7964 154909
7 183461 7546 170150
-7 187035 4774 69690
5 178570 4996 51917
-5 140253 1188 179983
3 191582 8715 199865
4 183438 8709 61188
1 129749 9275 129019
-6 147767 8128 3424
-7 170934 6948 178657
-7 118705 5140 32659
-4 195318 2957 160612
2 186218 241 60935
-10 196479 9498 51599
-7 194715 5058 99176
-5 174316 3449 181746
-4 198121 2877 56561
-1 189886 5714 62600
-2 191684 878 95609
-9 184255 7983 59556
-7 190811 255 169533
1 186933 8394 37667
8 173231 4012 5678
-9 191699 3654 108557
-8 193750 1798 146109
-1 118066 9983 1164
0 129802 4549 120613
-6 165329 9557 67410
7 198424 6035 149497
5 196159 1222 62725
5 151148 8454 89904
-9 184265 8715 157806
-7 146183 5246 136110
5 199542 3829 98594
-6 183775 8879 7188
-10 168066 5433 167087
-1 153042 4016 10569
7 179449 1657 199051
-5 173550 3428 68425
7 198043 308 186873
1 175823 3559 45167
-9 175278 3697 182204
5 186254 4397 163135
-8 198876 4503 896
0 46931 1479 75638
0 186185 7679 44869
1 190534 4343 107157
-3 170827 5821 56655
-8 132757 6022 363
4 158427 2139 131340
-6 178468 99 113762
2 171723 2105 151558
-7 172660 2061 143052
9 193266 8578 122313
-2 191015 9716 26607
-6 178982 9887 186133
-4 173163 6428 141326
8 141728 433 17799
3 154400 3475 176185
7 137483 7290 152005
-6 102277 3829 124182
-10 89049 9837 72040
-4 170254 252 121969
7 175293 1158 27054
1 179358 8397 134657
-7 199252 5964 63583
0 168084 7904 181437
-9 187864 3926 185023
4 195015 5536 172959
3 159179 6683 153398
4 175467 8820 5046
3 183558 3582 72700
-10 132688 188 77489
-9 191194 2952 42823
-1 142441 3567 181610
-8 165153 6823 63161
-9 192250 8803 40369
1 191033 9399 60485
-9 158909 7710 85850
-5 151158 8832 38242
9 158071 700 132169
-7 135189 6448 123826
-9 191046 7217 29627
4 180575 1017 34548
-9 158052 529 148632
-8 165018 5181 120617
-7 105298 621 123703
8 197449 9352 135043
