2000 200000
2 173039 66 1
1 191814 35 1
-2 195617 18 1
4 161422 31 1
0 187201 90 1
1 195839 52 1
-4 109237 37 1
-3 130015 36 1
3 86075 47 1
0 199828 92 1
-3 176861 73 1
2 174386 64 1
-1 178130 49 1
3 188026 88 1
-3 158789 3 1
0 149769 51 1
3 142205 29 1
4 187086 42 1
0 123727 18 1
-5 189814 71 1
1 191547 13 1
3 124697 22 1
-2 182670 25 1
1 165735 28 1
-4 180339 40 1
3 192237 87 1
3 152005 89 1
-5 197193 69 1
1 193906 66 1
0 143551 1 1
3 197210 77 1
4 151106 15 1
-2 152842 78 1
-1 86475 94 1
-5 129571 96 1
-1 195486 27 1
4 152588 49 1
2 162645 32 1
1 189449 28 1
-4 162658 62 1
-4 125113 79 1
4 191813 95 1
0 110782 43 1
-3 149008 15 1
-2 180758 34 1
3 141859 85 1
1 133414 19 1
-4 181711 41 1
4 178304 41 1
-4 183157 40 1
1 179900 87 1
1 199141 48 1
4 100004 28 1
-1 188398 5 1
-2 184330 70 1
-2 143188 79 1
-4 190297 21 1
2 148195 61 1
-3 177164 78 1
2 182039 61 1
-3 196325 27 1
-3 194893 82 1
-4 133845 12 1
2 194161 30 1
-2 194964 86 1
-5 188054 72 1
1 184568 100 1
-4 168416 50 1
-1 173791 80 1
2 198804 90 1
-1 174909 12 1
-3 189528 31 1
-1 160380 29 1
0 194528 81 1
-1 187306 62 1
-3 153445 17 1
1 198071 72 1
3 175496 70 1
-1 199353 64 1
-2 185328 35 1
0 159707 46 1
-2 188617 6 1
-2 144136 18 1
2 174464 44 1
4 176358 44 1
-3 190144 39 1
0 120024 5 1
-3 187308 97 1
1 160739 87 1
4 191635 30 1
4 136129 43 1
-2 174180 45 1
-5 161061 29 1
-5 176199 17 1
-1 192217 28 1
-2 168678 18 1
0 63031 85 1
1 191488 49 1
1 195344 53 1
3 153493 36 1
2 192415 61 1
-1 174362 4 1
-2 171240 29 1
-3 149644 43 1
3 178780 59 1
-2 163549 34 1
0 168028 18 1
1 158411 65 1
-1 171766 75 1
3 122344 93 1
3 199989 79 1
1 176930 43 1
-5 128474 53 1
-2 174858 95 1
4 160494 2 1
-1 117934 4 1
-4 151822 50 1
-5 158428 16 1
-4 133206 33 1
-2 130904 59 1
4 141377 34 1
-4 181887 79 1
4 90738 34 1
3 198726 87 1
1 171599 53 1
4 195586 64 1
-3 184183 9 1
2 191124 80 1
2 176769 20 1
-3 149590 62 1
-5 195931 91 1
2 195835 33 1
-2 198094 31 1
3 195686 37 1
-2 156556 44 1
-3 160245 2 1
0 149520 63 1
4 197170 54 1
-5 198409 32 1
-1 176513 98 1
3 195381 95 1
4 160053 48 1
-5 197020 59 1
3 183775 80 1
2 189840 65 1
0 177018 59 1
-5 152533 47 1
-3 184389 83 1
2 160656 41 1
-3 140470 69 1
4 183929 90 1
4 179584 84 1
2 153939 74 1
2 195806 55 1
2 164622 47 1
0 106110 25 1
3 192111 6 1
1 175497 31 1
0 178019 16 1
-4 166612 2 1
-1 198489 53 1
1 161060 86 1
-3 182195 75 1
3 198742 90 1
4 192078 82 1
0 177188 45 1
-3 196153 47 1
-5 187451 96 1
1 127265 88 1
2 197381 70 1
-3 170383 3 1
3 181236 5 1
-5 118635 77 1
-5 195267 50 1
-5 166676 24 1
-5 186504 55 1
-4 187597 90 1
-4 197892 22 1
1 189004 65 1
3 195263 1 1
-2 190486 40 1
2 198206 21 1
3 193159 12 1
1 190963 68 1
1 126240 24 1
4 139220 10 1
1 186853 20 1
-1 194411 2 1
1 185026 24 1
-1 173720 12 1
-5 154508 43 1
-3 152966 71 1
4 167076 82 1
2 170090 89 1
0 126163 80 1
-2 196755 6 1
2 158144 95 1
-1 163439 16 1
4 189905 92 1
-3 158898 90 1
4 102725 98 1
2 136703 77 1
-5 194356 79 1
-5 195395 8 1
-5 172240 56 1
0 23745 75 1
2 198820 2 1
-3 198696 1 1
3 178116 69 1
2 109609 1 1
3 153369 12 1
2 173675 71 1
-3 199187 70 1
3 195041 8 1
-2 176138 60 1
4 172517 59 1
3 139049 66 1
0 174450 25 1
-3 174897 83 1
4 163909 54 1
3 178514 40 1
2 178368 77 1
-4 183305 92 1
3 174328 55 1
-3 180783 6 1
-4 189854 83 1
-5 171614 98 1
-5 161377 1 1
-2 180542 37 1
3 199722 59 1
-4 155876 70 1
-4 181168 91 1
-5 196452 97 1
-1 186761 83 1
-3 193180 80 1
3 172778 26 1
-4 158586 92 1
-5 192740 47 1
1 143837 2 1
3 193719 55 1
1 189872 5 1
4 103420 31 1
4 189450 41 1
-1 112505 72 1
-2 120418 68 1
1 130345 42 1
-1 172265 81 1
3 165689 70 1
-5 160651 78 1
2 184230 38 1
0 191966 11 1
-2 195351 62 1
-1 173354 84 1
3 185825 93 1
-3 177263 50 1
-5 156479 66 1
0 178900 2 1
-3 173610 60 1
0 194193 57 1
1 195642 23 1
-3 198141 64 1
-5 172455 17 1
-5 169063 2 1
-5 173325 35 1
-4 198510 42 1
-5 120343 76 1
-5 138516 39 1
-3 147503 67 1
-1 180582 77 1
3 162452 55 1
0 192443 94 1
-4 169927 4 1
1 194913 18 1
-3 191202 48 1
2 185621 87 1
-4 185679 15 1
1 165315 84 1
4 177202 60 1
-2 199579 99 1
-4 138828 80 1
-2 199799 12 1
-4 167444 67 1
1 183420 72 1
4 162600 44 1
2 158830 94 1
-3 190783 33 1
1 187466 50 1
2 157598 21 1
0 161729 100 1
-4 133593 9 1
3 186939 26 1
-2 198507 29 1
-3 130336 68 1
-1 191137 90 1
0 175126 27 1
4 118946 63 1
1 191392 56 1
0 174930 29 1
-4 91452 39 1
2 93469 75 1
2 198812 100 1
-1 169379 54 1
1 140516 48 1
-5 196045 13 1
3 183230 44 1
-1 169735 68 1
-4 195825 38 1
3 177057 95 1
0 172298 13 1
-4 170154 48 1
-2 89186 30 1
-3 180271 9 1
-2 95718 54 1
-5 152111 40 1
2 196859 47 1
-2 198748 19 1
4 196271 70 1
2 192244 55 1
-1 23133 34 1
-2 145380 91 1
-2 123126 42 1
2 145099 53 1
3 143455 72 1
-2 179918 50 1
-1 197462 38 1
-3 163352 66 1
2 186520 73 1
3 179776 62 1
-2 128464 15 1
-5 180009 28 1
-1 196666 16 1
4 173773 83 1
-5 178132 80 1
1 181139 12 1
-3 195020 32 1
-3 195867 16 1
1 194932 27 1
-1 180658 52 1
-1 167948 39 1
-1 46110 85 1
3 114300 35 1
-3 141685 68 1
4 179850 99 1
2 93043 33 1
-5 144723 54 1
-2 186164 15 1
-5 183709 58 1
0 119006 72 1
4 143771 42 1
2 136117 73 1
-3 191415 100 1
-1 146438 68 1
2 168500 71 1
-3 156251 80 1
-4 194137 55 1
-2 188573 58 1
4 198624 44 1
4 195432 42 1
-1 160502 20 1
1 132958 24 1
4 176495 4 1
-1 132150 79 1
-4 191168 98 1
2 158611 94 1
1 113975 25 1
3 181200 30 1
0 189304 36 1
-4 198611 95 1
1 167586 60 1
-4 196622 79 1
-5 169669 44 1
-5 152807 79 1
2 165359 30 1
-2 182426 76 1
4 192710 9 1
1 180360 93 1
-2 199269 67 1
-3 151506 54 1
2 143910 40 1
-5 140830 76 1
4 171337 12 1
3 96764 86 1
1 131383 8 1
2 190350 49 1
-2 192857 84 1
-1 195451 7 1
3 192950 75 1
3 194992 85 1
-4 188191 96 1
-2 159236 77 1
-5 187202 100 1
1 146531 65 1
-3 191196 61 1
-4 174920 38 1
1 124663 42 1
-1 178251 96 1
-5 181698 31 1
4 109761 51 1
3 195123 18 1
4 180513 53 1
-1 133981 94 1
-2 163230 45 1
0 185592 7 1
-5 160774 16 1
1 195115 39 1
2 140583 6 1
0 195961 72 1
-5 174085 56 1
-2 186604 18 1
0 120898 28 1
-1 154707 6 1
2 198950 48 1
4 185188 47 1
2 192940 15 1
-5 169951 96 1
2 182640 48 1
-1 147086 59 1
1 174591 5 1
-5 145729 37 1
-5 198912 28 1
3 106422 98 1
-2 196171 7 1
4 153367 18 1
-1 139003 5 1
-3 164819 72 1
1 128185 75 1
2 165633 55 1
1 81598 61 1
-1 73449 23 1
1 127999 55 1
-3 192927 45 1
1 193184 22 1
-1 159462 81 1
3 128131 70 1
4 196203 23 1
-1 199996 12 1
-5 157370 41 1
-3 197902 92 1
-5 189354 8 1
-2 196347 26 1
-1 195495 85 1
-2 191843 89 1
0 199520 53 1
-2 149746 7 1
-2 192712 47 1
0 186909 14 1
3 77801 30 1
-5 131811 91 1
-2 187069 2 1
-2 165424 50 1
-2 182299 63 1
-3 133712 49 1
-3 199231 80 1
-1 104792 37 1
3 181638 93 1
-4 185342 5 1
-3 183329 48 1
0 191056 24 1
-1 158227 61 1
-4 153750 86 1
3 179815 87 1
-4 83254 70 1
-4 198319 41 1
0 123123 95 1
2 182366 82 1
-1 129972 19 1
2 183349 93 1
-4 183369 52 1
2 170174 64 1
-1 103295 73 1
0 131347 2 1
3 197925 39 1
3 182138 10 1
-2 187592 93 1
4 172839 98 1
-4 177831 49 1
2 149787 20 1
1 186752 9 1
-5 178673 1 1
-3 130250 73 1
-5 166752 36 1
-2 164455 2 1
-4 171382 92 1
-4 187311 58 1
-1 167161 52 1
-3 11827 17 1
1 199992 93 1
-4 194658 12 1
2 190313 42 1
-5 174436 4 1
-4 199292 76 1
-5 147268 94 1
-2 184567 78 1
1 164456 80 1
-2 184909 31 1
4 155627 63 1
2 140896 24 1
-5 162581 27 1
-3 185269 92 1
-1 182735 94 1
-4 183456 60 1
1 179598 13 1
-1 183159 84 1
2 159887 36 1
1 195982 32 1
2 198661 5 1
-1 143888 72 1
1 148190 35 1
2 192868 83 1
2 122775 27 1
2 161830 29 1
-3 177601 87 1
-4 163534 46 1
1 145852 78 1
4 172804 13 1
4 181305 11 1
-4 181519 73 1
-4 133984 93 1
4 138140 95 1
-3 197361 50 1
4 191502 89 1
0 138768 88 1
-4 83144 13 1
0 191008 45 1
-5 150045 97 1
-3 197831 38 1
-2 172945 42 1
-3 175854 94 1
2 161116 39 1
-2 131794 74 1
1 160384 60 1
4 61891 44 1
2 195988 6 1
2 162612 93 1
4 114591 57 1
1 151760 80 1
-3 191262 15 1
2 184124 16 1
-4 198699 91 1
2 140520 28 1
-3 193234 87 1
-1 172590 89 1
-4 151572 66 1
-3 178461 63 1
0 185866 98 1
-4 121670 8 1
-3 153128 39 1
1 190826 50 1
-5 174292 51 1
3 196186 64 1
-3 162545 46 1
2 176916 32 1
-4 154843 8 1
-5 198551 38 1
-1 193082 67 1
1 194752 11 1
-2 179682 10 1
3 199887 23 1
-4 106144 46 1
-1 187150 12 1
4 175505 39 1
-2 196461 88 1
-3 180346 53 1
-1 16173 13 1
-5 161954 41 1
4 180643 48 1
-2 167862 22 1
4 139123 47 1
1 176754 24 1
-1 158876 2 1
-4 160702 52 1
1 198078 68 1
1 160256 24 1
0 197472 13 1
-1 177143 5 1
1 163272 31 1
2 183217 2 1
-2 191149 2 1
3 164700 87 1
-3 137530 97 1
-4 51136 95 1
4 195688 7 1
1 143673 34 1
2 151937 21 1
-4 192234 14 1
4 199108 44 1
-1 180349 42 1
2 193851 17 1
-5 194805 23 1
1 193881 79 1
-3 188563 19 1
1 172783 10 1
2 193025 24 1
-2 182844 18 1
1 194103 59 1
-1 182382 98 1
-1 191009 69 1
4 117857 14 1
-2 190070 73 1
3 195429 13 1
1 122152 18 1
-5 180280 8 1
-5 125668 70 1
3 156192 19 1
3 119635 35 1
3 123093 69 1
2 184442 29 1
-5 97817 51 1
-2 193095 61 1
-1 151644 72 1
-2 133701 24 1
-5 177214 95 1
-5 197214 76 1
0 188939 8 1
0 150666 15 1
-5 188948 21 1
0 198052 12 1
2 178015 17 1
-3 96496 30 1
-5 172850 34 1
1 185834 26 1
3 131193 43 1
2 199892 70 1
-2 171770 18 1
-2 132003 43 1
-3 154515 75 1
3 186533 79 1
-1 189571 78 1
2 117837 6 1
-4 177782 79 1
-2 198415 100 1
4 199637 31 1
-1 176007 53 1
-1 121035 88 1
-3 195594 1 1
-2 124322 86 1
1 194784 2 1
-4 193610 92 1
-2 175113 62 1
3 157540 9 1
-2 130598 4 1
-5 192532 48 1
-3 188893 31 1
-2 195868 1 1
-1 156296 38 1
2 196592 9 1
-4 191072 77 1
1 180221 8 1
-4 138976 52 1
3 194897 9 1
4 198149 56 1
0 134583 54 1
-5 197834 35 1
-2 195870 21 1
-4 161242 58 1
0 173286 10 1
4 176728 59 1
-3 133744 11 1
3 164684 100 1
-1 156258 21 1
3 178056 1 1
4 199641 48 1
4 151277 54 1
-2 148406 80 1
-3 199028 77 1
-2 194543 96 1
-1 135084 13 1
-4 149802 43 1
1 199138 11 1
3 175507 95 1
3 113164 24 1
-5 175577 55 1
-1 199123 45 1
-3 156222 4 1
-5 191382 86 1
4 197003 53 1
-4 120588 25 1
-5 169811 45 1
-3 197368 69 1
-5 182855 94 1
2 196379 49 1
3 157192 97 1
0 164959 3 1
-2 188566 37 1
-1 177399 80 1
3 198218 71 1
4 185637 95 1
0 194799 98 1
0 183825 32 1
-4 102310 82 1
-5 191815 14 1
-3 173488 23 1
3 111554 81 1
-5 105036 7 1
-3 145379 72 1
1 193931 40 1
4 189539 71 1
-4 124203 55 1
3 190337 82 1
4 128045 52 1
2 171260 86 1
-1 153503 4 1
-4 129281 16 1
2 66926 20 1
2 140453 86 1
2 177758 15 1
-2 174150 95 1
0 175160 53 1
1 156675 53 1
2 129858 29 1
0 187937 42 1
0 159781 16 1
-4 199153 51 1
-1 154764 28 1
-3 195051 63 1
-3 188055 36 1
-1 185849 51 1
0 107107 5 1
3 137528 93 1
4 155052 16 1
-1 162347 51 1
1 195761 93 1
1 174913 26 1
2 194028 8 1
0 163050 58 1
4 192658 50 1
0 116354 40 1
-4 163776 59 1
3 180418 1 1
-3 192995 66 1
1 78265 81 1
-3 189709 1 1
3 189041 1 1
0 176548 13 1
1 142215 77 1
-3 161503 72 1
-4 126858 98 1
-2 179707 17 1
0 85622 57 1
-2 179687 60 1
3 197203 11 1
4 170725 40 1
-4 126592 56 1
4 194625 49 1
-1 183888 58 1
4 155351 82 1
4 153978 53 1
2 175765 14 1
4 199132 79 1
3 163273 1 1
-2 137216 76 1
4 194721 22 1
-1 189813 47 1
-4 156069 71 1
-4 167388 10 1
-4 149932 45 1
1 199536 9 1
-4 184450 1 1
-3 124952 76 1
2 196177 98 1
4 184458 38 1
-4 54542 36 1
-1 195231 85 1
-3 103674 56 1
3 122008 50 1
3 195725 33 1
0 186932 35 1
2 157339 3 1
2 38242 18 1
1 178676 19 1
2 194877 69 1
0 127507 43 1
0 165087 90 1
0 182893 93 1
-3 184818 20 1
-3 186395 5 1
-5 121246 99 1
-2 166228 47 1
0 186177 7 1
4 186109 71 1
-5 158709 89 1
1 167973 25 1
1 162939 5 1
-4 176453 87 1
1 163474 100 1
-3 172282 100 1
-4 80413 68 1
-2 199237 77 1
-2 198871 76 1
2 142526 26 1
4 195003 50 1
-3 118079 80 1
-3 76763 63 1
0 167620 81 1
-3 177361 94 1
0 189497 43 1
-4 156725 76 1
0 154388 100 1
-2 114180 27 1
3 184081 2 1
-3 199958 16 1
4 116997 83 1
-3 195309 69 1
4 186616 36 1
-4 187990 23 1
-4 147263 79 1
2 165504 49 1
2 143496 9 1
2 181953 53 1
-2 168731 80 1
3 199131 43 1
3 196669 40 1
0 190756 51 1
-1 196349 56 1
2 147964 67 1
-4 121685 7 1
-4 178888 90 1
4 196225 76 1
-5 139519 63 1
3 165457 44 1
-3 165758 45 1
3 170576 39 1
0 163756 78 1
3 195169 45 1
-1 193489 17 1
1 185545 49 1
1 182798 25 1
-3 198513 9 1
4 148691 99 1
-3 192252 11 1
4 198960 35 1
-1 166196 68 1
4 181899 99 1
-2 173474 3 1
-1 165742 11 1
4 196804 1 1
-4 95810 68 1
2 195404 91 1
-4 178172 15 1
0 162333 4 1
-3 112198 20 1
-1 196187 28 1
1 155246 96 1
-5 194526 3 1
3 195823 91 1
-3 67592 14 1
2 180442 23 1
2 92541 59 1
-2 163319 49 1
3 184423 44 1
2 157695 24 1
1 178064 11 1
3 177443 7 1
-4 171386 43 1
4 189812 14 1
4 193909 25 1
2 181735 97 1
-1 133621 56 1
-4 165240 33 1
1 174372 26 1
1 198603 100 1
-4 135907 65 1
-1 178356 97 1
-4 129749 97 1
3 170641 39 1
-3 64407 31 1
4 191069 30 1
-2 194722 81 1
-2 187042 15 1
-1 197819 7 1
-3 191394 90 1
3 100211 90 1
-3 196734 21 1
2 153682 19 1
3 194267 71 1
-1 85181 98 1
3 187681 20 1
-1 186658 16 1
-3 124442 47 1
-1 139903 58 1
1 163881 26 1
-2 190781 47 1
-2 180382 86 1
4 199896 56 1
-3 198572 15 1
-1 97203 2 1
4 165973 68 1
-1 159837 73 1
1 152835 26 1
1 185014 35 1
0 166186 18 1
-2 174792 63 1
0 182257 89 1
-3 155336 42 1
0 179781 72 1
-5 179795 25 1
2 198553 4 1
-4 194888 17 1
-1 128676 38 1
-3 194295 92 1
2 180373 55 1
-3 91567 62 1
1 182376 94 1
-5 195238 71 1
-2 189900 66 1
0 96262 69 1
2 180874 62 1
1 182271 76 1
4 181086 59 1
4 185250 44 1
4 137881 89 1
-1 157835 92 1
-5 182559 16 1
2 183766 13 1
-1 163220 13 1
3 180396 9 1
-5 162275 75 1
3 189300 57 1
-1 70450 47 1
1 51504 8 1
-1 183674 73 1
-4 199744 85 1
2 162183 24 1
-3 196531 31 1
2 168293 32 1
2 192119 58 1
0 123693 37 1
-1 183629 37 1
0 188586 71 1
-3 178315 83 1
0 178065 48 1
1 112819 83 1
-2 196705 12 1
-1 187623 96 1
4 135517 76 1
3 94177 43 1
-5 182983 77 1
2 38516 22 1
-2 160983 35 1
3 127726 94 1
3 167426 66 1
3 198163 48 1
-4 195171 72 1
0 199458 57 1
-1 187225 35 1
3 194061 91 1
4 149367 65 1
-1 163343 53 1
-5 136057 25 1
0 187512 59 1
1 167013 4 1
2 167600 98 1
4 191116 60 1
0 177337 78 1
3 139117 88 1
4 131058 50 1
-3 197624 40 1
4 123511 38 1
-4 193019 54 1
-2 144088 92 1
2 196166 47 1
0 175373 60 1
4 153880 31 1
4 199609 41 1
-4 152164 19 1
0 195650 89 1
3 196214 7 1
-4 192790 99 1
2 190005 21 1
-2 183439 3 1
-5 188121 9 1
1 64405 34 1
-1 197969 43 1
-2 111101 91 1
-3 171594 68 1
3 187510 14 1
2 50946 40 1
-4 76873 15 1
2 79207 10 1
0 197547 93 1
4 199226 84 1
0 131646 84 1
-2 199761 61 1
-1 181717 95 1
-2 194512 49 1
1 152156 54 1
-3 169852 88 1
3 190829 8 1
4 185967 2 1
-1 199455 97 1
4 195771 13 1
4 161779 62 1
-2 199314 20 1
-4 115624 64 1
-2 191845 55 1
-5 155531 6 1
-4 99821 14 1
2 181994 26 1
3 198868 51 1
2 170580 18 1
1 186964 51 1
1 192757 15 1
0 95747 1 1
-3 170234 10 1
-4 198289 45 1
-1 45528 10 1
-3 178167 38 1
1 182035 62 1
-2 193967 18 1
4 166811 91 1
2 151397 25 1
2 193028 48 1
-5 158118 49 1
-4 147649 92 1
1 179461 12 1
-1 196077 36 1
-2 119672 47 1
2 168112 42 1
-4 179308 90 1
3 114916 61 1
2 129317 21 1
-2 132148 3 1
-1 191148 38 1
0 140096 40 1
-1 185823 74 1
4 194509 60 1
3 132478 80 1
-1 190429 10 1
-5 188310 52 1
1 171638 6 1
-4 179579 5 1
-1 165125 52 1
-4 184317 38 1
-5 83016 83 1
0 178600 9 1
-5 189606 21 1
-4 165981 20 1
-1 135435 60 1
3 197099 25 1
2 152180 17 1
0 96431 49 1
1 189322 90 1
3 144237 49 1
2 183363 42 1
-5 192540 75 1
3 171272 56 1
-5 188133 60 1
4 145710 72 1
-3 188910 50 1
3 163338 89 1
4 150573 78 1
-3 171741 34 1
-3 177020 17 1
-1 168911 36 1
-5 195413 67 1
-5 114712 76 1
-1 199309 46 1
4 164944 18 1
4 196656 83 1
-2 168475 50 1
1 138424 2 1
4 192835 49 1
3 179911 79 1
4 178294 94 1
1 185714 50 1
1 156147 73 1
3 199047 19 1
0 146656 52 1
2 197095 1 1
2 164571 97 1
0 96633 13 1
-1 181226 91 1
-3 187614 65 1
-5 196649 25 1
-4 197144 38 1
-3 196438 15 1
2 150154 93 1
1 190902 86 1
4 168969 98 1
-2 175775 27 1
-5 199173 47 1
4 175317 23 1
-4 145488 70 1
1 145414 94 1
-3 168694 54 1
4 188225 25 1
-4 150201 14 1
1 181884 60 1
-4 112362 31 1
-2 184759 80 1
2 168523 47 1
1 190034 25 1
3 198082 5 1
-3 194772 15 1
-3 155743 7 1
0 159726 55 1
2 187400 7 1
-3 176294 47 1
4 148568 90 1
2 173887 65 1
-5 163248 83 1
-1 176913 73 1
0 183831 86 1
4 197072 64 1
-3 122379 46 1
0 170467 22 1
-3 199966 81 1
1 180596 51 1
0 199318 6 1
-1 197468 88 1
4 195610 80 1
-3 185116 25 1
-2 169512 65 1
-1 158770 73 1
-3 164841 4 1
-1 82479 9 1
-2 145247 36 1
-5 132510 13 1
-5 193732 86 1
2 50289 15 1
-5 187178 81 1
-5 166492 94 1
-2 167280 40 1
3 196764 39 1
-2 183855 46 1
4 148052 97 1
4 176884 93 1
-5 163102 35 1
0 179663 1 1
-1 183171 72 1
1 193721 79 1
4 169052 34 1
-1 107833 10 1
-5 195641 72 1
-3 155251 1 1
1 182837 81 1
0 147368 61 1
3 191904 63 1
-3 121141 44 1
-4 139314 35 1
3 172024 83 1
-3 120848 82 1
2 161798 60 1
0 165027 83 1
1 157499 36 1
2 151363 85 1
-4 179058 55 1
-2 180344 4 1
-3 173633 52 1
2 197996 84 1
-5 109766 31 1
-4 153516 74 1
3 193422 36 1
2 177599 6 1
2 124097 74 1
2 163837 48 1
-4 193780 4 1
1 160637 98 1
0 173088 31 1
-1 170246 78 1
-3 182550 49 1
0 167244 73 1
2 185125 44 1
3 173444 50 1
-2 110025 34 1
2 151239 11 1
-3 159833 24 1
3 152415 57 1
-1 103012 9 1
1 198604 55 1
2 99811 57 1
3 198051 90 1
4 181294 66 1
3 149102 70 1
3 79891 81 1
-4 193218 48 1
-2 180679 64 1
3 177355 45 1
1 124659 19 1
-3 196529 66 1
-1 187112 53 1
-1 144778 18 1
-2 159069 97 1
0 156701 68 1
0 140084 81 1
-3 133997 58 1
-4 179221 66 1
-4 119239 69 1
-5 161123 67 1
0 139701 22 1
-3 198380 15 1
-1 185246 8 1
1 193995 54 1
-5 174176 52 1
4 179441 63 1
-3 179988 38 1
-5 187778 24 1
-4 195312 5 1
1 195826 13 1
-3 132359 93 1
-4 179190 34 1
-2 198890 95 1
1 194461 15 1
-1 197702 16 1
2 154066 54 1
-4 174382 98 1
-1 194179 40 1
-1 166681 80 1
0 181136 38 1
-3 190703 81 1
-4 198966 25 1
-5 194585 55 1
2 171626 47 1
-1 185161 84 1
1 186039 25 1
-5 133081 41 1
0 183084 39 1
4 190416 89 1
-5 197464 82 1
-5 194266 13 1
0 185936 4 1
-3 185645 98 1
4 197338 12 1
0 182492 14 1
-1 194719 68 1
1 187274 11 1
4 189285 11 1
-2 190030 80 1
-5 175583 91 1
2 166448 74 1
-4 197949 96 1
2 198649 3 1
3 188668 41 1
1 198687 69 1
2 192345 23 1
0 197705 78 1
3 186783 51 1
-3 199015 61 1
2 189883 79 1
2 192438 43 1
4 186437 97 1
-3 165297 27 1
0 187060 64 1
1 87406 71 1
1 181266 71 1
-2 197424 9 1
2 172156 18 1
-4 192305 21 1
4 194398 66 1
-2 123421 51 1
2 163976 85 1
0 156775 96 1
-1 180554 74 1
1 193343 40 1
2 110678 46 1
2 163787 99 1
4 171211 71 1
2 175510 73 1
2 198224 53 1
-3 198865 38 1
4 191901 35 1
-1 134103 35 1
1 159850 3 1
4 175382 77 1
4 156176 61 1
3 181163 59 1
1 191559 76 1
4 187640 46 1
1 199779 89 1
2 155262 31 1
-3 194544 4 1
4 90341 6 1
-1 189324 17 1
-5 191348 25 1
3 192764 72 1
-4 159622 39 1
4 169779 51 1
-1 147524 37 1
-5 173970 24 1
-1 101638 4 1
-3 153558 82 1
4 198964 93 1
-1 177787 60 1
-2 150496 74 1
1 177022 85 1
-4 189265 18 1
-3 196441 46 1
-1 137646 15 1
-4 199819 72 1
2 184861 42 1
4 182167 76 1
-4 178917 72 1
0 183961 44 1
-5 137922 11 1
4 190212 28 1
3 178400 94 1
3 161602 38 1
-4 194303 32 1
-5 178109 9 1
-4 195692 6 1
-1 178661 81 1
-1 107873 93 1
3 79823 6 1
3 165366 64 1
-2 189573 38 1
-3 177340 78 1
-4 121465 29 1
3 199651 33 1
-3 165003 85 1
2 177146 28 1
-5 159174 91 1
-2 192844 15 1
-5 155962 44 1
3 185976 78 1
4 184849 12 1
-5 81992 96 1
-3 181110 85 1
-1 148172 95 1
-2 196846 26 1
-2 168332 47 1
0 92719 94 1
-1 180530 35 1
-1 110174 51 1
-3 143069 80 1
-4 176777 59 1
-4 189129 46 1
1 187352 26 1
-1 183096 78 1
4 182381 64 1
2 173719 73 1
3 198894 53 1
-1 169449 90 1
2 174660 18 1
2 187233 2 1
-2 144215 58 1
-1 188278 25 1
2 159572 68 1
0 85973 50 1
4 190964 51 1
-2 189321 27 1
-2 193645 65 1
-1 176843 55 1
3 185191 96 1
4 156803 49 1
2 191797 43 1
2 149645 2 1
-4 176889 90 1
-4 109389 96 1
2 193529 99 1
-5 183968 16 1
-2 184886 76 1
-4 188699 42 1
0 199488 33 1
0 178449 27 1
-2 187986 9 1
2 187379 96 1
-1 198746 79 1
3 131076 68 1
1 174031 57 1
1 177258 26 1
2 183965 3 1
2 140554 96 1
-2 188535 25 1
3 193018 24 1
4 181457 52 1
1 189142 94 1
-2 184526 2 1
-2 197927 69 1
-4 195863 24 1
-1 170953 9 1
1 178374 27 1
4 186312 97 1
-1 192330 21 1
4 186115 61 1
4 126638 82 1
-5 180028 34 1
-1 51720 27 1
-4 193056 17 1
4 143632 17 1
-5 60065 12 1
-5 167411 85 1
-4 195702 55 1
-3 170996 8 1
1 166891 40 1
4 86939 82 1
2 197357 54 1
4 116800 27 1
3 184445 6 1
-5 101929 76 1
1 151110 13 1
0 184040 30 1
2 144173 9 1
-5 198294 96 1
2 174202 35 1
0 183243 83 1
2 187573 38 1
-2 179434 39 1
2 168837 81 1
-2 175220 60 1
-3 191464 21 1
-4 177383 41 1
-4 113130 8 1
-3 94481 8 1
-1 193781 13 1
0 190326 79 1
-3 193419 62 1
-4 137863 89 1
4 164573 38 1
-3 149845 48 1
2 14768 91 1
2 168835 30 1
-4 185832 80 1
1 133082 73 1
4 185404 94 1
-5 181107 40 1
3 195767 73 1
2 156744 87 1
1 180938 64 1
2 140768 79 1
4 188819 53 1
2 193062 14 1
-2 144686 22 1
3 169649 96 1
-2 191849 87 1
-4 171380 38 1
2 177212 41 1
-5 197799 34 1
-3 188843 11 1
4 176412 52 1
2 198153 76 1
-1 195925 51 1
-5 187997 60 1
4 158881 68 1
3 169880 58 1
-2 159676 94 1
-3 179678 49 1
-2 198853 90 1
0 183572 62 1
3 195250 42 1
-4 100866 14 1
2 169596 71 1
0 139147 37 1
-2 159346 27 1
3 174903 78 1
0 163852 15 1
-2 88097 5 1
-4 124245 2 1
-3 175072 77 1
2 174212 50 1
-4 180155 30 1
-1 168073 11 1
2 148721 94 1
-3 187783 94 1
4 157628 22 1
-1 182478 75 1
-2 187139 76 1
-1 159989 53 1
-2 151753 7 1
-1 185046 26 1
-5 105727 87 1
2 167260 62 1
-5 168251 57 1
1 182273 36 1
1 196726 50 1
3 155089 55 1
3 168880 39 1
-1 195948 2 1
1 163930 80 1
-5 178576 46 1
-4 170526 18 1
-5 150931 27 1
3 196420 97 1
2 190985 71 1
-1 145802 46 1
-1 139178 6 1
4 180949 44 1
-5 185310 17 1
-1 195454 66 1
-1 183435 65 1
0 190827 49 1
0 182103 58 1
1 181703 22 1
-2 146549 26 1
-5 176451 23 1
-5 170637 75 1
-2 191563 77 1
4 183478 71 1
2 169757 57 1
4 175926 54 1
2 193638 3 1
-5 191522 87 1
4 170609 90 1
-3 167643 17 1
-5 149591 94 1
2 181418 25 1
3 182374 99 1
-4 158052 56 1
0 181230 80 1
-3 181144 87 1
0 197712 14 1
2 146489 47 1
-1 134834 100 1
1 194322 14 1
1 193490 15 1
0 173355 48 1
-5 191014 14 1
3 134202 54 1
-3 190458 29 1
-3 194762 21 1
3 146055 87 1
-3 191682 25 1
-4 197711 48 1
1 173914 96 1
0 181741 55 1
3 197637 53 1
-2 142558 7 1
-2 182515 37 1
-1 195819 12 1
-2 171256 9 1
0 179240 36 1
-1 180735 8 1
-4 163306 75 1
-4 193873 46 1
4 176645 29 1
-2 183154 89 1
1 128387 75 1
-1 192287 8 1
3 157586 72 1
-5 157781 58 1
-5 180574 71 1
-2 186183 81 1
-2 167709 32 1
-3 159810 26 1
2 150887 35 1
4 199547 70 1
-1 165361 97 1
-1 186314 74 1
-4 117484 82 1
-5 146590 88 1
1 194990 82 1
0 194306 22 1
-4 184502 43 1
-4 111283 98 1
-1 143969 18 1
-3 125868 35 1
2 161293 10 1
-1 175889 82 1
4 173952 46 1
4 196984 40 1
-3 178738 33 1
0 147494 87 1
-5 167498 32 1
2 193948 91 1
-1 191951 74 1
2 168760 30 1
4 198796 3 1
-1 191788 47 1
4 126838 18 1
1 184071 24 1
0 191940 80 1
-2 181916 77 1
-3 174986 2 1
1 163401 64 1
-1 133533 65 1
4 185595 50 1
1 198446 44 1
-2 167686 64 1
-4 80706 89 1
1 190586 62 1
3 181658 13 1
-2 183893 94 1
-4 159457 25 1
0 194831 24 1
-1 168596 22 1
1 170896 69 1
4 181355 84 1
-4 99481 59 1
0 192066 4 1
4 152011 100 1
-5 199051 92 1
2 42298 17 1
0 81957 26 1
3 197211 31 1
2 193541 54 1
-3 197477 87 1
3 130277 81 1
2 187934 55 1
2 192452 36 1
4 186501 54 1
0 170856 97 1
2 182527 50 1
4 119034 19 1
4 152780 58 1
2 193795 60 1
3 188259 36 1
0 185006 97 1
1 199882 19 1
2 178069 69 1
-5 175300 14 1
4 143337 53 1
-2 130334 83 1
-5 184460 99 1
4 194899 46 1
-3 181282 32 1
-2 141910 40 1
-4 182978 48 1
1 176658 89 1
2 195355 96 1
-3 181895 72 1
1 184564 74 1
4 135816 35 1
1 197335 78 1
-3 159128 74 1
3 171928 19 1
1 144205 57 1
2 186342 43 1
-5 197851 100 1
1 190851 86 1
4 195472 26 1
-3 143075 61 1
0 173830 66 1
3 139646 7 1
0 151075 16 1
0 114757 21 1
-5 171259 4 1
-4 168889 22 1
-2 196773 46 1
-4 166736 92 1
-4 190911 10 1
-1 183880 40 1
-2 172469 74 1
-3 182214 16 1
-5 169783 61 1
-4 187989 52 1
-3 147680 31 1
-4 198178 90 1
-1 159667 73 1
-1 180625 74 1
-2 160029 58 1
-5 136030 40 1
3 171646 34 1
-1 172884 55 1
-4 151689 87 1
-3 148588 15 1
1 194393 2 1
1 132490 14 1
2 188481 71 1
0 188994 52 1
2 176852 7 1
2 169700 51 1
4 178916 38 1
-4 157949 96 1
-4 199982 24 1
0 127515 88 1
2 182232 20 1
4 105960 71 1
-4 178146 15 1
-4 197796 99 1
-4 184180 49 1
-1 189692 42 1
3 94221 70 1
4 186076 32 1
4 183437 36 1
-2 142890 3 1
-3 198744 72 1
-4 198542 4 1
4 145207 81 1
1 199303 76 1
-3 189427 75 1
0 175261 43 1
-2 181707 37 1
-3 152494 12 1
0 198589 18 1
-4 177917 36 1
-5 173668 25 1
3 185988 51 1
-2 169940 14 1
-4 157320 9 1
-4 176483 3 1
-3 177585 84 1
-1 147530 35 1
-4 193001 23 1
-2 183671 18 1
-3 194465 15 1
-3 179440 50 1
2 180152 17 1
1 181222 37 1
2 169711 100 1
0 194338 51 1
3 183954 3 1
-4 167541 78 1
-4 171815 92 1
-1 199155 27 1
-3 193170 34 1
1 117231 26 1
3 154507 45 1
4 189494 1 1
2 194013 48 1
4 187917 13 1
0 152662 92 1
-4 177842 98 1
1 170334 31 1
-1 172519 1 1
-1 170854 82 1
3 120302 95 1
2 185688 11 1
3 187385 52 1
1 192953 82 1
1 18751 100 1
4 189943 43 1
-4 188740 32 1
2 197369 64 1
1 155584 32 1
-1 187764 39 1
4 189923 37 1
0 198470 2 1
-3 190145 10 1
3 104426 53 1
1 149278 7 1
0 85433 40 1
-5 185395 37 1
-5 184835 54 1
4 129380 79 1
3 176506 45 1
-2 113559 53 1
-3 47219 95 1
2 177323 82 1
-1 190265 97 1
4 187606 3 1
-5 96144 59 1
-3 30166 2 1
-1 159636 52 1
2 159752 15 1
2 30404 38 1
2 192501 26 1
-2 161142 92 1
-2 105435 25 1
2 194868 58 1
-2 184053 84 1
-5 150841 13 1
-1 186926 90 1
2 182052 52 1
-5 136996 2 1
-1 171683 58 1
2 171621 55 1
-5 146419 61 1
4 157093 36 1
-5 176784 3 1
-2 181889 47 1
4 198928 48 1
4 195114 91 1
2 174949 3 1
-5 195724 40 1
0 198842 72 1
4 122134 22 1
4 154604 21 1
-3 174341 100 1
-4 196782 64 1
-3 125462 79 1
1 187837 70 1
0 189994 54 1
-5 170245 97 1
-3 192641 56 1
-2 197192 15 1
-4 188007 44 1
2 182984 61 1
4 172204 28 1
-4 174533 77 1
1 173697 88 1
-3 188116 60 1
1 174240 57 1
3 192761 7 1
0 192669 38 1
-1 145314 12 1
0 128775 38 1
3 175188 16 1
0 198608 35 1
-1 104898 43 1
-3 175682 61 1
0 158350 40 1
-2 178940 46 1
-5 179450 58 1
3 193384 32 1
-4 197789 82 1
1 153371 84 1
-5 169517 50 1
-2 199014 6 1
-2 140255 73 1
4 183114 61 1
3 117535 28 1
-2 172453 37 1
-4 177362 41 1
3 119262 26 1
4 199834 63 1
1 159741 15 1
0 195339 61 1
3 134292 7 1
1 195798 67 1
-5 128113 35 1
-1 196933 69 1
4 195538 85 1
3 177061 25 1
3 98769 76 1
-3 188648 44 1
0 171894 84 1
3 182277 28 1
3 180215 87 1
-4 190806 73 1
-5 164230 76 1
0 198609 48 1
1 163948 99 1
-1 191186 100 1
-4 186451 33 1
2 161491 28 1
-1 198881 58 1
-5 196408 88 1
-4 159261 49 1
-3 169500 19 1
-4 159389 87 1
0 187977 72 1
-5 179947 11 1
0 171520 16 1
1 177591 88 1
1 172604 96 1
-3 159477 32 1
3 196501 32 1
-2 177949 68 1
-5 156006 95 1
4 186570 4 1
2 197244 88 1
-4 7018 96 1
-4 179467 53 1
-3 192035 71 1
-1 191073 18 1
2 190357 80 1
2 188882 88 1
4 168054 50 1
2 179520 71 1
-2 158978 25 1
0 165784 61 1
4 169061 10 1
3 192497 89 1
1 160801 86 1
2 168568 95 1
3 190497 66 1
4 170257 60 1
-2 196044 5 1
1 85335 53 1
4 195723 40 1
-2 180535 31 1
2 142562 58 1
0 123467 34 1
4 196173 62 1
-3 154686 30 1
-2 170605 81 1
-5 162306 94 1
-5 192418 59 1
-1 190493 64 1
2 182141 10 1
3 194396 16 1
-5 171536 49 1
-4 175886 80 1
-4 86615 90 1
-2 158720 67 1
2 173929 18 1
-3 183430 58 1
4 182335 53 1
0 60162 28 1
-3 182375 94 1
-1 168811 93 1
4 179504 72 1
-2 198639 41 1
0 183025 82 1
-4 184415 28 1
3 191192 50 1
-4 181359 69 1
-1 163586 40 1
-4 191566 68 1
-4 161479 86 1
1 193024 17 1
-3 188743 11 1
2 164638 78 1
-3 155620 29 1
0 194778 47 1
1 197634 47 1
-2 197165 72 1
-5 189318 31 1
-1 178321 71 1
-1 180011 59 1
0 145424 23 1
1 136005 73 1
-1 194720 52 1
2 187505 44 1
-1 150801 48 1
-5 198605 73 1
-1 197038 93 1
-4 161261 87 1
1 190424 17 1
2 187459 23 1
-2 144924 91 1
-1 199213 87 1
3 195405 23 1
3 161760 89 1
-1 193759 44 1
-5 103772 62 1
-3 175393 87 1
1 196207 64 1
2 194547 79 1
4 184226 72 1
-5 192876 8 1
2 155944 96 1
-3 72932 89 1
0 189971 76 1
-4 194135 93 1
3 171509 78 1
3 169959 48 1
0 183477 100 1
-3 193993 37 1
-5 193117 6 1
-1 192644 47 1
-1 175229 28 1
0 154134 13 1
2 188858 29 1
-2 188294 79 1
-2 122478 20 1
-1 193371 75 1
1 167107 74 1
0 181745 63 1
3 194018 72 1
-1 144510 51 1
-5 195884 95 1
1 168084 69 1
-2 197380 58 1
2 94261 40 1
-2 193861 39 1
-3 166037 90 1
2 185819 92 1
-3 155825 85 1
-2 183695 79 1
4 182012 92 1
3 133887 4 1
-3 120115 94 1
-3 145656 67 1
1 199100 28 1
-5 167523 31 1
-4 167769 43 1
-1 195621 9 1
0 155333 39 1
4 149250 87 1
4 194689 26 1
-2 190356 26 1
-3 164378 91 1
-2 119563 47 1
4 186313 3 1
0 168937 43 1
0 133050 94 1
-5 139699 17 1
3 189553 33 1
-1 190257 32 1
-1 154828 35 1
-5 189611 35 1
1 195955 41 1
-3 120273 80 1
-1 159470 38 1
-5 182163 77 1
4 101612 76 1
0 190691 86 1
1 197171 51 1
0 188326 32 1
-2 172232 35 1
3 189228 83 1
4 199967 48 1
1 189202 38 1
-4 181987 68 1
-5 192579 75 1
-5 192538 78 1
-1 152073 14 1
2 194980 56 1
2 179210 64 1
4 176529 30 1
-1 141764 76 1
2 195325 53 1
-2 56564 36 1
0 181894 74 1
1 188214 11 1
1 193387 12 1
-5 129487 77 1
-4 52240 20 1
0 192060 76 1
4 191169 91 1
-3 192156 67 1
4 198509 63 1
3 173967 12 1
1 194929 34 1
-1 196563 30 1
0 183998 83 1
-3 190067 70 1
2 173737 15 1
-1 170657 22 1
-3 197079 12 1
