2000 200000
-7 190206 32 3
9 154087 57 7
-5 132682 84 7
-9 194683 6 3
2 112455 25 1
-3 192859 82 3
-1 163248 56 8
-5 91143 11 8
-3 127887 15 1
6 149099 95 9
7 191035 12 9
7 164811 4 7
4 188909 69 7
8 55339 37 3
-5 199624 23 2
0 152219 27 8
-4 177594 32 1
7 96148 20 2
-3 87644 52 8
-5 47347 43 6
-6 189225 10 5
9 24059 85 7
0 194920 46 9
2 199760 14 10
-4 198048 43 4
-5 176745 87 5
2 62751 3 3
4 174060 67 10
3 82107 54 2
6 164534 52 9
-8 142541 74 9
-8 173601 39 7
0 191476 90 7
6 129897 31 9
-3 198808 38 1
-9 191034 62 8
-10 154573 4 6
-9 185959 25 3
-1 185886 93 7
-8 189668 81 4
-8 156101 41 9
-1 192131 54 6
7 188474 3 2
-7 145337 87 4
1 159954 7 5
-1 28822 67 3
-4 189827 78 8
6 95015 59 5
-10 173222 59 9
7 199604 83 5
1 172586 35 10
3 193447 62 7
1 162669 70 4
1 189364 28 3
1 119272 11 2
0 131583 75 9
6 182107 11 1
-1 156680 90 2
5 184723 65 10
2 139668 13 5
-4 73336 45 1
-4 123015 26 9
-6 172902 73 7
-6 75385 25 5
-10 186159 15 4
-3 135451 26 3
2 167391 77 5
7 196528 15 2
-4 169579 41 5
2 186192 53 5
6 191667 65 3
2 190260 80 1
-10 148055 43 5
-3 168572 57 3
-1 135943 21 2
4 196315 32 9
-6 194166 15 8
-4 177347 53 3
3 182993 32 1
-8 176873 75 5
4 195352 50 3
-7 181619 23 9
-5 49115 36 4
-4 168453 74 2
-5 175118 54 1
-1 187146 21 7
-6 173250 83 1
3 136677 89 1
-4 182200 34 7
4 149453 19 8
6 188316 18 3
-10 192418 76 2
-8 198153 43 9
-1 198576 93 1
-4 143221 75 9
5 149620 41 7
8 183290 95 1
-2 178193 31 9
-6 179442 54 1
5 132340 58 1
-6 178218 23 9
-5 199471 82 5
8 142664 81 6
2 189665 29 1
-5 199923 92 5
4 186569 90 1
2 187304 46 5
-8 159915 78 1
-7 156979 63 9
-3 197034 97 6
2 191093 89 10
-8 191083 18 9
-7 191467 84 4
-8 156202 5 7
5 193019 81 10
3 198078 31 1
5 197150 96 6
-2 177195 31 8
5 173560 51 6
-5 181702 73 5
5 190513 21 8
2 199459 56 3
3 193015 71 1
3 189209 9 3
7 177751 73 10
-5 191688 57 7
-4 163259 52 6
-2 188879 10 9
4 136168 11 6
7 182664 89 10
-3 112413 66 6
8 169403 74 2
-5 189862 79 9
8 167990 61 9
5 194936 40 2
-5 177591 55 6
0 197831 20 7
9 186520 89 9
8 164819 26 10
-10 187138 49 10
0 194770 91 5
4 196902 49 10
5 129679 38 9
1 147137 81 8
-7 198881 97 1
-8 150109 23 6
-2 193088 25 4
-10 164655 18 3
9 170671 74 6
-10 177778 46 8
-8 179415 33 5
9 179218 61 4
5 197244 31 7
2 164494 3 6
-6 191026 63 6
9 194558 63 10
-3 187619 5 10
1 180123 74 9
0 171555 8 4
-5 193096 20 9
8 154621 50 7
-2 191080 36 5
-4 198514 46 1
9 166045 51 1
-9 158305 23 3
3 188256 44 9
2 169309 78 10
9 193020 99 1
-1 189784 52 5
-9 191073 88 6
2 154443 90 5
-8 25811 89 7
-6 153580 57 4
0 164445 4 2
2 113256 94 6
-8 131137 26 7
-7 199361 25 10
1 88807 99 4
3 149896 45 1
-9 193294 29 2
-7 194457 60 1
-1 197067 23 8
3 156931 83 7
3 95432 31 8
0 140813 68 7
-2 146917 43 9
2 165680 90 4
-4 198572 82 10
-1 170476 1 5
-1 176693 33 7
-5 166154 52 2
-2 93157 75 10
-9 137828 36 4
-2 177071 32 6
-2 161469 53 4
-2 190810 65 6
7 199828 94 3
-9 152240 6 10
6 186935 84 4
0 105971 35 5
2 194498 55 9
6 185468 65 7
-6 185149 37 10
8 196799 43 7
-8 185641 27 6
-2 187562 19 7
-1 181483 66 9
7 192770 7 2
4 196489 33 1
0 125425 48 1
-2 179607 4 1
6 141439 62 5
4 195343 80 2
-6 177125 97 8
-4 190216 84 9
3 157105 26 10
-9 188700 28 6
8 194170 81 8
0 193854 69 6
9 185706 82 6
8 181245 69 8
7 195787 37 3
1 183865 3 1
3 196544 71 2
-6 162291 89 3
-5 120229 50 7
-9 165648 64 3
1 173240 17 8
6 145468 36 10
-3 190219 48 4
9 185164 12 7
1 12155 5 10
1 156815 81 7
-5 170346 43 8
-2 180755 19 5
-2 186191 74 8
4 190179 92 5
0 160757 56 9
3 194126 4 8
0 80935 19 8
6 186256 84 9
7 184139 82 3
1 120750 49 7
-7 180713 89 3
3 93546 80 5
6 192505 8 10
1 196119 17 8
-7 171565 75 3
8 157903 60 10
7 192106 71 3
-6 194991 39 3
3 188340 64 4
0 174284 3 10
9 193456 31 1
-5 187715 61 5
-4 167772 1 8
4 108603 81 8
1 194391 37 9
0 159126 29 10
1 178725 78 2
0 157350 49 1
3 147356 36 8
-9 181908 52 6
-5 199874 36 4
6 197206 70 2
-3 192265 78 2
-2 198046 96 2
4 165402 74 2
-4 54133 12 2
-4 187370 74 6
2 181449 38 1
-2 141994 31 9
-1 187335 74 3
9 189817 38 1
-9 192059 71 4
6 144731 84 4
8 191198 51 8
-1 180229 16 1
1 182716 32 8
-1 191334 29 6
-7 149196 43 4
0 170335 99 6
7 178558 64 1
2 189342 98 8
-4 67781 5 2
7 172642 17 8
-8 198748 14 10
3 167804 40 10
8 199125 21 10
9 155525 69 9
-9 158389 58 1
-9 192603 28 1
9 170159 10 2
-9 187509 32 6
9 180923 48 2
6 185218 48 4
3 194971 15 4
-8 178009 27 5
4 182996 89 5
8 132339 84 1
3 143154 51 8
-2 153400 65 3
4 196715 63 10
2 197546 68 3
0 183661 15 9
-5 197990 83 2
4 184374 75 2
-4 132936 29 4
-7 190916 25 9
-2 165793 17 2
-4 181581 27 7
-9 154631 55 2
2 185136 85 3
-7 180406 12 3
7 144088 16 10
2 184598 86 5
-10 196988 34 6
7 178748 9 8
-4 161687 95 6
-9 182990 80 1
9 143880 56 9
2 198664 35 3
-2 190239 2 8
1 181889 31 2
-7 196671 70 9
-8 199232 14 8
-6 156109 90 4
6 183608 50 5
-5 169491 99 8
0 161713 69 9
-6 138383 85 7
9 178787 30 4
6 183070 38 1
-4 151654 45 9
-6 194211 35 4
-6 164853 55 9
-9 142699 100 3
-2 138246 77 10
9 198236 75 1
-1 172412 55 10
-7 144820 87 6
-6 169139 60 5
7 190857 41 5
-8 188691 72 6
-7 191312 11 7
-8 196120 23 3
-6 168539 11 5
-8 148079 56 8
-4 169548 27 6
8 193195 50 7
7 189575 15 2
-4 181033 42 4
-8 146031 94 7
-4 179569 9 9
0 192797 29 6
-7 60779 40 6
-3 142668 61 3
7 189749 10 2
2 112710 88 3
-4 191412 13 1
-2 198868 62 9
6 168691 4 1
3 125549 8 2
-5 142276 98 6
-1 177669 92 7
0 194371 63 8
-5 116538 11 8
4 157287 7 2
-2 199918 12 4
-1 192373 72 4
5 85934 26 7
8 153272 34 2
-7 168269 40 7
-5 89276 96 10
0 195796 98 1
6 198708 17 6
0 148950 51 9
4 192091 90 2
5 155867 6 9
-5 132894 2 9
-2 146707 62 9
2 91583 44 10
-2 147745 78 3
-5 186992 28 8
-5 162422 96 9
0 193152 65 4
6 183461 72 3
-9 109034 22 4
-8 197353 51 1
2 173592 42 4
-3 185244 57 10
6 160481 81 8
8 195252 100 7
0 174623 76 10
-5 166266 14 3
-1 142071 12 1
8 190693 41 1
5 190816 46 4
-9 199561 26 6
-5 184597 41 10
1 158755 87 8
-7 175291 13 10
8 183469 28 7
-2 141910 75 6
0 60574 92 7
1 186136 9 6
9 139754 39 6
5 180952 60 3
6 122527 51 5
-6 198932 55 3
-9 187459 88 8
7 190931 34 8
-2 93747 53 5
-10 192788 100 2
-9 191542 13 5
3 196358 80 2
-4 181645 25 2
8 156845 91 10
-5 159769 34 3
-7 152984 41 6
-1 143103 93 7
3 193950 28 4
-4 186865 37 3
2 192962 46 9
-10 147989 1 6
-8 195856 89 6
-9 133480 56 2
3 188157 46 4
0 192231 26 2
-1 189298 42 8
2 194741 60 3
0 176643 43 5
2 65997 81 2
9 188720 83 4
-6 119214 45 2
5 158405 93 2
9 162451 11 4
-4 199833 48 8
6 184785 71 6
6 166354 32 7
-4 186073 30 3
4 6744 17 3
0 188899 25 4
-4 177342 99 8
2 190306 71 9
7 171669 44 9
-8 60598 78 9
4 183030 70 7
2 199382 84 6
6 187036 97 4
3 191106 99 1
5 169356 49 7
0 142942 62 1
9 169889 91 5
-10 23709 89 8
4 198025 41 10
-1 188967 94 9
-6 182264 32 9
-10 190788 33 1
-3 131909 26 4
3 187923 81 8
6 194404 99 8
1 185782 89 3
1 186359 67 8
3 190204 79 3
9 187559 58 10
8 196843 54 7
-3 175215 76 6
3 138641 73 3
1 158056 3 2
1 159459 14 4
-8 192491 53 7
8 126161 1 4
0 104942 61 6
4 197701 54 6
-5 191282 42 2
5 191049 85 4
1 195621 90 8
-7 182567 23 2
-6 187783 24 9
-2 168690 48 4
2 153745 61 9
-2 196272 7 6
6 189325 47 9
-3 182195 90 2
4 142134 100 5
-5 188081 83 8
-6 157382 72 5
-1 187681 86 2
0 188282 68 4
0 159153 53 8
4 196857 91 9
-6 180164 96 8
-1 182094 54 10
-9 163407 97 10
0 197260 68 4
-9 134221 60 1
-9 150336 62 10
-7 186799 58 4
2 174260 16 6
-5 191895 35 7
-5 198469 44 10
-4 198036 20 10
7 164990 67 7
-4 90354 71 1
5 139779 41 6
0 163223 74 1
3 191432 61 8
-5 166571 97 6
8 198325 62 9
0 197403 55 10
9 195141 96 1
-2 198666 46 8
-6 112793 38 9
-4 189622 23 10
0 160122 78 6
1 186485 53 3
-7 186266 1 5
3 90550 85 6
-6 194023 57 10
7 178266 26 1
-4 137695 13 6
9 190152 84 9
9 157554 13 7
4 188008 55 6
1 160143 26 6
-8 178754 49 9
-4 172591 27 5
-10 189346 96 10
2 176336 88 2
9 185549 77 5
9 191117 33 9
-1 196380 24 2
-2 154947 63 9
2 153401 14 10
3 177852 19 3
-5 171465 51 6
-4 198805 43 10
-5 199673 73 1
-8 93388 46 10
1 197925 65 7
-3 163535 34 6
-5 191808 27 1
-10 192085 89 2
8 196922 84 4
-4 117793 60 2
-2 172656 66 7
-1 142810 82 9
0 100714 96 6
-5 198312 12 10
-5 169041 31 10
3 193653 40 5
-7 146596 40 10
9 199262 88 7
-7 187558 99 8
-5 115689 32 6
5 134938 32 2
8 180380 71 6
9 183853 28 3
-6 146998 70 1
5 194373 19 3
-10 199144 70 3
-4 184204 56 7
9 187144 64 8
-2 188886 4 6
7 146926 82 10
-9 196427 55 9
-3 192060 28 6
-7 142141 96 9
3 144353 34 8
5 178869 67 2
-2 167979 68 1
9 187038 60 8
-1 176844 80 2
-3 152410 37 10
-4 107715 43 8
7 19099 77 10
3 79202 15 7
-9 141177 20 4
-8 191423 59 9
-9 194729 62 3
-2 161868 64 2
-6 175677 27 10
9 150810 91 2
7 179450 38 7
-1 150581 52 10
-7 131352 33 6
2 166573 73 1
9 150519 53 4
8 171106 73 4
0 198440 75 8
0 196012 3 5
6 178056 6 9
0 195318 34 3
7 199277 13 6
7 181084 52 9
0 170210 36 1
1 197287 3 1
4 162434 63 4
8 199928 50 5
-1 196511 99 7
-8 182899 55 10
-6 127613 20 1
-2 167693 67 8
-3 196680 58 10
-10 183639 43 8
2 198858 67 1
-1 125997 59 7
-4 125097 33 6
3 177038 16 5
3 191597 61 8
-2 187187 22 2
9 181574 47 5
-2 180411 10 5
4 177556 35 1
5 199214 72 8
0 197746 35 6
-1 185121 49 5
4 198541 66 5
6 112591 23 3
5 169489 25 10
2 167765 13 1
-1 105841 64 4
4 119215 69 10
-9 193464 20 2
-5 199316 8 10
-3 186574 30 7
9 198247 25 4
9 192385 83 6
0 192930 93 6
-9 139472 70 2
-8 178186 49 5
-8 182596 94 3
-2 145913 61 8
-5 179697 57 5
-10 196297 56 5
-8 161762 36 7
6 185374 3 1
-9 158234 57 8
0 161735 7 6
1 146532 25 2
-8 152947 38 8
-5 112959 30 9
9 135747 82 9
-10 163132 7 5
-4 192101 92 5
5 184194 26 3
6 82969 74 4
-7 113457 99 2
3 139235 55 8
-5 197629 38 3
3 174594 14 10
0 123823 40 4
-7 186539 86 4
9 24368 37 10
-2 116296 29 10
8 167745 69 6
-1 196629 30 3
2 195254 91 1
5 157143 36 2
-2 156201 61 8
-4 167445 92 4
-2 186956 29 3
-10 170769 62 6
-4 143584 44 7
-6 154150 43 4
7 194813 57 10
-8 145796 42 4
-9 166674 45 5
-5 125991 93 2
-5 194238 49 7
2 192995 29 3
9 197563 59 1
7 191529 61 10
-3 163610 25 2
5 175527 3 6
-10 145400 39 10
7 183489 4 7
-10 143596 88 9
4 177789 21 4
9 196342 31 7
9 132374 62 6
4 143402 50 5
6 157852 3 1
-2 171124 70 9
1 28631 24 5
-1 98629 85 7
8 63827 85 9
3 150677 45 6
8 174533 62 5
2 188007 66 6
-10 167241 44 3
-2 185481 2 5
5 198086 20 10
5 183541 59 1
4 192831 28 4
7 184610 33 3
-6 177243 56 4
-6 149719 53 8
8 139682 29 4
9 178797 81 5
2 190445 96 2
2 63029 57 4
-7 171340 45 10
0 120992 61 3
-5 186773 1 2
7 186901 72 3
-9 198649 34 9
-7 177173 22 7
-9 126771 93 10
-10 133438 85 8
-1 199120 46 4
-4 192415 14 8
1 149172 83 8
1 196410 17 4
2 180423 56 7
-9 172004 68 5
3 184568 52 10
-4 145405 56 3
0 198259 67 8
-2 93939 5 1
-5 199357 19 10
-6 176871 65 10
4 198225 69 2
-3 169519 31 8
8 168135 66 4
6 152319 80 2
4 157866 35 7
-6 136143 97 5
0 152701 21 1
4 187847 59 2
4 135029 73 10
-10 173227 32 7
-2 196360 76 10
-8 132424 96 3
1 189409 9 1
-2 191173 87 7
4 186932 7 5
1 180337 7 10
-6 97845 73 7
-8 132329 4 7
0 147764 7 10
-3 145689 22 10
4 196545 76 5
-6 191966 80 10
-7 187219 85 6
1 180215 59 10
3 184656 7 8
0 125577 17 10
9 162899 76 4
8 151915 95 10
0 195036 26 4
-4 157067 32 1
3 101421 13 9
-4 71521 87 10
8 136266 15 4
7 130726 94 6
8 134807 41 6
-9 175412 36 7
-2 182856 84 4
0 198168 97 9
0 139266 96 5
-6 185829 29 7
6 136580 39 8
-6 196536 15 1
0 178659 93 8
6 182308 58 9
6 189397 3 10
-8 188544 15 5
3 174158 86 5
5 196772 20 8
-10 194615 30 5
-2 118333 37 5
-9 186369 95 10
-5 191183 54 1
-6 175169 99 6
3 193485 97 5
-1 125873 76 4
-8 190248 60 2
6 160913 88 2
0 179883 41 7
5 180694 50 1
-5 183576 81 7
-1 196803 95 3
9 176944 6 10
-4 114929 65 1
-10 60247 64 8
4 156838 90 7
-7 113357 17 9
9 129228 25 3
3 166707 64 7
4 145953 85 2
5 192768 4 9
-8 132012 63 3
-9 198139 22 5
9 177026 74 10
-7 117953 85 9
-2 198860 36 7
-9 199033 7 2
-3 195228 22 1
-3 128170 43 7
-2 196941 94 8
-7 197103 81 2
3 153586 16 1
-8 106235 22 1
3 199800 44 7
-7 172641 9 6
9 196463 51 9
-4 199192 94 1
6 187267 61 3
-5 155023 65 1
-7 184587 65 3
-9 195786 81 9
2 122179 41 8
5 190695 82 3
2 134199 4 10
6 194078 39 9
-6 151582 6 2
0 96723 84 6
-1 188022 91 9
6 127049 72 5
4 140330 47 8
-2 197866 55 4
0 192549 24 1
-7 145338 66 2
6 196918 17 8
-1 101569 58 6
6 189399 90 3
-8 189343 38 3
-6 199283 31 5
-5 189100 44 9
5 144504 6 7
-7 174067 86 10
-5 161169 88 9
4 184402 17 8
2 170094 28 9
8 168553 86 1
0 146787 38 3
-6 183901 52 4
5 192662 13 8
0 197761 89 8
-2 191730 7 6
8 158182 29 3
2 157921 60 8
9 190092 56 6
-3 186812 26 6
-5 181307 54 6
-9 163925 51 9
9 172006 52 1
-2 193335 44 8
-8 189623 60 2
-6 176540 69 9
-2 169981 1 6
7 189060 14 3
5 179639 25 10
5 181450 80 2
5 142419 24 2
0 163367 95 10
-5 175096 98 1
-5 140670 27 4
6 199694 50 7
7 169255 40 4
-10 193349 68 6
-6 145808 52 6
-8 199866 56 9
9 186623 10 3
6 162558 69 4
-2 181555 8 7
8 199542 1 4
-6 194025 89 2
-2 142361 86 7
-9 146087 63 2
7 143137 81 1
4 162212 34 8
5 132677 68 10
-7 147832 60 6
3 169239 9 2
4 164438 79 1
0 182853 49 4
-8 188452 11 4
4 194980 96 2
3 191865 59 7
0 182421 35 4
-2 126529 17 3
-2 181608 10 3
-8 55912 50 8
-6 150241 54 8
3 191471 94 5
-9 181074 16 9
9 186389 83 7
9 139264 68 8
2 192000 18 5
-5 182070 50 4
-3 78051 27 5
8 193788 7 1
-7 193379 38 9
3 164924 86 9
-3 130447 90 8
7 187956 55 6
7 169761 2 5
7 153073 80 9
-2 169248 58 10
-3 180032 83 5
9 175269 92 5
2 146972 71 7
-9 171859 46 10
-6 44445 62 8
-4 104026 37 5
-4 175524 99 8
9 181433 46 1
0 143973 48 2
0 182789 49 10
-5 175679 27 4
-7 193633 80 2
-5 197469 29 2
4 195176 33 7
0 171471 74 3
7 117596 31 10
3 148234 35 1
-6 196301 69 6
5 181194 8 6
-6 195773 3 4
-5 199165 70 6
-10 22241 57 8
8 156033 69 7
5 162896 66 7
-10 195717 29 6
-7 106836 54 3
-7 70749 62 6
6 145693 36 2
0 118767 41 6
-7 176763 49 3
-3 190451 29 2
7 174829 48 2
-8 193031 39 3
9 159386 13 2
7 149266 84 9
-1 176535 87 9
5 197471 40 4
-7 179379 39 4
-8 66093 67 7
-8 170190 70 3
3 193100 18 3
8 143859 75 8
-4 92136 29 4
8 193432 50 8
-6 187769 55 9
3 178647 23 3
6 28516 89 6
-6 121846 5 4
-8 186875 55 1
-1 192188 20 6
-1 177638 23 8
9 163244 34 1
4 12757 84 2
4 169091 19 2
8 159852 71 6
-10 71664 63 2
7 119131 43 9
2 172485 48 8
-6 129881 90 2
4 104519 38 8
-8 198341 98 6
1 144966 26 2
-1 188056 62 3
-7 199001 91 9
-10 159119 58 3
3 174782 71 8
4 197405 49 7
4 198278 2 8
8 172394 69 1
7 178622 27 8
-9 159598 71 7
3 189787 56 6
-6 121306 76 7
2 186063 59 6
-3 189035 91 6
5 192658 93 5
-5 196109 23 3
-9 193571 94 9
-1 157957 24 9
7 194342 1 2
-9 156331 14 9
1 199233 66 8
-1 185425 26 3
1 181404 69 8
9 14500 16 6
6 186226 57 6
6 175616 88 9
0 183590 5 9
0 96402 52 2
0 180581 46 4
2 186061 46 5
-1 198284 10 5
3 195944 50 7
6 178297 67 10
0 184956 6 1
4 132328 83 7
-5 187325 5 8
5 199356 7 7
8 182531 93 7
6 167459 46 9
-2 173008 33 5
6 142918 32 3
-10 182781 54 5
-8 176305 43 6
8 199337 60 8
0 184766 96 8
-3 194755 32 5
-2 186015 1 2
-8 191710 43 3
-3 198068 94 5
-4 176123 58 5
5 189875 70 10
6 197773 20 4
-8 6186 8 5
-9 194690 7 9
2 166101 98 9
0 191608 96 4
-10 164804 36 2
1 163467 33 5
3 140506 84 4
7 191903 16 8
-9 186206 66 5
6 184870 96 4
7 185614 95 5
-2 146813 90 9
4 193769 10 3
8 124464 18 9
9 76195 1 9
-9 177676 27 5
-7 195537 36 7
0 182837 5 4
-10 133103 35 1
-5 180710 76 5
2 193061 86 9
-4 161109 36 7
-2 155663 46 3
-3 198778 48 9
5 189994 63 5
8 165861 4 8
9 162358 75 7
-8 128055 46 6
4 182544 80 4
-5 165438 83 10
-4 181614 80 7
-4 150200 34 5
-7 189718 28 3
-10 187560 64 1
0 144263 47 2
3 147357 51 1
-9 165979 5 4
-10 194223 88 2
-4 168919 33 9
-2 154264 27 1
-4 190497 27 10
1 126005 66 4
9 196887 97 2
-9 166697 61 2
-8 123905 26 2
-5 181690 52 1
7 164301 8 10
3 172831 8 1
-2 140483 43 3
-9 169458 31 4
-1 199193 22 10
8 143419 43 10
4 191743 58 10
9 153199 58 1
9 177392 44 8
-6 194515 23 7
6 196614 54 2
-5 124042 31 8
6 174235 41 2
4 177171 61 4
-8 197440 42 2
-6 189078 63 10
9 184260 56 8
-3 144211 35 7
-2 178203 1 4
-3 197479 5 8
-8 154517 23 9
5 196399 57 10
6 163744 43 5
7 182272 27 7
9 158397 35 4
4 172729 78 6
-6 137789 77 4
3 171114 87 5
-4 196723 40 5
-4 176291 15 3
-4 190989 100 4
-3 197294 74 9
-2 171007 68 6
-6 150586 33 1
5 144610 50 10
-4 11051 85 6
-3 198707 42 10
-4 162304 73 6
3 153830 34 1
-7 182817 18 9
9 114149 70 9
9 197227 37 2
-3 140911 99 9
-7 186175 6 8
-1 198603 33 3
-10 174857 3 1
5 198811 2 6
-8 172126 14 7
-6 176692 92 5
-3 128851 75 1
5 173795 39 8
6 173374 100 6
1 180217 71 7
3 85850 7 9
1 163485 55 2
7 170775 78 5
0 153357 86 3
5 183964 32 10
5 184884 60 1
0 118770 27 10
-4 190437 65 7
-7 180220 92 7
6 143781 94 7
7 171164 11 8
-6 122847 45 7
-4 179383 52 2
8 195785 63 10
-6 107519 70 1
1 183116 7 2
-9 195814 46 3
3 129893 68 1
-7 154521 18 3
-9 172376 66 2
-4 196332 39 4
0 173298 25 4
-10 167174 63 7
-10 185545 79 2
-4 44424 8 8
0 194567 96 9
2 185206 61 4
-7 183891 26 6
1 174126 38 1
1 190433 50 4
7 187260 35 7
3 118517 41 8
-5 180857 87 2
-10 146728 63 9
-6 164014 15 8
9 191989 46 10
-10 180470 37 9
-2 137171 53 4
1 170031 55 5
2 154763 23 8
-8 188467 89 2
9 192914 54 7
-8 191827 36 5
8 182011 92 10
5 192559 47 7
9 168652 33 7
2 175216 98 9
-2 85746 81 9
9 19993 79 9
-7 179643 32 10
3 176767 5 9
-2 189140 51 5
-10 193437 8 4
-6 181012 77 6
-6 192880 77 8
-2 196295 33 1
-3 175109 60 1
7 146756 66 3
-1 169392 11 8
2 152578 13 6
-4 193558 57 8
-1 175154 23 7
-5 199270 77 6
6 179016 99 7
3 176431 35 1
4 147382 25 6
-3 148884 72 8
-10 135232 95 10
-10 125849 6 5
4 153690 23 4
5 193902 89 10
0 183249 26 2
-5 192848 93 2
-10 197230 55 1
-3 186815 95 8
-5 135175 16 7
-6 193714 14 6
3 171835 56 10
6 179960 26 10
8 142420 36 9
-6 171352 46 9
-8 127039 8 7
-2 114952 40 2
2 194536 17 4
-8 100274 36 7
-8 193852 65 2
-3 79324 13 5
4 192189 9 9
9 192288 63 9
0 96645 66 6
6 190573 69 7
3 190927 98 6
-10 149849 18 8
-3 158433 45 5
2 151266 54 6
3 146545 64 1
-10 179870 51 2
-1 175561 44 6
6 186798 32 6
1 193473 46 7
9 121673 13 6
3 178888 94 9
0 190822 15 9
4 177537 15 6
9 151967 44 6
7 178738 62 8
8 150875 94 9
-9 188418 29 6
-6 160545 23 9
2 194999 65 6
-7 191620 57 8
-1 195873 97 6
3 195423 17 6
8 160896 14 9
-1 145581 6 8
-1 184269 24 5
9 187829 95 3
4 189240 3 10
-4 170988 13 2
6 163697 86 6
-7 162828 82 1
3 40847 31 7
-10 195155 69 4
6 179199 36 3
4 135017 8 9
9 123530 52 9
-3 150935 70 1
-3 134284 73 10
-7 151331 77 7
4 183024 37 2
-5 153935 84 2
-3 188214 10 9
7 138188 68 9
-5 129576 23 9
-6 191568 49 10
1 133629 4 2
6 197785 38 9
-6 198037 85 4
3 194107 37 7
-4 190552 79 3
-7 195490 8 1
-5 149814 51 5
7 163936 3 10
-8 198192 59 1
7 198723 55 4
9 178183 33 10
8 198644 75 7
-6 193387 65 9
-4 184958 53 5
8 199187 74 10
-6 138971 51 8
-2 159442 37 9
-4 123420 40 6
2 193452 81 9
-4 182915 25 2
2 196712 47 4
-3 180150 56 6
3 197382 80 9
-1 157071 34 8
0 194322 48 2
-9 106998 63 10
-6 199651 90 6
-8 112295 10 2
2 196392 44 5
-7 170183 50 9
8 136447 85 5
0 104744 73 7
-4 187409 11 9
6 194643 8 9
-6 138511 10 2
5 153828 2 9
7 151848 79 4
-5 187667 36 6
-7 164066 2 7
0 193443 12 3
5 183051 46 1
-5 184867 81 8
-9 139418 21 6
7 186139 75 6
2 181918 67 9
8 181616 27 9
-1 169373 58 2
-1 149306 50 10
-9 192164 80 4
2 190172 45 7
7 184121 69 2
-2 113860 12 1
7 115681 11 6
-3 186608 84 8
-7 138332 2 1
0 94700 1 3
-4 182260 7 10
-9 189633 52 4
-3 144298 77 4
7 120958 44 8
5 177625 50 2
-7 185610 60 2
-5 184661 48 7
-3 184703 85 5
8 186637 83 8
-10 180175 72 1
4 192240 92 4
-2 196746 99 3
7 179986 67 3
5 153542 3 1
-4 170135 90 9
1 174588 53 9
0 22379 71 10
-7 183329 89 8
7 157643 78 1
6 190137 10 6
-5 183057 90 1
2 155537 8 5
-2 175724 24 10
4 153748 27 4
5 133347 33 7
-1 165829 77 5
5 149481 62 4
-5 170466 34 9
-6 196721 16 6
4 184665 42 9
9 184165 1 7
4 188902 71 4
-10 199613 97 6
-4 195601 44 10
-3 181163 61 3
-2 143699 25 10
5 198717 50 10
-6 173807 44 1
3 186353 48 3
-3 195510 68 6
-7 106347 53 10
9 144835 36 7
-9 123637 8 8
7 195543 70 7
0 199882 78 9
-6 141019 70 3
8 197280 27 3
5 142816 56 3
5 186292 25 7
3 92474 93 6
0 161819 53 4
9 132506 33 1
-2 181371 46 7
0 177034 45 4
-1 197714 11 6
-4 106819 16 6
5 174804 7 10
4 154151 89 1
-8 186943 64 3
-1 193836 36 6
-7 123074 99 2
-6 188004 96 2
-10 142769 81 3
-4 186824 96 2
-3 144602 23 10
-1 145705 64 8
-1 185646 62 8
0 161849 54 4
-10 194967 3 8
9 173875 88 5
4 127524 13 5
4 154246 82 10
3 189070 51 6
7 188227 8 3
-6 197979 45 3
-5 168598 14 8
-2 183303 25 8
-10 183900 99 6
-10 194387 26 3
-8 116974 19 10
-2 180864 20 4
-4 180927 88 8
-2 172428 5 4
2 178762 27 8
-3 175996 12 4
-7 180799 28 9
-4 195605 11 5
-9 138258 55 9
-2 191234 30 7
8 125388 28 7
9 164325 19 2
-2 139988 96 3
2 180745 31 6
4 195554 46 9
-8 199139 27 5
-5 165620 89 6
-7 194626 51 10
6 146192 35 2
-2 190467 69 1
-3 194978 89 1
4 198362 65 4
7 155764 20 8
3 160404 20 3
3 184141 68 8
-10 196635 43 1
5 113009 30 10
8 193238 62 4
2 149811 76 9
-2 182268 22 1
5 191971 52 6
4 152513 66 5
-5 105639 30 8
-7 128994 64 3
0 97665 31 6
-6 194497 14 9
-1 194717 16 5
-6 151827 31 2
9 188783 67 4
0 151272 68 9
5 158903 35 6
-8 183043 11 8
-1 126610 42 3
-1 89266 27 8
9 165025 8 3
-8 186768 76 5
9 165269 18 10
-1 196444 37 6
5 181466 25 4
6 178617 31 2
4 180063 1 9
6 164297 61 4
1 140714 32 8
0 198001 93 4
1 188428 26 8
7 186075 4 7
5 127444 20 9
7 174522 21 10
6 186407 80 9
2 134644 34 8
4 174307 6 4
7 198965 19 6
8 99588 80 6
-8 152720 84 7
0 160267 47 7
-7 199990 61 7
-8 193887 72 2
-2 175206 25 6
-1 127968 9 8
4 159278 67 4
0 188665 77 9
-4 195069 87 4
2 146729 9 1
-9 195455 9 6
5 159359 40 2
-10 190289 37 10
-5 192503 68 6
4 146291 95 2
1 172871 66 5
4 119415 9 2
2 192454 48 10
-3 193273 58 6
-7 192304 54 4
-1 198975 42 6
9 199002 54 3
0 176229 14 3
-10 182305 84 2
4 174675 81 6
-10 199612 56 9
-3 192729 91 7
5 198574 17 4
6 177943 6 3
-10 192765 63 1
-3 132985 38 3
-10 199244 40 5
-10 45461 10 1
-7 163391 12 6
-2 87832 100 7
-10 191974 1 3
8 140291 16 6
-9 125448 88 8
-4 135810 88 7
-5 199647 14 3
2 190225 19 9
-9 137308 71 4
4 78383 16 5
-1 152662 36 2
-10 161534 24 10
-4 169000 50 5
1 188802 10 3
5 187447 69 8
6 179683 70 5
-9 198080 15 1
-3 127550 1 9
-3 156143 26 9
-6 197752 36 8
4 187968 11 10
-6 191833 24 10
-9 172520 5 10
-6 181059 52 2
-10 193035 64 3
-4 142748 99 10
9 166273 82 9
-1 171579 84 5
6 196078 63 1
4 190897 51 4
3 157796 11 9
-8 187589 86 10
6 112757 12 1
5 170471 48 9
1 186789 81 7
0 192975 41 5
5 197318 43 8
4 168831 43 7
-3 177435 91 1
-8 172913 28 5
-1 189319 67 4
-2 179865 32 7
-4 152439 24 4
-8 174666 48 8
-8 188945 72 1
-9 191507 23 2
4 188668 44 9
-3 96282 37 4
-2 161142 44 2
6 174776 38 5
-3 181955 98 8
-6 159395 24 10
-6 147360 44 2
2 188250 7 4
-10 162674 21 4
-7 197379 60 4
6 74091 30 6
1 197672 56 6
3 136878 29 2
5 130672 62 8
-6 199483 50 5
-3 144487 16 9
-5 198012 81 8
8 15574 63 1
5 171235 11 2
-4 190843 85 9
6 186344 57 1
8 194334 48 3
-5 191954 77 8
-6 172500 59 10
-2 151194 11 7
-3 169228 90 8
6 186430 84 9
5 186386 50 3
4 199469 56 7
6 173997 30 3
-8 178612 5 8
2 191549 2 10
-10 179718 53 7
6 132384 21 4
-7 194065 81 5
8 188605 31 1
-8 198970 1 8
-1 161393 29 4
-4 198361 84 7
-2 195517 59 7
9 197599 52 6
-6 191853 41 3
-3 172091 36 4
-6 160597 6 4
-3 153425 80 5
-4 196323 71 5
6 189958 25 5
-1 186487 55 6
-1 176339 70 5
-7 179734 49 6
-8 190153 2 3
-10 192637 64 2
-6 187997 23 7
2 193479 75 8
-8 148712 79 8
2 123141 32 1
-9 195584 74 5
-2 155606 58 2
-3 128446 39 4
5 191424 4 8
-9 183255 10 1
2 165748 5 1
3 184167 37 10
6 169740 77 2
7 182440 98 2
-5 151714 29 9
8 169362 82 8
4 140529 63 8
6 198792 71 10
1 180508 11 3
1 191248 35 2
8 196292 53 1
3 198786 75 6
-4 189854 59 1
7 199432 81 5
-3 190111 77 8
2 178458 46 8
-7 174358 32 5
0 175776 31 9
-10 193656 19 10
-10 195966 18 3
4 102561 85 3
-2 165988 16 8
8 198758 4 9
-10 156074 61 9
5 182059 92 5
9 118710 44 4
6 196748 83 3
6 193678 80 2
-7 156817 71 6
-5 22773 74 6
-5 194534 21 10
-6 129031 84 8
0 190477 9 1
1 152556 5 7
-8 192314 18 8
3 196957 50 2
-2 128292 44 4
-3 176154 97 3
-7 149373 35 8
7 170720 57 10
9 94452 6 8
-3 190608 21 2
7 192877 56 2
4 182220 89 10
3 181318 82 8
4 175788 9 1
1 168404 98 6
6 195319 31 4
-9 186004 23 8
-10 153444 40 2
-2 151200 77 5
4 180697 86 2
7 149201 98 5
3 193101 41 1
-9 191442 97 3
1 191406 6 7
9 175000 54 1
4 193368 68 4
8 174378 74 2
5 191466 81 1
-4 67323 77 1
-8 193768 71 5
5 179081 34 6
7 182520 25 10
-10 196126 50 6
-1 199586 32 10
-5 181929 56 5
-9 149098 10 10
6 169604 47 1
-6 117035 8 8
-1 196904 73 3
4 170158 54 6
-3 181465 91 7
-8 180443 47 3
-9 183959 81 7
9 186224 82 1
8 148639 79 2
-3 195421 13 1
7 157170 20 3
2 195939 16 9
-2 87806 19 2
-1 146700 100 7
8 197472 95 10
5 198635 57 10
4 85969 100 9
3 174176 81 9
-4 189500 3 9
7 196373 75 7
2 183534 37 8
-9 176429 75 8
-1 159225 79 2
3 156690 82 10
-2 199488 92 3
8 185770 21 3
2 111723 24 7
8 126394 77 8
2 154789 68 2
-1 191289 6 2
3 196645 27 5
-6 98275 72 3
-4 187302 100 2
-2 197833 22 1
6 177293 67 6
8 188634 78 3
8 178804 72 10
-6 120755 4 7
1 178519 70 9
9 162805 86 3
-6 48426 5 8
1 190557 43 6
6 197457 31 8
8 193446 4 3
2 182254 96 4
-5 84965 16 2
-6 164941 47 9
-10 196490 47 6
2 160592 71 1
-9 187258 33 10
2 125237 34 10
5 181027 26 1
5 174753 97 5
1 196730 17 7
7 182230 29 6
1 199659 94 3
-4 176928 57 6
8 194158 89 7
-1 198101 4 5
9 160728 36 7
-5 195794 72 5
-9 175476 51 5
1 118007 40 4
-4 197153 14 9
-5 187463 62 7
-2 192334 51 5
7 131716 48 3
3 148498 93 2
7 125507 40 8
8 141098 4 3
-8 173387 29 6
0 199930 90 5
-7 165264 28 9
-8 194742 17 10
-2 174406 64 9
6 196074 19 9
-8 198375 18 1
3 162356 35 5
3 194452 56 8
-2 160029 9 6
-3 194381 24 1
6 199932 20 5
1 121906 47 9
-6 116283 73 2
9 194430 35 4
7 195034 35 7
4 191163 81 8
9 179827 86 7
-8 198598 95 9
2 188910 33 6
5 181907 41 8
-4 135427 71 8
1 178466 41 2
2 193813 51 6
-4 186871 49 1
6 128253 99 9
-10 191333 37 4
-4 149559 39 2
-7 193940 41 8
1 194574 71 3
-8 179910 8 4
5 199801 39 3
-4 125168 37 4
-10 132622 1 1
-7 151973 21 1
2 168464 99 6
-1 162251 9 6
-9 140141 37 2
3 192685 66 3
6 164230 17 7
-4 198957 3 9
-7 74111 33 8
-2 186729 1 2
8 160470 30 1
-2 197410 97 2
-10 194064 11 8
-2 177134 50 5
3 188976 88 2
3 175112 77 10
1 184693 88 5
8 193210 50 3
4 194447 79 2
-3 134182 76 6
-5 180248 69 9
-3 179949 32 5
9 192347 79 4
-4 185858 24 1
3 110254 60 7
8 161147 73 3
-10 125057 83 8
-4 193476 100 3
7 186103 97 4
5 167330 77 4
1 118506 14 2
9 192731 94 2
0 179459 87 9
2 141375 58 7
0 177837 91 2
-7 187882 48 8
-4 197606 23 6
-5 198066 51 3
8 178875 2 7
3 131019 2 6
-5 188434 61 6
0 192448 44 4
-2 172397 35 6
-4 113125 44 2
-7 195229 53 2
9 147958 66 4
-9 194298 24 9
7 192969 59 10
-7 130034 46 7
-5 176062 22 6
-6 151279 6 7
2 180452 91 10
1 166021 98 2
6 194951 67 1
-10 45754 18 7
-7 160230 32 2
7 176361 35 5
2 193632 79 5
-1 192282 30 6
8 171260 31 4
-8 192687 22 6
4 166914 52 4
-3 128442 84 3
8 177285 65 3
8 198355 24 5
5 194917 81 8
-7 176438 27 4
-3 193482 12 4
8 192891 60 3
8 171846 69 7
9 167152 47 5
6 158694 75 1
-3 164417 25 4
-9 124508 97 2
2 189914 35 2
-1 156951 37 1
8 125064 81 8
-4 122684 100 5
6 170604 28 7
0 168241 14 2
-9 132744 27 1
6 113203 52 2
-10 176601 67 6
-3 199879 8 3
7 190913 91 6
-8 182099 40 5
-1 199310 97 7
7 189871 14 10
-2 118634 90 7
2 127476 58 6
-5 195341 84 5
6 97960 97 9
-8 146484 42 4
9 191436 100 3
-9 180780 21 3
-4 158434 92 9
4 172205 65 7
9 164025 2 10
5 175457 18 4
2 185940 62 6
7 89556 24 8
3 139671 92 7
-6 188425 55 7
8 192284 41 5
-10 151515 23 4
-9 191148 82 9
-2 184552 11 10
3 119614 95 3
-3 180537 77 10
-3 191483 98 6
5 161958 6 6
6 114221 43 10
-3 152961 31 4
7 180884 7 6
6 159499 24 6
0 127683 50 3
7 195709 10 3
-5 178589 70 8
3 164076 90 6
7 199409 97 4
-4 175879 100 3
3 190876 34 6
-9 114174 17 9
-3 195222 31 5
3 166463 6 2
-6 167837 82 8
-7 140530 93 1
-7 176353 90 5
-8 191797 81 9
2 145390 19 1
-4 189866 28 8
4 181601 33 4
9 197624 71 8
-9 100118 1 8
1 192844 66 4
6 109721 44 8
2 144139 89 9
-3 110995 25 7
-3 191493 74 10
-8 198882 14 9
-2 193354 68 1
0 199942 6 6
6 186709 8 1
-2 175590 20 1
-10 118049 43 9
-4 173832 47 5
9 134249 87 9
5 175408 1 9
7 39621 5 8
-1 198918 61 7
-9 187241 75 9
-8 156523 53 7
-2 154518 21 7
1 158699 11 2
-2 125231 62 8
9 185523 47 4
-6 178716 1 8
5 190697 20 3
3 192764 69 2
-1 152370 92 1
2 174410 84 4
5 164702 26 4
-9 164697 42 4
4 167781 16 1
2 197975 69 5
0 195385 75 7
4 192488 16 1
-6 190004 45 3
-7 161005 26 6
3 193761 25 8
-4 161338 97 4
-9 118240 66 6
-1 183599 87 2
-5 167613 80 5
-5 181014 62 10
3 177126 47 4
6 182253 58 7
8 139304 88 3
-1 198052 22 1
3 187286 38 3
-6 190881 72 10
-7 115061 46 3
-10 78010 63 9
-6 143105 66 3
-1 135321 66 4
-4 146042 42 7
-4 140217 14 3
-1 139994 7 3
8 189816 63 7
-7 197073 28 2
-5 186777 39 1
2 176526 3 9
8 82231 15 10
9 173836 50 9
-3 193489 66 7
-8 188158 46 9
-1 114525 19 6
3 140892 74 1
3 199126 78 6
-6 179997 35 9
8 190444 6 5
-8 183192 98 3
-2 176064 66 4
7 182235 91 10
6 172792 64 8
4 154429 26 6
7 125938 14 1
5 195131 88 1
-3 176910 36 5
-4 167991 19 2
1 197237 5 5
-1 177309 60 3
-7 187764 77 9
-4 190623 3 9
-9 144806 54 4
-6 195379 64 6
-9 106120 62 4
-7 98738 86 9
-3 198045 41 7
5 198386 34 3
9 178257 68 10
-1 192362 97 8
-5 189254 45 10
-9 170519 20 5
5 187049 20 4
2 76335 87 8
-2 175507 6 3
2 173463 12 3
7 153642 48 1
-2 186284 6 7
-4 192715 31 3
0 147937 2 4
6 146078 70 2
9 192982 21 9
-9 173189 63 10
0 148883 70 7
9 83846 21 5
2 60605 26 1
-2 195027 74 5
1 151039 61 10
8 185043 1 2
-2 50605 23 7
