2000 200000
-5781 143475 82957 8
-9818 87241 43754 10
-1597 199785 22967 8
-8860 186390 16923 5
-421 178982 88379 8
-256 184660 91090 2
-7696 134298 57358 1
1422 189144 83078 9
7370 161784 31761 6
-1845 183047 24059 8
1095 163257 3557 2
1291 176027 71052 5
-7958 130635 37231 1
-4350 139167 6139 10
-2237 195665 31656 8
-4942 182322 23037 7
3231 139114 36808 8
3124 181766 3617 7
9842 189471 36338 5
2985 183278 77505 6
996 191272 24163 8
-2014 175282 92620 10
-7110 189306 31607 1
8365 188439 58642 4
2693 197010 43323 10
-6045 196821 16880 3
-4624 189714 25530 10
-8144 189246 35134 4
3557 175929 27329 4
-2014 189551 71319 7
-3872 129694 40373 6
180 192190 4712 9
5847 178500 36311 2
3772 193753 21371 6
5257 199201 81942 1
4116 198915 8966 4
2503 139800 94517 3
-5915 180041 94127 6
-8960 172852 14109 6
-1926 191422 12418 4
4784 189876 20582 10
3138 181864 24950 8
-1301 139726 44642 2
-5561 185447 32123 9
-8539 178416 28650 4
-2577 197262 98984 8
-4539 194671 32619 8
-240 113070 14660 9
3563 186839 60403 10
-9416 181254 56722 8
2559 75422 90232 2
3357 194697 49506 7
8091 187347 65994 1
-1086 197784 67765 6
-9413 198562 55930 4
-6486 191073 22384 2
-9053 158385 52618 1
7233 179809 16324 10
4465 180030 30741 10
-6488 164764 72284 5
6308 150314 19841 1
-1343 168076 71656 5
-6484 153000 13252 3
-2181 195647 66505 10
371 170537 59124 7
-4864 144880 91742 5
-5589 194899 88499 7
700 180743 48685 6
-1414 151442 78522 4
3760 156573 35221 10
-9693 177938 55780 6
1655 181173 79571 4
8022 75591 5278 10
9879 174357 39666 7
-9735 196601 17741 5
-4276 191406 53528 10
-8168 194524 89151 10
-432 162368 97614 6
6635 150102 74902 4
7983 179510 61456 7
-8634 192763 72306 6
490 48892 8917 3
-378 197578 75454 1
-8662 186588 16608 2
-2950 183075 43197 8
-6905 189197 58599 5
-6833 198985 74805 9
8248 199765 70019 4
-5792 180826 86715 1
-3044 166702 18585 7
1469 177378 21664 4
-855 93225 25256 1
6842 183156 74428 8
-3307 164862 52723 4
2395 197611 65274 9
-4765 181444 70384 6
-386 166341 1892 9
-6352 184983 7441 7
8168 196883 15568 10
-5538 147002 51026 3
-5740 165245 93610 1
-6369 197557 7780 9
729 198702 65315 5
-4315 96588 49369 7
9946 114065 40089 8
-5111 97873 17168 1
-1740 177003 44680 5
2266 144284 73698 6
-2206 114666 33872 1
7047 105051 84462 4
-7372 195065 97768 10
3216 135097 929 5
-5999 184301 15844 1
5865 161436 83529 9
-9367 178629 77506 1
560 196552 53756 9
3360 145541 18170 7
5329 186926 51299 6
2199 182553 41990 1
-2089 193812 77260 5
-7491 132162 68912 6
8821 177166 7216 1
6837 184952 21947 2
9524 171868 16257 1
-6552 186035 91699 10
2463 186428 98839 6
5934 174703 55576 7
-7667 194136 79452 10
-1704 102687 35176 5
6926 189138 57462 3
-3807 168142 75884 9
6073 91921 12564 10
-3978 161701 22118 7
-556 176205 32636 1
-5374 193411 99992 4
101 149735 73940 1
-5762 196304 59191 6
472 197734 42831 4
-4167 183694 58354 7
-5167 187600 2010 3
2980 198197 92413 9
-844 181709 34982 2
-8672 156708 78594 4
5298 156363 5304 7
587 199984 56041 5
3382 168173 77039 10
-1977 198173 198 2
9808 188992 42996 5
9933 167505 51363 6
-4928 184292 10344 3
-8238 198067 82128 8
-8505 197326 14474 5
536 186347 60680 9
-4118 129748 62119 6
-7848 161576 75364 4
-5528 162407 80199 2
-5651 150278 95717 9
-2850 183588 88916 6
-7101 199462 72477 1
1655 192205 69453 4
7361 175035 25887 4
-1127 162304 87020 4
-6443 198979 35015 2
1805 195911 15476 6
-7874 192917 48332 7
-6578 166629 35966 4
2495 199263 86277 2
-5355 188029 50885 3
-9950 195304 2169 1
8676 177447 83727 5
-87 186889 22411 8
5137 191487 26079 5
-4260 191660 79908 3
6261 130937 6200 1
-4848 156705 1858 9
-7691 191894 86676 5
-8748 164832 36225 4
2543 193500 89061 9
7745 181362 29033 6
-7288 130456 93738 3
-6046 182505 96120 10
3541 163492 98198 6
3296 184772 32560 5
1576 198858 31901 6
-7149 194317 52547 6
7549 181824 35776 2
3398 199097 21981 8
3941 185644 17274 10
-7703 103304 10802 7
242 121741 47403 10
6589 187943 40649 7
-9533 182522 63364 4
-9414 146916 79049 8
-4783 180153 34291 4
-4668 181150 71234 5
-8422 196237 80048 2
-7345 121654 79998 8
-8754 162378 13193 8
4015 157210 88809 3
8312 175885 99563 6
-7868 88966 77790 6
-3858 154009 1521 9
-1691 195564 86099 6
3003 153174 37169 9
-8468 190265 76775 10
-1268 194090 82564 3
-1854 191721 76010 6
-1319 159731 2613 5
9772 199144 30477 3
1718 197673 8717 7
-8715 146834 78571 6
-2822 159512 86334 1
-3363 128699 78423 3
-2577 146490 53934 6
-1630 132803 26984 5
-8389 197036 74502 4
-1267 188787 98625 7
-1299 170560 82682 6
6431 87347 47333 4
-3189 166444 46043 9
1181 145040 35610 1
7387 171547 95035 8
-4359 186968 66461 8
-5232 171221 18879 10
-6494 172436 68870 3
-7241 154427 69899 1
9358 143578 91932 2
-2175 188385 30282 3
-6906 189192 44923 3
5074 189185 8541 4
-8430 183581 59460 1
-4437 173023 41286 2
-1434 195128 166 3
8757 153657 45172 8
2540 196737 87659 8
142 92657 57360 2
4115 171125 47333 10
-5960 153200 61224 5
-7272 142219 76473 2
-3041 177927 47099 10
-3916 161306 82124 1
8586 121886 66694 6
-3579 192674 65389 1
-3162 134303 48302 1
-1184 172927 60674 10
8751 192555 47375 8
-1705 106564 35511 7
-7649 195757 1571 8
-9146 199615 38627 3
5979 153665 79030 1
-3516 189668 33308 3
-6149 177315 72296 10
7336 199737 47038 8
-3814 162267 72612 4
-2056 155412 67287 4
-8994 186667 49920 2
5177 69459 16791 3
-1015 197502 57429 2
-7469 138768 26197 1
-7647 47009 95522 10
-7292 78072 16388 3
5180 196168 50202 1
-9816 196977 53815 7
3439 161343 79062 1
-3129 198887 61713 2
6681 187473 83704 5
-3297 160250 43570 9
-2678 196549 86972 9
9074 79323 46590 2
8025 193185 11974 4
5841 154422 55215 4
6982 187345 77703 4
-5910 174960 79902 2
-2068 164199 71921 2
48 185802 13101 7
-9526 193136 60 8
-2070 83604 61496 2
-8429 192279 19225 1
-9953 167715 50013 8
-5388 167843 41654 1
-1441 143497 84840 1
-8506 197014 13778 7
8532 152456 49091 2
1300 193427 83524 2
-4598 158102 83805 4
2478 115643 42694 2
-6917 128592 64153 8
9774 186360 50343 8
-8736 121412 71610 7
8809 163357 7632 6
7156 186548 97837 2
-454 178866 83350 5
6986 150099 22199 1
-7157 192816 31585 8
-526 192458 7392 4
4581 183779 19484 4
-3801 174000 42080 10
-6022 179587 58717 6
-4100 189411 59304 7
-1104 177311 80854 8
-3545 156278 47859 2
5583 199368 55677 2
7950 195658 62253 3
-7762 197327 90104 9
-7151 143287 43427 6
4666 194400 2508 10
887 187334 89101 6
2664 198484 52775 8
9404 148661 76058 7
3453 156945 30316 8
4122 193377 40602 9
-9029 182387 3230 3
3575 135435 76976 5
-4403 190969 72176 6
-4081 195299 67513 5
-74 161697 76524 3
-6333 170753 55575 3
-7081 110270 55138 2
-4767 119843 99843 1
-3489 187928 23314 3
8181 198478 5585 6
-2921 184469 60380 3
-6160 186028 68709 10
9197 191275 63240 3
4183 194197 93814 5
-8896 121360 73521 3
943 178054 43009 4
-2964 186877 63862 8
5639 155527 84498 3
9112 171287 82756 9
-6587 196225 93165 10
2047 175013 72093 9
-9164 198259 47970 6
9659 127835 78477 9
-4946 190067 65906 8
7159 25663 56590 2
3366 191926 54140 4
-7306 131650 92793 2
3064 199138 15309 3
-7681 163559 53967 8
8917 199897 55750 1
140 185320 86888 8
9257 175922 73743 2
3058 179003 82076 1
4302 148775 69148 1
-3181 187190 92303 1
-6250 168115 6878 5
-4031 196786 46082 7
1299 194739 77356 6
5045 140541 63446 3
2283 175178 79027 1
-9007 111180 46339 9
-358 173249 76572 8
7697 167720 77242 3
423 141688 46204 9
3928 184208 10007 10
1740 171558 26273 8
-8007 179260 27594 4
6975 198830 45306 9
-8507 195907 9799 9
-7355 186778 94087 10
5076 181584 19435 8
6169 72775 7106 8
-8873 163723 73713 3
4216 198854 71117 10
-9380 170721 86582 8
-9487 195690 23550 5
9826 180007 21961 4
-8758 107119 55304 7
-6785 187629 13591 4
9077 191626 35403 6
-7184 184136 78645 3
1077 192886 62974 7
4736 192021 590 10
6954 191838 28603 2
-1957 199333 77615 4
8004 188640 84650 5
-4619 198441 99536 10
7879 122668 83538 6
-4394 146025 74340 9
-6181 127991 33405 8
9225 170573 75652 3
1047 143136 53547 2
-5052 170671 15225 9
-1522 181791 64185 2
-839 153129 3753 5
-3558 194265 43058 1
6365 188434 27587 5
-8569 174841 214 6
7800 179730 47404 2
770 182236 46153 2
-1234 173569 93004 7
9955 24836 39487 2
9517 150581 57588 7
7384 167145 86534 4
3320 162069 20499 8
8404 199547 52500 8
-8526 195634 64441 6
2967 132745 47025 5
-5458 130179 94666 7
126 189927 44775 9
1206 179107 48358 2
-595 188701 4073 1
3257 64992 59672 3
-2340 198904 90945 3
218 191910 28541 10
415 179680 55230 3
4918 189148 11031 6
9434 187893 52188 5
757 178787 42705 6
6308 163514 32214 2
-5868 187654 47029 4
8634 139538 62441 9
-7951 185406 19852 10
-1529 199014 2602 1
-9960 56736 98420 4
-8014 173938 33578 1
-6322 158553 45001 2
6152 191790 15783 7
-8229 191148 23564 6
8874 197840 3319 9
-388 116695 952 5
-3463 190086 81072 4
9673 182331 61958 9
-9568 193856 16763 5
4548 185767 37119 4
4867 165027 42585 5
-670 178521 7426 7
-6426 188915 36117 10
-1122 177379 9205 3
8416 159112 75596 8
-6021 197905 68688 5
2913 189723 83930 6
4153 110786 67911 4
-9119 177087 64998 8
9724 196602 46584 6
7114 173972 93007 3
4152 166792 82389 9
-7096 163103 98328 2
-3871 100574 65396 9
4911 153432 62290 3
9586 199295 5364 6
-5108 189352 60200 2
8795 170437 2770 8
4848 198571 8592 9
9423 196980 80364 5
-5862 156048 85392 8
-306 187612 75381 2
7588 199970 49710 1
-4848 113810 31802 4
-9967 139845 68124 10
8179 161717 34643 5
2324 155041 74403 8
-7642 153699 1709 6
8419 168528 87534 7
7669 198678 17910 10
-7651 196632 69145 9
-9545 126014 94282 2
-6215 197609 9787 8
-9066 104449 52862 8
7952 179382 31762 3
-2210 188425 81610 1
4685 147900 30158 8
-2902 199961 59771 7
5011 169780 86975 9
-8502 174718 64761 10
-3121 177171 40098 9
376 195154 12373 9
-2432 180733 62377 1
-2180 178286 10199 5
9571 197646 17002 1
798 194681 94662 5
5475 184991 18250 10
7692 93070 42009 9
8736 193944 85802 9
-3413 76454 79869 8
-9186 162896 94226 7
-4829 153643 85286 5
5937 176589 31997 5
7525 167817 72731 5
8998 142122 19557 2
9311 140050 73212 7
-4075 185838 7408 2
-1789 167945 26583 3
3685 195995 32218 6
5428 89715 50443 2
5216 196742 35523 7
1683 19226 33051 6
8441 198126 18108 3
5768 193968 36215 5
-9062 188303 8333 5
7891 159748 19015 3
5297 188898 23498 7
9396 179830 46041 7
7773 178216 75383 10
9145 192441 3723 10
-7915 80992 80824 1
-9208 147527 668 1
6873 199501 96765 8
-467 179496 17328 1
-2595 182807 28686 3
6022 196871 14562 6
2738 163069 81363 10
4140 167107 65486 7
-3306 186484 68774 8
8003 160900 55934 10
6590 151328 99964 5
165 180579 66068 4
-5309 194022 78128 7
-9397 190135 68057 6
7914 177492 76146 2
541 184800 37158 8
3575 199918 55504 8
-3460 164768 1744 2
-8332 142971 71843 10
8077 108628 12376 5
3038 151952 2620 1
9096 145354 51570 3
6481 134876 47856 3
-4767 158236 52150 1
2516 197286 14241 9
-9226 199586 9925 1
550 170261 56398 8
-5383 119681 64381 6
1066 145178 31869 6
-3360 197647 86944 6
-9968 170101 14119 7
-2742 192087 67169 10
2374 186620 79684 4
-8588 179796 9968 1
5246 194891 440 6
-6532 160243 32743 4
9281 190398 67038 7
-9964 107512 69014 9
8372 151127 99699 1
4203 191354 15467 8
5897 199194 75333 7
1880 189930 8997 4
1736 179977 95580 4
-1528 193814 90682 4
-577 151676 26185 8
-8631 174437 89542 1
-1913 148264 24206 3
535 190880 93590 4
5912 84125 8046 6
-6554 185608 60917 4
1391 190388 67061 8
9457 166382 65142 10
-418 116496 60842 3
2817 195341 47683 7
-4524 113580 83764 6
-927 191029 14629 8
-9042 155997 80713 1
4001 194850 20852 3
-450 189754 83166 4
6537 148609 18401 3
-9159 137326 13836 1
-6400 187427 44993 10
-7065 184655 12735 5
-2372 185899 35036 10
1350 199562 86756 2
-8020 197789 79830 9
-2177 110036 25874 10
2916 195480 11549 10
5228 183007 16121 6
9256 166875 59731 5
-8439 128764 67530 4
4508 150870 36669 8
-4997 157992 70279 4
2250 174336 53676 8
3806 196575 38124 7
6804 174654 59500 5
-6830 196453 39005 1
4316 173637 68523 7
-2265 142064 91857 8
1810 193286 81355 9
-9272 169547 89567 9
-3235 179884 83243 5
165 100006 64039 10
6733 161496 5170 8
-3899 54035 23683 7
512 187624 43197 2
-8117 110574 75119 10
5778 108756 72618 4
2983 178565 84469 9
9322 102192 39717 4
-2432 110792 37886 5
-4830 197687 8498 10
8384 197597 48117 9
1398 146839 61115 5
-3936 196127 14141 8
1168 185578 41180 8
3733 112430 74422 8
-7310 198315 77357 1
-198 189078 54859 2
6853 144214 57807 4
8031 85378 67456 6
-4223 168581 85657 8
6514 191652 43961 3
-9667 197764 32228 4
-5012 174304 40492 10
-5063 120414 86230 10
9662 198436 96779 5
-6775 93978 49259 2
-8484 140880 71724 4
-7675 187971 31402 10
-6198 186050 69052 8
9742 183974 76262 3
5254 193575 50563 5
-4126 121207 77779 3
-9578 174790 53752 1
-6589 142433 32747 1
9971 134916 839 8
3459 199483 73344 1
-4683 181404 73793 1
-2955 193103 14660 5
512 195483 39684 7
-7376 187661 90071 2
-6770 192874 93260 4
-4060 193681 11536 2
9150 148986 730 8
1345 167375 10447 10
-2755 195051 35588 1
9348 190217 12354 2
7764 178956 11420 7
8453 196543 31541 3
8017 108729 96612 6
-8513 177597 99038 7
5945 198509 68721 2
3583 195894 16617 4
5614 194771 71999 5
3376 178142 36033 10
7772 185249 18325 3
-3419 115748 82912 6
3530 172383 86201 4
-1496 182674 34744 7
-898 166076 19287 3
-3294 170711 78850 2
9585 182185 38701 1
523 172113 8582 4
4213 188979 36186 1
-1612 190673 44267 9
3587 199385 81704 8
-6126 93263 68161 9
-3255 198102 16470 6
7340 199318 91724 1
3571 161355 77194 6
-5496 173847 18292 3
3576 173615 38711 1
6835 199119 93450 2
3528 163802 40362 3
-6865 155413 45948 7
1492 171311 52091 7
-3615 84962 17564 2
3422 190484 61809 7
4026 180120 38892 7
-6495 177145 79189 1
6822 199182 76718 9
-9693 146473 5820 5
1203 198140 99179 3
1754 181398 18798 3
-7997 136720 49858 8
-2467 190962 79676 6
-7436 198707 43859 8
-4724 184097 98017 2
-5169 90993 74444 5
9505 166521 91927 4
3344 195175 76274 4
7799 189530 44189 10
7765 181167 48019 9
6491 189483 65350 4
-9590 52388 54123 3
370 142493 29701 2
4499 182663 82709 2
7435 164353 46231 10
-7430 115058 51765 3
8262 145006 23793 1
2491 189727 24514 7
-9149 191467 69963 2
5389 173335 64760 3
-433 166692 12076 2
-7693 133895 38942 4
-9204 165126 8375 2
4003 163709 50164 2
8224 191072 91926 8
6006 134700 6721 9
1473 182461 91941 10
8625 176500 25532 8
-2625 64617 4642 8
8115 195402 32825 5
9041 158890 26163 7
-6849 171949 42229 10
1955 163010 39959 9
7788 177964 80612 7
-9057 182967 77232 9
-406 184532 29722 10
-6117 117099 62736 1
-4618 193091 20665 5
2755 150816 95844 2
-5951 196656 46938 4
-3160 195303 74142 7
1213 39648 5118 2
2408 182865 90086 10
2825 188612 43158 1
-6145 168847 61539 8
127 175746 43729 4
-6610 186869 92838 5
6651 185325 29317 4
-8982 171046 61623 4
4718 182974 17953 7
9479 162425 9379 3
-3261 155003 64370 8
-7770 180003 68549 7
-8783 182258 55444 2
-2564 196616 90068 3
-3455 119429 31866 4
1156 127773 40781 7
-8671 188707 36961 9
3752 195169 21473 5
-662 171051 28145 10
-5909 176662 69217 1
3598 161012 34197 9
6521 150508 46793 9
-2810 198773 17597 3
274 170113 58186 6
8570 199427 75056 7
-1644 192916 14716 4
689 199611 7447 10
-3543 154444 81315 8
9466 196140 1479 3
1968 189835 25312 5
2267 188801 41518 6
1679 157953 47930 10
122 136146 29122 6
7800 157628 77454 3
6794 199258 76902 5
1083 193621 5972 9
-1768 193434 19965 6
-3348 176740 28916 1
-8682 167408 99347 4
6037 86328 92232 6
-1177 118685 7273 9
-6338 188650 38322 7
3018 197723 7361 10
1596 124653 38657 2
-1621 188403 33738 4
-3337 185526 81855 2
9704 190316 96718 3
-481 36677 81023 6
-4511 165235 72665 7
-2862 195066 89668 8
5123 180465 7948 2
1894 176652 8884 3
-8298 110514 68002 8
-2115 194902 44158 4
4997 143079 69153 2
6793 147971 61289 6
-2739 193993 1317 7
4733 161020 80351 7
1193 182726 25641 10
-9610 172018 78745 6
-9860 180159 34902 8
-3223 65699 94987 7
-2177 183670 91280 8
7022 193417 75154 3
-6963 195741 77183 9
2316 168180 3005 1
-3315 141143 34811 5
7590 173477 58969 7
-9921 193635 51291 8
-4187 156375 34433 10
9258 155030 33022 6
-312 181040 47077 7
612 150326 95194 2
1193 192192 95961 3
4035 193971 85989 1
-4943 191646 32865 5
-7741 162582 35490 10
-3714 188856 65754 3
-4872 183555 61454 9
658 171251 25836 7
5142 92241 74571 2
-2305 141691 41135 9
9534 43020 89739 1
8081 136961 28794 6
3691 190823 75936 8
-1796 172917 72947 8
-4515 183334 68195 6
584 172843 40787 4
4261 184052 16515 1
7865 198671 89721 2
850 187132 5487 3
6595 158518 74673 8
3226 197193 68071 8
-3187 181192 57638 10
6956 199729 40191 6
-2556 176712 3653 1
8373 159617 46325 2
5603 195743 36947 9
-2192 191504 76277 5
-4672 196662 78385 7
-429 197532 81226 10
-8518 194281 31437 5
-617 158791 37927 8
3937 151226 19500 6
-1400 183721 67829 6
4454 195482 17815 4
-9459 165632 32319 2
1765 151338 38179 1
-8615 154096 44124 2
2287 188307 56293 3
4594 154275 30044 10
1980 108136 15829 6
3297 145693 39830 2
3183 5235 84064 9
-7653 180586 9328 2
-7221 175997 32148 2
-114 195642 79632 6
9847 179226 35015 5
-5073 176507 75010 10
2797 166332 93544 3
-9213 187992 57706 3
-1624 152902 54762 9
6892 170387 22700 9
-7537 182527 66990 3
-9226 189735 93593 5
6300 191372 27919 7
-5854 168196 86748 7
1233 158805 52083 9
-5326 187795 93765 3
4541 171542 32816 7
6357 173801 40629 2
4298 121371 69244 4
-3852 156880 458 5
2442 162622 49081 1
7902 178582 83532 4
-7485 155496 26303 1
1232 152354 20537 8
-2409 175571 26700 2
9704 150309 22190 10
-9064 196444 39657 10
-3957 183254 36022 1
4428 190520 2718 4
-8555 175475 53687 9
9884 165838 87896 10
2144 184399 78298 1
4131 147348 12249 7
760 194570 82458 5
-9356 196438 33152 2
-4930 96702 20785 2
652 155817 94106 2
2298 183598 53534 3
-9318 197371 70953 2
-9242 169634 47546 6
-7765 161609 67347 8
1016 62657 96765 1
-2790 149378 18861 6
-8689 195489 74956 10
-1609 176886 33192 5
7329 195770 67557 6
-4202 178798 8348 1
-8700 145532 31181 8
-4870 172187 68116 6
475 165269 69209 10
9219 119185 47578 8
-3517 185713 27099 8
-3659 182793 45572 6
6493 37457 11887 9
-917 174171 93597 6
2494 170582 63142 5
-5188 195279 49080 3
-428 176549 22130 1
-2869 100442 26002 5
-4293 187337 45426 9
-620 194608 1447 5
-7071 187089 61759 9
1781 176425 75287 7
-8075 64998 38007 4
-8870 199959 99417 1
-1737 24052 86762 3
1677 175656 67776 3
-3077 155853 70147 2
-5315 199349 84845 2
-1729 177989 5880 10
7086 133695 68181 3
1742 160433 97684 9
-1823 173841 73875 4
4789 184520 12452 7
4516 180543 60944 2
-9402 189915 81056 10
4604 117321 55345 8
7274 185983 4828 10
241 139344 58401 1
-9556 147227 75664 5
2491 180939 61920 9
-5534 182831 59523 8
-9909 143584 93004 6
-6465 175980 26430 9
8444 155743 99182 9
-7690 187722 92464 8
-9862 179728 45479 2
9009 121280 32828 3
-685 192369 75003 10
-5454 180539 49803 3
4157 186987 40446 7
-3928 182253 41359 2
2439 179933 45247 7
-1130 180951 70997 9
2244 194254 47666 10
-7936 175663 28814 10
-5356 124864 57408 3
983 197152 5214 4
7893 143106 99348 1
9349 197510 53062 4
-1911 172238 63614 9
-3588 151243 19695 6
2153 183396 69388 6
-4036 189749 98007 6
-9654 160577 89930 1
1795 197121 80192 9
-3762 191531 39990 4
-7430 188302 91798 1
45 167908 12680 8
-7012 102648 76992 8
-2620 176793 66369 2
9641 198748 64363 10
8031 195365 51667 3
939 179022 54611 5
1634 160111 30608 1
4104 165440 9202 6
8222 176129 75479 6
-1144 151236 67309 6
1169 149282 51580 10
-8887 180224 97596 10
3614 185166 63702 6
-1855 193333 77402 9
8398 178296 37230 10
6546 193386 14605 9
-5946 102474 28838 8
-8204 169167 28887 7
-2261 124678 80103 1
159 181939 89694 5
-1966 163899 92719 9
-9288 193830 73624 6
236 189429 81946 2
5373 193381 7515 4
-6895 180516 46991 5
-4365 190863 97091 6
-1397 187316 71438 8
-1841 183759 9283 1
1062 180734 36504 7
4611 43809 17521 7
-5642 86590 86655 2
-9654 196658 16141 3
-247 159131 28911 8
-5705 172647 82546 3
-9905 140139 58332 5
4667 138100 54431 9
2278 195213 47373 3
-9323 145969 50279 1
3849 175910 30952 1
8446 136380 97175 10
-3653 109933 61792 7
8692 182410 38664 3
7791 76949 85180 10
4614 126158 78277 4
-9221 150260 37992 7
-2591 99366 40638 4
-9985 187068 1409 8
250 167863 26829 1
-5200 181246 70396 10
1660 157842 34055 1
5608 171406 34904 10
1044 194641 14151 1
-2830 196611 24549 7
3578 95864 40503 2
9650 194885 44436 3
-7390 169313 7968 8
3987 193015 7712 5
7619 189303 69236 2
-6187 191312 33084 5
-4921 199229 64921 3
1014 181870 96414 1
-1485 119568 80087 9
8095 170539 29644 1
-3207 181144 77509 9
721 188991 56805 7
6555 163435 98224 4
2960 186358 73010 4
-8702 192561 50253 5
6768 185528 44654 6
7168 197711 47745 6
-8545 199008 69940 2
-5887 159667 35566 2
9651 194244 47399 7
2553 173904 73984 7
-1739 174724 32263 6
-151 180400 35511 8
557 182756 67857 7
6802 199196 13399 8
5390 191369 21687 10
8287 190411 3278 2
-3931 163774 90114 1
5581 100487 8581 2
-7682 142995 52676 4
5086 198290 50154 1
6358 127253 93858 3
-7746 122714 85180 3
9032 185831 82656 5
4084 182786 76055 3
3921 177735 73103 10
5868 150794 94722 4
-2138 190738 9365 10
-1180 116507 33048 3
9624 141165 48827 10
-5739 158766 40211 9
-8058 179207 35771 9
5156 188406 83166 3
-317 178892 69194 5
6825 192202 38876 9
-4855 183940 79940 3
3487 192433 59860 8
-8098 120104 11703 9
-2452 173410 60928 7
6276 126598 34546 2
-9454 195775 64246 6
-9498 164837 30383 7
-9642 174084 17333 4
-1055 162717 40701 5
1553 133438 22899 7
7089 166218 32594 5
-1099 190993 46117 1
-9027 160028 48656 4
5601 157092 3920 5
-3451 148784 55287 2
2439 145058 45423 10
6154 145484 12139 6
-1059 163124 7621 7
8830 164246 61670 10
-7069 192462 79877 3
-1556 139953 60001 4
-5357 174327 53472 1
-4662 176685 46974 10
239 186327 71950 1
-8162 190179 24569 1
5191 179871 12608 10
-9650 188709 18383 6
-8215 190972 11716 10
-8467 162324 81166 6
-2579 191114 32825 3
993 191503 68031 8
1344 190314 15701 1
-8647 199931 8849 7
6128 189639 78581 7
-8018 152299 95015 6
-7462 156443 91044 2
4793 188575 82628 8
-3760 171112 26734 2
6677 164904 23733 6
5614 187716 43527 3
-1771 160023 39999 10
3774 190506 24791 8
-823 138900 34954 2
-4599 178660 96265 6
-2260 159531 96429 9
-224 196799 70355 8
4241 182484 4155 6
-6933 169121 97735 2
814 84105 4718 5
3793 167805 67290 4
-1304 154256 27122 4
-5431 193502 45748 3
5249 171718 30484 1
2848 198445 85561 3
7839 176021 82060 5
4235 171579 68567 2
2110 180272 10024 9
-6418 129312 31601 1
920 175097 42426 4
-5459 116570 19498 2
5074 198842 74468 7
8531 134551 59157 1
-309 57040 60611 5
-5408 173714 94428 8
1568 193098 20217 8
2168 130942 81678 8
-637 172316 37374 7
6632 116359 92078 9
-5572 198760 10153 3
-1189 183719 79257 7
-6689 158768 91067 10
7166 156452 89271 5
7888 151701 18092 6
-3216 198110 29253 1
-9164 197848 55929 4
-7474 193781 14273 6
-6919 198440 15597 4
3741 173431 47895 7
3111 179577 62254 9
7288 170127 9356 10
8232 140630 34539 1
2715 139698 97256 5
-9802 182431 9413 7
592 180680 89480 1
5796 180614 13979 2
-166 197919 15716 10
-3506 91178 33049 8
5888 177818 15742 1
9636 192495 73602 5
6971 167998 79915 1
-876 74278 87421 1
4163 188723 8454 8
24 170822 2558 5
-3114 169478 60178 1
-9249 192435 74294 7
-9078 190243 84559 10
1375 25373 78236 9
3796 140113 97249 1
8090 148861 59805 5
-392 194688 16124 4
-3057 189217 34849 9
-6956 174152 74388 2
3716 159951 47071 9
5000 105471 54788 6
3538 175614 53668 2
9096 199130 4284 10
-3598 135718 63807 3
2788 192681 41263 3
9862 113190 94864 2
-7498 184522 18269 1
-2551 173309 33361 4
4046 172942 49790 1
5691 196410 84036 2
-3110 184416 54544 5
-4313 176667 7679 4
-7271 194385 88706 7
5750 188862 98965 5
9569 167572 38464 10
-5383 191336 1798 1
2350 199811 31937 10
-910 188499 95816 6
3054 175977 78255 1
2820 184200 99767 1
4170 185956 54294 2
-4 168676 21499 4
-2570 184745 44849 1
287 167395 98328 2
-7140 169225 44464 8
4468 196306 76155 9
-507 191353 7917 8
8820 181609 88738 6
9546 172009 68048 5
8881 170583 76461 5
4729 125256 68353 1
5605 194502 29955 7
-213 182467 9550 9
-6564 148477 45415 3
-7195 179845 61661 10
-8285 183046 81405 2
-1108 175667 20307 3
2642 188295 86518 2
-4595 145103 10372 7
-1289 195831 59363 8
5933 199113 37470 10
5124 194721 81048 8
334 192315 30961 1
-8901 195718 24768 4
1763 168693 59168 2
3352 160973 97954 5
-331 166472 11854 1
8159 153589 52049 4
8886 126521 63042 4
615 135425 42713 1
8389 179888 98396 5
-1145 164482 27816 10
5378 189710 20028 8
-321 151728 1819 3
8628 198905 85712 2
6986 112435 69066 9
-9704 198338 83646 5
-799 181360 10933 6
-9492 166946 68882 7
4786 180304 3375 9
7164 168975 72778 8
-4221 181917 19948 8
6956 191827 71903 10
1409 166387 12583 1
-5849 176420 2965 6
2253 182562 12086 2
-8985 167678 3846 1
3880 178812 60593 7
4229 187406 49003 7
9693 197084 10336 7
3618 109693 5933 10
1871 196937 94916 9
-9931 175291 41898 4
-1467 190702 51464 4
-7592 98159 67178 2
1618 169659 92585 1
2062 199971 29316 9
-3159 106002 23202 5
3159 193180 59212 5
-4159 129051 18428 9
-2826 196910 27520 9
-4892 195559 94806 5
9730 198692 51986 10
-5795 180138 76144 2
-5173 157915 12440 6
-2718 186008 59454 4
-3697 149688 91793 9
-1344 191694 59402 2
7709 169602 58778 7
8326 176711 43050 4
-7448 159596 11889 4
2867 169486 64612 1
-9392 155700 69640 6
-4125 192890 34174 4
1805 166197 24910 8
-8392 106179 65929 10
-5700 84404 55322 3
-5467 173741 68784 9
-9650 184070 33561 8
-7680 104071 66013 7
7791 140567 79481 7
231 126755 76781 4
-4269 163875 84726 7
-1485 191447 7316 7
-8185 198269 99556 4
3133 164847 90419 3
5238 188689 31230 7
-4115 198070 97560 9
-998 150018 64078 4
-951 118704 70806 9
-1466 186305 20540 7
93 178788 22854 4
-6511 190575 23771 10
-3640 149175 61661 6
996 175065 63378 2
-4281 193859 53040 6
-3898 176774 45352 8
-1564 141481 30468 3
615 199532 19219 2
-2367 198894 38458 5
5804 154629 6466 10
65 191207 69466 6
-358 184312 83145 6
-9928 155564 91775 6
-411 169661 68908 8
5651 39696 11459 3
-8582 185531 29071 10
5866 189453 71915 4
-2549 148141 99676 10
9476 195444 10549 7
-9797 199570 20501 4
-4981 192008 98721 7
5802 167696 76572 10
-7535 196664 74557 1
-8030 145176 77601 1
-1790 198002 67572 8
-4478 114389 70956 1
3692 152488 80281 3
9130 157707 11274 6
-6453 161796 4367 5
-2232 130005 956 1
4569 58630 85789 7
6114 191010 17469 10
3157 199366 9008 9
3972 199358 52212 2
-1965 197845 5680 7
5291 177624 9755 1
8484 156256 54023 1
3538 198542 9198 4
-5882 108732 30798 7
5692 189029 9783 3
-4562 172583 62714 1
7171 156152 67032 5
-6348 153175 83430 9
5664 74479 23450 9
4095 193725 45762 4
-7749 195949 99157 6
1522 175635 82235 1
-235 109906 91488 2
-7977 189720 85100 4
-8493 23727 47259 7
8171 118896 68838 6
-851 94351 18267 7
4169 132947 32347 5
-3689 183337 83349 3
-6214 155844 88720 4
-3666 183048 97101 7
-356 188044 33987 3
5606 147898 16288 5
1074 158207 74362 9
8980 182407 77040 7
-2100 188975 50318 2
2039 147064 79408 2
-1000 159963 82359 6
6219 134688 91696 2
9288 109674 64345 3
-3216 170030 11242 9
8453 169042 18382 1
-1768 190454 48237 2
-5996 192635 45557 5
-8401 194175 8745 7
-1114 183944 96507 7
-6481 133915 61435 3
-2010 182259 26760 9
1636 178464 75387 3
4670 191104 41773 5
8284 168583 78948 5
6410 193481 73004 1
-4333 198336 36195 6
-9151 172921 78951 1
3453 197903 81091 2
-5792 120089 36589 6
916 185550 56536 2
-8487 197118 71457 6
164 115123 27625 3
-7717 197165 35181 5
6420 181338 6466 4
7938 99549 6279 10
5527 197157 24954 5
-9310 169822 44801 1
-8044 188169 14114 1
3632 134879 98550 1
5970 188505 9327 5
-2351 111358 58259 10
-3065 189268 18888 7
4166 158798 80068 3
-6366 194873 55795 8
4439 150618 67009 5
7126 199454 26685 9
8574 167725 22039 2
-6071 199709 6824 10
8247 153777 64986 5
5502 191448 27065 5
-3514 183057 52587 2
-8193 155915 24961 6
-3255 136548 78022 3
-2674 199401 55436 10
3103 173438 19695 2
4973 199002 48680 9
-3336 148643 56413 8
7980 87669 44759 3
991 79146 72166 4
1042 199732 86871 5
5668 198193 80940 6
-4401 199063 89617 4
9582 186603 66280 6
-3712 171872 78401 6
-8384 162283 4630 4
-9468 192706 88997 5
-3222 181319 37696 3
3358 196283 57289 4
-9965 169855 16495 7
-4661 151824 73809 8
-2235 184038 55278 9
-474 120393 50759 1
-2087 196423 23680 10
-1224 127320 27783 8
259 185441 25893 4
1446 157138 44104 3
9216 192275 71688 7
-9611 153663 28013 7
-7873 173151 75404 10
9888 149723 17228 1
5357 183105 78775 10
-9282 177437 92702 5
1605 185109 42399 10
-4692 131652 98376 5
1335 167929 94675 5
-3230 193455 83913 4
4536 115313 64972 3
-4780 195557 69733 6
-9142 154988 2357 6
-9274 178137 656 1
1196 192303 12376 10
-5323 197562 12285 8
-9341 175789 41899 7
8930 165572 86856 5
5226 186683 64698 7
-2142 179052 22242 7
-5448 196252 92566 3
8516 163552 72061 9
-5007 195103 13502 2
-574 168344 17657 8
-5393 184667 87307 3
1931 199033 17453 6
9937 181293 19617 7
5423 122598 74776 5
-7197 191118 44020 8
5643 177497 83722 2
-3664 179497 30393 1
-841 159937 51150 7
4101 187307 54830 7
-3634 195329 19035 8
-8985 113613 8108 6
5501 173568 49274 9
-9577 177607 82443 6
-9425 190162 39545 5
-7548 170004 90997 5
9847 189758 81585 3
6929 164173 7791 6
2494 167061 93780 4
-6392 181456 47141 5
2031 195043 1019 6
8574 187009 44565 2
225 196167 99694 3
7816 187849 11966 10
-4444 118345 95444 3
7838 190491 97737 2
-1809 197464 43132 3
-7826 198394 49048 7
553 161773 87277 5
2595 178842 89038 3
-5227 190080 97034 5
-8329 137384 42462 8
-7933 181918 490 1
-7786 179364 8183 1
-3852 127625 1846 3
1204 194528 70287 3
-627 178689 33059 9
1906 194714 14768 4
-8161 175722 26163 1
3531 178029 416 5
8725 194288 20326 8
-6715 175119 63764 8
4031 199156 87397 8
-8266 185306 71543 8
2046 192253 25617 3
-4172 178922 17046 7
-7759 185856 63369 3
65 190096 27023 5
-6114 117733 72603 6
6678 117528 28315 3
-1020 181445 52716 5
7727 176419 28697 4
8480 188676 28810 8
470 194431 54940 10
-1859 174427 43089 4
-6317 128434 63255 7
-5119 193704 65212 6
8692 198844 90311 10
-3243 124656 16910 7
-4968 90725 12673 2
-5163 149541 92384 1
9826 104394 95100 1
-9000 185036 88621 3
-9316 191803 55105 7
-3775 192226 21980 6
-9335 189556 73842 8
-8538 171866 83533 6
6959 149458 89657 7
-960 192165 30119 4
-4061 79507 76882 7
8212 184339 43489 5
-41 50554 62874 1
-3935 166198 62510 2
8193 192831 40473 10
-2230 199424 67981 9
9709 176585 60877 10
6149 196817 16081 10
4837 183458 37976 1
-9756 109011 30830 1
-8290 131034 64780 1
-1341 186277 38565 4
-4250 169690 12726 10
-3885 173646 93682 9
-4947 191635 37352 6
3046 87800 2962 7
593 116493 41802 8
2491 167171 79225 2
4398 190724 53155 9
-3380 141359 68757 10
6469 156064 63427 1
1781 181368 28476 10
7530 198465 21492 7
-3610 166655 32925 5
3284 180876 58978 4
9772 164638 13669 7
-6240 135548 43784 9
6717 180610 11023 8
4999 172978 9821 8
6882 167490 28369 5
-9791 148842 65502 6
3785 196739 44740 7
8952 172148 40508 4
1835 161543 7924 3
3985 147356 31976 1
-454 190479 79272 10
-5161 157647 83165 4
206 82960 24723 4
7914 167804 60271 6
-4559 114097 86843 2
8008 188025 26418 3
-1143 199032 79529 3
7610 169356 16557 4
9989 155715 43026 8
-1758 195376 79328 7
-5396 170915 18820 8
-8830 128956 70066 6
3265 143043 44212 5
-4113 197587 2464 1
-6886 194188 31335 5
-1864 122798 55938 6
8323 163387 479 4
-1935 148915 51583 5
-466 198573 27240 4
8868 148616 77908 7
957 147671 53187 3
-8487 197226 81728 1
1842 105979 96882 10
-9820 157512 22674 7
5718 186255 98532 5
4912 181619 21590 8
-473 186516 91202 10
2698 170808 96606 10
-1497 153784 81435 10
-1232 199330 88429 9
5378 179935 89740 6
1146 167867 18281 7
6848 155109 66835 9
-9815 195632 26465 7
3019 198194 50677 2
9007 198967 41179 8
-1630 185147 73262 8
6719 198207 79587 8
-3809 114595 99832 1
4150 180254 47473 8
-6427 182409 63871 7
-8856 165256 86297 9
-2963 174620 26628 9
-4689 192860 78264 1
-9550 199735 35183 4
-8527 167017 21532 9
2619 162817 15034 8
-1327 176803 36501 8
-7800 98624 16603 4
-1448 117984 5946 6
-7424 171156 82674 6
-7228 167577 46142 6
-1063 187065 30483 6
-9391 169097 20628 4
-216 173033 81332 1
1799 156428 84128 4
9868 80680 98682 2
36 129690 25631 8
-2603 192493 6817 9
-3638 175129 54329 3
6138 175590 91882 9
1387 174619 98021 10
379 194354 53866 6
2387 193068 54045 4
3699 189792 99663 5
3766 199744 34116 9
3298 72955 86069 5
-7749 189906 38580 10
-199 104257 90634 10
649 172503 87659 8
1990 89702 54749 8
6832 139162 53464 1
4290 153482 21134 1
-8678 159840 42882 1
7832 197307 19249 5
-9837 152732 67961 3
-6984 177722 96612 8
1526 102911 20032 3
3612 158635 22482 1
9721 172165 51002 2
-6022 25838 60648 8
-2405 185236 44597 3
3467 168113 69592 6
140 145003 97524 2
538 182768 34507 4
-7043 197812 93088 7
-3760 196114 71980 2
5129 198674 9552 2
4927 146640 49745 1
-9181 197403 92952 6
4973 189163 11949 8
8610 197554 37455 10
8003 168132 16755 5
-3542 126738 52069 3
8629 144750 54157 5
7835 180446 40772 7
-7756 175315 15741 5
-3873 108478 66149 2
7314 194321 47666 5
-3217 184977 5879 9
-6283 145751 83375 4
-8698 187035 97034 2
-1921 173447 19992 8
-7894 194788 57826 2
-3045 118668 25470 8
-2537 192583 30969 3
7756 197160 27947 4
-6802 185870 74229 8
-493 147249 78353 8
3806 136047 15339 10
1343 174303 24080 4
-4943 193643 4467 7
1145 186554 65126 5
-615 189492 93294 9
303 186999 17340 4
-7941 196983 87221 2
3392 187106 26157 8
-5476 186100 30979 5
1897 186510 80825 9
2027 188936 15012 1
-1457 188518 31434 10
3374 198539 65439 8
8366 196199 90566 1
-1391 199029 82881 8
-9248 34023 6037 5
-85 163695 27948 2
-8207 111151 22773 2
-4270 156528 92671 8
-7198 95868 31356 6
2466 191588 19079 9
1211 183391 73996 3
-22 193135 10821 3
1270 189698 50429 5
9111 133888 90529 8
-3032 140267 24103 8
-5277 158614 54799 4
-8013 165764 24015 3
2912 189041 61568 9
-7894 146302 98387 7
1761 183196 35788 5
-1661 150689 33912 3
5257 185807 37534 4
-4221 175493 64563 5
5624 173525 21984 5
8742 188408 97270 2
-6478 146261 79175 8
9229 128760 40861 6
-3150 193882 52097 3
-5812 119915 33368 3
9390 164239 2589 3
3988 179702 38235 9
8875 176207 47451 5
1885 151370 9124 3
-9084 143109 64982 10
6584 162492 55692 5
-1769 189025 65678 3
-2605 150627 58577 1
592 182293 99386 7
9645 191089 29986 6
-2919 147427 36653 7
157 197026 26316 10
-5919 199013 2119 3
4029 181017 59812 3
-6197 196367 15807 1
-1668 199189 77973 2
2874 171187 30959 2
4003 155391 66508 8
-1764 97189 78432 3
2311 118003 83969 10
820 194569 25559 6
-9232 155385 52776 2
-8629 129190 71359 2
3593 176225 20504 1
5464 124105 29400 3
-600 153238 14331 6
5070 138739 74111 3
9663 170578 40470 1
551 181660 20639 3
-8956 179325 2267 4
-1009 199849 65432 7
5021 188223 9677 3
-2636 181423 5263 9
-5041 189598 5394 7
-6805 174873 84566 9
-6584 165601 2655 2
-9690 163317 99004 2
5867 94995 74879 8
-588 191168 55510 4
1948 178000 58822 1
3480 181257 52815 3
-1493 182903 15253 3
2895 199267 30446 9
-8891 185755 51373 1
2523 194207 6119 8
-1735 185748 34585 10
4565 183764 55876 4
7879 118137 72310 1
1265 125447 59316 6
8048 195115 77446 4
-4429 179696 4852 6
6521 190483 36053 5
2771 186108 23196 5
6272 192950 60490 3
1132 189177 28717 4
9092 186267 44145 7
4138 145262 62841 4
6639 118247 8 1
-941 136387 78578 8
-1178 53888 61960 4
-9930 191740 17719 10
8372 182262 18198 2
3220 183556 45979 9
-2829 170708 39498 8
1580 105887 32759 7
-5188 192136 36383 9
-1397 178610 96947 10
-8335 179484 11867 9
-8750 177453 31153 7
-9433 196303 93920 1
-7799 164286 85626 6
-7175 146484 12980 10
996 171562 36556 10
-5430 155064 98029 6
7764 176579 33731 7
-3269 170406 42816 4
4625 183227 64006 2
4782 152111 25835 3
2469 146680 77013 4
9304 164247 36032 10
-1508 182057 87537 10
-19 180079 89109 8
-7766 195000 9931 9
-4280 178072 72874 10
1981 159411 70833 8
-2311 192884 94617 7
-4188 161907 8470 4
5204 139077 2180 1
6271 191525 46177 7
-6313 199218 26459 9
-3352 162982 55128 6
186 196437 61484 8
9985 74683 39629 7
5597 173876 41711 5
-9504 197607 76073 7
911 132701 27249 10
1720 191631 16887 4
-5766 140043 10433 5
8777 86015 53300 7
9686 191889 47545 9
-9398 145683 28789 1
6989 113194 54958 3
-4235 152448 1977 5
4044 193119 72731 6
-5453 120921 62448 8
3083 166549 86698 1
936 149089 18890 5
-4354 190176 85860 9
-4415 185782 97700 2
6076 169606 46682 3
-2467 156640 12560 3
7470 191138 60724 8
-5831 193893 41956 8
-9508 190756 97273 10
2848 190451 78854 6
3092 168479 76032 9
4370 167473 54005 9
188 195479 17174 3
-1901 171297 32986 7
4057 158673 49808 7
-6601 76193 34896 2
512 171388 69490 4
-3732 168557 45201 1
-7812 182606 73504 6
712 109433 2819 1
3456 185788 5861 1
7251 127434 74466 1
6575 180023 8161 10
6455 188706 33295 5
330 196414 74328 8
3943 184027 66040 6
-6759 113805 16887 4
5293 155425 44809 7
8540 185625 71017 6
7512 123712 61523 9
-3212 170546 67995 8
9189 156495 36987 4
7661 168740 58892 4
588 176586 63717 9
9998 182576 91385 8
-7763 187615 59938 4
-2525 182306 99175 5
5372 142190 17559 8
-3639 184283 39921 2
-8438 131016 74639 3
6748 190330 77651 4
-5195 174052 11203 2
1565 187809 61847 4
6931 172087 87368 5
-1753 193738 66784 7
-6 193759 13626 4
3252 180848 53237 7
3283 194637 13607 1
1418 179358 59375 5
-3969 168607 21054 3
-8437 179650 37894 5
2857 197108 52792 5
924 199034 89112 10
7214 193251 90727 6
2613 195287 52187 5
-9942 97333 30205 2
5802 178774 96548 1
420 166445 87455 1
793 186716 41431 8
4955 159266 48268 2
-2188 157887 84242 8
6610 142554 42984 8
1361 98049 52149 5
4634 186731 81069 1
2607 197429 21300 1
-2210 194226 7827 2
7211 161087 35551 1
-4940 128020 72638 9
-221 197091 71024 2
3234 193564 43401 3
8074 186405 72567 3
3054 126835 61041 7
-7795 186372 84194 7
842 148847 84804 8
2372 186804 11920 10
6527 181108 40107 5
-5604 165761 80055 9
-4808 162528 96469 10
323 169802 15155 1
-9902 190657 45157 8
-3755 159602 71922 9
3362 174722 15134 7
7687 180191 7229 10
6086 165526 38700 10
6033 192821 82696 3
528 151912 1782 3
1184 161680 78205 2
6607 183969 34083 3
-548 155904 50982 10
1952 191324 29962 9
-9130 161758 61081 10
-4427 191900 66654 8
-2538 190287 65832 9
3108 164733 79608 9
2659 193765 38760 1
5938 194185 33959 7
-4940 100686 60609 10
-9279 138237 78133 5
-1322 161883 72759 4
-6217 192502 61370 8
8317 178156 73336 3
8559 138204 52486 8
3824 187660 3078 4
-8091 194785 22155 7
1327 142744 65510 9
-706 158021 82889 3
-8664 180210 51626 6
-7210 174898 10461 2
7706 165459 13659 10
973 172682 83819 6
232 136633 78059 9
6196 195062 79690 7
-510 62309 4633 6
147 187014 65233 2
8176 148996 95909 4
1822 144320 88000 6
8640 110576 72438 3
9977 76752 22737 10
-3727 126676 14345 9
-7800 167874 76800 9
3039 192709 80700 7
1468 181249 45848 6
-5295 130295 61275 3
4954 134247 76319 7
-863 192014 83339 6
-2003 138720 17348 1
3627 191224 95860 4
-5490 154793 14855 8
8569 103261 50739 9
-2254 149592 97897 8
-818 190133 44704 7
-3884 194814 98934 6
-7056 177748 53692 10
-4924 191006 36335 9
-9701 146052 12286 4
4976 103272 40795 1
8451 84766 60832 3
8433 153271 74224 9
6921 183896 11685 6
9944 24282 58558 3
2466 182664 53389 5
282 167520 98044 10
-5021 191289 37276 10
9465 179768 48983 7
3696 147353 66086 6
1044 175313 80023 6
-3066 165357 14686 6
5073 168321 67955 5
-3225 194770 84033 2
9225 197574 48631 1
-9146 135654 4894 6
6324 179054 52052 9
-5389 79475 16072 9
-1130 139279 31177 5
-119 192929 85311 1
4490 187355 31920 3
5365 159402 73563 2
1453 160224 13163 10
168 192835 71481 1
941 198910 64719 9
-9728 175270 36554 1
-1070 172487 84977 1
-1901 187706 89370 3
4557 191175 10896 2
1629 88223 28861 3
96 193924 59043 10
-2165 179772 80768 8
-3538 196431 70723 1
9864 174118 2414 3
-9885 185591 32987 2
359 195844 1121 8
-5146 187903 75342 7
3090 167346 72268 8
1278 196538 74217 10
-5070 192111 838 2
-4222 196844 26890 6
1407 182718 86552 6
4292 196071 46480 8
-7542 198885 45257 8
5568 74381 47781 9
9416 57213 45129 5
-4287 149169 18281 7
4385 171633 61629 4
3252 180708 39136 1
-9607 198583 85514 3
7088 196119 29181 7
3038 188280 25924 7
-7003 186998 8112 3
-6670 199669 80280 5
-7484 199979 78541 7
-2886 127623 42712 3
6639 27342 37215 5
-7352 176785 24743 2
-3902 168667 97100 1
4869 120220 64869 8
6817 197480 37290 9
7938 141492 71836 3
-9949 166101 95714 3
2177 150698 87659 6
2399 160581 87394 7
-9154 193192 85970 5
789 183121 46057 4
-6237 188863 17887 7
6207 193604 79118 3
-6004 192589 39736 5
-455 166835 67473 3
4983 178169 22249 2
3021 199280 36133 1
-7472 180262 15 1
-6396 194845 47869 3
-1221 187839 14725 4
9257 97223 11158 7
7299 188890 65007 2
4928 195892 19365 1
8961 193998 77956 7
-986 190453 75267 9
6544 187223 77568 1
8041 193296 19509 2
816 167916 8362 3
-9012 180672 43135 8
5560 189168 73059 10
-7693 131549 81195 4
-8062 191420 55888 10
4021 178053 71605 8
8369 197901 36457 6
-5151 151075 35771 9
5285 196007 9186 1
5265 183742 61859 8
3489 186496 42904 9
-8498 196387 85036 1
891 169124 44607 3
2403 190760 51929 9
-6906 195349 45452 1
7846 189971 87610 4
3772 169418 12766 9
4579 168685 51772 3
1487 116260 54225 7
8779 196730 21940 6
-8207 145569 25958 6
-5507 171969 35911 5
2370 125945 62220 7
-7246 187749 31037 3
-9383 162132 53906 5
9390 138782 92839 6
7574 144328 4081 3
8774 175051 32525 9
-1497 187583 65653 8
-5012 189020 39741 2
-648 127614 69772 3
-9182 117597 29040 2
8160 185493 36114 1
9917 186278 20701 4
-6168 199317 12091 8
-1895 99969 90788 1
-6754 147768 80737 4
-99 173083 21555 9
-901 190667 85744 10
