2000 200000
-1 183777 28612 63
-2 96901 67754 86
3 185033 68722 20
-4 168046 90321 35
-5 145632 42675 53
-2 140881 9228 89
-2 198605 23547 100
-2 82130 22158 38
2 189298 18987 9
-2 183357 90468 9
-3 189013 95391 94
-2 198446 86624 50
3 127609 69653 38
-3 137028 19594 19
3 193739 35263 31
-2 164239 54761 39
1 187058 31627 24
1 159622 40334 53
1 199406 79602 26
-1 145935 81409 65
0 166157 2816 13
-4 158690 99823 32
1 156812 81795 13
-5 157356 18995 65
0 164587 45430 66
3 199443 91972 12
-1 130544 15 18
-3 191972 11359 68
-5 194006 32904 17
-3 103953 19861 99
0 87083 88874 13
0 195159 9367 38
4 173952 46079 91
-2 69194 53825 2
-5 168782 41657 44
3 138791 91972 79
-5 104840 7295 25
-3 190963 9880 37
-2 156023 47576 82
-2 171879 1825 3
4 161800 49466 93
-3 147447 71776 88
-3 180858 3059 86
0 166795 97468 11
4 190958 30169 96
-5 153064 56530 4
0 191292 81647 50
0 189421 21274 96
-2 179666 98456 59
-3 199619 90939 60
4 196750 70880 20
4 73745 2706 93
2 183829 2344 33
-1 143096 99198 54
2 197955 11122 94
0 197907 32047 47
1 49729 22477 57
2 121018 17455 77
0 179829 59811 31
-2 91109 4977 51
3 52374 63264 35
3 195722 44888 3
-5 189403 97636 66
1 150665 78378 52
-4 172007 61389 38
-4 185524 5750 83
-3 180832 54494 44
0 135174 18499 79
-1 187598 85492 100
2 196710 51515 22
4 199252 93833 48
1 181630 98646 81
-4 131459 63497 28
0 197368 49643 12
-3 197449 55029 40
-1 179505 1748 82
-5 163088 47382 45
1 174614 20768 78
-1 178587 8548 29
3 199987 52703 82
1 148850 51318 62
-4 197201 23817 47
-2 170782 40331 49
0 197867 21007 2
4 139795 42169 36
0 153270 49157 74
1 193929 34134 5
-5 192705 32910 62
3 180272 79333 68
0 187898 67690 32
-4 193695 1251 11
-5 166060 41470 26
-2 185234 74354 59
0 151376 76771 80
0 120291 97508 59
-2 114816 34864 55
-1 118982 32587 68
3 191365 45451 65
-5 178218 12992 23
2 162407 35949 53
-1 188587 18034 71
2 133400 69525 28
2 145694 99920 53
-2 197213 8495 33
4 167915 33626 42
0 190134 9605 13
-2 169847 29732 58
-3 199485 21831 38
-5 170892 7564 18
0 189615 93270 94
2 191200 17182 67
-5 88648 15959 58
3 134385 93605 72
-3 84674 80821 72
-3 178945 86548 42
2 183767 55062 36
-5 177042 4948 78
-1 190086 54147 10
-1 199719 79504 96
2 196230 68465 46
-1 149371 6783 70
-2 197576 4628 92
4 199197 77489 26
0 144276 39366 19
-5 186508 70685 20
4 195379 5652 18
-2 176115 24297 70
-4 196594 54858 75
4 131243 30491 30
-4 193236 49375 8
-1 187423 93791 38
-4 163428 15778 8
-5 175797 73049 41
1 169666 99558 100
2 190782 32493 41
-3 128846 47372 53
0 191677 52460 59
3 187406 42607 92
4 170619 58433 83
-4 63166 92789 76
4 146410 2396 21
-2 188903 31476 90
-3 181775 70589 56
1 196914 97954 31
2 175056 14309 29
-3 163946 14817 66
-3 199335 22457 26
3 173163 38025 64
-4 196146 13208 52
2 165280 42648 65
2 163519 68287 25
-1 143252 56535 47
-5 199184 66489 10
-1 190023 53806 29
3 142896 32364 33
1 199416 41226 65
0 183047 5633 27
2 160278 34317 86
2 151132 70035 73
3 197287 37910 25
-4 172983 80379 86
3 125810 32082 57
-4 163750 86299 27
-5 158265 18435 60
0 197538 297 26
0 136056 75311 57
0 196687 52862 73
3 183555 67691 95
1 132197 92543 92
-5 67776 41544 100
-5 185436 52330 100
4 86369 2526 18
-4 85428 85380 92
1 192284 16344 20
3 198271 79042 20
0 195255 40192 61
1 75747 73366 61
-2 169648 84011 53
-1 82661 37596 73
-2 191202 63239 1
-2 125823 33253 56
-4 165551 35460 52
2 178657 21795 63
-4 195970 27648 90
-5 192311 16469 67
-1 199710 20695 100
-1 143226 93556 23
-1 162502 89353 84
-5 181111 50942 10
-1 193220 45549 70
-4 193898 36067 83
0 177975 1878 32
1 158921 11245 98
2 131061 77381 3
-4 154666 90869 88
3 178254 30031 42
0 180814 44195 63
4 193776 92303 91
1 75471 29381 31
-5 144023 27214 71
-2 184942 46483 32
-3 193445 4657 61
-2 156353 59041 31
-4 193593 13219 22
2 155913 97318 47
2 195245 57892 16
4 171210 47404 72
-4 179693 73105 13
-4 105965 61465 93
-1 191914 74038 85
4 191586 21180 12
3 191971 45809 27
2 180462 45787 16
0 193919 53703 73
4 189102 59388 67
0 181079 74156 98
-2 185030 42098 62
-4 181291 12718 71
2 194260 21322 84
-3 158542 13283 8
-5 179453 25525 67
-1 152541 49492 68
-2 162364 63543 8
2 188215 70025 20
3 195519 48369 42
2 188410 74422 6
-2 164801 64139 28
-4 195764 36422 69
-2 198168 85574 82
3 131520 58822 14
-1 182294 23361 1
-1 68028 62004 63
-1 98186 94185 39
4 167253 68360 35
0 174098 98821 98
1 161097 20131 59
3 196666 35234 84
3 190150 9911 60
-3 192998 33371 83
1 181558 45494 90
-5 189395 80301 48
-4 191713 43103 99
-4 142563 95514 38
-2 169744 71717 7
1 196574 9755 24
4 197059 130 46
3 172218 53259 43
-5 193018 68412 39
-2 182857 1392 93
-5 154706 9942 88
4 179053 19628 53
-3 199361 77337 74
3 172346 26533 72
1 176432 61699 71
0 148839 15441 100
-3 151952 60208 49
1 158896 29797 52
2 113451 25063 34
-3 174091 15520 28
0 180405 7368 97
-1 173653 12370 17
-1 169321 61332 54
3 134610 43282 79
1 155078 87997 53
-4 190172 53664 45
-4 178496 5487 47
1 170793 52055 64
-5 169557 92798 21
3 156603 14518 41
3 140741 57009 70
-5 196797 52560 5
2 189352 36974 100
0 189186 36978 34
1 177431 78535 82
4 171576 89941 6
-4 164483 48709 15
2 190051 87812 26
-2 144212 88500 94
-3 163276 48174 57
-4 196861 93775 17
-4 179570 23248 27
2 152524 37900 55
-2 178120 23260 97
-5 171147 3754 25
4 182561 72878 93
-1 171826 61241 52
2 191175 13104 40
-5 181294 71977 56
2 141458 80811 6
4 155323 51223 80
-1 190625 59825 42
0 166577 52438 62
3 190796 38184 7
-1 133518 17178 20
1 165137 43096 11
3 168887 24841 16
-1 189528 30232 46
-4 190858 85221 72
-1 127271 71765 86
-5 185488 20820 97
0 173689 14084 49
1 176562 3858 77
0 149125 71722 10
-2 181858 39866 47
-5 101538 7785 95
4 180995 45903 90
-2 78428 12044 7
1 193358 70129 97
-1 79875 22486 40
-5 185805 54333 86
2 176802 74504 20
-3 180492 89765 13
3 170754 63984 40
-2 180201 83954 46
-5 197185 18137 28
-4 185299 82262 93
2 147473 36304 88
-5 81357 29206 90
4 142934 85045 71
-1 139696 48598 12
2 141173 88578 99
2 171557 71175 54
0 184527 13823 88
1 132025 84910 61
-2 168093 67303 13
3 195173 80055 7
3 188975 98516 19
3 195025 55769 88
4 162814 18193 15
4 174060 80394 30
-3 157718 81857 59
-4 177052 4806 94
-5 196721 25611 8
2 192271 76827 65
-2 188600 53897 14
-1 194020 57496 95
4 166447 25232 4
-1 192432 56246 64
0 191238 32994 86
-2 182441 9255 8
2 180018 10897 9
2 170667 45854 4
-3 188314 17142 25
-2 193428 16030 69
-5 125826 19731 68
-4 184670 64583 99
-3 174657 31684 26
-5 173233 93277 67
-1 185710 68492 7
-4 198393 10202 92
-1 197871 65054 33
1 198676 53463 97
-3 170473 94795 15
-1 199778 55958 50
1 163045 50507 77
3 195650 5298 100
-2 195177 96975 61
-1 194884 58251 63
4 191222 70853 18
-5 113803 91372 33
-1 178865 37580 31
4 189309 11007 73
4 124220 93530 94
2 186848 58067 100
-4 179480 35371 54
-5 195964 64235 43
-1 187011 42125 34
3 155958 7594 37
0 194425 65609 88
2 134497 76829 18
0 156731 25908 17
4 182800 19305 9
-2 195411 11990 29
-4 43307 5942 74
-3 147443 33561 94
-4 184549 68635 35
2 138618 39446 96
-1 171088 1675 33
1 179908 33468 92
2 187212 84703 6
-5 194452 68289 81
-3 123118 54246 65
3 193704 38125 98
-1 164962 82410 27
4 187903 88324 23
0 191665 32900 28
-5 171954 88340 89
3 189579 17826 89
-4 149950 87968 9
1 176037 21878 97
3 142321 93995 72
1 143337 64002 60
-1 186578 99048 79
-3 177389 99075 94
2 191726 87169 34
1 187164 59195 63
-1 166437 60453 28
1 197429 57986 38
-2 189480 33911 69
-3 142338 93487 8
-5 183433 19604 71
4 157111 93282 6
-2 181588 61956 71
-5 190467 73558 70
-4 160842 4772 93
2 197469 6533 10
4 197244 25074 29
-4 142352 74395 59
2 199697 92154 15
0 133233 4350 32
-4 165242 33 4
-5 169136 27965 17
-3 170506 94735 31
3 87365 37016 98
-4 170072 87233 27
-3 197312 31537 3
-2 171776 34575 25
-5 189434 7505 94
-4 149451 7675 53
-1 152460 6652 44
-5 194892 82746 20
1 166768 30041 88
-1 199484 21895 94
-4 183038 18716 4
0 173441 49733 81
2 165365 6422 84
1 195075 57620 80
-2 188183 96094 68
4 173467 54360 89
-5 181010 97217 94
-4 158587 12421 48
0 188655 14855 16
0 182892 5327 78
1 190548 63815 40
-2 199893 39665 44
-3 152814 8878 9
-2 188805 99067 68
-1 172080 84843 36
4 154860 31040 45
3 197664 38430 91
4 152370 61280 25
2 182609 67329 85
4 190300 69875 64
4 173045 54550 3
4 175237 37623 43
0 169980 33939 97
1 154164 73595 99
3 171578 87690 76
-1 167402 55179 23
-2 186251 5405 38
0 168876 92510 68
-5 98691 1410 27
3 179172 98558 31
3 169923 85619 68
4 166375 37623 38
-3 195954 37048 29
0 140771 40419 31
4 181667 64056 91
-2 186484 19733 82
-1 194263 3837 66
3 178189 92356 57
-3 178738 23014 59
4 191613 66105 65
2 193961 43955 10
3 195855 55292 83
0 149796 41291 30
-3 176094 4795 41
-3 195521 64081 37
3 195759 57467 70
-4 186847 20168 78
-2 117906 20004 7
3 199928 94916 89
1 197082 50311 23
-2 198680 59667 59
-5 174214 67026 28
-1 161425 3114 85
-2 122541 65047 79
0 186281 6036 69
3 192267 29369 34
-1 191482 56024 58
-3 182039 889 5
4 199959 66569 67
4 131773 8479 94
-4 184708 28083 24
-3 198699 68811 13
-4 198019 22308 53
0 177025 95133 62
2 185923 32984 91
2 198770 60067 24
-2 186692 73929 23
2 194973 17475 7
0 194315 30199 77
-2 154628 77129 69
3 181817 8979 46
4 166899 63411 42
4 51441 54993 1
-4 189874 3962 96
-3 150975 16687 98
-1 195142 64930 20
2 192768 17792 31
1 121214 31621 95
-3 192012 89853 98
2 158855 56796 24
2 172125 48974 60
0 190970 31919 31
4 195544 67028 98
-3 188421 13567 46
0 138200 88794 85
-4 173887 32337 30
-3 195971 8924 26
-4 159868 48541 77
-2 169455 97912 45
-5 183009 7991 93
4 194085 32980 34
2 197087 14173 19
-3 190678 74479 34
-2 190878 70689 77
-4 128896 35628 39
1 171165 28313 46
-1 140916 2716 67
3 199600 26692 100
-1 179799 85162 21
3 193938 41982 31
3 180259 84844 77
0 118926 42120 88
4 191760 21607 89
-2 157907 83793 18
-2 186582 2179 53
-3 180229 91209 48
2 160865 86385 63
4 193488 82183 91
-2 198301 17882 22
-2 170839 84120 16
-5 186708 42121 39
1 156454 18954 53
-4 193751 2010 4
1 168765 11289 27
0 194780 82180 38
3 185108 9817 12
-3 121591 90309 14
2 171341 25637 53
-4 193829 81612 52
4 79332 14086 50
0 139519 27564 14
0 191654 19879 45
4 163561 2846 45
2 151870 57176 8
-5 177521 24759 89
-4 189039 19489 70
-2 189789 66636 83
0 182399 7529 76
-3 193539 67586 4
1 171474 11142 12
4 196701 57882 20
-5 194790 2759 98
2 169973 81084 63
0 193843 17120 62
1 177716 65571 78
3 198408 95701 81
4 161067 36009 58
-2 197412 27785 28
1 187142 65075 21
1 116788 38729 13
-3 167504 24927 61
-1 182265 90324 99
0 180252 45260 10
-2 196931 27789 33
0 193275 84555 6
0 195754 77508 35
-3 77289 76132 31
0 97602 59744 89
-1 166302 8139 64
4 189397 25745 90
-2 160492 87075 52
-2 157749 12693 7
2 186485 80947 48
2 150923 56488 8
2 175805 76328 6
2 184380 14129 24
1 144539 24970 94
-1 191036 26858 65
4 183590 19907 64
0 162200 99439 22
1 194535 67308 6
2 137538 16778 3
-5 136657 57562 60
-1 194151 65533 49
3 194310 39336 26
-2 195694 17521 99
-2 177706 83654 41
-1 130017 69534 24
-5 169163 59809 28
3 172353 37147 62
0 126808 47444 8
3 190694 63912 91
0 129942 13903 11
-3 85836 89113 94
4 173123 38439 29
-4 168338 86310 17
-1 198943 63550 65
-2 162991 52112 41
1 170118 41651 34
0 191041 56373 65
-3 184140 86540 8
3 192243 695 67
-1 192964 78978 65
-1 108856 41992 99
3 123212 63213 63
-1 164247 52154 70
-1 199251 18865 32
-4 198377 23559 7
0 190887 42856 92
-2 199737 15452 72
-1 189875 20081 62
3 159361 57994 51
-1 191690 48633 10
-3 193419 72622 89
3 192526 60744 17
-4 147528 99680 95
3 199141 22031 50
-4 153699 5883 79
-5 182454 80528 8
-1 194257 99148 22
4 161078 33133 88
-1 123493 71870 88
1 183923 58933 53
0 196020 7140 44
1 197480 36331 5
-4 192975 55848 61
-2 182271 64537 82
0 152565 42931 91
-5 153606 87636 73
3 140730 33245 99
-3 160588 66097 26
-4 180276 96311 73
3 172560 84168 28
4 174873 5878 31
-2 164614 98279 15
1 153980 23137 23
-1 179840 77562 83
4 197710 43230 32
-2 186000 21561 35
-4 154811 54810 89
-5 178269 15409 75
-5 188682 46039 70
0 189157 79094 30
-4 181036 24442 51
3 116802 74985 26
1 194340 71284 46
-2 193296 32902 92
0 194858 69232 100
-4 85340 22481 91
1 169643 81183 91
-1 188822 49793 73
-4 134826 31232 27
-3 148354 17484 25
2 156541 53714 45
3 197960 19636 27
-3 192616 96062 60
-3 177220 32722 61
-2 192274 4000 66
-1 140702 15298 68
1 159147 57142 69
3 189068 5646 10
-4 35212 40748 12
0 112973 40543 79
1 175349 20006 84
1 138170 12512 54
0 184565 43790 67
3 134504 64180 98
-4 132995 37407 70
-2 196681 47259 25
4 192555 47635 49
3 167750 57216 40
-1 181150 95530 67
-2 194086 52198 91
-2 197964 61083 67
2 193466 5171 70
1 164654 29023 23
-2 157676 75068 32
4 118387 94363 3
4 181798 43219 36
-3 155487 10798 44
1 162618 13870 58
-1 123320 47803 94
-4 69645 45305 35
-4 154509 57945 71
0 195114 21598 95
-1 157689 27896 78
-4 175070 53299 90
-4 71167 38261 19
-1 174560 5476 62
0 178419 58049 71
3 155417 6434 20
-2 165753 84718 10
-1 183413 31755 21
-2 191743 32635 76
0 132204 79515 6
3 180560 16770 98
-2 178362 30227 33
-1 74935 20639 61
0 195276 83176 71
-3 149565 13251 52
-5 181889 48335 80
-3 183176 3417 93
0 197366 20326 50
2 194776 38775 72
-4 178722 66502 36
-3 189220 19657 7
-2 170849 61127 56
-2 197493 45754 77
3 73774 73875 92
-1 194668 58180 59
4 166247 97295 73
4 186361 48281 32
-4 194482 73095 70
3 154656 46545 16
-3 172372 93433 10
-1 126746 67799 3
1 153925 66852 23
-2 82921 67055 25
-5 174217 12785 7
-1 193686 39369 97
0 190579 53282 96
3 161339 33163 15
0 189707 95225 76
1 139990 86843 3
3 176369 60012 77
-5 167964 3340 27
-1 190104 48615 74
4 187445 86923 47
3 179770 97985 10
-1 198476 28234 99
3 185204 34339 65
1 189510 73771 37
2 187841 78646 16
-1 199918 59568 4
4 150746 47532 89
3 151673 33826 8
3 196552 33425 7
0 159342 46112 67
1 197167 71602 64
-3 109862 95818 75
-2 181158 65645 28
4 144779 86157 6
-3 133417 56955 96
4 182286 74833 51
3 186777 79003 79
0 186844 32609 70
-3 153075 31616 67
-3 82128 78362 9
2 191085 52925 20
3 117840 14711 56
0 147967 98127 12
3 192825 79867 19
1 196655 62122 51
1 143522 28415 54
3 196198 91784 26
-4 146394 61118 66
-5 183148 2895 2
-1 149321 45343 74
4 143250 2498 95
-2 178484 76258 23
-2 197838 90795 72
4 190089 58062 100
-2 150693 40582 4
4 143746 98297 69
-1 76185 24976 29
-1 153815 63193 30
1 171056 33329 61
-2 195272 30218 35
-1 102631 26119 87
-5 196875 84864 22
1 112383 97652 96
-2 164730 78639 88
-3 190501 40906 98
-3 143101 87256 36
1 176130 95030 31
-3 196790 97942 93
4 189386 10186 37
-4 192769 54153 34
-4 199638 46158 69
-1 190526 3554 32
-1 180065 50377 18
3 162474 94320 10
-3 197415 87595 67
-3 155493 56329 60
-1 170833 88926 16
4 195934 33564 1
3 189519 27918 97
0 91793 43254 45
1 143852 78166 64
1 196462 42322 48
-5 162328 75693 1
-4 199031 85094 31
-3 181317 5488 63
1 188273 1931 65
3 197240 71920 61
-3 122974 68109 77
-4 194201 76126 64
4 194919 30515 96
-2 187420 99637 99
-2 151149 91888 30
1 195732 83529 9
-1 166158 83978 16
1 151602 74670 70
1 190971 64586 57
1 177593 61131 17
-1 177575 8612 18
1 198595 89760 84
3 189195 94345 66
-3 30530 79956 57
-5 181824 73739 10
-2 164494 56387 100
-2 42073 35536 9
-5 192776 67880 89
3 191773 16634 56
2 148785 23047 44
1 114313 9109 52
-5 184321 10622 22
1 147716 64034 23
4 150730 62923 2
2 185385 38211 35
3 164643 41824 64
3 154395 63047 85
0 197772 88390 8
3 113060 35511 90
-3 65507 22736 75
-1 186735 91458 76
-5 185191 9441 14
-4 192983 11653 96
-5 130519 59007 16
0 184466 57758 57
4 116823 97497 30
3 175178 46354 43
-4 194347 71445 31
-4 139386 31389 17
4 183827 38303 29
-5 175924 12953 53
-2 115434 93135 1
3 171228 42834 54
-3 154698 95865 34
3 184562 71593 87
-2 160332 7034 61
-2 136387 24806 30
2 151343 39552 64
0 197424 55459 61
2 136521 1466 73
2 187207 79702 8
-1 129158 39234 61
3 193075 33086 56
1 198475 44008 89
-3 95687 84177 100
0 157752 52320 83
0 190647 74405 57
-2 197883 77166 52
1 146688 25661 62
3 196482 49711 49
-3 190352 60598 92
-1 123597 97547 92
4 151530 85681 23
2 137067 41273 5
3 181426 86499 70
4 199535 22291 65
-5 185520 86618 65
-1 173199 83291 22
4 169451 32146 81
2 160025 14157 7
-3 170374 31641 22
-4 182470 87783 69
2 166671 94110 96
-5 196870 13045 82
1 153773 71521 71
1 182382 91585 22
-4 166281 64598 27
-4 197186 88315 56
0 173791 51867 52
-1 185093 7684 22
-4 155433 95611 53
2 193429 92576 19
0 80734 36099 60
-4 171867 3420 8
3 179411 53957 98
-3 180394 73374 93
0 174439 78346 88
4 136008 82508 54
-4 197848 98557 97
-2 170232 56542 94
3 120078 88180 33
-2 124606 63431 3
3 186433 47970 26
3 178875 21345 87
-1 189959 83450 21
-2 162139 30393 73
1 199798 35813 75
4 108851 67482 15
-2 166047 29672 9
1 198741 89949 79
-2 190101 9551 81
2 167944 75761 32
4 120538 5438 86
3 188018 62150 99
-2 181782 16537 46
3 153494 96736 81
-3 170814 69168 98
0 160099 84217 22
-2 166566 55440 90
-1 195977 75287 11
3 155151 81000 94
3 181987 21615 85
-3 190810 87961 56
4 192710 79001 38
1 102246 74817 3
-4 197617 35702 76
-1 199749 57545 28
-4 48672 39231 3
-2 186376 34604 80
1 198239 67247 34
3 145277 39082 33
-4 198858 90418 38
3 147658 86861 76
-3 163470 47727 71
4 183501 57818 95
0 174902 38387 31
-4 152403 27388 82
2 148150 6752 43
-5 164735 77038 32
-1 181151 59605 35
3 197686 54023 56
-5 199513 41087 46
1 159463 75273 8
0 134927 5951 34
-5 175248 35308 93
4 160862 18813 45
-4 162476 92360 95
-4 175323 29389 85
-5 91507 24738 44
1 175530 92064 68
-1 136205 38968 24
-4 166775 57550 15
1 177987 14895 39
4 193425 60610 1
1 152004 73852 47
3 195730 85830 98
3 87020 48433 22
-3 158745 27055 5
3 178349 60489 97
-2 133078 78443 58
-2 161286 77431 98
3 134549 42057 76
-2 183686 50060 36
2 168819 74857 50
-3 125478 30535 78
3 185689 39142 31
-2 129945 10529 99
-2 156604 40096 20
-3 91896 65528 95
-5 142510 76846 50
-3 186579 4155 44
-2 167169 83811 64
-1 166538 30487 6
2 178560 4095 6
1 170863 22369 95
4 194824 92537 2
-2 160781 31204 92
-5 196857 69707 89
-1 171369 62829 88
2 181393 77822 62
3 188750 99764 18
4 131259 97015 71
2 172450 20973 34
-5 197219 28353 17
3 146481 28815 51
-1 184538 58395 90
-2 194638 59844 40
1 193985 16389 52
3 184718 71345 95
-2 121269 72167 7
0 177539 32264 54
-2 130096 46178 46
1 194070 38411 69
0 186519 46107 30
-1 181638 59907 99
0 188033 34979 48
2 131779 53762 8
-3 175188 97675 53
-5 198878 39188 70
3 194993 81480 39
1 159566 16780 51
-1 179892 85283 93
-5 175263 73038 59
-2 154018 5124 70
-1 191852 84344 7
2 175120 51775 91
-3 193813 82006 69
2 168478 70558 95
-5 186076 8421 21
2 18079 39472 55
1 186934 32775 72
4 191950 52626 97
1 166256 88808 71
3 196928 68252 36
4 159074 29071 55
2 193090 10063 32
-1 168114 50856 31
-5 185761 19644 40
-3 186166 3633 57
4 170520 30232 7
-2 112909 72419 4
-1 149779 62014 75
-2 161803 14915 74
3 185660 13765 67
-5 197063 58377 22
-5 183344 89507 78
-4 177116 91632 44
-2 177853 19425 87
0 94325 7198 85
-5 117485 18049 12
-3 180146 7701 5
4 151273 52268 54
1 167514 2010 86
-3 189424 80384 39
2 84999 64710 94
-1 186964 25048 93
-1 137476 95403 31
1 193446 51518 85
-1 188972 21832 91
4 199651 93358 9
-4 175051 87663 18
-5 163051 74508 17
-5 110148 59798 87
-3 169465 69801 28
0 190398 86173 16
-2 121470 36785 33
1 176618 45342 7
3 153126 12344 17
0 181090 23515 1
2 128165 88837 52
2 180941 95427 85
-1 186254 39742 67
-2 199841 38951 76
4 168387 74869 56
-5 196980 3324 89
1 142743 20019 22
2 147547 1680 10
1 198180 53251 87
0 98090 30129 57
-2 153127 95138 36
2 142599 27100 33
1 195758 51205 48
-1 186423 99971 30
4 172515 73003 67
4 146280 58242 4
-3 185478 73987 61
3 198732 58755 19
-3 142353 92256 42
-1 130186 54543 35
0 170609 50652 9
1 190418 73015 79
4 171078 79562 96
-2 187283 40707 66
2 194416 15808 45
2 176249 81498 74
1 185625 32580 49
2 196726 13587 95
3 188834 46389 12
1 189951 13755 54
0 187033 24796 94
-5 150821 7655 95
2 181717 27124 61
-3 191772 51099 96
1 162110 19127 16
-2 197107 50619 24
3 199260 10763 2
0 187449 46898 91
-2 138244 59980 38
-3 156906 60032 6
-2 151650 72859 22
-5 115389 14824 93
0 149520 92646 85
-5 164902 20602 48
0 156502 35385 2
-4 175138 36382 11
1 124651 18693 78
-4 197113 6338 42
-3 182953 72591 85
4 187828 50853 52
-5 129138 33659 16
0 180314 66980 18
-4 195513 67449 69
-1 147966 61380 83
-5 185383 33393 12
3 194617 80896 10
3 159102 58955 50
-2 152587 89940 84
4 192634 89729 63
-5 179939 47242 46
4 176811 87944 64
1 198412 32805 97
-5 173042 40668 53
1 178576 45772 12
-4 179498 11755 8
-2 166637 9976 75
0 199665 82468 6
1 198281 36545 10
-2 198677 22560 42
2 135711 73285 88
-3 186290 65104 7
-3 177974 88729 61
3 147693 29321 33
2 197564 14197 37
-1 182461 13357 28
-1 192413 74842 22
4 168522 87068 100
0 169895 59079 76
1 196653 84474 85
-1 177494 41500 59
1 154405 4449 6
-3 162147 5933 8
3 150155 5289 91
-1 177206 49002 60
-3 184621 91062 43
-3 163148 18093 74
3 150107 29955 98
-4 84383 38246 24
-5 192085 95821 44
-3 180082 88259 41
-5 154882 53538 23
-4 169081 67043 8
0 177854 5227 82
-2 194845 71868 99
-3 176093 15095 85
-3 189085 33194 69
0 198427 80169 7
3 131086 56923 97
2 146938 11331 22
-5 188366 9176 24
-1 187356 1236 98
1 159305 33589 13
3 154640 63200 82
4 155780 4892 39
-2 153304 58159 98
0 198097 34902 67
-1 182769 86104 64
4 149831 13308 8
2 191684 19086 40
0 106870 15548 63
-5 191996 3594 14
-1 143408 59183 31
-5 156180 34234 60
0 197741 19674 48
1 195112 92235 7
-2 195810 38594 18
-3 145013 21650 3
3 180097 36212 21
0 179149 40704 61
0 170880 7989 46
2 189828 12870 23
1 182859 77575 57
-3 148307 21894 39
2 182972 61 33
3 183814 71069 16
2 41901 62208 48
-2 198951 24973 3
-4 113180 76258 37
1 118886 33326 36
4 188633 45922 54
0 117922 94390 59
-2 128810 99328 53
-5 192569 66888 4
-2 184046 88227 17
-2 159834 60315 61
-2 173489 63816 25
-1 172708 5900 44
-3 182292 61837 53
-4 150001 30406 97
1 188862 23134 65
3 199132 40559 82
-5 195565 71647 82
0 136175 71126 84
-5 162782 12763 34
-1 137554 50075 63
1 104993 73356 74
-5 144951 94047 21
-1 159292 61098 79
3 113782 15597 35
-2 198380 79673 46
-1 175850 75209 9
-3 187187 89069 59
3 120551 94679 72
3 190978 86433 76
-4 184505 48910 81
-3 176849 51608 50
-3 96223 80062 32
-1 187182 40434 65
-5 185468 18078 81
3 197850 81042 52
0 134592 84954 34
4 190302 45423 62
-3 193878 31261 33
2 164396 50521 90
-4 107453 52315 16
-5 187305 79246 24
0 192498 93313 6
4 138595 73629 82
1 144737 17120 20
-5 164872 59833 2
-1 196511 24215 40
4 199148 45922 97
-3 88057 97088 60
-5 189982 7632 68
4 179347 85853 83
2 162550 41216 77
2 153624 56771 32
-4 67558 88131 48
3 190500 19527 8
-3 148166 78213 71
0 76121 91176 37
1 155289 25178 67
-5 173061 46749 59
-3 132640 75023 8
-1 187358 35071 66
4 170882 88847 23
-2 171806 32473 45
-3 115618 56116 50
-3 184876 37806 17
2 197669 3345 80
-5 152350 62251 81
0 186839 37468 34
0 199188 94190 85
3 195367 9473 34
-3 182679 17974 65
0 161567 28036 49
1 196866 35789 20
-4 189969 17942 7
-2 96216 19059 100
3 179750 31387 38
3 185692 30988 40
3 147766 97371 79
-1 80705 63339 40
0 188439 16231 32
-2 176914 30560 28
2 181993 65645 1
-5 143550 2783 16
0 181286 28991 47
-4 153323 49811 94
-5 198132 61632 22
3 190987 59170 20
-5 192315 49744 78
-2 183197 86658 84
-2 66489 53017 71
4 159803 54140 66
-4 180714 6618 36
2 114493 34974 5
0 189851 40467 65
2 187560 68519 29
3 192433 9842 57
0 183770 47949 52
-4 171120 54781 39
0 193290 88915 14
3 180351 91744 67
4 182853 7529 22
4 197181 57336 80
-1 96929 95971 78
-5 175585 75392 28
2 145815 24702 54
-4 199269 95483 28
2 86127 72719 72
-5 191877 79683 57
1 170451 57614 14
-2 119164 64753 58
2 81745 83907 85
2 127909 84717 99
-5 170384 79215 21
-2 183783 33304 82
-4 179623 78877 1
-3 177588 7703 16
-1 135652 20969 97
-5 194101 13314 74
0 176634 14481 21
-2 193087 21037 84
-5 182821 94907 5
1 158706 98069 86
3 188349 12358 98
-5 197444 37262 74
-2 84937 31732 34
0 146731 6252 98
3 180239 47576 59
2 194645 39857 15
4 87627 41500 71
3 166481 26006 49
4 196457 24086 9
-1 162292 42844 12
-5 104156 58699 48
0 181122 34005 70
-1 96812 70275 28
-3 131665 25101 78
-3 184196 89967 77
4 197618 32222 89
1 192617 20215 84
-5 173868 90164 100
1 127790 36168 21
0 171375 54173 41
3 186027 80030 79
3 195780 13045 45
-4 170926 59533 67
2 154183 36336 58
-4 181192 60085 72
-2 195680 3624 8
0 99812 4167 65
-1 175902 26153 14
2 197906 59538 80
-1 167578 59194 62
0 197536 55891 30
1 184554 66094 93
0 173044 29275 11
-3 194817 6028 1
3 122287 15522 44
-4 194852 16443 63
-1 191723 63884 30
-2 110916 51473 53
-3 187994 29466 92
3 170396 28221 23
-5 198958 31956 96
3 134769 53330 8
-2 187220 86837 75
-1 197631 566 8
3 164177 31510 3
3 182210 86220 80
-4 181123 29919 85
-5 145106 61150 14
0 100761 31178 18
-5 120519 3726 9
4 121859 43994 86
-5 198585 81342 31
1 176796 73180 71
-2 188271 91998 42
-3 159967 84347 83
-1 173105 95125 29
-5 196508 70601 88
0 180427 6547 28
-4 195122 33004 31
3 159253 3189 85
0 194418 28615 100
-1 128519 51385 19
0 188546 86186 81
-2 138375 8325 71
1 123451 68988 30
-2 65690 75379 38
0 191018 25383 43
-2 187173 54111 43
-4 130854 75204 78
-2 133098 53714 26
4 88127 75624 39
3 191553 50865 55
4 176602 73006 17
-5 147784 40289 15
3 167775 67493 39
3 164764 11069 80
-2 197037 93757 51
-1 198213 82203 4
1 198102 64654 50
0 194419 51739 13
0 197288 44425 93
-5 122602 35537 35
-1 199653 20258 67
-4 156540 47508 97
4 187221 13949 95
-2 161838 48776 99
-4 191715 71832 84
-3 199537 69864 83
-1 158754 63737 22
-3 171979 8278 75
3 176013 93912 74
0 136382 18343 39
-5 107472 70383 85
-1 183283 81130 52
-5 140898 42177 5
3 199298 97753 12
1 165926 46728 1
3 108668 9795 59
2 146805 35139 59
2 198611 98616 66
-3 195743 1183 67
2 181950 2709 70
0 166981 41796 38
2 172500 72370 35
-4 108833 35139 95
3 156971 22762 86
4 146301 63517 65
1 178985 15850 92
-1 182840 38583 97
1 193198 7452 96
-4 180171 94204 41
-2 121738 78806 16
-4 180043 5811 94
0 197140 35486 87
-4 160170 49666 70
-2 118811 59328 1
2 182721 41858 18
-2 162654 66803 82
-5 164786 16708 30
1 193468 64583 48
-3 166410 56323 77
0 199573 16723 81
0 185570 84332 74
-4 163346 65662 80
-5 189775 69931 7
1 198100 53643 75
-1 199261 58487 26
-3 191918 18378 52
-3 173855 35648 2
-3 163828 44636 75
-5 191952 40311 8
-4 184206 65798 52
3 175966 15997 86
4 191426 23833 53
1 165400 75408 83
2 184091 14944 62
-5 194561 87891 10
0 160504 17835 60
0 195630 59517 19
-3 172845 63291 47
-4 185073 38244 36
1 191317 43599 19
-2 181614 87786 69
4 188295 13517 50
-1 198503 37799 79
3 176758 33460 34
3 149044 64025 94
1 180029 34465 33
-5 170209 23913 1
-4 187952 24159 21
4 84996 69920 93
2 160825 28724 77
2 187872 1673 9
-2 174464 41737 30
4 174215 41575 40
1 177112 2650 61
2 184737 25113 19
1 193694 85214 54
-1 177064 31628 41
-4 79696 50552 16
4 165003 19906 49
-2 153553 96894 18
4 178538 32769 51
0 184401 35017 89
4 188483 6527 34
-3 189904 40510 68
2 184368 47339 12
-1 199684 89788 13
-4 183747 28222 79
2 170861 37190 37
0 198844 43747 15
1 177050 78322 66
3 196731 41540 16
-3 174619 75986 18
1 198378 29079 34
-2 171896 87170 87
0 180181 84552 22
-4 177475 62995 57
-1 172923 73447 71
3 125627 39447 52
0 199951 32405 73
4 176127 53389 68
-2 163926 44298 33
-2 143503 51599 97
2 182917 266 94
2 161402 87833 43
0 195055 88489 18
0 170798 57819 93
-3 180095 97307 32
2 179638 88418 36
2 187322 97921 13
4 165021 14436 59
-4 198619 94672 72
4 171239 51114 68
2 127814 66275 63
-5 168385 23810 26
-2 195319 63299 67
2 185295 69061 73
3 191129 19669 72
0 181986 20805 26
2 175951 16613 13
0 197418 81562 53
4 181130 58993 65
1 165688 16686 39
2 199280 37143 94
-3 176250 2663 100
2 35874 87299 57
-1 199673 78292 67
-5 174363 95635 91
-5 155557 21147 67
-5 187752 91693 86
-1 196501 82882 71
-4 196448 26979 91
3 199947 99804 45
-1 138413 81732 55
1 194910 33526 60
3 198668 87302 64
3 195378 41154 51
-5 145048 29618 82
4 196279 70626 84
0 146833 91664 34
-1 160133 30360 9
0 115804 19412 58
-4 199820 5036 45
-3 198591 2281 53
2 162338 57055 74
1 139344 49052 60
-5 180369 42608 18
2 182656 13323 38
-5 140845 7436 47
-4 188914 55919 68
-4 152215 51963 15
-5 191846 40967 80
-3 176003 95399 96
0 195110 51750 15
-3 196957 86895 84
1 123871 8318 17
-4 116588 67149 96
-1 162115 95246 48
1 111802 37988 95
-2 45020 64394 80
-1 150198 50509 44
3 172012 96105 58
-4 176622 96835 76
-3 196225 54516 70
3 189175 3309 62
0 194980 85997 42
1 190056 27659 95
0 169652 30494 24
-4 194193 40675 38
4 159606 11523 43
3 69268 45806 47
-1 133214 2329 97
2 168657 81854 66
1 117240 56135 52
0 194262 91699 50
1 190836 81421 3
4 155836 17309 7
1 195815 76685 15
4 197235 50771 85
-3 174108 48822 37
2 144976 31893 71
-4 172664 10872 78
1 193206 72702 12
-1 174398 45412 84
-5 166217 21198 67
-1 139375 55746 71
-5 186995 86518 32
2 138994 16568 81
0 193417 92900 53
0 156201 40249 97
-4 177856 43024 42
0 137891 89516 71
-5 168939 97320 13
-5 188496 51261 63
0 187507 40793 77
-4 144945 40201 51
-3 160759 76446 54
-4 199275 91686 90
-1 180098 3245 65
-2 199166 41328 25
-5 162398 96255 28
3 196051 13339 22
-5 141522 71999 56
-4 181102 94389 22
-5 195587 68182 69
-2 173625 48122 64
1 112783 38358 67
-3 198997 58077 26
-4 155117 54533 15
-1 185609 57396 55
-5 168258 94892 20
-3 160247 38629 6
-3 164017 38687 14
0 160738 37296 33
-3 152071 70511 35
-2 192420 10492 10
4 188461 27182 33
1 174942 1061 52
0 120622 65890 95
2 194121 30502 10
-2 192893 32493 32
-1 163825 78819 4
1 149710 51866 4
3 192264 98809 91
-3 186443 95116 41
1 111301 41865 77
1 194109 63172 13
3 114276 56321 52
-2 190779 59121 85
-5 154349 44333 16
0 169124 71612 10
-1 195997 69406 59
-5 163786 14099 82
-3 158169 92378 86
-3 188476 86709 93
-3 180130 78339 40
-3 176416 43743 68
0 191084 86475 73
2 147205 29014 55
-4 199757 43768 23
-4 136118 56662 46
3 165720 3123 88
1 176959 39929 66
2 185493 65911 36
2 180593 96715 77
-3 196736 75255 1
1 110127 58541 86
1 105179 71280 69
-1 197658 48487 58
-5 180432 39536 18
0 191781 80755 82
1 187331 44390 8
-4 148331 74918 87
2 162588 40108 43
3 172678 1218 74
2 189496 7377 76
-3 138533 24601 96
1 185541 7083 97
0 198533 32516 29
-4 187286 38813 83
-2 173459 89285 23
1 154892 53124 51
-4 190348 42136 46
-3 173787 51688 35
2 143223 54945 86
0 115364 9664 10
-2 184828 47505 73
-4 181206 17574 71
1 174670 8410 75
-1 194000 3868 99
2 55772 45716 50
-4 165651 40766 25
-2 170702 95472 97
1 191857 80329 50
4 98556 99772 15
3 196370 57676 80
1 102887 2231 63
-1 184989 26701 74
2 168577 22584 3
3 190301 50143 37
3 191923 22265 15
-2 168985 66786 70
-2 173448 81449 56
3 182540 25146 52
0 199703 39985 16
-3 183242 73268 96
4 159009 24070 2
-2 196571 1205 98
-2 189063 44720 14
3 191640 24261 78
1 128841 30010 11
-1 189714 91035 43
-3 169402 23258 97
1 121761 72650 35
4 180602 60610 50
-1 176972 63180 67
0 195321 39656 95
3 147201 38926 41
2 171223 6546 45
0 160830 66107 43
-3 164535 32997 68
-3 171656 42284 42
2 146465 5231 64
-5 199695 44239 16
-4 151699 82611 15
3 193188 60823 61
3 195145 90196 95
2 183552 22564 17
-3 138973 15077 21
0 198015 98931 81
-4 179651 46416 1
-2 149218 82153 58
0 184148 54853 30
4 187905 83771 99
-3 199198 7300 21
-1 189696 10561 85
-4 160963 58509 86
-1 194664 65628 6
-1 187035 66184 38
-5 197671 20804 50
-5 176232 43536 8
-3 132043 99798 16
-4 163212 24197 13
4 176105 98045 68
-3 162612 48113 2
-2 185023 19392 92
-5 167080 29049 4
4 197374 48140 17
0 170751 96200 50
-2 178632 57538 28
-1 162946 95992 3
-3 101978 45508 93
-5 133718 68194 45
-3 165399 14587 99
-3 183132 80552 46
2 187044 21932 28
-1 110938 84255 48
-1 156572 67547 14
1 191481 23394 46
2 199344 96575 98
0 194581 49620 61
4 188881 52072 93
0 185921 46902 85
-5 184480 64270 85
4 182083 1449 77
-3 192192 4220 29
1 169510 74245 73
0 193647 9307 23
-2 152899 99419 82
-2 166431 15522 5
2 190665 58855 90
3 21241 52158 15
-2 199997 12761 64
-4 194582 43806 19
1 190742 88901 30
-5 170661 90370 91
1 199626 45576 66
-4 198946 6181 3
1 181738 33373 82
-2 173004 48871 69
-5 176038 88961 81
1 172005 6462 85
-4 108940 53347 17
-4 102613 8096 92
2 180162 10224 45
-4 145631 73514 40
2 124615 64733 74
0 153317 94483 42
3 184668 52117 1
3 172045 46903 96
-5 195484 58661 21
2 167499 19422 38
-2 162795 64005 65
4 169575 35245 86
2 176016 40585 25
-3 187856 56975 13
-2 195003 77448 28
-2 192083 94627 96
2 141252 39659 69
0 151767 50185 7
0 192484 27994 34
-3 153560 43049 49
3 170246 73251 80
-3 126582 84964 29
1 198963 7692 5
-3 186324 60990 20
-2 199963 32794 31
-1 162415 34955 71
2 179952 62658 2
1 161612 16728 22
4 147215 99311 4
-3 161628 2269 85
1 198440 76980 30
-1 175076 13954 11
4 173380 1716 43
2 192422 18959 44
-1 160618 783 44
4 195186 40983 24
-5 169207 79888 11
3 197675 31334 92
1 177355 59732 48
0 196261 90762 63
-4 168671 57309 23
2 156970 12448 42
-4 145490 98007 56
-5 171111 41344 68
-2 149634 46025 28
0 128478 82635 74
4 165151 79871 53
4 145800 28594 53
4 179326 44886 35
3 199095 67273 32
-1 178890 29578 12
2 194526 6414 15
3 164878 84188 30
-4 191328 54324 8
3 136589 12679 32
-4 194118 63157 26
1 195552 29701 86
-2 184727 71382 32
-1 196876 79388 16
-3 170868 80220 51
2 161103 57998 60
4 160591 7119 11
-3 185161 84512 96
-5 136660 19276 82
-5 139579 60490 75
1 194251 88593 62
0 197104 94272 11
3 152954 9796 20
4 102180 69952 86
2 34850 67781 8
3 131069 11388 7
2 190483 69237 16
-5 194612 60586 60
-2 119299 40773 84
-5 192789 69641 70
3 103074 35843 76
-1 187103 19894 46
0 94220 76322 64
0 143007 15055 98
1 176104 79976 30
0 176558 52967 69
2 182429 38494 70
3 115596 34987 31
3 143189 25714 26
-3 115152 35731 43
0 183849 18864 77
-1 185137 57612 98
2 198565 64067 49
-5 184093 80932 9
-5 197496 92005 78
0 184638 50071 26
3 187264 89422 6
-2 189999 33466 100
-2 162972 9371 78
-5 192887 3365 100
-4 153775 59678 94
0 186889 3653 83
3 196174 80391 48
3 177391 48738 64
2 105296 85521 85
-4 195804 89805 64
-1 172147 31502 78
3 144683 95278 81
4 195313 74198 21
0 167308 91372 17
-2 119676 65870 55
1 198148 638 80
2 132626 62517 93
-4 186511 73393 3
-2 162251 93172 96
0 142435 70969 94
1 185339 71494 57
-3 189325 48765 35
0 179613 97989 37
1 169888 47613 48
-3 184272 33750 46
-2 192811 28103 3
-3 182459 97335 67
3 191312 34202 36
-3 180818 32008 37
-5 188701 43961 27
2 169494 43767 66
-3 188605 74548 15
-2 165119 48112 73
-1 177862 47795 31
-1 195658 91395 14
1 170365 39748 99
4 168380 25303 8
-3 197050 85062 10
-5 147119 48368 64
1 127603 2229 89
0 141379 60956 36
3 145146 99736 54
4 196283 34019 20
-5 194707 82921 83
1 92078 59407 68
-2 104069 89220 53
4 133719 11033 71
0 185962 41779 61
1 183494 61430 75
-3 177597 54136 96
2 151909 35490 93
4 193454 72060 53
3 187537 62347 86
2 124373 20728 91
1 192222 67135 53
-3 134218 31041 25
-5 131980 74329 88
-1 199437 88952 70
-2 106761 70378 66
-5 197956 23154 69
1 178799 15204 47
1 173434 36452 77
1 159296 19020 54
-1 150830 38194 96
-5 160191 65409 86
3 175764 34073 57
1 128965 82791 91
3 190121 70747 10
-3 180317 35352 7
-4 192144 2411 76
-5 130642 81324 57
-5 194023 12793 74
-5 193579 8903 56
-2 191787 71040 7
3 183491 35779 96
3 194597 87917 91
-1 140185 65855 5
-1 199281 17137 96
-4 143654 30376 96
3 169143 65610 73
-3 190656 59943 50
4 189546 24206 80
0 191686 58410 59
-4 161943 97241 31
-2 163072 6326 91
-5 96011 11896 39
-1 197378 20205 11
-3 197307 72310 85
-4 199872 72892 30
-3 77561 11206 85
-1 196572 83847 70
-1 179589 90770 89
1 198906 81944 18
-3 197824 23235 29
-5 193626 57349 53
-4 177897 40849 12
2 146266 86913 68
-5 173765 72557 91
3 148676 40517 2
1 121481 35340 48
-5 175894 14367 35
-4 192726 51382 25
-3 154238 6171 56
1 191610 34831 49
-3 195541 96753 14
0 163712 31237 36
4 199061 6543 33
-1 172284 63738 79
-4 193404 81767 38
-2 126941 41779 78
0 188477 56251 87
-1 183504 31970 4
4 192870 65351 99
-2 197318 31216 31
-4 189726 6063 22
-5 113307 29134 73
2 185615 22506 54
-4 180231 27133 30
1 185412 78574 66
3 183815 93180 28
2 196007 91357 90
-5 145640 46226 71
4 199792 85616 36
3 184534 84988 89
-4 189949 55043 42
4 125937 89208 49
-3 193645 25697 20
-1 177159 27762 43
-3 187471 63568 35
2 181029 79982 8
0 100786 68703 90
1 162632 19670 70
3 171485 97966 36
4 190029 22310 34
-5 169883 37118 79
-5 195222 11734 20
1 103570 71834 72
-3 108067 77031 7
-5 126341 23109 27
0 189777 25680 86
-2 126261 64549 5
1 192027 17099 35
-3 177488 82896 95
0 174878 53531 87
-5 140877 70550 61
2 181847 44544 33
-4 109954 17166 67
0 162499 30301 2
-1 187301 73732 10
-4 194371 58600 36
-4 191818 41922 30
3 159355 4404 78
-1 157478 86238 40
-1 193883 86939 72
-3 110072 3493 63
-1 181988 30287 88
-4 192495 19141 43
-3 192877 24610 24
-4 196561 54592 16
-5 106730 64308 49
3 140285 99151 40
-4 197399 85724 4
-4 178071 66132 11
-4 186905 61018 78
-2 174003 43460 47
-4 171022 9180 82
3 197013 2772 48
0 178713 28974 30
-2 153576 19650 68
3 184378 68710 70
3 192938 89703 67
0 182423 18160 1
4 197575 93371 81
2 186746 35223 20
-4 159664 35305 80
-1 142197 82773 93
2 187500 57428 72
-2 192014 70044 91
2 117506 75977 36
1 145186 76005 94
-4 180213 26502 19
3 20813 52984 54
-4 179035 6218 36
