2000 200000
-794 137045 1900 305
652 195298 3384 420
-138 158398 56 50
-417 134285 7742 693
64 197873 3200 458
938 150040 4426 707
-4 152088 1604 215
142 192095 5212 556
-8 166840 2203 174
-800 194949 9135 215
787 193456 3298 935
37 161682 1789 642
281 189675 840 578
-469 183323 8962 457
129 188435 3143 971
522 192975 6836 290
-715 178594 452 947
-196 118725 2338 174
-335 182756 9578 121
-741 186613 7917 634
-720 182264 8659 184
746 145657 4500 750
-174 180507 7480 698
901 175595 7987 692
81 199308 3866 972
-196 133592 4461 68
214 178168 6833 403
877 94964 7609 111
806 179996 116 991
737 185628 187 234
-350 199598 9114 397
-310 147594 6740 149
623 143671 2416 491
283 197003 8395 317
434 113423 3194 815
-873 164841 7005 229
-128 171890 9263 169
-771 179288 9474 459
276 152410 2224 946
195 170553 7825 105
289 143080 4952 307
818 113044 2071 162
-934 197082 6394 114
611 169161 6931 415
-480 192532 6694 730
344 165417 7253 818
843 190173 8557 569
-532 180968 6871 610
59 195546 2198 639
-689 191925 9691 151
656 155880 9073 5
-804 132738 8471 808
712 199852 828 388
108 171011 9006 938
-695 198497 4820 496
896 155341 6975 948
112 196393 3758 35
-262 196073 435 224
424 192296 2341 917
573 185531 4563 587
-227 151324 2037 339
-858 105479 3608 16
-573 175726 8808 239
-998 198036 2390 65
-494 149152 5505 393
-768 109054 7802 102
644 149417 2278 987
-239 169356 34 467
497 199493 5059 362
799 196044 5934 708
-134 199723 3532 251
-412 194998 933 612
340 198121 6978 652
60 109631 3034 502
-633 159784 2618 964
324 145692 1824 26
-313 172301 8153 132
-636 199146 7019 996
786 186986 9380 927
-630 197894 1769 88
-950 177041 6630 47
56 160625 879 202
181 189297 3890 889
144 185505 3288 900
418 195286 7787 611
30 165188 8299 641
-66 123195 8177 645
806 147671 2907 801
-521 169849 4750 733
415 180082 2004 205
512 180224 5026 415
48 139811 2596 780
-27 192851 3883 547
521 87736 2903 766
592 143937 9320 568
-203 192897 5656 905
-259 198583 9599 274
-803 143957 3156 353
-277 115127 8108 727
719 194981 5087 637
484 195850 2620 495
-351 195441 1660 623
-627 167890 3514 68
-608 175246 9289 443
752 179158 3978 383
253 164710 777 483
-103 143709 1988 85
617 169845 7397 850
944 193170 3890 266
799 159701 3445 383
70 197343 924 883
-382 198951 7066 643
-909 191384 8723 553
-551 156189 7327 373
-754 145214 3132 404
-713 149978 689 149
-579 123157 9055 78
-897 174274 6651 968
575 138886 1072 673
712 191760 8646 435
-664 178726 9148 10
972 122682 3265 619
-132 186886 8424 144
-250 192900 2764 243
-321 14594 5078 983
-324 186922 8603 454
907 193252 7721 585
-581 129187 9368 951
-317 191156 554 454
530 199556 4937 590
-137 170213 4122 242
-352 138125 2308 677
967 193662 8763 495
-271 198591 9855 155
-467 42589 2986 804
-553 173671 1035 608
342 198235 9006 382
997 184984 2099 66
-767 146137 9670 126
-191 166026 8289 207
-902 199855 3136 858
-247 176429 1586 179
-248 176567 2966 287
-154 185431 2890 611
-475 183948 8669 423
-464 157832 2346 418
509 164330 2063 991
498 194134 2512 68
506 187265 9432 707
927 195407 3679 513
366 151182 8848 509
-316 169830 6928 395
658 186700 9000 395
320 192004 3912 362
-530 185607 535 400
112 157838 4172 767
474 192448 2279 421
878 186380 7713 591
308 193101 3915 424
380 193096 7304 473
161 161852 6867 557
333 156424 8281 563
-632 114368 3826 748
-219 185034 831 874
-564 179679 2750 226
-783 178990 7428 368
-101 166700 9930 676
473 128759 6333 587
-108 195034 3296 536
260 188687 6696 210
-115 167140 9203 630
988 199645 964 361
613 172286 1795 679
-509 142948 7378 777
-409 187233 944 155
-379 140096 2890 561
544 183456 9492 736
-688 144338 7360 153
337 126599 6892 512
-96 194888 7079 840
-313 52444 1958 844
559 175999 8118 458
682 191481 7665 968
-852 115336 8794 40
773 162939 8304 887
123 177433 8987 986
-634 111452 5840 839
-707 175120 3347 672
-602 180240 3084 999
928 100748 2459 321
377 100894 382 111
953 48461 4936 218
409 175651 2377 488
-464 193337 5493 26
431 183434 2611 573
60 180247 9794 348
-685 95639 8632 617
-752 185295 5884 255
677 190550 2396 98
70 192498 8862 154
972 184356 9904 366
-997 181183 8729 819
591 192628 5880 301
-758 195098 7359 921
-286 96512 5515 806
172 147203 5125 679
467 182145 9100 101
991 99906 1849 4
-28 158642 3464 60
-346 184536 8321 328
794 98554 1121 593
-911 95213 5286 744
566 139118 4202 945
14 176411 8640 166
-444 189375 2867 802
-113 172252 4339 562
178 193397 8230 958
637 180748 9065 564
-878 174939 2338 702
-163 194982 337 806
-845 187698 4215 372
864 182981 2616 972
-356 186218 4387 837
897 179504 5158 455
969 197527 2940 342
26 198103 4476 554
-181 175783 9326 933
-985 129237 7516 204
570 196327 8566 123
943 128813 4776 479
-707 199643 9311 1000
-449 199210 8783 967
-562 180931 8236 999
425 197725 6948 22
-778 164878 2359 915
604 103150 2929 382
448 171037 1145 961
356 155774 2588 208
-276 198932 7466 559
-939 195453 1527 452
-783 161947 1658 476
-860 143887 4013 401
248 194570 1904 857
166 155750 2747 847
-361 195306 2915 928
-996 186610 3981 978
-582 179361 7031 900
-210 192137 9067 497
328 193134 889 896
294 172056 9186 703
772 140790 8029 524
-864 155502 4310 721
-447 169738 3207 972
544 156470 5000 873
44 184798 6585 106
-924 190241 6148 882
-284 190850 9820 375
-805 76018 4766 612
-100 189440 3889 981
53 192808 8669 737
451 158567 9113 24
-227 185454 9255 624
259 176316 7907 77
163 195073 6062 745
728 128658 7638 307
-514 166709 2811 249
819 166698 8398 832
161 194430 1498 480
447 141648 6971 38
908 190489 229 225
-814 196062 344 960
230 197266 9349 585
584 199661 5401 959
-359 191718 1333 771
-468 140891 9976 753
669 148222 2312 194
-488 34740 7489 371
473 194787 9294 968
-882 175018 4491 61
407 158378 4898 678
359 167555 5753 766
-585 190820 871 956
539 181386 5570 257
-666 177292 2675 210
49 194056 3069 280
239 168400 6492 407
393 143624 6880 751
178 145393 9921 946
423 133460 5914 683
628 199236 1499 62
978 196578 686 396
119 190368 9621 827
-611 190109 5202 64
-423 197369 9817 338
-827 177436 2520 266
802 69539 2749 24
-708 161145 2109 234
922 199547 413 526
356 148874 304 997
873 181537 6698 711
-593 172613 9844 816
-669 178623 2290 171
-618 168280 8520 448
-590 189393 2609 747
-808 179464 1301 949
-731 190142 760 374
-699 178639 8842 727
-760 198291 2172 843
-629 134556 3604 553
550 194948 5954 838
271 187446 7954 173
572 187498 1864 999
-97 197628 3111 151
-273 190684 6391 273
-361 175273 3840 845
-832 181091 7239 184
-190 146783 4168 606
926 191135 386 198
163 187616 648 331
780 168496 1885 567
916 186050 6196 347
-621 158356 9748 370
766 174901 4980 922
683 113154 7749 50
344 49114 4400 116
-762 197677 4255 221
-811 177282 2079 973
717 76699 8747 524
105 150309 2881 428
-610 179147 8571 860
-357 190440 6954 425
724 198106 466 268
-271 184510 7233 780
841 193640 9363 431
-761 172930 5481 391
249 158426 1501 619
689 185668 1503 942
312 189000 9318 19
867 193085 2885 581
647 185916 648 25
-993 195406 5309 282
-527 126659 9049 303
958 178158 6345 220
124 187843 1070 239
49 183143 8722 227
478 62707 5442 560
-599 183541 903 889
13 197440 2 899
-940 184504 2280 552
59 168177 2748 279
347 50337 4898 806
-607 172800 4937 257
377 96597 4637 46
906 155229 9112 111
-898 163507 7635 72
803 164033 9484 767
-731 178544 6163 403
-175 193837 3192 442
738 178322 6455 8
162 167963 5225 134
431 195831 242 66
-376 121647 8675 340
-985 192505 6478 525
851 184161 144 422
-716 193158 5859 596
-530 194391 1846 804
646 196963 187 518
-804 176194 3320 832
-268 164946 3622 266
-765 195329 1952 984
759 110181 8376 2
536 195164 2346 388
852 121446 9163 246
-804 122882 1843 480
857 150913 8530 786
-744 196555 4371 579
-469 170484 9226 882
404 169292 6712 304
-481 167925 2999 508
605 182610 5540 908
728 197094 2173 486
-744 194635 6745 736
-880 130385 9597 784
-175 182681 7316 881
41 191331 9602 276
265 187701 7431 214
-236 162278 2972 932
-50 191451 8618 488
659 154654 4348 781
988 194808 1652 544
-36 122943 5520 10
-205 197661 5797 989
126 179579 4481 971
-646 148187 4887 972
-23 165036 6810 959
-475 196618 2262 901
296 188092 6907 38
-270 181025 2221 563
-703 179184 7071 676
-887 21760 9955 891
608 133200 3386 474
789 199968 3861 559
527 192888 7878 375
205 158928 1876 212
266 70429 1982 614
71 194374 3137 315
-478 199644 8971 800
-18 171633 919 388
-256 106330 9567 933
-238 154667 7130 521
-85 176646 5424 534
449 184098 3086 537
684 195023 4279 182
-796 106218 5674 547
2 83212 2697 762
125 175692 8206 358
737 113900 5189 485
-322 186906 9841 21
112 176021 5438 664
588 186956 6048 695
2 163537 8410 418
-202 197877 131 999
836 170099 8203 508
-432 98805 9745 977
-185 174906 5949 727
-348 185470 5959 958
-193 168738 7841 433
826 195511 4980 433
813 148137 3512 237
886 135426 4663 82
362 187352 4148 65
-125 81506 2412 962
-27 176715 235 893
798 147832 4581 199
-3 143579 3948 562
53 194337 2965 738
98 174295 1270 537
-240 198665 6130 222
328 181240 1190 789
-864 165244 9931 203
653 165614 6386 323
807 199174 3558 588
445 199747 771 679
808 194887 2623 684
-910 197397 3367 490
112 195382 3774 567
-655 147353 6806 459
739 191012 2263 88
819 194524 6116 754
667 137452 5879 518
800 198984 3945 772
-450 197678 7452 668
-510 175815 7741 418
671 178156 1142 800
552 194470 7142 956
855 178772 6092 51
937 187290 406 807
-572 157761 7937 665
139 177833 4048 722
-974 194674 3880 987
-652 193281 8619 734
41 193065 5989 579
-976 184850 8490 174
-9 171235 6229 79
-989 155204 2665 788
-290 190193 4720 537
833 101910 2860 829
736 194077 7581 837
187 188437 4596 183
793 189224 5846 28
-228 187023 2227 97
381 193651 5965 215
-941 196406 2674 812
323 135042 5694 751
-845 144864 7983 128
-702 194970 6151 621
-54 155057 4332 353
-390 171875 3269 829
910 91230 1829 907
-923 156270 4080 279
-883 183332 2770 410
-241 188781 3448 816
134 185886 7533 582
531 186039 6432 173
-268 188825 3621 62
-857 196554 7819 610
-742 180173 323 884
-806 134974 5943 689
116 198732 3612 737
236 185725 8503 998
-644 166105 5193 66
798 193431 4484 58
428 187160 3474 787
-773 199632 2261 677
451 111197 5473 553
-490 199090 2413 753
714 199692 2757 829
-170 153711 9350 452
-839 175947 3461 575
846 188546 3917 509
-155 182064 8711 648
705 192450 2973 914
-596 132906 8368 125
438 170361 2831 369
579 126564 4255 936
-841 170927 7634 501
847 195769 7828 360
239 194460 70 130
50 99674 246 259
-860 193828 1167 780
-952 180248 5781 890
50 187881 6487 332
98 155657 2764 69
-294 175232 3028 75
17 74279 5931 784
539 149825 9483 204
-202 178641 1666 325
-833 199818 9780 837
-199 130766 5794 339
136 164285 4800 437
329 168152 9504 759
267 197682 2888 259
-141 195163 2106 594
-947 197741 3319 790
-203 98163 1151 522
-755 190593 9481 632
164 152788 473 284
-591 188628 5621 968
-965 148383 3598 170
-747 191668 5368 632
695 180927 7559 8
-688 162013 1172 98
-496 151002 239 869
-488 191165 9768 882
-918 167011 1311 752
25 172379 6913 679
780 197819 1353 864
97 165033 9072 507
-256 190823 195 671
-96 125826 4429 829
988 172130 1350 401
333 156027 7996 443
335 194893 7622 480
299 193698 4078 574
303 94898 7300 467
93 160525 7867 408
-494 139549 1 233
-138 105612 3918 224
890 196803 8757 24
742 152081 5825 841
-90 179257 2481 546
-79 148844 8233 239
486 182869 8433 865
370 195177 7892 66
-785 197294 4614 17
-769 155365 3137 679
271 136213 4657 253
-339 158371 2640 781
866 188831 5027 511
-905 188488 3148 765
-139 143445 8212 306
331 171934 6021 709
922 197251 9538 865
-331 138386 3074 549
477 198618 7629 589
271 188765 4022 50
-763 173789 4511 202
456 154845 2833 627
991 189642 3504 778
-365 195123 8698 546
758 149338 5787 542
899 82795 6699 269
-73 192677 8010 497
-315 197719 4285 453
-284 178447 3545 414
751 187549 5221 341
-858 191477 9336 277
-329 195283 2158 30
967 171697 4066 25
741 199875 8936 761
-976 186782 5037 317
-180 109629 4624 150
-32 194010 1202 855
-314 188769 801 293
797 172995 4335 469
623 187709 443 259
47 193238 5306 103
244 178213 3987 870
75 188729 9769 340
-723 168035 6043 451
381 109260 5454 776
-279 198165 9649 822
-520 194938 5976 621
232 105144 2797 739
-446 188667 951 73
93 184868 6055 613
955 142401 4927 616
581 121485 1831 253
-514 124440 6017 763
-910 99353 9873 636
-118 168045 933 736
141 174337 1615 699
466 179635 5436 387
730 193130 7808 530
371 187146 3236 509
-691 134525 8737 599
-699 136805 684 3
797 194457 794 617
213 153812 8378 586
-680 198176 2860 229
-702 174810 7163 25
-361 113749 9273 928
982 191590 6314 14
-831 180101 1331 5
119 146131 9124 724
-27 95440 9960 65
173 181914 3851 805
228 159365 1118 668
-890 186203 6776 508
-643 191239 3275 322
312 99348 7669 37
-931 197553 2856 906
933 174053 7883 225
389 195672 7959 365
85 196990 5449 380
653 198147 6177 827
-577 186464 901 136
-535 183975 6612 882
954 178230 1463 639
-374 198493 8220 16
-973 191347 4819 659
184 188228 2528 66
319 197214 6695 618
109 186871 7455 565
-93 164634 6198 456
309 192119 3276 181
384 191062 7331 909
164 196573 4648 619
500 192718 1649 328
-632 182723 5455 203
-609 197486 9274 194
-736 197596 2277 757
-494 175046 1789 967
28 158025 289 604
-338 189883 4813 274
102 145169 1849 469
27 192316 2343 912
800 41279 3919 578
71 155421 35 408
-800 164316 9548 559
257 159763 8031 536
713 150356 5643 947
150 195374 7847 178
-805 186315 3673 706
-709 187172 1400 521
-675 180767 7195 554
-805 189474 1415 429
649 172667 8592 724
898 192668 940 86
904 76757 8408 997
-566 185888 8516 824
-354 190353 2803 109
182 94599 3431 123
-312 194160 9134 694
445 141232 7495 302
37 128757 4027 816
409 160861 729 636
-398 161878 1392 820
239 184242 7960 959
-406 196807 1667 432
-576 174742 8983 59
-435 103934 5683 906
449 179466 9510 70
847 161520 2777 15
-457 151483 633 893
500 199112 8544 845
439 190147 1621 553
-566 136280 2210 958
-452 103259 9916 180
-761 183579 4597 904
-134 167493 2297 150
451 194554 9829 235
-46 175427 8767 132
56 198689 4787 9
517 153007 542 546
-727 166217 7197 652
-499 184988 7543 632
864 106594 2959 771
-710 107201 4258 746
556 13580 8698 118
986 191195 2813 732
-887 188135 3347 68
-932 173258 6359 861
-766 154311 4318 827
678 167429 7132 26
148 174597 7084 239
708 112915 3619 206
292 151260 4546 117
-332 176173 678 224
-301 132321 8619 249
927 198867 5298 901
-849 177421 6608 182
-342 166159 5295 806
606 126332 7958 238
-19 163588 5008 292
950 181454 4969 874
-814 180120 7134 723
992 170914 8647 411
-495 191088 9906 780
765 109130 5743 233
587 173298 6177 806
-408 172060 9322 507
533 151345 7340 623
-2 191495 777 720
343 163475 1704 831
-5 198541 1697 173
758 148004 2474 334
-890 178202 9428 70
-435 170290 4455 638
462 199898 8962 178
-94 173071 8762 595
902 145734 1631 890
935 188085 7254 161
-433 192605 7989 273
159 171994 5326 965
404 158451 6972 826
659 155296 4099 832
635 117176 936 709
197 198657 9885 385
-630 198760 532 251
660 190367 3164 994
-73 182300 2301 780
256 198268 8017 814
948 195182 6481 789
-96 158294 7719 176
-406 196777 1337 527
402 138424 9543 310
436 140106 8324 734
-206 172087 2909 367
-497 180508 3445 591
-595 151454 756 354
112 181576 9231 13
231 194548 5592 552
117 160644 6430 356
-421 155710 2749 596
-784 38806 4665 622
-525 47788 4843 234
-32 172787 6487 646
-969 193481 4828 20
-734 196868 1839 227
-581 182525 9208 556
104 136044 6212 406
451 187218 3488 998
328 148289 6991 494
-70 184813 537 533
-745 199639 2222 955
611 167911 5691 833
-842 199510 3086 634
-194 198650 9546 766
-946 193745 3556 232
543 167087 9412 488
999 155977 8849 346
954 144269 8955 540
-930 162532 8903 499
163 157360 9877 762
888 195877 869 814
980 199008 7041 546
513 193701 4187 54
944 55761 7212 387
-455 158279 810 699
327 150132 2468 635
97 195765 186 87
986 180527 8220 187
-415 185669 6002 882
912 187495 672 233
-531 191367 482 866
-263 182050 9690 532
-167 196423 8484 598
-733 110957 9015 219
-343 147068 7380 340
507 194260 611 798
189 175619 6717 984
117 183688 2587 1
-995 173691 3829 495
-946 174738 5043 989
177 181714 3499 452
-15 152226 4277 120
-989 187325 4495 291
-616 140611 6909 680
-616 196914 7746 964
-570 111608 8819 651
171 197729 447 641
114 164804 1608 217
316 152776 6426 722
-763 177299 4356 990
-7 163669 1175 664
-73 189406 4958 297
-805 197806 4829 584
-411 175995 8572 410
-589 191454 8460 858
615 123899 8269 260
-90 168719 9259 762
-271 199279 7429 854
470 191932 7254 246
616 188853 8920 103
258 170933 6680 200
-633 126278 9530 18
960 142063 6165 461
337 152364 3925 375
105 189235 6330 143
-359 155282 6684 748
-907 119333 2664 503
-177 187882 3903 683
-664 191530 5534 894
653 104298 6254 757
-723 172813 5590 950
-702 177695 4755 775
497 186948 7170 100
750 187557 4747 11
-286 179537 2055 392
847 160989 2901 729
-616 160751 7866 343
-677 178024 4493 231
-108 138410 8058 831
190 168265 346 806
-952 185392 5662 452
437 162422 6 54
535 167952 1999 130
-757 196671 8973 492
-515 197537 2536 955
-92 181416 8441 610
-671 199823 4092 275
184 198048 6620 951
762 56788 8744 258
-751 196676 3999 176
-545 195745 6490 713
839 155798 490 551
546 172304 9809 263
971 158482 7445 545
959 164263 7095 150
530 184994 9518 830
705 180428 9660 857
-828 148459 3210 588
245 192876 4276 760
900 182735 8528 276
-382 188794 7058 998
850 187903 3764 961
-808 181912 6086 346
367 146535 5585 84
-360 189884 6724 900
833 197187 1738 773
948 187904 6871 841
663 197413 2177 615
-360 159358 4005 75
-19 152038 3672 42
344 181929 132 402
-844 184563 5977 318
-485 193954 4237 910
763 125660 2209 622
-88 176731 1422 801
626 145903 7697 650
-321 171255 4582 784
688 162023 3031 753
-454 148754 8572 985
-110 167935 1768 198
437 173747 4400 531
-634 151485 2098 937
-134 190436 1685 9
679 165733 4146 985
578 193171 7902 600
-20 163658 4289 160
-584 184334 7144 179
172 164708 5747 135
528 196614 1816 116
660 199408 3954 267
135 189039 9558 894
379 177060 3031 471
-869 111521 1818 559
-124 193498 9418 699
911 196282 2677 723
326 120584 3259 781
295 162277 5410 134
648 160853 3346 862
186 133678 8077 401
-912 161796 3187 255
919 165622 5780 40
957 151221 6293 829
-985 197938 3117 658
-605 188550 9733 162
-970 183658 5495 170
-682 187006 8021 757
444 197347 5973 405
361 199602 8730 435
-480 175433 5143 693
873 164069 2053 927
46 143960 6426 861
-859 193976 4850 32
-297 161875 6707 637
-320 151478 5167 578
649 180209 1911 23
153 121129 1038 568
944 196283 5982 986
-102 98058 6222 95
-595 139203 4457 502
351 197197 262 228
838 198554 3312 57
377 185346 4211 506
-499 87069 3968 993
-573 102721 1363 174
148 171626 3045 498
788 193060 3185 693
656 191965 3667 529
-538 166497 2755 289
-67 161617 1067 145
981 172511 3075 718
722 165521 4875 773
555 133398 9034 763
-891 192813 8213 7
-662 161449 7571 358
-142 191401 4341 488
763 191865 6430 456
-681 161072 8188 248
22 197951 8274 59
803 190996 7394 559
-446 170002 1497 96
-896 145514 8331 764
575 196899 7238 381
-66 107540 5144 638
-463 187225 4424 598
-160 129424 2625 81
911 191729 2181 82
748 196269 17 858
-20 184821 4272 105
-818 199452 8193 69
277 194406 476 980
-642 183914 1017 830
636 177227 7878 517
835 173936 4595 103
372 184803 5565 192
-682 176965 1330 377
-851 198279 6532 272
-644 161831 4979 893
881 163116 5722 678
-643 174479 65 220
-209 172337 617 64
-518 195482 591 389
-345 195259 2541 614
494 163013 48 543
246 188983 9047 938
-893 157568 7402 39
-268 195216 3794 143
360 196178 3964 555
172 176633 6421 786
-656 186241 1949 166
-965 170221 7385 472
-34 63856 4983 118
-100 111473 6236 120
-593 125011 2035 748
258 137901 311 850
-984 172663 1894 364
311 189967 7980 278
257 165276 4459 94
356 182625 2932 601
97 175639 6145 867
241 180861 9591 885
-757 193388 7864 378
-34 179427 1388 345
-839 164031 5912 708
-302 198684 7123 768
-57 154598 898 750
148 174910 4384 397
-445 193749 9866 655
-825 194900 5258 782
-925 169164 9908 850
907 199009 4228 839
54 145057 46 245
193 147948 4523 834
-946 158066 6286 386
510 194254 785 173
-435 166328 973 470
899 192571 2680 708
-560 192832 8370 848
-885 171431 1122 8
-759 163704 9251 43
838 198296 6344 503
368 159783 6345 294
-666 174652 7881 181
956 154203 2499 978
-553 195473 5141 931
526 169799 3134 142
979 198750 7466 294
158 175256 6930 671
-586 179281 8669 42
649 172725 8288 308
621 194358 6524 584
522 192844 8553 280
-522 42635 99 645
-280 186768 7314 864
-76 181586 6061 468
432 152807 2070 735
753 166693 989 983
723 95419 844 246
-135 160960 3133 937
882 182845 634 90
-29 187292 550 310
761 195309 9305 928
-254 192610 1311 623
553 198661 5562 643
-628 191264 7499 983
522 199156 6936 185
-678 179837 2062 379
-128 192648 4144 898
-943 161950 7567 1
60 185856 1678 82
976 192823 4084 175
453 199721 361 728
-326 181195 201 199
760 97251 2833 295
21 183242 6002 721
-547 178406 4455 700
772 184605 3043 73
-564 166428 9388 513
145 198716 2126 553
-417 194308 9374 232
542 196860 396 97
-472 183935 5472 595
-227 185750 6270 358
726 148156 6313 91
957 165480 6005 264
-28 179916 5279 935
-105 190963 1727 880
-478 158996 4052 567
10 197112 6309 985
-282 116965 7713 728
-317 186242 3587 244
389 187647 913 2
-64 166821 2710 274
94 158969 7345 799
-953 166699 2220 517
840 187497 7686 398
-719 133854 5272 8
-179 137981 8494 593
156 174634 948 88
-698 148977 2283 827
-31 125630 3915 746
-25 155836 8764 390
162 138397 2423 166
253 183483 3678 387
-409 195532 3752 931
839 165793 2931 545
554 193860 2581 868
-750 189160 7377 427
-495 168712 2951 738
825 175820 6862 589
636 184849 8787 892
748 112071 4761 158
-993 88684 2535 644
-33 197004 8379 356
705 179365 4857 731
-522 178777 7807 67
325 176769 412 423
-466 178845 9615 359
664 198770 1779 802
511 172023 5601 36
555 198270 3178 182
721 127661 1137 803
-829 191631 9154 847
699 189983 2575 535
175 160691 2989 697
-413 184104 9148 800
-200 160304 6794 420
-334 149284 6352 431
95 196370 1874 292
535 194556 1567 778
-621 115754 5347 981
143 197430 61 314
129 98760 301 686
-574 191637 4718 595
-591 185586 2363 972
-944 197412 6595 378
862 191757 5459 346
-851 195260 9857 173
-923 128758 3729 622
-982 79600 9491 535
816 180794 8880 287
901 175528 3314 530
-908 182486 9929 853
-77 179719 4979 425
-902 190896 1760 602
-3 165021 5794 53
426 161257 317 495
536 152707 3053 24
-210 148848 8120 464
-583 152514 9811 616
485 176026 7031 876
-56 160728 1277 454
-810 177106 7484 166
-78 135819 3516 959
424 60486 8842 697
133 188449 3157 650
-914 151418 4456 412
-729 176036 7946 130
-584 151680 3177 833
-745 166582 3578 309
582 182553 3850 44
-648 143200 8459 909
703 171981 3420 273
-197 196245 6678 358
787 166460 1524 453
-405 84088 2804 417
-787 106272 6544 825
-114 169583 87 71
-483 183376 3852 916
-454 175770 1418 138
-300 115232 278 56
-267 191650 3612 640
-128 177826 6605 95
993 199612 6570 368
-374 195565 993 999
102 179686 157 898
174 177890 6630 402
738 85644 6372 553
713 195693 2442 634
670 178492 4898 427
-871 190086 1353 661
98 182429 3849 939
-784 195169 1005 676
187 197634 2184 942
-998 186430 2219 522
59 181509 8003 861
-814 181171 9708 803
594 159866 8866 25
-865 149405 4584 377
-54 165421 2444 125
-700 121912 8441 654
408 174964 7603 368
455 121947 7998 934
-607 186379 2419 673
-207 118692 5838 356
-358 51843 3095 119
-746 146360 1567 96
548 160942 1756 320
-761 163553 3831 654
695 188933 1546 770
118 138911 6450 337
398 114038 5422 640
-71 181116 6644 817
659 165904 6269 526
306 157147 7249 882
-388 189456 5398 424
413 165112 7226 871
-315 169613 7590 87
-117 165918 6458 199
942 141528 7953 901
-483 186157 7568 533
583 173339 718 211
-811 190818 3967 69
-949 182820 339 39
345 189745 6213 381
-742 191852 9235 99
-264 198616 9624 897
-501 66199 4357 819
977 152844 4471 403
529 170261 7238 983
-639 198643 5630 74
-51 177834 1408 633
93 176888 2427 730
756 170985 2140 712
1 167192 9104 228
-943 184233 4934 766
183 101395 2457 910
893 183613 8511 189
907 197927 9825 773
237 197583 9368 545
-594 194782 4223 273
-564 193830 4716 361
-72 196218 2725 386
666 187427 8798 871
-781 178588 7179 625
821 196325 148 290
-427 186174 3065 481
854 168878 4852 617
333 180013 8532 198
-946 169938 9230 266
-591 153920 4394 782
369 132600 3849 682
-441 158422 3664 407
-492 142877 7825 200
802 181894 11 192
931 177683 785 452
-626 169180 8941 388
-75 175941 2589 349
479 188166 8978 291
498 184122 8562 443
-346 195356 4651 507
-27 188747 7377 713
-715 190238 9657 518
718 187685 9832 991
324 163449 8685 845
-645 186238 3603 494
-588 131717 3904 77
-552 199462 9252 420
-173 167441 8670 440
-445 180907 8478 625
-479 195643 5687 414
-156 199642 3430 451
-798 181588 3816 92
364 197053 8685 918
403 177726 198 406
-211 187439 3001 144
-222 191793 7244 832
841 185282 3603 411
-39 193322 8823 203
-305 172553 7286 683
203 181654 9215 125
147 151069 5141 714
161 170932 7928 945
-228 163900 5421 641
309 176801 5177 768
-669 142366 9948 978
816 30761 7868 959
394 195301 3921 411
913 193486 4471 163
-902 155436 4038 645
-737 187240 5161 937
321 129129 7418 44
-800 173045 8376 938
123 162318 3043 665
425 178088 9738 902
415 153199 4788 222
-952 161768 2401 23
941 161680 4890 512
512 198528 7180 921
806 198244 9629 259
-27 193118 6971 457
-196 190092 3012 66
-473 194951 3139 642
-277 137676 3689 806
-701 177896 3426 807
-569 88111 910 632
-552 146314 164 989
551 184780 9423 825
-521 174309 1190 863
-255 182424 4857 633
-482 193015 1242 472
-536 191914 8635 542
-43 188153 8300 843
-173 198592 5452 528
-262 199796 3795 15
-322 171961 5980 769
201 180415 7308 113
-362 184864 814 185
367 178450 1522 649
-496 198708 7477 43
-479 188354 6322 401
603 172758 2862 57
536 171553 9406 490
631 123034 5214 695
-817 191872 8239 480
773 197490 7869 853
303 199095 703 648
-752 127694 3906 534
25 135964 1783 465
-965 184492 7825 640
885 130459 2966 17
-532 134678 9185 868
-197 129549 9106 465
521 173724 5970 624
240 187948 1571 866
945 161614 4158 138
434 183017 1102 408
589 187249 2302 216
-74 183907 2911 959
-679 196831 3232 348
-880 172783 6201 549
621 126492 439 629
404 178010 4210 600
784 175630 5907 395
-995 110231 4682 553
-450 198629 4689 218
780 175228 6780 664
-392 90810 5190 707
-878 191271 7335 896
-628 158092 6919 638
176 197528 430 310
150 129102 8428 284
-194 169355 9774 158
759 143073 4566 947
90 179768 4767 581
564 134121 1517 66
643 167747 9535 542
482 161077 270 136
550 161233 1914 774
-449 191440 548 559
488 173972 2013 658
-908 112409 2534 622
484 189180 573 635
-455 185777 4945 230
567 140557 3986 856
56 170101 2710 244
441 196274 8554 532
166 198348 8231 568
510 194520 9355 241
-497 193981 6605 148
157 143615 551 77
897 198277 6765 321
-785 185387 7574 474
27 189886 2091 942
316 185367 863 651
-953 180084 9630 873
-830 191212 1033 805
-460 178912 7574 290
887 151065 7329 980
-392 165045 8059 317
-447 146807 3164 447
-475 163942 2808 104
-798 180994 9391 94
-837 166767 8214 966
-87 164627 8347 834
-18 188660 6540 618
198 197896 3422 869
856 181602 5079 175
-675 193756 6616 371
578 190625 1110 63
-786 138992 6506 295
-818 190292 7129 673
660 162478 7589 978
856 180195 6379 24
-340 190305 4033 921
909 27435 2796 337
40 150890 5996 959
-581 166512 5267 676
-732 197631 6181 978
-789 183689 867 751
-329 178441 889 65
-692 190427 9388 270
413 169106 9789 110
113 183836 7764 582
276 137253 9724 543
461 138044 55 252
949 160325 498 474
-531 165532 6621 176
917 68155 777 745
246 136937 4171 615
828 180411 9220 228
144 164388 4252 241
-492 170590 9306 38
-190 172796 447 520
933 138165 9685 466
-625 156014 6452 329
-368 160717 7322 422
-175 195806 8755 791
-933 109235 9178 407
756 195814 6413 797
860 173469 314 559
-91 177870 502 956
520 188836 3840 868
-116 188626 402 557
-867 174447 6462 506
-681 183756 3951 592
-51 198095 9074 787
264 188360 1586 822
110 109097 3231 924
-991 118609 70 978
560 95815 3910 548
735 167970 8226 631
237 173221 3688 400
308 136928 8857 877
551 165420 9967 818
232 37689 2280 149
637 159198 5179 282
-158 185513 6202 407
527 195206 6250 84
787 199085 239 225
-236 164779 107 796
771 193529 1838 410
-518 197076 5604 319
975 196928 8904 934
701 187196 8321 115
-366 165418 6270 228
218 174775 7936 344
-446 198825 6405 486
165 181115 218 737
414 180636 3256 177
377 186113 4340 733
231 176530 1501 901
-64 182757 9574 938
268 149035 3149 309
-605 194301 1514 451
633 141824 9197 834
611 184059 8536 968
-126 194292 5378 661
-472 179869 545 791
-53 155136 7204 619
89 153322 6427 210
891 198303 8080 917
397 108051 9372 104
-190 163969 8916 680
-415 192802 5737 647
-953 184887 5174 809
-694 182485 6911 89
-553 165628 822 629
156 116766 2947 997
-102 27049 6933 79
91 196719 4775 249
-25 157398 68 754
657 192414 8110 926
-309 186272 3409 473
-383 144719 4098 461
-555 142220 9727 445
-213 150433 5474 64
293 185283 6708 702
-464 131239 9008 778
597 193914 457 628
424 198701 3259 771
-825 180123 6429 496
688 174491 9066 6
417 191358 2809 29
-119 163897 9691 44
390 195247 2683 381
-817 198568 7066 526
470 163222 6748 833
-921 188980 1892 862
-489 156910 3428 743
812 141077 6941 663
-571 186056 2960 2
330 198865 912 254
-232 191310 6674 190
-741 195207 2775 336
-156 170633 3498 899
-846 195537 6090 508
246 133750 9315 723
70 172570 8205 564
-979 166955 1263 686
-592 184530 8324 511
-522 67610 6886 941
-473 193372 6314 402
-564 176007 4813 917
763 195580 9026 864
-130 153834 5299 614
241 150685 364 854
-813 172300 6449 820
606 164401 6092 228
-37 177774 962 229
-505 113945 6886 280
-441 195087 9104 811
71 182457 8078 284
-756 187571 192 404
-959 152837 2894 242
-718 196332 3424 199
568 184719 9609 414
-925 197279 160 553
812 147931 9919 644
897 199832 4526 816
-632 190168 9953 436
264 148457 6470 815
41 75261 7702 730
-650 179219 9400 91
-496 152122 1070 154
936 181591 8635 908
-357 146128 9927 643
854 96449 1587 471
-624 195015 1790 329
624 172542 3134 690
-725 152082 7719 185
857 146727 2292 105
665 105866 3903 489
149 198887 6175 312
-251 161501 5826 614
-161 90916 6824 569
435 147741 2824 41
-467 152416 9396 808
-645 151550 8436 651
-153 153196 2319 877
-953 190211 31 807
997 184108 7287 977
-353 158906 5489 8
568 189981 7498 156
-796 94274 7378 613
219 163418 2756 325
395 190333 1456 786
843 120874 4931 371
908 116316 4624 527
-717 154195 3804 26
-549 173782 3145 870
-404 139345 5764 113
406 194875 7151 248
-875 94944 8087 395
-721 181715 8557 440
750 165536 716 740
-325 136322 9526 652
-21 173184 5932 422
156 199463 3933 425
-394 188816 5567 220
283 160106 2706 454
-155 182724 3145 830
-151 135315 9519 194
-850 147927 6244 901
-440 197817 4035 809
-473 178617 1263 808
-715 185768 3550 669
-126 148931 9463 567
-392 151943 2046 417
135 162423 4949 456
-34 140776 3097 51
419 182393 4168 479
949 157081 4507 898
802 180153 2115 827
889 145663 2386 772
-247 171618 3368 902
302 185758 839 941
646 182204 6982 500
30 114900 8814 988
474 163295 4193 271
5 135228 6449 504
-361 175094 3728 297
203 146536 3401 810
903 184171 4700 467
721 191253 2446 140
252 135543 2999 989
-594 174458 9889 690
574 95042 1914 487
908 75130 8775 614
-335 148438 4931 847
158 193148 6760 658
758 186863 2350 154
484 156740 9656 697
277 194467 1203 751
-239 198573 3892 111
569 161413 4576 274
540 185936 7728 897
-484 192032 6727 390
997 194715 7969 807
515 189634 1370 886
-726 190064 4710 960
716 199966 133 532
538 150873 6491 30
-345 159189 4428 267
840 187870 2897 307
498 179861 7414 250
-765 185810 8855 91
296 189342 7273 697
229 180651 8461 836
124 186963 4791 888
-965 137318 3370 266
-94 192990 2665 733
611 187444 4091 471
286 171691 8155 509
-708 157388 1934 66
-976 190472 2680 782
905 190151 4735 191
991 199337 5798 45
487 198876 3714 639
-779 166109 3668 595
-607 112213 4209 72
-5 124751 9426 412
209 154683 7992 863
134 95019 3377 682
-758 197024 7918 524
-543 142395 9228 462
866 199773 1062 174
492 175880 4214 704
-123 114767 1223 409
324 158701 9973 672
823 154796 1336 700
628 115145 2191 78
729 193626 719 863
-211 153491 5076 846
-385 131484 2651 732
545 167624 5467 287
-80 195349 6064 772
-795 158689 6848 710
63 137976 6930 829
375 169790 9837 373
-998 32414 4580 410
733 164133 8984 321
-736 183799 2835 27
-896 187017 5390 723
-185 192879 7246 550
-392 174231 6317 799
-2 180828 4456 477
121 193938 295 747
879 169528 2160 721
253 182530 2901 553
-471 152780 1360 367
387 120707 5449 648
-916 154214 2036 352
312 173857 8552 175
-970 198482 5133 143
-844 135899 4615 811
877 164570 1894 390
232 196101 3668 738
493 191399 7798 617
-826 165070 2024 215
915 181624 3399 695
752 142246 7403 744
-486 178794 1061 589
-635 191340 4280 71
-267 196070 2682 37
-360 97504 5378 965
606 151343 3592 598
-909 190976 5942 821
254 155265 2856 980
-260 183163 6850 199
-787 192621 658 323
533 187682 5141 458
827 179340 1837 720
954 192759 3240 808
-305 198773 9193 272
-683 193912 1181 732
960 177837 9514 636
-603 197337 1031 493
-686 199589 2215 468
401 195635 1785 569
-110 29196 1795 866
-26 164944 6323 603
644 185049 6667 314
-696 182498 6985 582
-483 155482 3937 144
-552 188316 3333 831
748 189719 6696 714
-462 122650 272 133
-3 155121 1456 887
-982 149717 3676 819
848 175300 6147 967
631 138483 5877 176
38 167891 6912 301
-177 169671 4600 454
-594 179997 9399 665
932 150602 5460 481
-721 29918 373 322
-929 197540 96 106
-426 195804 1586 595
-372 187781 3692 268
-31 170925 2249 556
582 175531 8443 542
347 127101 9431 852
483 156024 160 777
-102 195071 9159 749
-911 198822 6776 3
-296 191894 9212 232
866 183184 5080 61
430 182594 8016 793
-554 143242 5992 265
343 198107 4636 461
840 192474 9439 456
-189 196890 8888 355
315 152654 8768 418
-919 192524 20 633
549 184781 8821 494
178 179833 6119 831
284 196941 5674 740
979 165487 6600 624
815 192919 5436 296
-309 79858 4650 528
71 127759 6643 545
-915 190803 3821 937
303 135314 6285 250
527 161818 8818 226
-142 199513 9789 760
-444 154492 6654 952
19 177937 9907 45
-874 169357 7346 270
833 193440 9420 371
519 183106 2233 875
-612 134211 1085 732
665 196451 7812 475
723 168606 827 729
603 103958 5346 520
-305 183081 1742 753
-633 180090 882 497
340 188783 6038 276
-487 1538 3181 443
-874 162117 3006 328
-142 155424 815 614
314 190153 304 722
253 193780 3846 242
14 192969 1080 912
-720 199666 3405 323
-325 176580 1308 446
-697 190613 8090 410
-823 185317 8731 439
189 179529 8438 926
-414 168759 2006 238
27 176791 6941 90
-533 185430 2428 301
-778 164702 4934 368
-304 179439 8137 573
467 177233 2868 109
975 199760 5585 814
-51 187103 8062 366
951 18113 8552 872
-118 193720 2186 571
-511 180038 9093 914
746 140358 1616 434
207 191191 5176 554
625 195708 5982 406
596 195315 4137 206
-122 168052 279 593
-13 100915 7666 586
-708 182201 6849 191
-757 198603 4975 267
-272 182806 6063 308
-989 111097 6596 282
-444 181349 5099 193
114 191848 2895 660
986 165060 4087 986
385 133845 6911 129
-796 140081 85 58
-876 179582 2644 850
651 178939 8772 682
-266 99155 5768 728
558 199907 9373 671
292 98918 5501 753
861 98186 9871 579
-772 199586 5113 742
917 191099 9943 39
87 198602 4511 155
254 190909 3123 807
-556 187004 6367 798
-910 187851 7161 485
262 195893 5232 762
-304 133763 3714 313
832 195710 1883 285
34 192255 6300 425
-337 157375 1723 592
11 181704 320 652
232 192311 2964 591
661 174120 5792 861
898 185786 2385 153
745 198459 9508 598
-153 197690 929 689
-450 190182 4342 618
950 187316 7652 613
887 180980 5388 55
172 142769 8417 798
-72 198680 8774 426
-28 164620 7899 905
216 194346 3128 37
-549 144317 4917 684
77 121169 2841 686
-199 150002 9315 597
563 167057 1244 921
-628 195796 5043 247
846 177741 542 272
-169 145824 7723 957
498 195748 6560 712
570 62659 2371 947
-864 7963 1351 631
-910 142711 2309 394
-61 195118 4498 957
-797 126977 8724 868
219 186686 7179 176
-300 59501 330 1000
-423 110537 8240 428
-292 193569 773 79
987 128128 3891 522
-533 111101 964 639
-662 174241 9648 247
780 187217 7374 688
-670 189632 5631 919
392 149830 4676 789
-320 172603 3467 170
477 181763 6103 452
866 152580 865 608
945 175723 8571 209
-661 189586 5147 905
-511 137261 4430 479
133 122173 1038 607
254 199315 3187 311
523 182812 4243 599
249 148998 1731 829
727 137672 5123 380
781 185183 6150 305
-632 190402 7013 822
-962 168542 2781 155
344 195692 5500 179
432 163321 9715 505
-132 118491 1195 828
842 198128 7509 621
-420 45583 9612 203
76 180238 7198 898
358 116386 5281 578
-835 163094 3416 863
893 163426 4026 543
-614 195947 9567 711
-905 191105 3352 662
-805 178473 2503 343
-794 189089 7087 766
-953 197085 2064 560
-170 187597 3154 184
779 163087 296 479
760 190769 3115 788
438 194334 3314 634
462 167248 5722 766
-361 44327 564 637
-745 142367 6688 145
235 197973 4582 942
988 199076 6908 498
-559 199430 5673 277
379 176272 9348 95
-257 193075 5622 783
180 153394 6311 264
-374 191007 6456 995
450 188680 1825 382
49 156010 28 126
-469 126522 7744 291
539 182388 8231 148
410 145568 8279 74
-735 177712 4663 455
636 141900 3568 144
-546 172296 1550 460
-726 183926 6886 273
53 170421 619 316
534 161074 5346 367
115 183240 8779 615
488 154571 6230 344
390 166530 816 751
-582 153132 760 247
558 181879 6367 99
738 170516 6193 989
-78 156383 5488 506
-689 176804 7974 296
-795 190945 1857 650
7 106892 3093 668
-454 193324 7899 265
-16 112862 659 297
693 86832 2569 115
-675 197488 8437 37
883 173909 3541 636
-422 196001 9725 770
460 179011 3876 264
523 189113 4183 66
695 138454 2196 984
465 198993 100 689
734 188073 5557 391
-706 149450 2245 475
-188 175239 3365 149
-421 124628 6988 647
627 169860 8687 610
166 143400 959 388
-87 134884 8582 607
929 173320 7181 162
357 193769 1806 577
936 178832 2565 355
670 182338 427 7
-685 119652 4500 195
-60 176299 2205 781
684 169847 6847 525
330 176882 9995 481
-542 174586 7522 847
3 163952 8767 725
927 173430 1511 680
413 181605 7234 213
422 172786 6586 856
-773 174760 4889 124
256 165391 412 768
6 163947 8096 201
311 176649 6309 915
-427 152363 1316 62
-316 185249 159 861
-452 198846 1414 4
-58 169270 7056 2
850 173878 5614 856
772 182047 2935 41
135 168241 1470 810
-348 199651 6442 697
774 171681 5560 623
588 198351 6815 676
54 191183 5681 876
568 195996 5465 203
166 193344 8807 702
-740 189053 5684 337
9 120592 8368 15
283 178567 7364 804
-401 88163 8357 147
408 153264 634 313
469 181569 7118 331
493 189245 9032 934
16 165830 4543 896
-358 198481 6102 901
-314 134698 6802 219
-976 119988 8117 519
-676 180374 631 837
461 138573 8819 910
-442 197091 2360 602
633 197334 4432 343
124 188984 3041 170
-670 178652 3504 407
-247 197219 4447 194
-124 176457 768 605
-487 144463 6007 655
349 184658 1246 599
-653 89628 523 44
-529 137762 2420 665
452 196901 920 70
166 106552 4197 266
-34 189614 1378 693
844 179316 8746 425
896 186193 8275 781
330 182137 7597 999
103 170406 3985 165
722 169364 3079 278
852 171095 6830 55
522 182704 3655 354
783 191293 8214 313
187 159338 6676 45
828 166820 8644 818
825 159315 7716 545
-900 173344 2197 400
917 165967 3340 529
887 193272 544 33
977 105365 3530 184
-392 147854 8101 448
-254 26482 545 518
-391 176952 5781 105
-372 100041 4773 575
335 197757 5986 223
-470 197191 8583 726
344 199316 7320 718
-179 187809 7345 385
595 170131 1083 532
438 199923 7477 694
752 199400 9362 117
-250 170643 83 469
826 196142 3251 646
-347 160365 8329 863
929 161801 832 857
961 193301 9199 551
268 182418 7842 538
314 136510 6019 983
-930 147855 5637 240
-22 179255 433 454
279 148700 3331 520
986 173208 550 240
606 182212 4773 941
66 184708 7015 885
-419 142568 7718 132
-241 159257 3213 750
573 192176 3561 871
-436 160987 6915 685
451 199387 2510 519
202 143488 1762 371
970 139499 2128 734
-927 155938 4892 79
-62 199675 818 133
74 184772 983 308
-760 166186 9739 203
-467 128917 5147 868
-569 192500 9582 182
-488 173198 4351 315
703 165782 2446 159
-31 189803 7600 79
597 195205 2257 720
142 196428 819 861
-885 184052 6115 272
369 161604 5309 695
-784 89422 3806 50
-423 132884 2895 996
-951 177472 5384 521
-858 171138 8231 495
529 195884 3261 536
-372 184093 6261 509
911 197522 5934 729
988 192122 6442 528
-953 137774 9658 203
942 181438 5015 585
243 195172 1626 225
-685 194569 3380 309
-958 143789 194 824
313 150959 4943 125
-335 181406 7783 8
575 182714 7559 244
-232 174646 9563 215
-452 175297 2409 756
-536 91760 8384 953
138 194463 2170 409
-477 135025 1819 347
-952 178150 325 785
-53 191751 7079 274
-897 199425 2135 332
287 171958 8142 799
-300 114503 4344 496
-990 139638 4771 885
719 171327 5532 519
973 138298 3923 525
282 196202 9770 853
-232 191666 8108 824
-882 191522 9900 611
-763 199629 861 190
-678 193959 1399 9
-99 192254 2031 367
-796 184759 7116 267
-754 197275 1860 703
772 194784 5712 2
980 103572 1039 694
174 180626 1465 942
22 170785 2675 136
112 190221 6377 41
-316 192774 351 298
