2000 200000
-653 152280 302 469
20109 187476 906 166
-17110 168071 25 412
-44439 173472 943 740
47300 195922 172 667
-5033 166769 590 438
-22432 163974 366 977
28400 184663 355 486
-23832 197728 362 766
-8049 195300 730 967
17326 176947 813 105
6542 157835 322 892
-9366 150593 100 586
40896 140657 286 720
22580 193005 658 818
6062 183588 166 705
23069 186105 616 480
46294 4568 46 534
8531 161576 798 726
-17599 193832 245 372
-8363 186107 754 515
-10203 184142 690 548
45876 122273 311 274
29531 148392 42 271
38315 187618 688 483
1089 161946 261 373
23296 187147 37 760
34450 181779 178 906
-38340 183078 77 771
-3324 151443 295 114
19687 76796 253 359
-34781 146844 470 559
-19640 168113 208 308
-37779 173568 749 665
40796 182352 239 367
-32657 184560 45 461
-37707 186697 260 410
-34530 197827 198 265
629 169664 562 704
37336 160876 841 744
6187 178799 127 348
-41477 191471 646 665
-32722 168357 237 667
15270 160166 783 565
-20072 180585 597 182
29264 195034 477 857
22372 126055 101 37
-44985 186290 545 240
-3317 193406 756 185
34314 181486 694 189
25212 183981 340 201
-34360 185090 270 272
-34213 88188 448 175
-27846 188503 571 695
-31621 193230 935 284
48895 110983 535 583
-34401 179943 823 138
43768 167145 285 3
-35986 197303 277 936
17155 189986 970 245
-15051 188258 700 732
-18148 174082 719 811
-11710 150757 300 236
-27216 193393 953 844
21598 193696 142 718
-15964 163835 66 787
3979 187101 246 697
-32601 186622 825 275
-34498 196665 648 788
-12109 157708 704 500
37887 194931 670 413
-39959 178417 13 598
20735 178178 176 716
9422 188433 804 996
30585 159117 53 538
7009 197359 10 818
23853 199058 874 469
-5569 193328 701 458
-22631 192607 738 141
-27271 161522 187 675
-22247 130597 173 748
-32044 192058 921 700
18177 197850 195 258
-14751 126590 765 568
43192 166303 331 262
-28897 184086 246 338
31191 184198 831 236
-14898 176004 842 547
-5277 186790 747 467
-5931 95049 81 98
-22712 199920 494 655
-2601 180328 512 484
-41257 176123 184 71
-23375 175005 505 252
-48191 135915 933 88
36664 180845 361 677
42964 130123 761 130
-623 172275 210 726
38262 193089 404 145
-13519 198497 723 814
6848 136978 313 471
662 169141 116 704
25245 151682 810 49
-46427 145973 215 120
30755 177657 670 975
-23386 131709 460 231
-25135 188166 518 504
-18466 189760 764 427
39594 193295 356 733
43852 155550 648 227
16210 184615 134 276
-31130 174413 867 347
44487 135455 546 9
-38828 191644 6 67
27970 187026 594 593
26381 164465 883 132
-8050 106611 433 383
-31343 179691 499 974
-44313 182565 143 11
47911 189608 828 572
-34441 176651 42 159
-14215 130760 254 697
21806 185374 423 988
45709 142552 981 224
25760 190742 824 845
6629 69705 989 614
48068 194595 181 882
1178 193444 425 923
24554 188364 736 904
16660 166568 284 313
-37699 158744 707 408
20621 180445 948 252
-12678 170647 701 653
5735 175436 387 371
-5041 174536 54 490
5804 171579 72 783
28823 141345 776 156
35845 192125 462 890
-30315 179586 191 107
34909 181041 756 953
-35600 159184 986 320
4983 143086 238 397
31119 153639 634 178
31404 165903 193 214
-10443 186554 587 496
-33974 146909 653 962
-23233 175075 129 662
34378 174987 534 893
32988 192468 500 802
10482 194146 35 337
1356 178808 696 255
-40213 152492 716 728
-45540 198889 934 957
40003 123585 829 952
-20288 142043 616 479
-39963 150400 432 431
-5998 182947 396 389
-24265 166960 147 360
38347 182004 806 946
6934 191383 326 77
-13727 193760 851 217
-17522 182727 104 148
-32672 194932 99 764
9628 198141 650 223
-26804 96311 22 134
16135 188462 812 351
26453 190985 483 802
-740 177176 751 889
16828 107251 22 827
-30102 144170 715 245
-42810 190653 456 358
8734 169485 746 523
-9954 198739 764 341
-7424 196940 445 319
-23855 179229 215 413
-31699 120520 534 974
25636 51299 264 818
-137 164512 446 329
48632 199307 728 154
-45734 168813 928 610
-14718 135679 380 8
29472 181222 45 45
-34140 152246 273 970
30488 195009 314 17
6960 175305 55 133
-43949 190672 415 976
9695 198937 689 736
34624 196669 522 123
4557 191940 724 943
9576 115584 780 546
29399 199564 895 897
-10804 155955 330 2
-15560 192283 10 380
-42179 123279 206 776
46592 183951 338 847
49533 194509 503 830
-49194 120403 900 224
24757 180655 231 731
-24304 146492 920 632
-38121 163359 4 728
-5295 138759 448 500
-29067 108951 954 929
23363 194034 570 638
15490 198572 447 281
2901 120348 587 612
-24089 190273 903 401
34454 186878 92 887
-39831 190431 961 242
-21837 158422 249 974
-1606 193187 553 897
31278 180417 928 708
-19492 145169 208 683
-6528 193131 471 384
-21410 164247 362 66
6993 195443 418 163
-8464 133302 558 502
17461 176463 227 312
-28631 189951 163 800
1258 197351 907 952
-34276 165895 953 675
23599 196076 992 611
-4329 103737 991 404
38983 193769 264 774
-2372 195964 851 445
-11857 178493 997 105
29347 169099 159 620
-34084 156509 538 880
14608 195548 482 953
42904 68154 485 301
13554 158881 589 304
20415 164674 93 332
19708 141910 584 556
-8554 128663 223 744
45447 199584 907 157
-24116 127507 92 893
-10585 185409 210 363
-5261 193889 981 309
11565 168442 227 995
-23488 138887 961 519
-34146 170680 554 522
34402 147935 727 388
26387 174952 383 489
-288 80258 424 836
-32815 178696 350 280
-39881 169909 271 594
-34679 103168 872 126
22418 146371 19 123
-5486 138355 193 960
-34038 170098 668 653
-31066 152315 498 1000
5729 76572 477 781
49275 179448 199 336
43034 103337 737 274
-5884 172699 756 703
-26149 198738 657 121
-41561 195266 620 19
-13530 191456 181 400
-43648 185298 82 688
-23276 168726 522 615
-35274 197186 564 345
28467 169762 995 388
24604 188798 956 924
-5438 178281 715 87
-24725 199140 529 659
38059 194729 282 766
45471 187868 823 681
-39391 188081 694 266
33936 184480 99 554
35578 172132 540 713
26993 192881 585 510
-47281 171790 271 981
24142 139842 209 679
45201 191701 785 5
-4158 189537 511 953
-23889 123167 576 994
-49417 130584 91 746
-44666 180187 875 726
-48317 192623 585 907
38855 196978 797 801
-47169 162486 26 686
-38416 199096 841 780
-13815 146014 626 856
12612 163184 535 897
-9412 172881 195 841
3629 163675 70 570
32495 159547 643 906
28051 155724 355 514
21292 168900 354 470
8381 198464 113 514
19890 155022 847 532
-29752 163304 706 565
-24146 188310 3 348
13894 144939 101 38
-20075 198026 342 905
41402 187158 921 944
-21659 197130 897 575
5361 190824 201 726
-13443 189937 148 773
-31134 167017 232 293
-16710 189255 522 932
9833 149610 687 591
11540 189256 10 297
-24703 94810 893 249
-7816 73732 471 680
-2175 131236 495 431
5992 189762 882 650
-31751 177300 80 823
41264 198271 990 712
-1971 57830 83 564
-4021 123344 924 904
1393 177818 767 717
-5643 157564 225 679
-23034 192549 914 733
22450 98251 741 641
38772 198007 465 964
42080 187737 958 845
15400 195141 599 613
45496 189088 277 837
-26128 192053 157 210
-11317 188543 839 533
24917 158230 642 502
28379 175784 687 921
-34855 192965 722 841
7864 198582 193 660
43698 92538 788 97
6940 180879 986 454
11237 141915 71 799
42185 173901 136 903
-41177 143935 148 136
-48191 189145 668 890
-13424 163474 314 582
48262 196022 423 572
-21535 133794 71 991
10772 191688 540 764
11064 87034 451 764
43229 150043 122 389
-49519 195466 353 788
-16508 190322 894 586
-18048 180215 937 10
-13733 126876 551 882
25548 192957 167 485
25761 191468 953 381
-3313 153954 937 111
-34730 51451 422 246
-44308 199040 168 488
-24894 194805 50 633
-24593 154011 124 220
-7354 183037 590 319
-693 172857 29 867
-12128 133278 521 192
-11055 194056 55 127
-33243 102156 378 424
48621 177498 70 388
-46182 129035 592 574
34598 189799 931 419
-30508 96320 333 801
-24907 197625 438 711
2257 196192 433 836
-36251 164867 821 60
-1545 198483 820 227
-5331 193205 756 29
-1396 142399 167 367
-11286 187473 973 566
-2443 167352 43 679
-24928 158945 162 377
-11437 184847 153 264
23123 169491 105 677
-31109 165485 412 310
8481 112810 904 612
-46954 195007 77 251
8579 140684 201 835
-5543 193506 678 64
-28476 198800 216 984
-42427 168221 153 947
-30175 150569 443 927
-48382 177109 610 328
-31294 177696 953 734
25367 156089 338 282
-18792 159591 55 579
29229 66493 165 220
-7529 144150 895 386
34374 135363 823 276
3798 174534 905 236
34296 165737 115 647
26821 192146 15 404
-44497 136330 564 739
-1041 183677 268 355
13250 117968 640 289
-14639 180356 677 367
9653 191618 42 185
7417 198709 667 144
9615 196512 703 380
11139 142425 784 92
-4676 138613 379 836
-28048 187611 472 260
43654 184026 613 910
11432 152574 738 510
-11216 166603 305 971
-14414 154699 784 604
40724 190585 709 596
46450 193030 939 93
-24226 178340 246 189
-13278 193311 51 347
38280 184638 123 251
-41420 185208 501 437
37016 183684 243 224
22119 198683 526 286
8631 192187 59 407
17768 182755 727 390
3379 104790 859 284
27564 195904 826 872
-1096 181479 970 38
41323 150225 77 276
6986 197095 639 607
-12993 134883 932 326
-2554 178877 874 179
3134 196668 260 159
5435 192609 706 312
-19468 173715 789 394
22467 183113 545 878
-42811 185646 944 386
-41498 199599 701 367
3618 190355 730 754
9009 169905 720 73
44585 130201 696 133
6707 174914 850 337
-41309 181401 243 376
-22726 168968 197 170
-37032 75021 94 733
44300 137353 378 703
3382 152396 702 401
-49657 169363 563 926
2466 164754 58 57
-16323 185853 625 934
-25026 96982 540 472
-6166 169883 255 18
-37828 142654 590 45
46169 196602 399 478
-32414 180913 968 75
-12105 179460 355 482
-40833 174309 714 320
1109 167129 527 797
-7028 189515 229 115
37732 181206 126 500
23047 185888 415 832
-35891 194070 882 595
-45619 13352 295 262
-6833 180460 280 811
-15241 167051 405 355
12028 170073 427 422
32438 192379 967 55
24246 156984 207 679
18673 138617 991 206
-7418 191746 714 813
959 135247 729 418
40990 149790 671 546
-5056 183138 596 944
10193 136125 907 87
20193 195361 495 762
12591 145521 972 778
41457 164241 591 926
-35547 194551 182 404
-16611 114984 21 37
3765 197266 456 684
-39853 125507 934 639
-11246 110840 687 88
19285 176749 901 964
-8258 77396 289 69
28636 183190 276 62
-45656 199439 933 549
-17872 175931 188 342
46336 165066 178 857
-7034 170842 552 557
-29282 160230 653 679
39769 144829 105 269
1843 190136 815 446
2188 157712 790 46
18669 196921 183 64
-9089 180241 90 125
-30575 171600 564 471
-10096 167251 131 186
-43660 171246 77 260
27860 172092 88 386
-7141 177060 653 388
-23786 135451 723 21
17557 194634 505 900
11631 178076 560 144
47957 144427 956 335
23975 183857 589 630
17940 173418 510 717
38732 126667 139 611
-10489 198692 232 103
46033 187904 347 201
-43299 157584 932 832
-2231 149911 485 727
-49220 175570 523 30
-9596 162211 229 71
-44227 198697 478 906
45481 66305 599 271
-33659 153465 434 36
661 178509 949 162
-12859 189558 558 235
21587 194191 911 568
-40747 185285 878 708
24573 124574 643 852
47692 187523 733 449
-20782 190048 549 988
-7164 127711 87 196
-11303 166343 328 855
-12756 168264 222 244
43477 179781 838 954
-13106 193184 462 128
25769 194972 445 716
-36797 162038 642 194
-21906 65509 858 659
-17485 176269 912 166
-25677 128403 243 446
17329 157296 843 898
33429 137494 1000 869
-49449 149929 272 32
29919 157657 906 582
18142 152756 268 979
-14429 186217 903 762
-28671 189195 155 983
15642 164113 724 143
48499 184639 716 813
29690 135300 724 79
46590 184805 372 285
25974 190966 497 81
20446 147827 760 572
-49670 178591 761 863
-28035 184362 64 672
-33594 197150 467 904
-35247 195898 689 90
43755 103213 202 224
25395 92663 673 692
22980 193587 626 525
-48575 194086 440 387
49944 191255 289 362
43127 191736 661 703
38062 191532 503 130
-17239 190091 223 961
-1233 163201 41 5
-39227 108071 454 349
3202 196480 667 831
22663 152337 593 344
14500 153587 564 459
-34211 4269 546 307
2984 190693 815 89
15612 192979 151 649
44078 197540 999 248
22242 181073 306 286
-7354 127555 419 8
22958 170275 267 322
17575 126068 699 343
-24067 120858 805 212
-43285 159890 841 31
12775 189391 407 514
-1266 189789 196 309
8218 180155 12 727
-35129 183426 577 550
118 114781 941 214
8838 198030 316 542
2824 180929 925 384
43151 183885 278 65
-47157 188186 630 913
4470 175250 606 134
20060 124163 666 48
42780 141215 901 864
-2404 134224 269 822
45097 194728 997 47
12492 44006 530 582
-5301 135325 435 807
14501 100391 507 30
-12754 175811 221 375
28022 160976 205 638
-30468 192178 877 845
-42142 179924 163 967
-35209 189613 623 1000
-19463 149539 818 325
24821 98860 239 511
-12747 199994 789 425
-29828 137112 47 337
24 168310 698 816
17694 172813 1000 956
18884 197254 61 432
-19401 146247 24 906
-2308 149215 180 629
31908 174213 771 865
2458 170258 563 759
31591 198069 532 618
-25552 178411 585 855
30841 171026 430 197
-20381 190676 483 257
-16689 179484 494 355
13253 190536 872 868
2641 185119 708 28
-21037 194960 101 424
46870 171751 258 770
-25233 174548 146 424
43908 183596 573 133
25406 124309 412 385
-22105 163762 650 465
-8476 162415 644 145
14096 178169 490 238
37151 190125 353 924
-13391 171404 529 679
11201 162062 498 83
-22570 195989 148 877
-48461 171019 278 718
-14266 189030 738 333
24743 165915 880 444
-4646 187406 140 495
-18564 167775 533 480
20510 199558 920 312
888 189717 489 30
-6010 150358 578 283
19777 161520 665 239
-17677 121002 964 116
-29155 103662 986 546
7590 182036 976 229
32299 99500 466 20
-10332 180360 708 397
-30335 192115 925 58
36555 149611 670 30
-25400 198403 140 484
-24140 141203 889 350
30229 195358 633 404
20330 163614 911 817
10473 81802 278 488
-15030 198719 103 484
-33492 186879 855 420
-26404 191478 112 965
-49466 199409 77 356
-49455 199082 151 170
-10818 176746 645 585
48030 177405 718 823
-41705 177852 97 817
43672 145308 70 597
-10969 184094 461 316
-7728 135892 326 351
12122 170823 524 965
21393 188548 428 207
36263 168471 588 14
26328 164014 549 945
-10638 170551 624 848
19988 186829 976 710
45474 118742 789 705
-22050 185177 968 908
3076 197572 528 606
-24037 197446 841 452
49696 131963 990 164
46416 159061 706 996
29754 88770 852 762
48773 179964 301 494
-32884 173479 872 314
94 184783 307 57
-44766 158106 327 959
48789 136795 852 215
-24682 68230 425 457
-39332 144339 94 392
-32434 192034 418 767
9331 196113 803 221
17747 176825 955 509
40965 147366 680 567
26835 181708 577 775
-22040 94806 764 761
30522 198755 892 812
10164 177307 846 683
-25555 169750 123 231
36131 132936 122 337
25895 168945 702 778
32267 171313 845 276
-22857 176405 252 484
28601 188981 112 727
13082 138126 87 901
-25042 168990 386 589
-32427 194392 781 607
-44610 92810 585 762
-105 199304 48 896
5927 173028 634 279
-33715 170074 73 694
-5393 125765 743 346
17605 99704 432 146
-1662 192352 728 397
-15833 198528 647 336
-20629 49913 822 294
-43279 196949 736 709
25136 155207 725 639
-46477 102245 92 171
18931 195539 551 999
-17142 140204 151 898
-44410 153693 945 73
-25855 197890 344 527
-38865 172236 840 924
47301 194613 909 282
-39523 187713 29 571
-37304 193427 647 691
9770 185469 105 78
40857 158154 146 364
-13262 194974 514 449
-37887 144305 240 53
28915 194986 431 812
-24895 141824 182 740
4614 182713 369 771
-26869 182067 215 700
-30532 191562 547 54
-16001 123286 56 336
43997 189462 387 580
8968 190928 420 616
-24675 188974 762 60
-24267 158714 785 443
10624 190667 504 28
19612 181054 860 189
-41296 123923 164 638
-29299 192646 545 924
33372 197915 987 248
32051 181628 533 918
-2604 199875 487 771
-21040 95733 183 757
-30173 197885 290 967
5177 194939 428 71
-42419 176404 163 573
-16528 167832 971 423
-37815 195194 848 413
-478 170168 185 216
-1824 184680 701 833
-24063 197153 645 627
-16986 188708 389 666
28322 160553 183 70
37177 172766 671 202
-47399 190639 469 560
473 181343 675 530
-42060 181958 775 219
48839 171174 332 461
-31722 197864 500 882
27521 157748 96 852
-27915 193452 348 444
15484 190443 911 59
-43946 151215 287 127
7011 95664 9 221
19208 93035 198 72
32112 196309 987 900
48159 92724 633 226
-11735 166427 395 660
44146 181744 201 309
26813 152691 482 577
25110 194930 623 578
-32993 135572 370 190
-44611 138740 845 93
33186 179190 168 191
-41782 173070 756 138
14134 188157 724 41
-6922 139670 862 75
-9373 190642 455 625
-13975 185552 845 24
46851 197909 836 611
27473 113643 419 24
-32763 125116 691 589
-43065 195654 500 728
-18720 173689 986 467
-669 191893 865 266
-48364 119953 77 492
34588 195281 335 953
1447 176510 327 804
-45211 186818 888 370
-6401 175090 106 556
24261 174372 200 709
8188 199936 572 647
-8523 152921 298 204
-47464 130839 963 671
-128 183927 988 970
24930 177145 627 72
-17802 147907 361 713
17879 189001 684 219
45170 171564 695 486
-39198 196365 234 214
-49907 195308 296 573
-49610 86080 496 650
2370 196246 612 949
-3638 199896 652 805
-11003 118413 855 267
-39148 198422 426 113
-33954 183906 295 234
25258 185896 410 462
36522 173537 794 31
-26987 156823 179 204
30195 99599 990 102
6806 121613 180 107
-30865 192441 288 809
11454 81813 880 78
3703 180995 169 706
-2903 190566 275 254
-12246 182662 6 839
-6533 197052 819 796
1121 180037 391 29
6718 137868 16 145
-1644 171289 499 273
-9989 198245 671 121
25485 198674 538 963
-35177 173074 580 157
-5748 170546 524 52
48145 173975 935 48
-28388 191867 904 746
22201 150395 161 741
-45581 142222 623 913
43122 195525 694 616
-41713 191751 963 877
49932 192133 429 906
-39633 198574 2 486
-2948 179628 582 761
27665 151866 576 59
11517 157343 716 151
-43317 187894 132 738
-49141 186385 427 570
3116 177070 937 671
6877 165035 180 948
25747 180076 224 243
37923 181005 103 412
-33328 197263 76 232
-16958 194612 680 622
-49893 196614 631 658
-22388 168363 166 246
-23118 157333 812 272
28579 184010 840 299
-30793 177533 101 955
-27761 199528 873 186
4681 189924 581 926
-866 175756 974 256
5217 194821 113 928
-46116 174188 781 428
41681 198630 587 566
30035 189928 560 101
-18471 179400 199 581
19269 155777 179 888
-49046 182816 882 382
-49304 189752 235 789
-3938 186610 751 179
-1726 166557 136 27
-24617 177721 773 105
-28058 166663 84 712
27000 119274 566 447
-29171 168684 237 686
-11935 183011 977 806
-48584 160975 391 627
-46864 139006 946 793
-37338 199798 861 353
24564 135 929 248
-6575 178603 474 29
14515 114701 497 192
-43282 199662 404 883
-41153 138696 497 942
48997 96262 897 306
-27531 186747 40 123
8846 125147 84 621
22647 128646 533 962
-31571 105199 961 938
-20566 195650 286 360
-40657 181579 608 30
-15022 176450 730 668
26821 97146 615 185
-35411 193428 537 679
-38847 157061 532 150
-37362 162889 778 421
22031 79656 761 783
41660 178173 965 341
-26442 188287 696 62
-5942 194877 954 278
-32368 194813 650 287
-38089 112834 706 764
4582 169974 738 980
-4663 130692 757 242
3312 163995 720 793
-1690 187726 132 903
-4181 125134 547 850
1396 157914 769 982
22492 168431 919 114
42290 177598 867 905
41253 10981 824 317
-27113 196795 407 822
-11419 171454 365 137
-48759 155247 371 533
29813 194897 961 545
-8127 111500 981 40
29313 98348 165 881
-47235 148364 820 469
17476 179317 475 145
-5722 189092 205 312
38471 176665 343 908
19460 153092 241 269
-17605 148151 999 169
27262 181917 421 621
41557 188822 245 405
-32361 40089 451 647
25930 157115 618 558
-34618 162323 943 929
-44629 188419 86 387
42997 186351 285 879
38659 168059 365 195
13372 175007 505 251
26576 171780 28 563
28511 161361 255 702
-32866 117628 981 836
-44795 185425 436 582
29258 177920 560 300
-49957 199489 789 201
-234 121599 10 100
20265 178581 295 425
-28952 177499 947 546
9779 194545 935 593
46088 171439 306 25
-31244 174645 267 311
-33094 197140 996 742
29814 141247 664 226
-11560 165929 414 796
36500 159915 382 103
-4267 189044 278 19
11188 142294 154 606
39278 138701 881 116
-11169 178165 635 499
-10415 183558 377 256
17732 157283 575 842
21843 196763 310 90
13069 160932 606 867
33293 30412 279 195
-14529 197791 135 174
34903 170837 193 445
-16776 165965 162 353
40904 175113 319 394
14020 183952 151 720
4173 119212 298 693
-34943 193013 149 468
-15256 176743 579 457
1525 182500 462 71
23595 168182 880 362
4684 176314 793 15
-33611 190579 660 801
46934 191050 495 18
41228 180606 362 212
46145 191385 915 273
37980 129752 75 269
13875 171165 948 272
38575 157524 749 274
-45333 145005 53 397
26414 198238 439 30
344 159100 192 344
-35912 198760 179 510
45114 186343 734 890
32769 182215 980 278
-44775 146027 522 496
-29780 147575 136 709
48835 198758 639 234
-38292 135282 943 366
-1014 81236 543 240
45432 125698 797 337
11229 174314 869 485
-37139 112994 77 315
43718 171071 622 743
-39639 192671 128 545
-23164 194469 452 965
-46939 199834 540 274
15722 182164 619 770
14162 181298 24 542
-13032 177309 512 681
26776 190547 335 994
32089 192390 583 906
47979 175819 203 790
6237 195713 404 244
-32849 186328 708 632
24599 199467 452 524
-42993 170127 41 730
49690 188095 453 253
2360 190058 951 218
-3248 158816 716 649
1883 168609 384 90
27580 196626 318 55
16259 199072 14 424
14897 194598 777 773
-12012 164723 481 662
-27950 193812 892 745
-38651 180456 829 436
5068 184950 756 355
-30209 167183 959 812
31217 176335 73 53
-36105 184828 682 159
-23050 185679 345 390
26249 148046 373 751
19696 198974 803 787
-16011 193198 520 61
-35638 117314 191 927
38175 154981 807 244
26955 160600 420 677
42818 178376 590 757
1990 175659 450 451
-40140 187243 893 21
20609 136626 561 818
44352 102311 630 725
-23317 191272 378 52
-40160 104504 262 64
25976 162969 78 933
-33798 152462 817 594
5951 142595 564 342
-19746 181442 657 615
-27498 183066 206 325
39549 183985 408 626
33036 181414 446 9
31883 189682 835 96
-20888 125095 253 965
-18120 181820 330 172
30944 170801 349 123
9740 172253 150 780
-13891 132281 888 892
7746 145895 987 588
35437 190893 457 549
-47994 194680 655 10
-21495 155879 114 436
27026 167985 281 266
-41687 195581 181 684
-9786 166547 597 875
-59 188416 351 909
-49786 153757 911 657
29517 127245 106 23
-43015 165920 286 637
37771 175083 834 705
41087 123393 316 371
48536 197222 339 893
1746 97253 315 346
-41379 172967 921 759
31169 185461 610 858
-48021 127467 512 135
-8567 141304 721 777
-40867 182000 685 139
-36522 183805 442 430
1197 166006 677 520
-35879 117520 241 586
43412 164652 885 682
19562 171782 269 595
-33402 188911 826 2
46207 161022 143 852
15277 163690 570 992
-16818 147842 690 626
-23162 198104 611 402
35104 128789 236 968
8857 195372 99 84
43767 183244 189 102
41117 181843 687 120
-32638 185320 710 365
-45012 142959 976 848
-23426 163618 556 487
-19486 166424 20 514
-31345 138711 197 21
6396 192158 801 52
49727 191902 434 152
-38833 184365 471 24
10839 192788 302 572
15430 71477 606 82
-14116 176981 502 362
10945 146752 870 760
3949 185787 522 102
-32085 159989 22 25
-30150 199741 962 641
14458 187601 224 697
36839 193656 53 568
-44595 181612 739 164
-37439 140229 231 764
40609 157131 817 266
32704 181336 705 371
-19692 196270 890 819
-7649 168761 246 71
44959 195849 953 563
6264 180496 763 86
35054 189838 478 279
7427 79803 950 507
-49887 199715 379 560
30097 173746 331 611
40 136729 444 312
-38780 147336 875 2
-19589 193353 929 435
20817 179477 550 111
46712 158513 942 304
1593 154740 675 270
28225 138241 236 400
-28923 199954 557 917
-15819 187317 809 999
27008 191663 913 193
-31474 183845 623 761
48314 179288 374 138
-37573 111582 41 727
-9990 173683 572 92
-9665 199026 507 586
12227 130308 928 96
-48117 187487 850 543
46731 170907 543 635
-42921 164397 466 949
-28167 196872 281 741
-15386 172205 55 539
-12899 175475 816 228
-47557 195315 599 165
-908 160233 186 978
12023 195933 118 640
-39300 191928 107 102
-37195 114202 105 924
-37547 99753 735 431
-39192 170467 744 394
-28999 149958 591 998
-2765 185528 590 319
477 198507 73 420
-44183 182725 659 688
-9911 121171 325 137
13639 158583 364 174
13685 117059 182 80
41679 185040 297 572
-37979 151899 334 775
-30041 192779 144 375
45158 191892 998 507
14833 79846 312 414
4714 156607 532 244
-28116 183643 1 635
-45599 188141 422 134
19371 175718 570 792
22552 179762 966 688
-24940 177857 243 213
32534 185174 111 840
-24259 180106 141 713
-31787 181374 559 622
10914 193883 894 96
-2145 181668 645 64
47338 186835 90 741
-17495 156533 6 559
41564 148485 567 304
12788 170015 954 720
12924 187019 272 393
-23742 168649 277 742
18538 120841 132 973
19702 178589 987 382
2268 171536 680 369
37455 196497 347 467
15739 198759 883 166
-4154 79075 936 779
19517 196720 304 436
-1529 173459 156 354
-8191 183298 241 658
-14547 188815 206 910
-24944 158863 610 653
37857 161882 878 683
15794 134803 773 134
469 186317 775 112
9007 192688 85 25
25628 187792 4 650
-35896 168909 709 764
-40436 196805 782 528
-27595 188289 849 894
-42058 191213 469 510
-42816 172055 725 1000
-16475 152807 134 854
10113 156336 677 944
-37609 198315 228 44
-14724 192360 221 924
-43783 184103 42 234
-35783 150774 179 955
39654 185806 328 980
10818 171405 49 619
-49280 172252 859 732
29955 192246 528 575
-16368 163499 403 161
39613 190294 146 583
10299 108206 144 787
-45301 174592 718 181
-18650 191167 700 970
-49606 128129 314 341
12972 198372 679 681
38178 187739 996 541
49117 161516 463 909
-41174 197709 801 974
10265 197144 583 379
-47044 197124 866 145
30862 161990 2 153
-31292 177096 316 70
1039 167582 280 507
-11633 129614 296 33
28822 171137 856 226
23650 11911 723 86
8731 183586 911 824
20313 90710 958 367
-36491 156077 504 95
8705 189912 529 788
-43567 176168 581 187
-12552 196405 92 811
2897 192591 109 685
44004 186372 102 936
-33593 129013 14 497
-42159 143306 778 414
-5102 176629 358 291
-16880 185499 238 374
-10503 167141 749 974
46476 117684 182 728
14662 145555 957 469
40782 148538 465 281
13764 144752 252 982
-23052 194011 226 277
-42820 192028 25 820
430 133963 579 508
-47731 190638 182 108
-44870 193624 829 354
33835 183819 278 243
23873 184710 291 794
-37926 155102 320 774
-47631 180429 824 930
-37141 197341 50 633
-30148 63743 214 397
23669 187515 593 124
23442 195214 9 93
536 178935 337 500
10618 190497 28 896
15951 192651 792 406
-1641 179793 442 773
-44492 191158 688 754
47097 184635 591 527
44505 160409 860 286
9441 166744 113 66
-32989 190458 299 799
-3590 118929 25 276
44330 144092 691 968
34196 192617 527 485
-35473 182127 496 876
34211 189804 453 978
38813 197543 182 750
24152 194112 2 823
17348 184679 483 781
-34082 129335 611 891
-37614 184606 1 816
49624 170472 397 401
-42381 174149 411 312
-40263 198620 790 500
10507 193359 678 406
-33468 160337 413 859
17073 139061 290 843
-19962 164571 184 86
40495 125606 193 511
-38703 123317 349 431
-6217 191633 719 516
-25221 83503 602 989
6984 195575 211 508
-5930 152748 465 997
29026 183324 685 232
3473 194177 359 306
-41081 150102 105 603
21743 199052 28 855
26739 184136 859 15
-13817 170791 24 179
-28260 178001 148 735
10236 16176 68 997
30062 146826 948 300
15390 181623 927 144
-6879 152741 441 708
41281 171312 826 752
43132 175080 87 80
-45764 135705 246 462
-8306 165483 360 901
13573 191872 693 985
30891 184218 742 30
-35764 160172 615 350
-29852 135224 487 672
-10251 155571 422 49
-39126 196546 449 286
-46982 199656 356 748
-46363 149962 758 678
41185 164108 260 816
-25712 198444 169 445
-38087 165399 670 346
-16744 194845 42 414
33019 177279 127 473
45461 138368 352 17
6527 166855 393 117
11367 149395 517 962
-45571 181666 423 650
-41291 181942 78 879
20486 151702 524 317
33635 47360 786 846
-47166 166143 132 174
-6606 116771 923 302
-23797 188757 707 391
-8739 170577 796 398
-15830 180559 813 532
18448 189700 554 211
-47919 199412 238 277
-22196 186241 566 831
17848 107054 356 584
-36647 182303 178 694
-46596 132899 50 226
-24116 198787 546 858
-21899 177357 254 775
10649 185659 93 154
37784 178487 37 656
20218 164250 108 758
-31123 164574 142 326
1442 169847 170 807
-430 196020 212 668
-12517 124450 294 437
24367 180092 336 154
-39129 42828 725 889
-2949 192060 351 431
44245 197334 404 956
-44464 172789 216 118
-31230 188029 877 168
20650 170614 17 469
17267 143975 63 158
-24698 186888 299 362
-22160 142003 523 327
-27111 196042 443 160
-5981 190749 108 824
-11217 192862 658 529
31921 179961 71 40
-27258 191148 864 772
41785 194871 620 852
-19895 196031 317 608
47628 188961 988 141
-46095 182893 488 818
26923 174160 260 527
-4454 164120 172 388
-3929 132593 1 702
21858 188618 839 430
-8235 89400 884 637
-7960 187685 285 146
22929 180075 192 672
1314 191139 462 163
-9643 199477 434 163
45855 175836 867 783
-17063 165626 241 113
40447 122472 406 749
12462 196263 878 730
-22480 147411 795 568
-24010 192601 46 671
18347 195344 754 836
-7737 152061 886 904
5838 6312 127 376
-38176 193843 462 545
16476 193478 620 622
-7574 188257 817 936
-23598 124645 981 855
5427 190935 612 210
-4629 158984 741 355
21416 177546 230 327
-26154 128362 335 248
-34127 169281 975 644
-48490 157609 727 216
1842 185868 565 319
-24037 174946 203 96
-3425 180756 570 344
-44352 156942 164 503
-43617 132587 2 375
-21402 174851 850 348
39461 196644 836 736
35342 164724 743 819
-149 197686 407 135
18748 197367 835 649
3280 168079 455 520
-1301 122408 856 510
49076 131067 624 565
25004 189490 671 932
-1967 188319 83 158
18723 91900 411 766
16285 187783 919 781
4163 140247 68 522
42270 185446 634 936
-21239 188271 71 761
-27860 176467 728 786
-9961 175739 724 718
-49906 191236 923 236
6035 135170 513 199
-22834 190710 460 305
-26273 157781 814 800
-10401 172142 474 344
-8198 122442 817 382
-33647 190519 72 861
-33256 171179 466 75
13457 133526 532 418
861 180702 881 437
44615 178970 861 257
-3104 92579 319 396
20810 150625 45 734
37502 185740 99 764
18439 125512 216 28
-8644 174642 662 648
-28301 184455 204 117
-48767 181894 386 440
16877 152833 897 366
48947 182734 382 781
-22056 158199 587 810
28274 172491 557 170
15959 193076 14 54
41458 177517 513 165
-24183 169029 258 486
9917 189516 506 79
48552 181592 528 926
-17911 196351 611 416
-39427 195334 59 235
-5162 137232 135 647
-29210 180839 242 723
34250 187219 944 273
22636 127883 661 938
-11343 190409 785 896
-28002 161357 839 463
34415 186933 221 102
-10510 169990 107 967
-3128 127241 639 762
2814 197017 331 505
-31725 197505 179 394
-18126 166783 709 546
12859 191145 197 690
-18600 167608 622 650
-4586 183428 641 325
-690 178633 36 390
-40343 198830 292 50
-3773 187512 974 367
-29188 165580 249 56
1777 192918 560 716
36218 161382 422 501
30523 137982 620 820
4172 187561 688 964
42343 182670 307 839
17559 190082 69 846
41406 153404 469 781
-9517 178569 817 155
25314 194479 133 511
-33906 169528 219 592
7727 199054 881 389
-17952 193330 33 419
2709 179074 472 120
-13232 83398 9 349
23989 153648 85 10
44584 107724 58 447
-2438 127895 963 794
19893 160982 746 281
15547 188367 626 364
23650 173752 314 479
45870 197467 809 185
39861 193179 71 86
15791 196661 157 891
-13719 149573 387 238
-1614 173924 578 333
-6034 199438 83 920
43557 191650 495 312
-21441 187085 322 930
-3350 193125 983 41
44131 198066 934 24
-7116 198434 645 457
33958 71261 890 989
47936 161205 552 565
-1447 160204 125 699
14005 193081 24 632
-32216 123380 465 104
-11745 191190 503 766
32122 157574 318 594
-36887 70693 388 11
-34610 164932 720 116
33786 196341 196 419
-22508 195848 542 665
-49294 130524 34 99
-10806 194992 77 754
18661 188717 81 968
-12551 191242 941 707
44055 167000 624 239
-34736 172740 650 138
38521 197640 581 500
-929 124934 486 626
44483 198911 261 496
-6154 196876 565 549
-49357 197787 4 877
28351 150222 922 226
-4315 191831 424 396
-2150 182744 800 822
19315 65925 811 905
-40040 120194 540 381
16975 197249 417 285
42362 130957 89 259
-26242 175612 334 589
9291 179954 100 366
-35624 154765 996 465
-16677 190864 865 806
44575 192720 868 944
-27842 183613 686 664
-19588 155507 299 987
-47739 186310 831 984
-23360 192554 639 175
15836 171426 162 526
-44807 176218 691 710
45092 98293 884 378
-40557 161843 175 41
-34895 181954 236 843
16082 132922 932 39
-33082 172647 711 709
22062 199519 158 97
24432 192814 291 57
8590 166520 171 522
17057 179177 992 641
38216 193556 212 737
-3601 139174 260 748
37560 121672 9 113
26605 181812 39 912
-48065 177744 754 915
-6680 187183 639 774
43839 133622 51 643
43588 185715 620 594
39156 119752 425 624
17304 196145 254 555
42069 198274 386 616
26631 172744 38 480
-19509 23337 186 124
18977 142863 963 812
31953 170976 523 704
3130 143696 399 100
-31826 168644 797 350
5354 100757 425 790
2959 180569 951 27
33669 195888 548 684
-8088 191027 556 474
16219 116126 992 114
22573 184342 122 328
-18925 173395 623 501
24012 181572 271 329
42884 194006 827 893
38734 91090 741 785
33141 60463 263 740
-2642 189941 560 293
-2154 183269 652 823
-37319 102364 78 987
-46754 140585 845 373
-47065 175789 23 128
-5146 135823 500 326
22393 197668 717 753
7110 158276 31 646
1524 197949 237 4
9583 95895 550 371
48957 147260 967 536
18633 129645 382 291
-36587 144343 90 618
25294 199993 227 569
-46153 183581 756 58
-48889 178078 202 697
-5872 168563 634 901
-42906 151641 773 27
11454 122377 171 628
4964 172076 594 285
44077 187729 794 542
24764 180901 310 996
-21618 176798 235 58
-9977 180120 383 637
-30375 192024 429 536
-21159 174276 616 823
-26171 158631 146 425
10429 116686 65 523
-30714 184127 139 59
39181 188464 597 79
46502 156042 759 914
-6923 199138 294 192
-25465 108417 558 51
44297 171841 454 102
-25127 175768 426 571
-38172 127248 480 396
40919 181104 830 833
40931 192347 767 57
46662 164225 649 911
24257 187437 421 9
14769 197253 284 959
-26348 81997 111 431
-35041 157183 90 235
45544 195401 463 119
44759 193087 824 365
-20358 167627 866 87
1781 135321 111 889
-26280 199580 427 439
30125 175242 470 296
47352 195737 417 226
-21088 182200 899 839
-12297 196259 316 307
-33188 1915 507 256
-30348 144588 942 211
5306 176474 71 95
4683 188738 400 98
-5806 71677 562 304
42166 89601 475 772
44962 190028 385 439
-31711 91826 640 950
24351 194720 339 56
36877 189220 482 170
-16677 180922 98 944
31880 188437 650 55
-5416 194416 8 220
22091 175317 700 149
33772 175223 870 449
-12971 199038 713 72
42038 196359 321 356
-7866 184573 76 155
-30944 179467 189 779
23166 196973 329 496
-16426 164343 191 948
18519 147496 299 828
-44922 180605 582 885
-15007 187244 285 768
-26024 198754 939 163
-2179 108266 988 646
29936 119404 625 95
6844 183562 691 161
49346 99519 910 390
6425 157039 791 841
10101 179403 835 392
22869 184336 85 357
-21860 161201 680 588
26514 181162 416 889
29585 195952 540 571
-33582 180670 720 907
44692 132249 308 650
-24528 168926 791 313
46243 187369 113 988
17151 128485 894 757
7289 148940 7 511
20803 167930 832 996
35212 174043 756 93
3885 190717 549 796
-27230 197154 359 55
-8453 129567 395 468
15284 141581 722 453
-32272 198055 296 344
49062 152242 672 801
-21393 179020 219 422
46310 194513 354 838
-40034 80588 172 59
14243 166438 439 323
24345 199155 681 154
22416 197808 842 332
-13356 156590 754 445
-14310 178806 809 203
-39114 154110 287 85
27847 153843 532 723
-35117 194564 201 679
-7344 130259 107 678
7209 156181 783 72
-897 157073 395 232
-39843 175653 299 195
5356 195210 722 755
16566 142356 812 368
-33739 199244 608 556
7771 164714 157 376
-47043 177715 793 446
11625 186827 718 86
-28152 101473 322 639
15864 105933 490 801
12723 181453 632 728
-49873 196884 409 167
-44839 177071 23 112
-22107 174222 719 516
-8092 94536 289 348
-38150 196460 500 612
24368 100695 638 584
-28139 106838 742 749
-49018 199553 516 81
-18433 144271 628 321
-12072 195496 7 222
3488 98228 709 546
34841 150973 323 484
7705 115473 705 815
30208 158742 495 850
-14238 159147 701 535
-21955 165866 748 493
-13691 177587 117 532
32282 115139 943 117
9403 125312 398 218
-29899 193529 971 600
-48346 193479 642 776
45406 178468 371 5
18511 198613 240 710
6573 180961 735 796
42657 107392 443 800
-29754 169970 949 892
-24314 168869 193 650
32527 158128 195 45
-30976 156256 352 92
48465 176758 338 184
-31253 193101 916 232
7854 154312 349 3
-48495 164874 612 339
-12638 181475 786 402
8238 95027 494 737
23741 147481 72 827
18726 174131 184 844
36928 153030 979 368
-10876 152420 569 998
-43081 183499 260 123
-1611 186844 632 476
-41994 161027 164 309
9860 191550 124 862
-8201 189206 907 608
-9417 169977 179 517
39731 196586 52 999
-35222 161233 327 549
12767 159304 363 746
-30197 140096 117 59
32777 168614 506 198
40086 135336 840 824
15187 194557 249 348
10962 173703 311 336
-31440 146908 468 473
-17844 148383 419 788
1789 195407 10 39
2290 198119 332 879
40162 199764 243 418
-39117 172858 532 39
31657 148386 993 678
46070 173081 203 210
-29730 137319 155 767
-21832 199705 949 324
-36408 175457 470 825
-34006 171309 905 758
-7832 177490 622 122
-19926 182010 836 625
-5392 197103 916 868
29537 167486 766 716
-23963 191671 943 159
45694 167682 348 90
-11304 141573 768 199
28401 183370 710 872
49697 148616 977 163
15147 129104 593 726
36893 14260 495 862
22324 199625 16 195
-9493 173565 792 929
-15636 182168 878 991
-30110 163612 910 913
-20281 191507 928 563
40629 189793 101 133
-48733 199451 209 139
5194 195248 330 187
28908 90810 454 712
17175 124559 885 355
29906 187819 708 31
40062 135255 536 116
5674 187020 95 527
-3541 195572 448 975
-24157 188347 996 329
47468 192417 956 625
28393 174814 369 728
13072 187633 100 13
-18785 136331 371 868
-43805 199173 612 489
-12519 163367 289 82
39177 194938 297 384
-35848 151516 784 583
-49158 196929 739 200
29194 118382 719 676
41310 30300 357 613
-43326 135206 308 684
-26519 188728 393 286
41812 159670 14 788
1624 199567 175 510
-813 126264 941 810
-39924 113792 967 7
-16914 152117 31 970
-32474 29974 998 74
-40279 140138 900 773
-5211 194707 822 298
4409 124371 956 291
36381 135439 841 610
35330 199305 185 915
4696 107560 887 252
-21612 177810 184 112
-31022 187177 454 700
35235 90311 451 847
-42257 195621 299 884
-24281 173594 868 615
-44128 127926 14 401
22036 198093 595 888
37270 188588 26 887
-11013 194373 57 535
47334 170448 453 425
-46911 144920 144 616
-10658 178617 549 123
-1154 188586 283 918
-11257 188171 869 636
47321 198296 130 776
-15747 152395 983 790
-14942 155999 753 860
46763 91307 770 368
-35408 137523 842 369
-8726 118615 413 655
23292 166080 792 320
41403 195205 85 16
16158 184299 286 482
-28701 192610 36 33
40327 178860 544 8
-13401 173023 467 297
18751 194247 704 287
-48856 190415 178 493
3169 196355 899 19
23969 175124 965 149
26676 187566 318 670
25439 183714 905 751
25195 175070 115 977
-9311 185944 712 458
11423 136191 689 242
12944 168771 881 30
-19189 191628 619 119
46145 194190 844 2
44712 188015 792 858
-28919 150597 509 222
-28341 198732 667 501
-18368 188541 199 203
23581 185428 748 65
-11590 187123 955 560
-38791 191009 175 98
-46014 190193 689 814
33099 114624 667 318
42936 182136 511 830
17319 184344 590 773
-6292 192498 600 258
-24440 133256 55 35
-23397 156492 646 234
41355 192582 965 156
-34102 188129 315 576
13131 116882 455 711
-6718 90533 125 582
-2082 148788 419 319
-1749 145076 249 38
-6928 177124 659 270
-15732 190097 226 395
-44641 181529 693 171
-23423 191147 761 31
-49545 134860 298 286
-33538 116989 175 876
-47024 195764 241 618
-39964 134214 617 391
-42652 194363 173 698
25666 112903 37 770
-14315 140191 253 375
33198 197082 906 921
9183 162761 3 137
-8508 194579 116 616
18329 117814 176 924
28255 179979 729 971
-5005 170785 853 550
33365 188997 317 102
22987 199667 197 518
17272 187840 637 487
22992 146166 490 663
42411 84250 123 769
33467 147052 173 262
45345 159863 805 690
32107 193321 586 41
18525 194018 900 703
-35744 198878 12 464
-15386 181676 601 910
-8293 198430 389 920
10569 183153 762 709
14260 134947 641 238
9236 196744 143 562
-38596 198109 899 113
32431 187477 174 419
38324 169265 216 700
-19906 188384 342 831
-31763 164811 852 154
14101 169195 738 300
-39709 129462 401 427
32988 143395 187 562
35476 183325 655 918
44964 198479 580 200
549 143164 969 608
-44472 191527 233 287
22263 170203 644 748
43112 149880 848 132
-12474 192409 678 804
12129 195370 971 290
-13629 189823 765 743
31537 146724 364 231
37939 133124 926 187
-6581 126680 178 822
-35961 157384 391 390
-43818 198321 379 85
-13539 199912 870 175
-38837 91325 987 728
16568 173850 708 99
9743 198619 461 454
-12324 197166 317 453
19822 165595 680 867
-15700 193129 970 541
-28712 196998 836 878
27688 187251 185 893
4544 179169 141 724
20897 162131 146 728
48307 171127 911 581
22367 184400 462 853
-34121 173433 122 773
3414 181771 252 562
-41659 185593 976 342
12676 159554 252 428
23432 180736 718 908
44686 175613 768 262
-25578 177141 384 825
6492 189582 855 209
-30002 91892 376 290
-8910 96654 4 539
34067 195277 415 59
-46127 184893 95 187
-45400 194210 85 599
-16338 118395 27 628
-28115 169100 935 658
-12751 184985 712 536
39386 198133 135 803
-25839 167743 930 376
41594 184472 24 636
18254 189936 978 17
37129 197448 978 373
-44881 103309 235 617
-44335 180054 211 704
-39939 176946 256 642
-862 194661 159 750
-49312 153792 260 663
27216 176717 826 666
47482 122309 619 749
25394 96665 275 204
-33311 152652 591 156
-19080 198940 468 529
-33216 139791 662 118
45228 186942 271 953
35664 196112 586 623
-23539 163400 339 618
-38733 158282 153 998
-38072 190376 464 611
40082 160629 614 91
37688 190854 143 220
-11687 176712 928 98
29760 120700 367 652
44495 108672 802 167
-31161 183221 355 851
35834 119706 115 731
22420 190440 927 282
31315 71264 71 590
-38262 194843 582 632
41093 167572 317 573
44581 199286 860 182
-25076 193542 844 79
-36906 193232 673 974
-10836 195586 864 867
-7396 179642 320 95
-6064 148807 329 668
41699 193216 893 252
11557 165523 262 600
35778 181037 542 927
-43945 133242 910 644
-40752 165569 380 783
-22486 153809 455 37
38727 168339 826 794
-27845 164414 723 835
32060 189832 269 511
10808 83388 40 207
24093 188381 556 308
-37027 194815 239 263
-32499 179703 802 376
44497 198077 703 872
18844 189592 611 793
-46687 138677 131 532
21995 175716 732 889
36156 175796 506 379
9791 180827 638 868
367 119721 846 895
-28029 134414 787 510
-17375 176821 712 307
18819 53916 730 20
24338 198455 498 132
48294 159103 561 864
-26704 186353 557 251
-32403 153436 233 536
35130 179443 339 433
-12918 197242 662 529
-33447 198999 240 877
23554 169984 439 304
-4644 169160 37 195
-19386 167545 323 138
-33101 195199 302 365
-2513 171617 566 414
-5361 163606 269 750
2808 173446 90 808
34360 194719 726 989
9473 171654 721 55
48847 174720 556 455
16289 194950 42 128
30085 89691 884 609
-18997 153501 970 700
-20324 164988 474 828
26853 157824 398 177
31549 198840 673 194
17381 187400 646 565
-27750 137444 767 105
-32658 171673 788 752
-23419 184200 967 333
30473 133586 573 947
-12464 171580 801 147
-2937 155715 896 27
20007 199141 288 91
-5801 119874 405 899
48939 198428 35 526
