2000 200000
21354 194061 3 5957
26541 178507 9 9967
-45852 131914 10 6464
-35247 188505 10 7893
-37909 193892 5 125
49550 139337 6 7532
45829 168385 9 5816
-30067 131473 10 9595
-24702 197159 10 1195
-28400 175726 6 6041
-24698 179437 8 8389
-38183 155931 10 6649
-4392 170342 9 5036
13054 178079 8 475
-6229 194094 10 9712
17291 182766 8 4288
23532 199102 8 6418
-11721 114259 10 109
26509 196768 3 2483
-43989 178525 4 5683
20432 141908 2 6465
-42000 56737 9 1261
3319 181660 9 2591
42072 158389 7 5723
-43573 169874 5 2724
29967 18979 4 2142
-36053 182242 6 9766
-8254 179246 6 9460
45623 194573 4 4919
49359 194902 1 70
-49700 194942 1 5552
49871 198098 10 160
-4158 133259 9 3132
-11103 145776 7 8400
24372 161263 1 2760
-39080 186211 2 6369
31023 173541 9 921
-30137 144594 5 7001
42605 137025 8 1117
-21654 199901 6 1473
-15404 176285 3 6262
1528 179809 7 2277
17402 151619 8 8292
48232 180106 1 764
14651 196470 6 3410
23745 183086 9 6569
4062 142904 7 8114
2406 169667 6 9298
42659 185787 10 8940
19393 191942 9 8112
31409 165533 2 5445
25806 176566 8 1736
-40226 188900 9 5116
-12342 179285 7 4153
-3904 192805 1 3834
29 180673 8 3718
-21933 158379 3 2026
-16219 81388 5 4549
-1365 197248 8 9622
31332 138209 1 7112
-3108 179255 2 6996
-25716 159419 3 7723
-29529 161482 9 8160
42857 191702 8 3343
30599 186124 9 3579
23824 170251 5 3062
-37284 193398 3 8291
-46362 186770 8 9519
-21705 181116 9 8324
-42093 194626 9 3411
-5081 162660 9 1582
-10937 179213 7 9873
26338 186421 8 3672
-26996 198654 2 310
25751 194574 1 3414
12526 199343 2 1952
47091 198583 2 3270
-27640 191567 1 8116
-21743 193020 5 6928
-29455 180586 10 9886
-20537 196507 9 8894
-22139 190451 9 1129
32110 119382 1 218
18872 193406 6 2334
26161 142943 2 4951
-21512 157602 3 1425
27034 181543 1 8577
-30559 188275 4 1290
-11432 181332 8 552
2182 191298 9 9441
17269 189235 10 2634
-30818 191444 4 4493
42103 195975 9 1440
42349 191241 5 6461
19 152546 4 3307
30739 124284 9 3351
4058 181102 10 7344
-38950 196379 5 3441
-11778 140530 2 3521
91 185796 4 702
-2235 129529 3 9757
-26766 161555 7 8907
20881 124614 2 7627
25827 190504 7 8169
42574 195891 10 4450
4779 94463 8 9597
-42403 177300 4 7963
-17141 185766 4 7318
-49600 194644 9 7354
23890 122117 4 1821
47206 156250 10 5849
-7286 192882 7 403
14200 64624 5 8152
46117 144915 9 9591
-23356 125594 10 8146
-25527 193618 1 2790
-2774 173578 2 3392
-775 193586 4 7048
-2043 186655 6 4723
-15067 190933 8 6535
-19013 169719 9 2973
40211 183579 10 674
-2969 151791 5 3137
-8177 134160 10 6067
46214 72196 9 8283
44080 162810 3 2925
-26623 132871 4 4338
4461 161381 10 1833
5658 193988 1 9069
4576 191514 5 2546
34329 183572 10 9923
25016 141232 6 7182
-40168 191005 5 695
42884 163496 7 224
43949 196301 9 8034
34142 197882 10 1819
20823 155962 7 2322
-38922 117422 3 4057
-6356 177955 7 4259
47584 159743 8 8620
49602 186230 8 2989
-20257 183356 10 7027
-34724 166377 7 2686
28915 102717 3 673
45495 191282 10 1288
19233 132628 2 3802
-17772 196734 3 6989
13505 177897 1 5711
30535 180955 5 3209
14893 187057 10 9515
26849 176222 10 4576
10247 66020 1 3774
35675 184834 7 6537
31211 195320 7 2297
4099 199035 5 2443
23895 171355 7 1578
6699 175761 6 4102
-33641 175014 9 9225
-44273 153196 3 4404
-17675 171126 2 1380
-11577 176607 7 7105
7841 156173 1 5272
47245 164153 10 7144
42076 198460 6 8736
-41648 98793 9 3903
-31766 113667 3 6610
49466 198529 6 2469
-36776 181940 5 8790
17854 197673 9 1898
-12181 191416 3 6666
34661 165374 4 6511
42220 160937 2 9252
27578 96388 2 1215
1520 186244 8 5847
30547 197229 5 5245
-26133 151055 1 5177
-2878 144092 9 9360
5047 181290 4 9410
5885 190385 1 9291
9697 189397 2 3641
-12694 176471 3 5345
1588 180393 10 3612
35343 194274 7 504
-43703 190563 4 9278
-3496 154561 10 2397
21167 188140 9 4516
-759 195737 8 8408
44566 186727 1 962
22981 177346 3 5216
-286 194122 5 4771
47039 167012 6 6849
46221 8576 7 7352
-9087 199820 1 492
40381 156990 9 3683
-41285 162980 2 240
-31353 103041 9 8035
14606 155466 8 6871
45251 191108 10 5809
-31752 193819 4 6003
-25070 169016 7 3467
-46047 195482 9 1497
-34420 164113 9 9712
-5881 179211 2 2510
47759 170641 8 8269
9350 160456 2 9360
34148 191189 9 8695
-44436 196574 6 6744
44051 157891 8 9145
-32293 152012 9 6062
-25079 196054 3 5968
48479 185617 1 6333
38728 191759 1 9189
-302 186139 1 1816
-24785 189898 8 7961
47022 199549 4 348
-31286 197337 9 135
-23406 188720 8 5031
45117 123479 2 7669
14167 184639 7 2536
-28883 163257 6 8620
23605 141628 9 5433
-19793 194773 1 9034
-21968 180907 8 9418
-9260 166773 1 1397
-23095 195392 1 4879
15508 160331 8 5443
-34238 52823 6 8859
18458 176943 1 263
46161 172563 2 7774
40847 183701 3 781
3687 190420 1 2764
-48757 158647 2 7529
20354 180610 4 2959
-28647 199467 7 2460
-3502 175623 8 1872
-9335 107211 9 887
-29495 190398 6 8465
39227 181542 3 3029
-10714 144407 9 3294
21225 186119 8 7059
37506 153441 4 9685
27638 193582 4 947
41627 195925 3 8706
26902 118494 7 9489
-45664 184234 8 7215
-4547 156676 2 6404
1630 197703 5 3707
-41589 179416 6 1673
-38358 153651 10 9241
23639 165191 6 4860
18703 128458 7 4380
39195 191259 9 5303
-15718 152716 2 5729
-1632 195380 5 415
-49629 192887 1 8221
28842 188699 5 6108
25086 144652 5 3896
44583 194398 8 2617
7490 181683 10 4474
-25645 173376 7 2684
8761 189750 6 9444
-16241 198473 8 967
-46168 146301 1 6944
-11517 169746 9 896
46400 194313 6 2781
47344 186456 7 2541
6150 142593 4 4277
2810 184177 8 7987
-31232 152786 4 2209
-38315 196204 3 3792
26145 155577 7 9935
-21649 100296 9 1511
48661 192118 5 338
41918 82715 6 3771
27951 165110 1 3354
9771 114450 6 2559
16147 169557 8 7013
-30850 191603 6 5613
22751 185239 10 1189
-45333 171511 6 3812
22943 117488 4 3090
40892 178549 4 7
-39088 153425 2 6323
-8448 183517 3 1827
-42732 197873 2 2489
-24460 190654 4 9265
2135 106647 6 8236
14992 169830 6 4956
-44288 157951 8 4073
48277 184319 7 8275
-42789 78516 8 315
26356 193948 6 483
-14490 198778 6 3769
40898 189581 1 7502
36794 186263 9 1856
34170 187424 9 1536
5212 199932 1 6450
3251 166024 1 6643
40196 150866 4 8398
10659 153386 1 4784
-38324 193717 5 1568
-11469 197640 7 1336
24157 186319 8 7116
29956 126220 5 4083
-27626 174521 10 7127
41954 189685 3 3929
-10051 157055 1 4390
-31576 141682 2 8302
46346 171341 5 4986
39634 131589 6 6914
-26158 185642 5 8682
-15254 170728 4 1817
-44751 165406 2 9555
-31668 172555 5 9736
-5734 193843 5 4397
-1700 159539 8 7057
19971 188748 8 3168
42379 198815 9 4111
-6837 188248 3 8214
-3387 144351 8 597
18095 193184 1 9106
-3874 72407 2 9075
12206 181202 4 5089
8189 174263 10 1866
-616 176760 10 6350
41000 163968 3 5362
-23971 138909 8 8923
35505 192086 2 6601
26133 173440 4 462
-45823 140648 3 9630
-46069 178780 9 5738
20611 158723 6 4798
17710 180643 9 1295
-4236 167151 5 7646
3162 147707 6 948
-7479 130022 7 2905
25380 173268 5 2930
-26304 193106 9 6187
35780 191850 9 6932
23755 166161 6 4735
-21208 158718 10 2142
46522 196966 2 8677
-12459 119722 4 5915
-45784 197121 4 2839
46208 179565 2 7707
48296 184047 5 3502
25006 172614 5 859
42256 187001 5 6335
33703 198468 1 4150
-39643 107479 4 6124
28770 195198 2 6028
42889 167332 3 4615
21740 179840 4 9985
1442 173919 10 6265
27674 193715 1 329
-17300 159874 9 9251
33488 187031 2 3538
-32671 196260 1 276
24114 154460 10 6865
14535 193335 8 2364
-34069 172297 10 7601
-4838 185280 7 4479
46427 137593 1 4969
-49862 171639 10 8781
1701 162705 9 8589
48376 188830 1 5905
28537 98403 4 2823
-46595 176210 6 2328
-21121 191119 10 5910
-29606 90713 7 5443
6117 162364 3 630
40438 171895 3 8992
-1590 188078 4 3073
-41451 189161 9 8581
43659 196106 7 599
-11355 184786 2 3903
-27476 199313 6 9514
17775 195233 9 3465
-18806 54871 10 9100
11643 188293 7 6831
-34879 83836 7 9179
-11069 199718 3 7477
26969 196679 8 3949
43004 148158 2 8723
6966 180018 3 4056
41122 196839 7 7379
-30113 175370 9 84
-32733 180273 2 3422
-21971 191974 8 3701
8558 166056 9 6146
28216 136095 10 1699
-39716 195294 5 5848
46590 184104 1 2476
32254 196277 2 9765
-8972 195712 1 3003
-18071 104947 2 2078
31314 166676 10 9082
-12097 115450 5 2689
-45415 196284 6 6021
-45441 196162 3 6768
9480 138852 1 3536
-23696 170034 8 1057
-23649 185322 2 5068
-20503 199880 7 8147
4594 192913 3 4260
-17437 185183 3 531
-7055 188935 5 9694
19010 184399 3 7759
-1866 198494 4 3232
20801 199721 9 9834
3536 183205 4 5968
22045 167566 8 2001
944 181146 5 6528
-21180 172020 1 8460
9490 166086 8 6200
-15745 167367 2 6392
-6035 175068 1 2310
-37060 199362 6 7379
41469 149773 1 6835
-8031 158373 10 5289
48879 199682 4 7783
13485 197577 1 5182
-40977 196943 2 9376
-5200 110578 6 6093
-16946 195340 5 9822
-48562 169812 4 3056
-45961 182287 8 1281
40751 196963 2 3616
38611 186913 8 102
3050 190702 9 9294
4858 197145 10 3823
-49422 191243 2 6114
-4259 172004 10 6802
-49920 172337 10 6099
-29198 171590 10 9892
49122 151171 1 1223
-41442 184237 7 1238
20068 191665 9 2141
-19255 192271 1 4752
21758 128686 1 5961
-33091 173025 5 7117
36190 114174 1 3887
27392 185769 3 135
-5546 128280 4 5363
532 193351 9 9876
-3160 188859 10 5712
-5652 184223 2 6000
-4048 116372 3 3926
-4047 192661 3 3035
43795 189571 10 9208
1332 182402 6 6517
24998 155986 1 6390
-40041 198373 5 2201
-12864 157983 4 344
-12585 161451 10 9496
-18300 120251 6 4715
-29796 156691 9 4183
2281 34162 4 4624
16163 197461 6 1306
-23476 183789 8 563
-16918 193055 9 6273
-21128 140948 6 4185
15613 191327 4 2147
-7597 188788 3 5596
-20192 147267 2 2987
35980 111300 3 5467
13982 167798 3 224
-7773 172580 3 1709
-7535 166012 7 5896
-38439 185287 10 3669
-42191 179033 3 3358
-13959 199447 9 4780
-33438 160247 7 4898
6279 198314 6 8730
18936 176994 6 9522
-30137 91535 7 4023
34189 192743 1 9383
4464 198222 3 1473
-4089 164953 6 5810
32561 114791 9 9261
42179 152861 1 5400
4356 196487 5 4115
44805 196076 2 4187
45618 192632 7 2100
-20284 198706 3 3434
12775 181902 3 1070
42256 193594 9 2731
-22505 86227 1 8931
24679 192794 8 1047
36303 136255 5 2982
-14472 182662 7 8102
-35104 175581 5 7255
-19626 110846 6 5932
4073 148806 8 8528
-38783 151187 10 8052
-41596 184298 3 9696
113 100325 5 8619
1715 198997 8 5752
30211 182059 10 1999
-15765 190214 7 7555
25704 147378 10 3768
-16927 148330 6 906
-14165 157731 7 775
-29804 56977 8 7720
-17213 199195 7 7534
-48358 192940 5 6395
-44646 162988 6 9087
36495 196717 6 6908
17756 194263 2 6905
34042 189162 9 2255
30499 55270 7 3312
25154 162552 5 6878
38498 194087 5 1339
48625 187784 9 8754
-36497 177432 9 5907
22022 167201 6 435
45782 192129 1 7082
11840 179202 8 1266
-20229 198034 2 3145
27689 182408 10 2180
8591 182267 4 4270
-38751 161157 9 1169
1014 164473 8 4053
-13140 104853 6 3629
-10024 190873 6 6342
20189 83376 5 2741
12390 175750 4 9215
-33244 177899 2 2830
-26610 193109 1 978
-41227 128188 4 970
-12478 171301 10 9457
18939 185290 6 6907
-42331 177617 8 6744
49692 198450 3 3293
-777 176417 4 1131
-9458 125205 8 990
4930 180648 10 6113
-25447 160323 2 6336
-48059 190899 3 8576
18990 142588 10 7602
6880 170053 9 7947
-36600 159643 4 5835
46945 194322 4 5497
-49791 172837 10 8360
-20306 196996 4 2662
22680 118007 10 8967
10995 175170 6 1263
-8351 196395 7 3060
-7859 107515 1 1322
-8691 183075 7 6787
43479 163277 8 9459
39674 183227 5 6142
4116 168640 2 2925
-29539 155791 2 9521
-45666 180193 4 9720
-31122 196713 7 3076
34894 170073 1 1247
-49611 193466 4 7048
-49140 157366 5 3445
-20589 117818 3 4756
-29159 177915 5 2001
31347 195356 7 5073
8538 183426 7 358
28241 198201 1 7845
-41369 180855 7 487
-44437 179181 1 2028
-5869 191361 4 3146
29126 191184 7 8973
-24770 192891 8 3355
-29820 98406 9 7947
-21479 178092 2 9429
20228 199131 1 1322
8345 136633 9 844
33946 179089 4 1492
28800 199040 5 1997
-43152 198710 2 75
29799 147960 2 6841
36188 180465 5 5873
-21105 172450 7 4430
22691 140929 5 758
34409 131805 3 5336
-43795 149152 5 6065
31428 137368 9 9512
17131 146403 8 4258
40599 176152 8 1683
4453 177472 1 9254
9839 197130 7 126
35464 180416 6 8300
41850 196858 3 808
19855 161534 6 6391
-19884 176035 1 4087
-10863 155874 8 6372
-39983 44885 8 7271
-34613 147867 1 7422
19467 195398 7 767
-1425 154404 1 959
-31954 114308 6 7637
40300 122588 5 1961
19617 161706 4 949
25983 169567 8 2469
-42377 112090 3 6637
39033 195528 4 7915
-42249 121023 10 5724
-686 193336 6 706
-47608 192370 8 2924
-43730 189629 10 4106
-9568 166728 4 8732
37966 32111 6 2663
-32754 196156 6 7506
4154 195844 1 7136
-37467 183417 3 529
19821 192700 3 6137
44939 185975 5 198
15264 196372 1 3069
28963 185216 1 3912
-32549 189711 6 1918
-34249 162140 4 3393
49208 175929 4 6993
-17047 175459 9 8599
-46790 130637 10 3637
1083 194035 5 463
878 191988 1 2820
-18116 152283 1 7124
32479 160287 5 1085
3126 197994 6 4068
-49377 196489 5 1088
10165 159839 7 9259
45492 150229 4 811
-27398 195670 4 5619
5409 119462 2 7939
-2688 166120 9 2443
41142 153131 2 4038
5038 172193 10 6038
36218 189220 5 2864
-31490 199150 1 6263
10007 181567 4 92
-28788 159925 10 7931
-28218 153384 9 317
24449 65982 4 9047
-22853 161028 8 6957
23298 135230 9 8483
36244 140282 6 6709
-22700 185104 7 1910
413 187919 3 9037
32050 184595 9 1379
46343 190922 7 8997
-47822 170369 2 2196
36138 132495 6 5332
-31212 197781 7 2597
-38345 84578 7 9489
30668 187082 5 2932
-29662 191685 2 5312
6545 167524 9 7606
-46897 143834 4 334
19526 176428 1 7597
18556 186704 2 1487
-6872 180616 10 1688
-48881 179168 8 6375
-42279 190738 4 1082
13600 183955 2 1703
-21012 186941 1 2736
-439 192108 6 6635
-38447 170776 9 1756
-28883 171069 3 2657
-36638 106049 9 7110
29478 167119 10 4075
686 196396 7 6069
26067 169504 1 9479
-46780 198428 7 3194
32897 167978 1 542
27108 96481 8 5277
56 119222 10 7308
-41725 174784 9 2459
45768 191904 5 2063
-21604 193465 6 9983
19957 189950 3 1122
-37569 127119 1 3536
-40127 116386 9 8763
-6221 188224 3 3083
21528 199144 1 1588
39246 191562 8 4913
44128 163074 8 9718
-22535 118105 4 4563
-10398 191118 10 1371
-29507 181677 1 4157
-34765 120109 3 1925
-17870 149947 5 4256
27432 167557 3 7467
8584 169394 10 52
-27047 189622 4 4468
-33354 188869 2 5757
9396 131915 9 5366
-33469 171716 7 3580
24261 119196 10 1135
-494 180524 2 3016
34179 185849 9 1765
9235 116446 2 4526
13981 112087 8 7291
-43129 195339 8 7590
-29818 190942 5 4900
-43917 118875 6 9687
-2625 165447 2 5884
9128 197108 2 3406
13988 191020 5 5428
46961 198830 2 2314
44089 166776 2 46
-18786 63053 3 9867
-4172 98833 10 6761
-26224 199732 2 9499
-49874 98896 2 7215
9990 190253 3 1709
36358 180382 7 3308
39238 104214 5 7652
20789 189215 7 5312
20463 197829 4 5814
-42471 186378 2 6217
-2370 113648 9 6562
4219 155952 2 8826
-1410 188638 5 5791
995 174548 4 4256
35157 128303 6 9399
12959 149290 5 4789
-18740 192067 8 5762
28367 155579 10 757
-25313 163427 9 9159
19123 198884 9 8993
18405 174146 7 5072
35832 160494 3 3106
-9759 162252 1 8300
24768 193515 1 80
-38583 197447 7 4027
-34703 124718 10 9122
-49898 164012 4 2101
35744 199090 6 3991
-33235 187797 8 4891
-11873 199311 10 9381
-42963 182463 5 9985
19108 152450 3 1714
15545 180322 5 3914
49051 197938 2 4977
-32761 156393 6 7446
-15986 187770 5 7311
-28567 170376 4 8618
46194 140848 10 5758
18171 128827 8 1839
-22378 186440 8 1072
-32274 185914 1 8252
-23129 167455 3 3367
34676 137881 7 3975
9638 178874 4 1388
-14900 130539 7 6425
-47922 169423 8 926
-24881 86325 2 7889
-13728 90369 6 9532
-17636 196954 2 619
-39407 198910 10 2246
-42624 150392 10 8657
-12651 185815 9 5120
32521 189929 3 7395
-47475 164068 10 4648
15789 163408 4 1282
-17586 168165 5 5546
24277 184732 3 467
-16781 93912 9 5537
-14417 182471 9 1409
-4987 166310 2 4272
-40141 179713 5 2130
-46519 182133 3 752
-45771 155701 7 7279
31307 194837 2 1148
-45043 155860 7 4477
31465 177302 10 6555
40387 199904 4 2096
-17087 184781 10 7613
-9122 186500 5 4290
-28865 185535 2 3449
21741 182986 6 6608
-46559 199986 8 6517
16374 195133 2 2310
-29555 109924 4 807
8351 138755 1 5611
23029 169222 8 843
-22085 177665 1 318
38984 192720 7 7301
-36745 193946 2 4690
38844 162518 7 8937
47044 191719 2 4504
-32902 197306 5 2440
21287 195971 4 2139
34090 199805 4 7885
16319 150487 6 6129
15232 198459 6 840
42517 169462 1 7200
-36281 158934 3 4841
-4790 190626 8 9294
23180 139371 7 7601
-49059 194276 9 1293
-27187 187440 3 7013
35547 181750 4 101
-20765 182674 8 3140
-24852 195152 6 3492
44876 190290 3 6763
-12582 195616 5 4787
-19491 179808 9 4853
-14620 187734 3 3578
-11672 189783 3 9320
4484 134738 2 8390
43978 58100 10 9757
-9635 185516 10 4809
-22248 185376 5 9087
-40184 188648 6 8546
-2519 195802 9 2055
41664 177124 8 622
25734 178497 5 183
25995 192424 8 8927
7249 186280 10 5909
-36532 189687 2 923
-21484 181304 9 5194
47046 195478 9 8007
-36565 131071 7 3883
11283 173047 5 8788
28083 172802 2 8614
-33979 148369 10 6282
24115 165387 3 5184
21659 149067 9 9780
22091 197641 6 126
9576 180632 5 4716
22524 191003 6 8018
-5216 101864 1 23
-25608 150482 10 8040
44612 192838 8 323
5451 187599 6 4545
-25233 189940 10 6784
-46934 196339 4 8927
28321 107718 1 9084
-2854 151170 7 7137
7083 183117 9 8179
-3774 194336 1 6400
2939 176075 5 9701
1173 137394 1 6426
-30263 197182 4 4697
14778 177751 4 9183
9827 173062 9 7522
48029 181654 2 4281
28566 167254 8 3633
10171 128298 3 641
61 150690 2 939
522 177383 4 9343
-42034 197609 1 8395
-25050 173503 1 8545
-40542 181676 8 4362
-47613 170225 7 9183
-24124 197076 8 2381
27054 186774 6 1213
-34915 145162 4 1983
10150 174894 2 8482
-17313 174251 4 1808
-16549 178714 4 7144
40912 195367 6 813
-35932 175077 1 5653
-36296 143747 6 7762
-29785 198969 1 280
26830 179492 8 5133
1315 173160 8 8439
-26656 176352 2 4563
11010 131979 4 2408
-25311 182616 6 7832
-21315 181517 2 4126
-26058 185098 4 682
-10129 63813 3 8230
-21053 175942 9 8639
-49890 104542 9 5137
-23501 140037 4 8176
-313 164873 2 5315
-32825 160948 3 8853
15785 171049 10 2765
-33343 181295 4 8386
-9549 177000 8 743
7248 183012 2 2338
-28303 173060 1 3906
-14755 176414 9 2626
-45964 177220 7 1181
32310 178981 7 9568
-17726 156535 8 9189
-14662 198549 10 3796
-18371 108620 3 7825
-15674 179333 1 3903
42423 174525 1 7758
11295 135830 7 3363
-38922 146171 1 7175
42625 124025 3 34
10627 185361 6 7673
-1050 198857 8 4539
9049 113056 6 1446
-17830 152891 1 6049
-2165 173943 2 6535
-5219 197142 1 8702
30070 134855 5 3111
90 171183 10 9864
17096 117489 5 4780
23591 192693 4 7442
23472 186555 5 5192
-18627 197106 3 7701
45351 186525 5 4737
3834 153093 4 8095
7455 199499 7 4045
12564 186671 7 3100
47275 128036 4 5553
24417 193002 3 6739
49935 135031 6 8012
-16188 187190 1 8292
13544 140224 3 2062
-3559 122745 3 4672
34622 166429 1 5166
-49948 181793 8 8745
15816 163337 4 7260
-11818 195783 1 3227
40479 100911 9 6947
-96 99203 3 8810
8392 176464 1 8402
29661 189409 5 941
30076 193792 8 5020
-20805 187926 2 3754
-29575 193340 9 5710
29065 168541 10 451
-38643 154770 6 1761
17638 154974 4 6225
31425 195346 10 1360
-26007 162019 5 4784
30916 156205 6 2090
-9204 191915 4 5643
26042 196063 2 9820
-42754 142829 8 4056
-27068 179656 5 5656
-4440 195568 6 9126
1584 67661 5 5210
2847 196247 6 9941
-43165 160967 7 364
-20469 198103 2 8053
21541 150323 8 7927
-49673 188727 1 5203
44557 119337 8 9149
20537 106869 1 8370
-2930 163798 9 9236
11939 163342 5 9174
-24638 155350 7 868
-30293 111381 7 2421
8629 184164 6 5188
-37961 186106 9 673
5109 198829 3 721
15340 174362 6 2784
9912 182497 3 9328
39832 148473 10 5502
-36403 150212 10 1014
29502 166839 3 9830
-11834 163896 2 7877
-12063 193716 8 5531
-24090 127325 5 7928
-17676 181816 9 2653
16743 172230 5 9218
-15935 198148 10 1097
41263 182000 7 7076
-1640 161968 9 1233
-2509 164639 10 92
-20231 155569 5 7822
16171 157941 8 4597
-13212 154370 10 8050
47959 101138 7 9996
-22527 131064 2 5618
-46126 169177 7 3601
14315 173641 10 2450
-7530 163166 2 7054
-12543 150391 10 1043
24911 189020 9 9035
46320 185180 10 4026
38756 182501 1 2483
-710 193362 3 1587
-45022 130940 5 3120
-16917 144765 4 6533
14378 73563 2 9101
-10115 126008 7 1734
24190 132952 2 9469
5097 116640 5 1778
-47449 133968 2 4983
-3248 93349 8 8007
42409 196093 7 7253
41610 184855 6 644
32011 162575 5 6684
13167 179329 2 5410
30529 180196 2 5710
-349 186172 4 4963
39324 198677 6 7165
-12985 157945 3 4922
-16524 198595 10 3778
-7300 193491 3 7914
19699 199103 2 7199
17786 190472 5 7987
-30779 175573 3 8624
31346 169437 5 4073
8222 138597 4 776
831 188802 1 4326
-39156 193108 9 2266
-15084 198385 7 9555
37342 138556 7 7399
-41183 182035 3 8130
-27660 197483 7 2551
-31705 180993 6 9422
-23160 187327 3 1691
-12066 194091 4 7495
-2339 193438 9 9521
-36380 196985 7 7144
23206 165488 2 8024
16584 160145 4 1883
-8135 158922 6 7974
-137 165407 4 7279
29109 198941 3 6103
-13882 146676 5 1303
-463 172468 1 1369
-7296 199486 8 5750
-4217 132077 2 6597
-37647 189999 10 9241
-42432 185007 8 7280
45812 155582 6 21
-18944 167195 8 4210
5049 185630 5 898
34453 154534 4 8853
-1798 161435 2 3703
44507 92374 9 2866
-7424 137725 9 2791
-19373 166709 10 2648
-47311 118341 3 507
-30300 176638 1 4701
2268 142332 5 8850
-16207 179010 7 2169
-4250 134613 6 4454
-2914 160198 2 2288
32951 173945 5 2784
-29796 190539 5 9040
-35456 104282 6 6958
-12324 196712 3 3100
36368 178639 3 8834
23955 91496 5 2263
30231 189570 9 2958
-29334 194895 3 8084
39769 189199 6 2255
-12119 165102 3 7501
-9546 184978 9 3415
37795 193260 7 2545
-29831 97650 6 7358
-17020 187355 7 1811
32543 147108 5 8475
-12230 193242 2 3776
40329 133373 10 3406
-14270 171883 3 7392
-24699 122240 8 8338
11124 187137 2 5584
33017 114123 6 6433
7504 195592 6 4430
-15214 163098 10 4471
-7062 129512 8 4166
-36469 153159 10 3178
-26221 191292 5 9693
3392 198074 7 9721
-43862 185150 5 683
22133 194627 2 9332
-49470 126986 7 7165
47586 181705 8 5821
-36300 162524 5 9899
-41727 119984 6 6925
49032 189358 5 5207
-48741 195680 1 6200
-43009 168945 1 182
-7921 164043 9 7477
-16539 160300 6 6051
3779 136823 2 2680
-25996 148191 2 2897
22415 163561 9 5490
40843 175164 6 4784
-26905 162484 6 3498
11536 196117 1 5988
43657 193037 4 4301
-17757 175847 10 5329
-28921 190020 8 259
5189 152304 9 859
4695 135175 8 1651
38311 141962 9 6525
40600 197432 6 9610
18711 194805 9 9415
-47001 194782 6 9815
-20472 4884 5 1820
36770 190594 4 746
-43040 158069 4 7420
35516 181359 4 8461
-22585 194111 4 6367
-18494 170805 4 370
29454 195273 10 6755
6188 173926 7 8559
-40258 169836 1 359
-37049 188209 5 6982
18178 179630 6 3687
-47551 169615 10 713
10231 194250 3 4106
-35306 184404 3 8734
19314 158728 1 4586
-13541 138775 4 767
-28687 182904 3 435
21288 71638 8 3252
8902 169039 4 6767
-37846 153123 6 5428
39553 168706 7 3729
-8823 158037 3 4425
48540 160082 5 7168
-22122 176069 4 7810
39724 181557 4 4901
32665 186584 3 2543
12806 197452 2 3128
34873 136707 7 6839
-30576 146623 9 5719
-20212 183690 3 5229
47593 177514 8 999
41729 183170 10 4676
-10758 196241 9 6672
-1396 150173 9 5008
-40706 197803 8 5987
35154 151625 3 8511
-48913 183956 1 350
-2220 175930 10 2118
38802 142204 8 3715
-12576 194766 5 6544
13829 100662 7 2965
-26315 197814 5 5732
-36728 158049 10 8933
-10634 179415 4 2357
49865 160366 6 5963
4627 165377 3 7647
-45292 175846 10 791
-14892 166083 10 7936
4345 158297 8 2009
38086 105917 6 4196
-7393 154866 10 5951
3850 199992 10 4837
45386 175401 10 7359
-11652 185511 10 5795
-49336 171726 1 1477
-41471 193794 8 4255
-7647 173645 2 863
-5516 120972 10 413
15199 167430 7 4982
-18895 147801 9 1771
18779 192760 8 1742
18242 109829 9 3948
39530 180840 9 4689
-44119 182783 4 2073
-35577 192180 10 7528
-5265 126850 6 9482
8258 197549 4 6187
-49043 150751 1 6352
-1879 182848 4 2779
41208 163434 4 2806
-19435 198618 3 2365
-22863 186396 8 8968
11480 115647 6 8025
-21460 170421 9 2628
-45436 162710 10 7395
44865 191407 2 8304
-21602 159751 7 8489
23729 151554 8 6283
21476 175371 8 9437
12058 185615 9 792
-31363 197762 3 1077
-19554 199051 3 7112
44319 154853 5 3936
-27696 177439 1 3782
-36506 93786 7 8698
-33824 145032 4 5448
47187 191870 4 7828
-1272 139175 6 6419
-24831 185743 8 7133
6296 170235 7 783
46063 149844 6 3589
46526 140923 4 1949
-1334 164094 2 5827
4793 150562 10 9046
20187 199335 5 1316
48478 188886 3 2053
34736 196738 10 6518
-19637 178794 3 7526
-15186 172308 4 1509
7853 185085 7 1040
19895 187652 1 5861
31597 158466 4 6561
-23208 199327 6 8849
-33505 196958 6 2136
-44907 173031 10 2226
-39763 150800 4 7288
43928 199331 2 643
18240 148349 10 8650
-40873 195611 1 8324
-45456 166637 2 4339
-25787 181839 4 4189
22158 197929 8 1336
48251 156369 7 9893
45519 180481 7 6990
28711 28069 4 9746
36091 113583 3 5158
-28331 148315 8 8131
-46346 183169 6 3928
-34627 174231 1 6012
42349 192140 1 863
-16660 190448 4 5873
3461 181627 10 9621
8279 178729 3 9701
39616 117110 1 8351
48796 97517 7 1029
-44240 144917 3 1099
-28550 197859 10 8880
-7455 192394 10 2904
18900 191478 10 4009
20001 61319 10 5079
13634 167193 7 7264
12402 195597 8 2704
-31144 189930 9 1676
-42061 105436 10 7575
40217 122010 8 8493
43083 156950 10 5311
1534 174304 8 7665
15831 153781 2 3855
37827 171052 6 8612
27157 90282 2 1668
-41005 165634 9 1165
-15791 165200 9 7734
3988 134608 2 1094
48495 182749 8 5087
-5195 118397 1 3099
19449 173084 10 8952
32214 153264 3 6742
36363 173259 7 4374
-32296 173058 1 4969
-49347 194984 8 5364
-31034 137052 8 7773
-21200 183720 7 6658
-6333 198834 3 6538
17691 195410 3 6605
19125 179046 10 7655
48791 183250 3 8432
23282 153705 6 276
-47254 146177 9 491
-21143 192978 6 853
48464 148890 6 6563
6516 177423 9 6594
-5680 83009 2 9082
-33380 112004 1 5052
-3107 182789 4 8703
-46260 187746 3 2369
-27189 118798 3 984
-20070 100899 7 9395
5428 151694 1 6750
-37742 62627 9 2852
-37494 199206 7 1129
-20923 187649 1 8406
-30785 142048 6 2861
42994 186423 4 9251
-21965 195574 4 628
-16493 144620 1 1048
38557 150138 1 2973
10474 127752 1 310
-16963 191637 9 6229
37612 192814 3 4890
-40192 168635 10 8036
29390 185993 3 7772
-21195 194907 6 7659
-32818 191446 7 7495
8431 189558 7 1244
10373 183590 8 2040
18811 180176 1 2169
-34869 180096 7 6506
48068 181348 6 2225
45419 190628 5 336
-11644 157598 4 7927
-41240 93101 8 8948
-25395 192298 6 2197
-18226 180914 9 47
-23112 177463 3 6352
-46210 156742 1 5721
35117 196158 10 861
-27788 181854 9 3731
41491 164103 2 1796
5274 143136 4 1346
-42534 142980 3 3763
-40334 180105 7 829
-37146 197607 6 7718
32319 129042 10 8074
21950 143066 4 5093
-5516 83160 5 7334
-27722 195096 5 3597
-5215 195927 10 2995
-32743 139196 4 9698
30458 150928 7 5414
4313 189422 9 7589
22281 182861 8 3968
13115 193145 8 7906
36471 182295 6 1388
-20194 145844 1 8525
16406 195337 5 6923
-21172 193902 2 2813
-49614 193786 7 956
-3292 199367 10 1528
5400 193325 9 9710
-8602 195677 1 640
11143 150150 5 7914
672 194547 10 2094
36821 195881 9 9404
-3177 192484 1 1614
-49308 197247 7 146
-20615 199434 10 9370
12583 148451 2 6408
19234 196995 7 4843
38607 165175 1 3314
-34323 187839 10 5148
-49254 194420 9 618
6781 186285 6 144
-2147 192344 6 9163
35756 160528 8 3367
-34160 164485 3 3839
33843 181051 5 8460
2170 172034 4 3942
24954 185194 10 7218
43294 119827 10 9399
-19615 173130 9 8079
-44762 190114 6 5883
22255 176139 4 9912
-7282 171598 2 1175
-26085 146361 5 5935
17555 196265 1 7018
8057 158376 9 2154
-41379 181215 2 4903
-16954 136983 10 4213
10570 134330 10 6325
-11562 192024 5 650
42813 126163 6 7076
-45507 146869 6 4783
18342 189832 7 6001
7709 108625 4 7088
-37838 171132 1 2045
-2737 194815 8 2286
6517 160634 9 6378
-39276 110912 8 487
43959 27769 4 7831
3293 196986 1 9703
-227 163164 8 6910
-23816 180304 7 7871
-48904 177474 6 3419
24542 113839 7 6852
-26189 148297 1 3663
43803 175114 9 1275
-37672 171263 4 1925
-2915 198489 10 3874
9283 146583 4 3075
-35041 175769 5 4706
-45430 197684 4 2101
12727 137312 10 1747
-3700 180476 3 9446
-2401 161822 7 3727
11642 120159 10 6352
-7584 156079 8 7723
12259 189150 10 7749
21605 14651 1 7331
-26077 116444 5 413
-47747 141256 7 4645
-33970 173244 3 243
49426 178093 8 912
45528 166940 3 363
-34102 160638 7 3805
-46104 6592 10 3941
31195 156309 3 8078
20318 177803 10 1287
3475 183418 1 8789
13442 150410 3 2567
41640 177486 9 3752
-38354 181666 3 1720
-18851 184857 10 1107
15262 132730 3 1127
-39947 157788 9 8813
-8298 180056 1 7782
-16132 180514 3 319
-8364 188767 8 71
-46701 152915 5 2002
-20681 195192 6 1260
-30788 191666 3 4200
4527 156997 1 4958
6790 173189 2 3869
-18490 128176 3 9916
-15333 166482 9 878
10606 154830 10 6342
-14329 184853 4 8681
34669 124146 7 3865
37195 95036 2 6919
-45146 195848 3 3773
16674 145993 6 5479
49513 188910 3 2429
-20494 195943 3 540
39100 195723 6 4870
-41449 137426 5 169
40139 161684 8 4787
-7733 178175 9 6859
8334 126797 3 327
-9158 191041 9 9158
-32231 180302 3 6955
39365 191993 6 3060
22889 155724 1 3674
4757 187693 9 9819
24781 120850 8 3259
23202 141151 10 878
-20654 148007 4 7294
6275 182052 6 5687
40083 181975 10 1738
-20361 198172 4 1506
15552 176729 5 1429
-13228 154230 9 3340
-16851 90765 1 3477
42416 155999 8 477
-3330 197465 9 8182
-11602 198563 9 2515
18577 153403 1 28
-10837 107791 6 3696
45803 148164 9 7819
21801 180979 5 8950
-889 199854 7 8148
-43238 160807 1 7298
35836 166531 4 8306
2192 190530 4 1670
-3443 936 8 5333
-29436 187011 7 2794
21239 170167 3 8718
31109 178120 1 805
27573 194607 9 5756
29378 193174 5 4039
-47817 188108 7 1797
23035 198570 4 970
-9948 183122 1 4408
-34684 185099 10 1498
8108 196590 9 4466
36347 173497 7 7330
-20141 192589 7 3422
32364 174518 10 6377
-41062 194266 1 2018
-32574 151012 1 6332
5328 191651 3 6967
4784 195327 7 6092
40600 170462 4 8073
3167 173192 2 9498
-8773 144928 6 4927
-358 166931 6 6321
16241 167515 3 6684
-8488 153086 1 2165
9675 66783 7 9558
21193 169439 3 1194
-33788 141618 5 7830
-4220 194952 9 1415
36873 165136 5 864
-2321 196960 7 684
40293 162984 1 597
-43728 195969 5 6448
25969 37140 6 4455
-48749 198659 6 735
316 174891 3 4764
-46660 182264 9 5140
-45769 188738 2 9430
43887 193670 9 9971
-33085 194511 3 465
22077 155471 7 7674
27230 180484 8 6238
-45647 164474 2 2391
27882 159900 1 5311
-21093 154571 1 4172
-39392 136833 10 3683
-20965 163743 5 6786
-40939 196635 1 1091
32498 189461 1 5820
-43349 197399 3 9678
36069 156014 6 8557
5595 198308 5 5681
-9453 145765 10 4619
-6400 113529 6 3530
-25095 157122 1 6485
-18938 198133 8 7038
-22206 126211 10 5089
-1612 163464 10 9273
-26284 173308 9 5307
17784 160249 6 4853
24824 172010 1 6603
-79 149617 5 6446
48585 114867 9 6325
-41278 197732 10 4677
-10464 163888 2 6710
26901 169684 6 8706
43679 186210 4 6204
2252 161002 2 6111
31484 153167 10 9142
-22481 151249 7 5682
31568 196030 1 3870
-11405 189110 9 3098
35104 191961 7 7012
48487 195964 2 4973
-40502 155094 10 4092
13636 126321 8 8337
2355 122490 3 4522
-26603 95526 7 2249
-35568 184102 3 8587
-4253 129942 9 3010
-20525 133936 2 3815
35910 170548 4 3437
41016 181704 3 869
-36247 154938 6 9183
7856 165360 9 3855
-6980 125280 5 1926
49453 177629 10 8167
38016 175685 10 1486
-29202 137071 9 2809
12205 181421 6 9941
-31188 153056 10 2499
24711 194928 9 74
-43035 176598 1 1521
38274 175828 1 4669
-36663 189677 4 9757
-16430 194734 4 4514
-12541 178429 10 2999
41335 170314 1 5303
17193 195757 8 2048
40328 178618 4 327
-22810 161287 2 5260
25727 180366 10 4383
-24505 134711 7 8536
34853 161377 1 801
45668 179899 6 1386
35711 180294 2 3270
37425 190619 6 1992
49560 171748 8 6553
-18043 175419 9 6138
24848 191588 6 6128
-6582 174854 9 1843
39557 181642 5 4446
39174 152702 1 2621
-45856 189372 8 2566
5448 138362 1 9525
-26302 191600 6 4385
-31434 199827 8 2230
43376 139570 9 9108
-41002 171737 6 2537
4924 150802 10 5723
33883 156571 2 7597
20181 153646 1 6042
-20302 155633 10 6402
42001 193413 3 9333
36524 181838 3 220
-12519 191181 8 5500
-25907 144140 10 8277
-11083 169269 9 1244
-6570 199082 7 2211
25657 147153 1 8564
10320 189925 9 5515
-26705 194047 2 1333
-19655 93000 9 4869
-16570 137348 8 4461
13203 174738 7 8530
7291 133745 2 277
-31862 187047 8 9483
32615 139511 5 888
-35131 163638 1 4443
8904 174873 8 3910
-37839 163943 5 7790
23027 140578 7 1577
1674 172658 6 3851
-49958 188726 4 182
31402 176320 4 1903
11385 188267 2 7864
46006 174515 5 3596
43431 105571 7 2442
-26554 172967 9 1185
-27173 107243 9 3875
10197 159720 9 4155
3259 133408 10 5509
-18455 98514 7 2795
-48500 173625 8 7272
-28092 146314 8 3545
17558 195469 4 1044
26188 191449 5 3289
-4137 130829 3 2430
42071 197178 1 5660
-49141 169713 6 1604
10970 176445 1 426
-10918 127696 2 3819
-34764 170480 5 3166
14370 176977 1 1288
-14635 154025 3 6706
-30139 171628 7 9437
-30412 132277 9 9419
-45388 160899 6 1877
-37647 194861 10 1879
3037 120723 5 5075
32967 152526 2 9733
-15085 190828 10 3544
43701 172923 3 5413
-41859 167542 1 9379
-7634 175433 10 5746
-27646 66392 6 2493
45151 198495 7 8620
-15790 167200 1 7364
-42431 172841 5 4170
15159 141622 4 6391
-31265 184909 7 5807
-37635 167898 4 9875
46121 126510 5 6699
-23746 134134 6 8493
17273 195249 6 1621
-37229 193547 7 7296
2308 134168 1 2151
6391 175773 10 169
-46075 133999 9 6730
42493 137746 6 9760
-33338 88176 4 2915
10709 132570 9 2265
-34576 192575 5 3469
-46470 142376 1 9099
5813 178187 4 487
-44929 184013 1 5936
16603 189122 7 9505
18714 171765 6 3709
-43222 136719 6 5011
-18191 195606 8 7716
24569 140185 7 1854
-40380 165067 10 183
-14315 190220 7 1495
-32806 167590 6 9279
38259 199349 4 9599
-21617 174387 5 3966
1176 110127 5 1991
-10243 158722 1 7040
-41594 192897 5 5012
-25654 183470 1 9976
14952 181236 3 319
-8718 159705 10 1162
-44799 165206 9 2128
22102 130003 2 5092
38962 136469 1 6683
-45564 189462 4 6786
-9974 167550 5 5594
44744 187913 2 3105
-32494 198521 3 1452
-34541 196102 4 4179
16888 179708 9 9310
-49718 106181 3 164
-32741 194360 10 2808
35506 199948 4 3483
-5225 182621 5 2955
-44678 175856 9 9732
-25773 172620 9 9448
-40504 180981 6 5613
-32406 134204 8 1124
34567 105096 5 8911
25078 174336 10 2570
-13231 180836 3 7199
-34494 193360 7 7217
49785 140358 9 8741
-45711 195930 2 4431
-43653 141464 8 7836
28458 184779 8 7229
24840 147073 7 8762
32967 195586 7 77
-34548 122150 4 2385
43805 176879 1 3576
193 196616 5 8390
-37778 191244 2 3132
36025 194270 1 1490
37260 192777 5 5236
33030 182546 1 2103
33488 191338 5 2314
46574 184598 8 3444
28700 172409 4 634
28621 189967 9 3707
18700 151277 7 2376
6250 190883 9 8034
33987 128153 6 8725
-36161 155353 6 713
17844 152725 3 877
32098 188608 7 6586
40720 173823 2 7476
-10728 144878 2 3751
-14705 171956 4 9121
10108 104243 5 4239
37282 99264 6 3818
49419 199232 4 4035
-46153 112013 1 3137
38260 121242 1 4264
-27635 26677 10 5711
-24515 102426 7 3404
-33670 184809 4 5887
-25256 194198 2 2221
2267 196576 6 7950
-5176 179009 7 2792
-45509 184558 5 2769
-26291 151219 6 8719
28454 139580 10 4727
29015 189853 1 6926
-33168 193439 1 7215
37066 171803 9 2367
24737 140842 5 7452
47022 188568 4 2603
27300 77291 9 984
41370 194009 2 8691
-43153 164634 8 1846
45281 184076 4 8111
-31084 194617 4 5980
-3523 129129 3 3798
-48440 192984 2 6512
-17702 24842 9 7663
28755 149306 3 8193
36453 68700 10 3655
-519 181746 9 3112
-8298 193997 8 2019
13960 159245 3 5120
-19941 172534 5 6743
-37277 192922 8 5443
-23097 176174 1 7063
-41075 188232 4 6743
-46022 196473 6 1902
-44135 175456 9 8856
34961 193691 8 3116
-5103 188491 3 5975
-33488 154547 2 3748
-24924 188783 7 5874
31119 197371 4 4886
46901 183588 6 7429
35906 155556 9 3786
26817 133633 10 5425
-37203 197456 5 3614
-34512 195194 2 8123
15175 148715 3 353
31103 122734 4 3863
3309 154931 8 6400
-27476 87917 5 8261
-17942 147629 1 3888
-31101 185412 1 685
11205 198346 3 9660
-15991 135936 10 6839
-19605 139467 2 3664
-2490 145954 7 6845
-33315 181169 4 2678
-24329 192789 1 9284
-37220 154622 5 6769
-38124 179665 3 3992
-15469 180876 6 1496
-24961 158989 4 2055
-22778 188997 10 1508
8397 178231 3 3792
23545 164877 2 2525
28729 171857 4 844
-22717 163571 5 2353
37670 182813 5 8988
39220 191256 3 1349
-23404 96051 2 149
3140 192500 7 1777
-23321 143651 9 4361
-36195 195594 2 1430
-39469 186380 10 8648
-6453 175243 9 547
9516 195108 7 3446
43394 104545 3 2904
7597 186578 1 7693
-49329 142933 3 2265
13606 187844 5 501
-46237 158182 7 7958
-470 131387 9 9586
-26243 198652 5 9257
24569 176266 6 431
6455 174499 3 8370
44235 167234 9 1417
16660 172994 9 7871
-30946 186096 2 5662
16135 179095 10 3839
-14655 194307 8 7047
5222 158132 1 4488
16768 195813 5 3427
9744 193082 10 278
-45774 153130 9 5413
-26948 156979 2 2519
-32159 175719 5 7663
19395 140995 1 8340
-29959 177203 7 10000
49584 112062 1 4081
26805 179847 4 2092
-20858 159991 2 696
9925 189037 8 1291
-29422 188461 9 9314
47875 53233 6 9348
43027 94288 4 3080
-23465 198653 10 1146
774 179362 5 5672
31081 167666 9 5750
49078 192649 5 1947
-21017 194835 8 5190
24195 186023 1 70
29238 158110 4 9687
30257 106322 5 734
-39554 172487 5 7886
-49356 152222 8 1440
-25232 149251 2 3420
38457 187349 10 2241
17146 195529 7 770
16760 199487 7 5843
-40370 199456 4 9026
24440 130067 1 8217
48111 183895 2 601
10755 141884 6 1660
-19554 177025 8 3721
-34452 56061 9 4702
22819 194428 4 9050
-22883 178258 2 8350
32638 193014 10 3906
38212 149113 5 9852
-28721 195068 2 5188
-9472 186112 10 2783
-36956 191504 4 4215
-3192 182909 1 3748
29795 178110 5 6744
7548 190751 6 9369
42168 194491 1 1426
-42960 168816 1 1498
-5567 178611 5 331
-17323 194038 2 5835
18679 175873 9 1058
45417 196746 3 6887
-36482 170892 7 1511
21729 199893 1 9640
2480 195489 9 4683
-49802 188841 5 2774
-45434 189429 4 4137
1421 183177 7 5381
-46200 165883 1 2933
12682 178742 7 2857
32183 171050 3 291
4887 138333 8 1533
24632 185590 3 1050
-207 184332 9 2948
26883 189838 9 7306
-17420 173071 9 6718
-34516 136494 3 1834
11975 144671 6 846
-26127 199490 6 8390
-31767 198497 9 6507
-20028 193932 2 7609
35453 171384 10 2405
40923 128906 1 8327
48819 142409 2 9690
-44651 170336 4 397
-33255 171818 1 3097
-30833 155360 9 5676
-34463 187150 5 4197
9415 173638 6 7475
-492 197597 5 8414
-4625 117793 5 4572
18871 199852 10 476
-2538 107737 2 793
19740 177966 8 6700
30675 147737 4 7743
25611 198482 1 4015
46803 163767 5 5171
36402 137866 10 3073
-9500 127975 3 7428
-23318 195785 5 3126
12578 91326 1 2249
12843 163310 9 1995
-19391 183857 6 8395
36050 196583 10 8011
-33444 83063 7 9621
-14895 171471 7 6992
19356 191532 2 2762
34903 186928 5 2749
-19188 176047 2 1015
45537 177375 10 1400
38556 191445 7 9930
14145 19585 3 7389
-33036 183761 6 7506
1292 80417 3 1280
7515 197460 2 2281
36810 138464 6 5218
34503 193950 9 8383
-16455 185079 3 4039
-29689 199624 1 1848
25090 187764 5 391
-20593 112508 10 9783
-17601 182392 4 83
29699 161726 2 8524
-32788 195633 3 7145
-23513 190624 4 8139
-36978 161914 6 5835
-35675 197508 9 8495
-45407 194521 7 3404
-37025 153210 5 9822
-8379 189662 8 4140
33079 73480 10 622
32362 198499 6 9621
36221 187832 4 1880
17307 194414 10 3126
-48264 180135 10 8778
41800 196900 10 6463
-33800 124952 1 8851
30392 174864 4 2078
12155 122191 6 3385
-38130 179370 2 3785
39005 147590 1 2687
42682 193073 4 4268
-22843 176281 4 9157
19075 179314 9 3908
21613 186839 3 5919
7539 127968 4 2764
12305 114047 8 8906
35971 198394 2 1415
42235 183968 5 5227
18344 196950 9 1871
49773 185014 4 4362
21277 52278 10 4605
25712 155464 8 2591
41202 190974 7 5337
-46852 92640 8 4891
-9099 105656 4 8868
11976 181747 7 9241
-39105 183071 7 5907
-16940 189483 9 1957
-18047 199894 10 3742
-2764 187029 2 5549
-28561 197612 1 9561
43488 158206 1 6583
-46483 193940 1 3329
1113 181568 7 3282
-30343 189370 4 6954
-30403 173200 10 6016
-15559 164216 3 8136
-33810 170807 2 148
-19738 139275 6 3453
-29794 180937 3 9240
-22312 166712 10 898
48992 161153 3 98
-49261 181066 1 6728
-6261 176804 10 9863
34417 177358 1 1873
-49777 143653 7 7999
44369 163479 5 3833
-30884 130207 6 4651
-24992 199357 5 2218
27375 148848 7 9555
42023 185447 7 8304
26112 193124 8 2452
43700 192550 3 8089
43658 148005 3 6490
46060 179681 4 9617
16058 186756 10 4745
-19439 184171 10 8732
-1669 160765 4 5457
6031 192257 6 3188
37984 198916 3 2867
-39091 127254 4 645
-7821 98270 9 8382
2321 197914 2 9078
-22499 112559 5 9871
-14668 111961 4 5418
16086 194536 5 3383
48264 187540 3 7080
30863 177532 6 4750
-28186 181423 5 4215
39965 182952 6 9640
-16964 195840 7 8253
31015 151247 3 3094
-32554 161411 9 1769
-2061 198220 1 3920
20747 170974 10 8574
-26002 199798 9 8481
-35605 83988 5 9858
-10150 184544 1 1474
-41817 198912 4 4488
-15268 199030 7 2315
-22783 155089 2 9802
6245 186413 5 3702
27412 194898 4 458
48641 187322 9 758
18374 165914 3 2090
8510 191632 4 1880
32461 133994 3 8106
41406 168633 9 7271
-49728 194581 7 3409
17183 198337 8 981
16831 110052 8 239
22282 192407 1 9416
48388 170794 8 1745
44859 154766 5 9699
-34742 149838 8 2629
-47216 138798 8 646
-19906 175890 1 6305
-8011 186945 10 8104
-4987 158178 8 7791
