2000 200000
-2309 21997 1432 8943
-19050 178237 6979 70202
-49178 183664 8358 35626
-10095 171161 7076 70601
-47110 152291 444 61614
-20570 191778 3752 43913
-31858 188514 4048 66825
49225 105984 803 20615
36952 161282 9662 25517
-31934 107842 8435 14590
29710 198105 9582 84234
35310 196203 6110 49611
40857 179792 2263 1320
8087 145893 2810 75818
36666 188137 6040 95367
-9837 199504 6828 13589
31010 170676 9492 27226
17435 187538 2405 35230
-29491 166274 7967 18914
49166 185941 7738 22731
23007 144948 7927 54120
43429 187733 6131 73329
7362 175963 2276 64349
25656 190196 5159 5013
14911 194134 419 55125
5457 189874 7574 97183
-47333 139440 9088 13409
14640 199523 968 71552
-15147 167788 6003 67468
23808 195478 4500 70566
22749 120592 6237 8185
9751 185766 6643 10909
-22986 163668 4226 9596
49971 152183 7447 94441
39504 186945 6457 13046
43379 3292 1686 24066
-46368 182789 8082 64981
-39371 160793 7148 78927
-17151 141647 3784 48075
27343 53953 5216 92870
-18961 194741 39 28174
-38960 182738 4453 36931
10881 136126 5200 21680
25911 137194 6212 91431
1671 180942 507 24960
42292 158460 3096 97620
-20314 169806 620 42786
39743 160586 75 29222
-15984 197746 5562 74826
-11658 193431 6656 83700
1543 28555 5612 12863
-26181 121917 8561 51399
-11373 196956 1765 47534
2893 166685 9753 1306
41154 165284 2258 30956
42949 152453 3445 31220
23808 160162 4081 12688
19381 186992 2055 79042
-40745 174145 6148 84081
-29475 109124 3371 24633
10057 153653 7799 3740
-40946 7868 3502 34282
18028 193360 3983 95961
-5406 161609 3499 26727
-13754 160754 1988 29439
-35205 188438 1513 37749
2890 176498 2192 82580
20444 147683 2978 27635
-18511 160204 1289 99338
-23067 184945 1749 57930
-35876 23162 2715 8279
-33004 192713 1758 49301
5098 174651 4025 28213
-19784 174719 8469 45588
38805 76425 3574 43257
-297 195124 5621 76108
-34510 187277 416 19863
-42397 159439 1949 63586
19785 188867 7917 21430
47129 109587 9212 69239
-30670 156652 8856 401
-933 175901 5577 22470
-17231 156515 1581 92462
-5522 146166 8242 32412
29811 160363 3876 23810
-19082 69098 5158 10360
35625 147909 747 8613
12753 169935 1829 13347
17925 155677 5384 34610
-3758 157083 5622 33745
-7373 196896 8429 49667
15680 191965 4633 43769
-23398 188271 5868 95114
-114 195503 7006 18258
34516 199938 6478 6131
-29125 95793 4358 94096
37578 196863 7374 62360
-17523 168768 6697 69790
1044 199554 5084 98565
9546 199492 6216 18587
-48497 189334 8207 68526
20760 197268 7797 96954
34752 173790 1323 44494
-33418 139604 175 98965
37769 170459 3364 61377
-15557 189211 3379 79186
-24663 194771 545 63269
46861 191423 6047 60825
-40103 97155 9349 31725
21125 188474 8633 67764
-33115 195488 3033 13733
-29375 194825 4896 69961
-35192 124999 6623 1357
1194 188240 7505 82900
-47637 172824 9043 81104
19528 181107 1101 46697
6943 134531 8819 12325
20930 186082 7049 69161
-8263 164048 5457 28969
-40997 191658 9239 4099
4014 196348 7078 18394
-3286 196383 1043 76333
25519 191995 10 18999
-39783 193054 8913 37091
-29625 178085 145 83447
-24896 156387 7989 255
-6988 186348 6936 72135
22499 169016 9811 98586
-3966 157990 6817 16648
-1751 191174 6808 16386
1134 151006 3772 87976
-28289 167774 6601 90493
9530 199655 5222 96384
4589 195955 2699 44477
-17140 198256 8199 24654
-22729 161047 1971 7205
29452 187862 4454 3285
19864 166952 6671 23579
20446 199046 256 59602
35866 185883 6244 62894
5372 198460 5354 86176
30712 171166 1466 49675
-25319 158021 4402 80367
-27752 141150 5958 45882
-17486 172996 1581 2528
-48349 188857 8135 18111
12085 114824 2925 91236
28232 132124 1395 47822
471 188021 2914 73270
-37359 179238 5666 11663
24849 119747 9571 54487
-38141 183756 827 10770
-165 198017 8205 50537
12284 147299 462 10837
-22164 190596 4091 62734
41672 197947 9683 76308
48145 172171 2454 45377
24517 194910 9425 90608
-40212 158518 5743 90933
5945 184669 2338 25507
6575 108872 7500 35374
45456 181425 8421 81667
-27719 176424 5952 56029
-20966 187873 2035 47862
37840 177096 5950 77696
-39035 176974 7575 76405
-41600 170938 7407 47513
-33609 185191 6888 32260
-23981 177783 5393 65966
-38321 193587 7657 33745
21330 184264 8547 55618
49596 199880 8676 46796
35100 191195 3903 54322
27998 41132 8018 61542
11269 151397 6184 36530
-6051 125649 3054 7916
25712 147879 6388 10377
-32441 181309 8571 93926
-16240 178736 4571 79018
-21906 181596 5267 25772
-30916 193375 9777 4949
-41471 176445 2129 81129
12145 172282 4449 51279
30538 185476 6274 95123
-20627 185448 9692 35837
36392 191854 4952 61353
22313 142037 7392 73286
-13426 156252 4879 76910
12214 190478 908 95658
44156 186544 1396 67077
43196 97068 2403 63198
46941 188721 2595 36718
17807 176856 2143 94058
44737 180382 7232 34976
5363 181303 1080 2532
-32869 171231 3128 40744
49523 95341 9413 54414
-37762 160824 6313 30465
-10436 192374 9363 88366
17876 192627 8384 63189
-6593 193319 1636 25038
32320 174907 1122 19251
-31097 187328 2202 52916
49173 161778 4989 31601
13080 116422 1349 12674
-5514 178748 1200 50245
6633 152332 7881 86416
28816 112590 5016 3327
-20637 197476 2819 98856
47669 190801 6205 70825
27323 152799 2622 49539
41082 169406 8797 41474
-28787 164955 3905 40387
22900 179580 263 11511
-25351 191563 4972 72753
-5618 195396 5515 89859
11267 165870 7747 93560
9647 186133 8352 57321
20678 176400 1290 37729
-42134 168760 614 76143
11992 183253 6385 36337
33701 197124 8701 21886
2148 133229 6546 18657
34735 195728 4886 41240
-16252 192849 6986 77532
-37796 179439 1514 78745
13022 169932 3269 43454
-8317 183552 8792 49938
-14974 197122 7405 88555
40954 196874 7266 91617
26305 149145 900 53326
39184 127113 6074 85333
-22513 196761 463 16244
39756 147262 4489 20417
43132 189007 2598 40392
-24348 191966 289 5503
47088 193887 5802 56048
31681 175854 6628 2472
-5594 125579 8119 1704
2385 186022 3445 61073
48426 195572 9067 83486
-40083 158879 446 29288
-9994 176122 245 75374
-34355 198873 6305 19376
31082 195517 1681 86943
33641 151502 243 71481
7658 148584 6211 61309
44561 181978 8982 98563
16925 179878 7010 79385
-23633 196102 8966 30197
27555 194331 5272 55839
14844 182902 2999 23961
40726 177822 6183 25686
-39615 117704 5261 41851
46693 193682 4782 23518
-46769 193929 6156 59107
27597 199508 3997 68677
-48735 155851 6145 38799
9850 177844 4742 53194
30129 183717 7809 9076
22973 152140 3541 36726
9592 188063 3377 64822
47694 146338 7841 2967
15946 126947 4358 69702
45891 171711 3555 82432
-26351 68466 8830 70524
43986 190427 982 88574
22922 187045 8047 96566
1124 190254 5440 42844
-15075 95497 9039 15920
29979 177129 6401 26714
-23327 100381 2579 61252
-23962 157644 9674 89097
-33104 108972 7740 40548
48162 187475 9600 43499
40102 162674 3872 78582
-45453 152913 6657 19465
-36768 128931 5893 85936
48547 169678 5814 19476
44819 186168 9251 44884
24859 130277 7402 70752
-48246 174226 7994 9422
30080 184271 4362 99966
20453 161128 4434 90380
-2991 175472 2942 14874
34639 186953 6562 28253
-6018 194907 2214 9205
-32034 121748 2596 50221
27083 182657 5705 37668
45265 78285 9399 11904
-49691 135212 9611 13256
-20027 199220 5445 57198
45636 148233 557 28175
-30376 195064 8406 93215
20035 178025 8842 76171
4739 154093 2981 59815
-39972 178516 3727 35634
49330 183393 7170 9891
9607 197354 554 86359
48453 191482 8775 60276
-49803 196503 3911 62279
32012 143327 6816 33820
46984 170045 2167 78342
991 187010 8549 40119
-16427 187532 9122 4043
14524 131137 2906 85084
-27267 133242 4799 70010
-10811 114367 5816 20
11049 177677 8801 43617
38745 114742 157 72731
-7388 190263 2373 31477
-37390 153354 6131 74229
16414 177628 8026 81518
-3521 194009 5629 95379
8350 192744 3456 68192
-31549 156465 3799 17990
-40633 165606 6724 44124
16335 191329 3822 58851
12239 182811 5643 41927
-46213 160119 334 1849
48925 112507 8541 49273
-27798 198149 5147 49359
-25599 180647 8276 23448
-23169 175027 1363 93473
-33896 193920 5590 44982
-26341 181603 8066 30940
29760 189208 1551 49930
-34215 197815 5269 86552
3065 157485 9075 42411
14636 98817 9636 48086
-18211 152499 9043 2578
38775 183439 9658 48411
-25343 159609 9261 30928
-47251 102835 231 79276
17229 128072 8697 8205
44651 174790 2888 79466
-27655 102930 1074 62212
-34605 199190 2517 65200
32713 155978 6306 7419
15947 158146 3628 13547
-28022 183265 3618 37639
-32875 199550 5036 23994
44462 187922 1840 16256
18224 191757 7413 35655
-32475 143702 626 63714
-48849 196091 6590 39524
49500 180131 5754 83748
-36392 198973 6263 25993
-33478 189063 3691 99068
37921 114475 6369 84045
24217 192854 1739 18642
18054 174047 2666 97604
29027 182798 2457 81028
-9170 193829 3614 29817
11181 160226 9314 65275
-23616 174273 827 33164
-33352 146027 6910 32748
-2304 178331 9828 71949
-46074 188390 4625 79474
31950 180822 968 75385
14394 174922 6879 14794
44768 199472 4596 81909
-19437 194442 6879 67951
479 191769 4855 32810
-43126 174581 676 36311
46945 190967 2132 79104
25163 180702 4552 73326
-33979 126815 4493 97502
-10863 184802 1706 28242
-3500 28592 1262 97537
8101 141175 9930 39055
30390 170476 6217 74682
-18631 116763 947 96444
-8205 193556 6241 84685
-35072 95883 6392 32566
-13588 172969 3849 49160
-31408 191866 3362 16540
-39911 171690 1069 9474
42618 193557 3513 28298
30756 141318 1649 40564
29769 188704 1266 36282
28197 176419 6105 83356
27003 176671 4664 72792
35616 182673 5721 50160
-355 198024 7406 99398
38205 190725 5903 2879
-32118 190764 7716 47600
-11162 194573 9037 17263
-41340 156041 9015 98960
-29369 125064 2108 44979
19028 194213 3007 50853
-36543 187728 8942 15371
-8161 183682 1588 28399
-5073 156717 4066 80801
-8758 146161 5312 11182
45566 188688 3246 83361
-13744 119759 6203 29469
-11258 197051 8200 7289
42593 174064 6531 1609
-14706 146694 5781 92370
9853 97306 6635 85143
-27872 176509 8486 8109
42482 189747 8902 59253
-31672 112201 1488 62402
-31213 128647 1828 31039
-5709 121678 6652 78005
34906 156159 5500 75638
23622 196434 591 89210
30015 163377 7099 64860
38493 147532 5610 42027
-10439 131905 1628 81555
25477 183086 3237 55496
-43243 137290 4857 25047
36028 110136 6952 56303
-32939 176057 1217 1337
37544 198440 8330 92316
38507 196107 9754 81917
-3211 195690 6702 34242
-10090 169284 3002 33815
4340 96971 1130 68394
-15715 175802 2689 63810
17648 172224 3194 11212
-8566 188402 6233 84833
49650 188974 757 24621
7560 191924 5072 2618
14904 99656 9182 90745
-33376 198061 8485 95760
38802 99662 6415 39136
-20367 157057 4082 14272
36190 197520 465 56182
35919 194542 426 82847
-6459 154989 1999 58566
15742 198963 1156 46738
-30731 187948 7932 4566
15855 184694 9030 461
21728 166799 2882 83105
45497 189663 693 47088
-40138 133874 7389 48913
47996 193270 8829 78816
-46210 180418 3800 50396
33139 111255 3708 66050
-27557 104819 4118 19457
22936 188232 660 52350
16125 50888 9971 6019
-1091 177092 7920 47346
22981 159905 8173 40582
39783 186136 1719 4947
382 191706 9389 38440
-29490 197468 3983 18764
29048 196783 9883 46337
915 190222 9220 59952
-34137 157367 5073 27550
-12319 196026 1674 43842
-6948 162712 5214 32155
-6328 156212 1071 34697
-14782 176152 1631 66783
-47914 178476 3605 22060
43484 195722 8377 39357
-33385 149998 5951 83156
8541 149882 4122 84680
-8049 175866 7898 32770
45320 191133 9073 90711
-39467 144639 6750 44943
-39862 169581 5564 61466
39187 154291 4405 97731
-24075 198761 833 14555
46331 137248 779 24248
28031 160536 9998 72249
41068 134552 2919 95728
-4550 156174 2277 29665
-23962 137699 8489 37332
-10155 166027 5859 74414
21131 192847 3989 79503
-39213 195600 1312 87619
-39049 196420 911 53163
-1589 181094 5132 93223
-19776 151757 8760 47051
-20320 182010 3560 86593
2386 198012 7624 80584
4386 160070 4963 37684
6149 184741 8285 63760
33861 197801 8438 46684
37248 173893 8659 71292
-3680 196104 7826 84586
-5358 152957 9460 82961
-19799 199483 7337 94397
15823 193116 4354 13850
26736 125712 7595 10850
13928 196454 4467 15172
6745 80778 3602 81677
-46930 145106 9837 36858
12254 68221 2416 75480
21929 170082 7586 56066
-24123 163734 6120 46748
17300 194438 8653 28505
-14787 195720 778 52046
3260 135500 1806 1066
3551 187135 1811 60445
-35207 165879 5492 37653
12035 178767 2693 5161
-469 196903 6777 24382
44481 197159 9667 90630
47097 197346 7730 33651
-49942 160893 4752 63153
49927 195416 2454 78946
22374 167571 3672 96018
-31018 146392 1055 67354
-42961 187106 8543 77811
-13407 163025 8192 97090
-15890 139395 2505 90208
-35084 140835 1078 27223
9685 147515 234 86369
3088 181884 786 39851
8156 141344 5168 8596
7901 190740 2598 69402
38688 186225 8302 47726
32912 193715 7966 32174
633 185066 1690 1267
-4867 199661 2785 15702
43484 142568 5689 18708
9022 158571 9464 39458
-16399 168009 7754 69034
-48634 199070 8814 51107
2006 174591 9232 55952
9855 191193 5850 2433
24019 199516 2628 21990
36203 154574 2057 77853
-36449 191289 5595 62915
-16135 198775 544 90632
23796 168357 2100 87994
29478 184345 865 78532
-30642 182749 5221 50065
-7721 172466 4875 58778
-36918 159727 2567 29598
33012 194809 3255 4827
-45283 147505 9343 67428
-35609 186815 7328 40124
-18541 186109 5166 81453
7061 197261 3283 81996
38602 195509 2604 20744
-8803 147559 4392 75800
3181 197080 4209 132
2704 87355 2592 50881
-36235 192757 4980 26286
48111 146841 496 17211
41758 187018 4008 21480
-1653 175482 1501 10314
17574 137534 8051 30538
-6183 193825 7912 35385
12300 183142 9329 79486
39733 49697 5964 55356
-49786 141542 4842 75767
42297 137621 8518 50471
-8925 158881 5679 83571
41469 199544 6965 58317
27907 190749 7098 23409
-11086 179510 9042 66750
7668 176767 4343 1428
-40070 184284 2690 66363
-4721 110371 1550 28696
-46805 199064 8810 54780
4594 180032 7267 19508
-10684 190342 2706 77637
-24384 170444 5552 80594
21518 138179 9005 29988
29142 133810 5681 58763
1975 148562 9192 76846
20399 172289 6545 98119
-21364 173564 4002 4059
-35750 32913 7683 35252
40565 162630 6267 64096
-39430 173056 6195 71972
38102 133219 3713 30699
38591 114559 4351 46700
9379 199613 8022 35812
8708 174345 4384 53755
22595 192593 6614 86083
22538 99191 3294 51288
-16887 118805 9416 77484
-25742 134915 451 66655
-44017 179393 2163 83
36736 198989 5903 43069
28692 191852 7075 82700
-41969 119879 140 54666
46040 183661 4316 54897
35184 187016 7507 16744
-2059 155762 6479 92858
16615 187025 2063 13210
-20415 158272 5403 58233
-9785 184436 6816 33638
25762 188153 1126 96532
-1107 197475 4771 40173
19920 185783 2972 87270
11931 138126 2064 82698
18962 199010 4247 31000
8375 197844 5173 75723
-39662 192344 6432 56381
15139 188625 3714 35788
-14301 180837 1366 10476
27262 199188 4405 29754
3061 198792 1452 62849
-12356 194404 8838 17927
-3243 108648 5848 60598
20353 195014 7253 10569
34955 179314 9737 96605
48196 193783 7667 13080
33166 174550 9577 19106
33762 87944 5455 52392
47787 185212 5380 91168
-8800 193028 2306 45668
23959 156972 4040 85185
33349 191435 7998 60652
27089 190313 6029 55514
22839 135613 8882 75281
44732 147630 5463 63718
39862 165662 6801 64526
-229 198295 5082 15586
40310 179432 7957 58057
-24723 177973 4142 78090
-48991 198314 3886 89899
33164 199887 5620 22578
-34131 145330 3967 78204
-47327 145188 1399 25383
-32774 193521 9563 24611
-27350 177640 3862 58407
12046 199108 6716 34333
49232 187679 8657 87486
1429 149698 9349 32796
9250 171751 5363 18147
-26445 180427 553 62114
-14858 177810 4847 71827
-24468 188929 7131 40510
26370 116527 5263 6637
45079 181629 7751 64326
-35274 186878 6105 29454
42783 98238 7297 68374
-16004 167300 7874 24430
44442 120520 3421 60681
-46958 157347 8648 10490
-33651 70784 6144 42230
-20345 173596 7690 55475
-31616 163359 2149 54156
44533 147757 3068 67688
-29410 125647 5762 15089
27583 156449 1304 34576
33968 187748 8444 15544
-24085 191458 6263 64651
30523 102774 2809 68930
21122 196731 7089 82745
-12937 196688 2693 35127
24326 123992 4097 50075
17618 196081 503 70788
-29869 176910 5293 36297
-36444 196959 1413 67287
-5639 160296 1124 97172
-39468 180189 1109 12921
-20071 119887 489 61950
20108 191147 5030 36587
7358 197859 7215 92246
-24135 195173 5038 88965
6879 193534 7526 50072
18694 169558 1846 22571
-17102 192904 5397 48773
28953 168087 6291 70386
35251 189231 1641 87455
2637 148989 8391 44018
-19210 174966 5646 83145
-32910 196771 7911 67980
42057 48469 5355 14524
-16509 173195 5534 32542
-8242 184891 7443 97869
-5977 79921 690 66756
21336 161068 1737 99997
20202 194171 3990 15345
-700 129219 3316 39265
-23875 196232 6369 41839
-34855 183874 5316 6644
-4692 167547 7597 97940
-45853 197807 3539 93306
-2658 196314 6962 53286
-44915 174353 384 68407
-40302 181223 5620 93936
-25826 186933 4008 97711
-27784 133251 5322 54821
34422 120334 6054 52383
26606 182315 6657 27702
-48311 193868 1757 43516
13469 198273 945 99599
-45925 194677 8404 26379
-28716 138950 878 86358
47869 182216 4913 59680
-34525 196252 5682 50630
22663 162543 4713 99580
28442 195475 4121 67721
-12777 147639 1672 31137
-39357 192395 814 8310
-39831 123693 1516 28216
37342 186249 4 64682
43095 151869 3959 21445
-14660 150423 5272 73993
-30445 155001 5829 32521
45022 155560 501 40951
35650 180175 874 40089
2383 193162 4408 96882
46908 194701 4640 82205
34527 121625 6165 46066
-29917 117505 9712 8780
-39838 175149 7658 83588
43808 172796 7967 88199
-22487 190859 9219 85668
9316 164584 347 17619
24256 117082 3534 97594
1245 194664 8471 71898
-37464 155624 3216 20278
-33385 157241 6067 57061
3029 193226 8920 59375
-13354 189894 5328 14579
2058 185755 723 31737
12818 165841 2738 26781
-6348 186661 4255 82789
-36366 46288 5735 70862
-11963 188771 4420 27709
14348 147228 392 85821
47827 113733 1008 71360
-30180 194029 6013 59629
17105 126590 3027 15164
-44701 182956 502 92135
-22132 176614 8491 34410
4227 197267 9463 62839
38984 160020 80 79534
4312 158292 9653 24068
-14116 189966 8946 99951
39673 161875 174 89460
-14805 199277 7650 27252
9167 199976 5806 59584
-35675 184188 4175 72704
1333 166410 6543 77876
-47938 195559 6131 50384
-39534 176184 2721 48682
-21618 174622 2125 3090
-37741 183183 8347 57671
-43351 197652 7136 47272
-34036 197808 3520 34646
35071 160167 4092 52734
22705 179694 3222 6948
29015 158752 1211 36425
30736 105803 6243 17021
-8760 11506 2063 99745
-36622 178841 5689 59525
-33991 110225 7531 98848
29490 199956 8164 60473
19322 195803 8112 80699
-28195 198297 6018 41991
12898 191954 7705 93697
28619 194850 9459 44940
-43286 196565 6152 99314
8733 112686 1329 61293
-46486 198672 2451 91746
46264 123553 4065 87128
-37261 172425 9130 70383
-36575 179241 8987 57756
44525 187827 4218 63487
28121 165206 1398 90790
4306 186107 3415 61341
47355 195634 1096 91102
16459 154579 6246 87317
-3052 191415 6334 55265
3818 154320 713 92239
34914 179636 2743 88000
42568 182366 7758 88649
35921 186071 6390 602
-33600 198596 5914 93848
49938 184174 1831 6134
-31093 179538 2403 20481
-14947 188981 8065 63204
40893 158190 6620 84051
-39191 197382 1854 47477
-43903 177424 7029 77351
-15382 187556 3959 22711
39793 176607 737 60539
25226 168359 6259 12854
-18151 164467 2762 1324
6219 189807 9298 6959
-32851 186527 5874 25938
-29155 190522 2918 22775
-13560 149506 4540 44800
16155 184791 7170 31373
45991 174609 9147 20829
19850 187663 9813 13883
-31611 133069 8041 64189
-40939 170408 7368 45811
44600 180180 4363 30819
24451 187093 4662 46887
-30836 140247 1731 36987
-23749 143361 4156 92265
1854 199152 1958 95411
7545 160147 3059 99365
-5028 183488 4671 37083
-271 163417 9194 91388
46332 195076 85 30046
-10780 158761 5079 64643
-35141 176190 8504 81343
-32736 84251 8415 46044
-3688 180950 5042 60439
30942 162722 1219 61139
-18705 167752 796 55790
-23594 188440 686 16700
47418 190392 8031 73496
44198 112805 8877 63691
-30139 182979 3628 39858
39235 137099 7007 21204
-19311 174378 8350 64414
48895 194061 4206 29316
18380 185962 8318 42267
34876 167916 5772 23264
-11857 199261 1848 20361
-16176 191552 2738 19677
9369 159340 4205 12380
474 186698 7509 19392
40394 184815 2360 42303
-3676 85549 8729 4951
32258 197248 5381 75756
-5350 148106 9947 59704
-101 158764 9279 53768
10474 141622 3706 94969
-35483 153877 5577 7716
46844 124533 4583 71791
30465 173078 7040 19346
22548 170650 6125 61771
-41408 171481 4959 48709
-39674 126447 5714 43154
15837 144107 1187 82445
-103 195425 3567 56220
23161 108355 9473 61649
-21856 189631 5612 19280
-36394 183035 244 94669
42069 193827 5472 31871
40758 184650 3372 68911
26456 157405 104 81182
212 178180 7251 95469
32327 82925 7925 65672
-25373 105947 258 58921
-36451 189463 2987 48563
16871 186981 5604 46792
22096 171449 1416 50897
-11887 190723 2649 43088
12614 177997 7027 35595
9855 108883 1215 53056
19416 179026 6374 73881
-21260 168155 6988 65908
32458 164008 8172 95973
-29933 161396 1055 26298
-14166 196483 2446 5442
-33214 177732 8424 51343
-33305 192446 9451 56807
16157 188099 3621 95646
-9932 163707 1574 37616
-36104 159013 3246 12473
25342 184082 3301 23735
-21446 175670 3011 61337
-25461 155136 6584 89423
-27465 105877 901 54483
3188 168256 9991 91170
-40179 114436 83 65820
42979 127384 1679 16492
49121 134671 8119 93567
46736 90119 4734 67351
-3142 186566 7600 51932
7417 181698 92 4056
-20161 161535 3009 92228
-23903 182643 4845 86474
37741 183705 3082 91794
-46164 164789 742 5579
-28932 199783 7110 24045
-31465 165653 7868 35508
-10605 136382 3141 21339
28893 107428 3235 6940
18025 114799 3195 6888
31304 195065 805 93616
23358 187833 8280 85752
-17420 84556 3842 66444
47833 168154 3866 94985
8522 144665 7864 9981
-16541 195275 3136 86573
23356 126752 4707 93850
-33788 196827 8161 77734
-13155 124536 5415 70464
9949 144805 6317 10915
-15292 171838 4603 72334
-39258 192220 9393 42587
-40927 171823 3320 98753
5353 137696 9569 80392
33054 184135 2547 55249
40191 183262 4530 33926
47417 161457 6935 59820
14698 84517 8438 60076
17954 193023 5031 35697
47027 197535 6492 61162
-10671 199452 9827 8176
33381 196737 4135 74916
-9110 179464 6809 19648
36426 191269 4477 14350
-44781 150510 5327 34977
-19836 165909 6212 51528
17301 190223 7310 66324
30735 181273 8968 19324
-36782 174208 257 10743
1205 187107 9840 7063
15174 155105 8782 6662
46098 198960 226 73189
13569 177681 1076 25231
-42102 165749 3636 16592
49220 156060 2327 56660
-37176 141288 6949 94490
23067 187850 7864 88519
-47463 158268 9276 60280
5690 194956 8184 88545
3080 180390 4832 69074
-14821 157966 2847 88548
36027 135829 2519 14169
48311 144129 888 34739
-4338 190986 2451 76681
-48477 187899 6015 92910
41103 112392 8297 37471
20397 160560 4894 70354
1370 187664 6996 28380
33879 167144 7061 13296
17206 191633 5835 65244
-13868 170467 680 33133
33808 189078 3871 43088
-15903 185690 5950 96091
-21962 153346 7752 26371
47654 168887 2887 22550
44759 172745 9840 3819
21133 79876 205 65570
410 198696 9023 18254
18594 191889 7679 45283
-3940 150089 4201 1496
27564 175372 8634 36061
-41106 187160 8037 52090
6828 146468 7994 37582
48430 67301 4768 17925
-16012 169082 4768 85768
44677 192224 8946 63784
-24823 198055 9075 65651
-24702 156296 1872 79430
-45604 127184 2220 65731
-48843 92149 2850 21052
-15771 173621 2781 62423
-35729 183967 501 81074
-28351 174803 3923 42706
20024 186199 84 76223
-46833 185236 5004 55101
12976 141427 6258 55203
-8154 197319 6410 47805
-38549 189717 9836 82527
-17671 126655 6457 74897
-47897 196391 2973 951
23438 159880 6222 85039
-12592 197571 290 52172
-11173 195518 8705 91679
12054 188728 1360 23411
-10846 195567 2556 58072
24622 177083 8243 32571
-41969 158025 4644 38363
-42553 109025 6504 40189
-21680 127216 9016 88013
34989 193889 5917 30148
48244 170087 9000 74553
-12221 171556 4823 89120
-38457 177150 2680 41861
-9187 189812 2149 73734
7917 168793 7221 16276
-44356 199268 8916 65963
39774 190657 7671 4828
-45234 189157 6627 34528
-14526 164235 5865 94537
42182 173034 6088 19280
38733 189994 7749 68722
49592 172569 8114 29752
-9764 117078 8531 24794
46039 160903 3457 26182
19792 195566 8243 53579
23986 71193 8003 29782
-15734 172423 8762 94446
44237 186338 6480 33065
16297 184795 2170 34094
-37891 150133 5768 94631
32161 149936 6981 54574
-49754 141983 9149 34807
22492 187217 6627 13832
12856 176675 3340 55356
-5290 166707 9058 5224
-26713 190431 127 24307
6387 139616 6399 66568
5099 184318 8920 56267
29700 161708 354 36397
1368 86185 9303 33828
42266 171582 3934 50179
-35809 175677 6509 54507
36586 165737 2137 33397
-795 180081 1028 93716
-47582 187648 3641 98991
45378 187068 47 61946
-30261 185839 7345 64728
-30691 179014 5518 26004
-18207 198456 4763 88554
21062 194084 4565 56088
12239 171425 1830 15316
22420 105570 7054 29045
-34866 154594 3025 55411
41504 142189 7564 43660
16863 106864 9049 64908
-39262 184390 4002 1934
-27609 162614 7984 96333
24427 194986 2244 2140
-9813 173612 6607 66693
42819 192385 8716 41659
39436 195706 1838 27841
13125 175888 9439 81911
-26171 175803 8481 49545
-18856 176415 8306 67642
-15389 168341 8725 82235
-29905 182327 8407 85773
12325 181506 4460 22182
5379 195587 205 11726
2964 195958 9829 63210
20623 79693 2343 98323
48645 192844 9792 75022
-45460 165078 1932 97054
42861 197631 4497 45474
31887 190821 8847 82081
24964 165721 6259 97431
-16223 177415 4832 28245
-7138 154371 127 61564
-49059 20952 9667 26678
-10938 194588 6541 41338
10991 192073 8431 13858
-27204 195209 5547 23090
-3477 174146 7130 84785
-12144 91571 3212 36406
-10708 177314 467 27383
-49985 194128 338 61894
2767 111511 3697 49048
-4562 129228 1599 75724
-44561 185372 3195 55243
-6074 52327 6329 49786
25218 189769 8023 35059
14095 143963 2173 23810
-26956 160971 6871 10490
4880 97208 7734 32471
33923 133101 6961 90671
-19483 123704 9005 36451
-39173 162298 718 6338
34242 154142 1075 38088
41076 137024 7029 37790
26696 197837 3917 5371
-9144 189555 4713 24262
15238 96860 4065 13086
10521 196514 9937 55955
-42990 128293 9406 98141
42147 166144 5575 73005
-37176 194598 1184 96364
21757 150297 8084 62056
25667 146607 341 2399
27511 169088 9193 87810
-20807 170094 5337 25834
23151 105523 4417 57882
6428 183447 1097 17211
-1388 159944 8742 80051
-19121 172378 5063 39989
-35073 189050 9441 13418
-6427 69526 25 64270
-31025 182810 9254 96469
-8511 193893 6440 46091
-22076 177385 3472 68732
-31766 122595 3317 79258
31743 159929 7561 98300
-47411 185262 1870 54641
-48008 125800 8797 57530
-20840 199180 5443 39590
39104 181695 6543 5413
19827 171014 3938 40399
1912 160745 5388 52752
29058 120651 3962 55451
34513 196797 5648 23054
-18567 197222 8718 40240
26055 194005 6149 55151
20960 186838 9271 35974
24888 198716 4627 71386
34088 123339 6864 74244
26761 169221 6149 62796
-33812 135405 8285 14939
-47045 186334 8648 8464
13996 154266 7996 12608
-40438 94698 1258 25312
-36379 186352 8959 82094
42023 188141 1537 41851
44149 169245 9640 60635
-18697 162670 3050 81927
11247 91120 9190 59802
4619 173704 5843 33034
-5798 160192 7343 76209
-38879 177331 4042 9059
-3761 174330 7759 56508
25756 176899 3576 96783
-17741 151342 8081 27746
2720 172247 1273 32505
-42478 175988 6124 59415
-19760 185894 4574 56001
-19908 194578 7792 31538
17676 98579 4245 561
28548 113177 8225 15184
-3675 199812 7990 46876
-22921 168263 755 71465
29155 170627 8130 56281
-31077 164930 1526 75825
9242 178474 3304 84542
25225 185683 2036 93010
-45592 185255 5672 30528
-1748 133467 3178 33288
31826 117180 2940 31754
-27846 193736 9572 53597
17728 169737 7939 97949
25682 168208 1804 11142
10454 169308 6800 4743
13559 184137 819 49439
10933 174976 1635 24423
-7060 195938 3857 66659
-30190 183546 2999 70816
16817 194881 7115 23790
-17131 66149 6332 28828
11294 186242 1699 31159
3413 180661 2582 30692
-20834 198715 9124 45256
36114 193614 7878 64509
-48307 196627 6302 19585
20211 163077 5479 3205
-21387 187710 3087 22956
-39871 188724 3116 3246
23686 178701 8979 81730
44356 153350 9064 46203
-22604 160735 6270 71998
-19330 165256 9583 34969
-21930 177433 7735 39040
-1979 198799 5867 42560
-23524 194898 5160 27141
-15996 35359 8466 330
35120 191689 819 30437
-2604 166854 6662 10451
-15279 165647 4247 13422
-44745 178614 4301 52882
-9172 15292 7476 47423
-16874 157972 7986 56663
-23204 192741 5355 83720
-22787 195519 4972 80390
-18652 196340 3579 28704
3411 177535 2030 83219
47883 170325 2839 27367
3326 177769 6383 63167
47608 199669 6843 4542
-17577 110630 8299 67858
15278 139551 1842 49668
-20087 172383 3897 68473
28745 192996 6800 7794
-30864 194987 3696 39651
42042 167355 3621 51322
17456 113084 3492 19735
-5984 167601 196 3739
-43244 86518 6005 16280
-35801 152005 2673 75176
-45175 184827 7850 43580
14406 199631 1914 30107
5627 179985 3914 28264
-49196 195109 8728 13075
12078 102304 9147 77041
3659 187891 7606 64886
1215 162586 5023 80143
-31008 185748 2865 43619
38460 168170 2572 38563
-31935 189121 9888 35992
22433 186740 6747 60171
17137 176882 2966 56676
7093 189798 2755 4132
-40000 128925 2999 5037
-5915 198410 2759 8416
-39345 174821 24 46117
26432 164567 5278 31047
-26365 193224 5402 95176
15187 169101 6274 87027
-49433 113643 5351 74522
-6683 166726 652 19527
-1913 116190 2430 67712
31350 193750 3102 80656
1386 189579 6077 3452
22548 145618 1041 72703
38609 172775 8957 26348
18014 141243 8447 94085
32814 187643 4866 67781
38045 50026 8772 76529
-20954 175450 3923 13740
14080 189544 2737 10887
2666 197321 951 76790
20599 179627 7026 68897
-11629 187875 6722 61026
-25293 166596 6529 36394
-47908 162940 6462 44596
21180 178352 7146 79545
28485 192137 2285 39347
33811 57899 8288 65611
-5403 170966 1662 22372
937 194380 144 71749
-20945 177251 9678 92584
36864 198438 8358 45992
34217 193999 8642 65205
-20831 158870 3453 6006
-45559 138438 8818 89009
10750 181299 5595 54661
14610 174213 3160 16884
-48119 198663 2235 41729
-18835 193626 9945 10687
84 189738 1661 88359
-41141 136745 4308 27767
41131 192247 2364 80863
27547 198322 9657 62791
-13553 109946 5839 76954
-48601 167712 6604 12150
4661 141342 1986 76941
-20524 184000 9995 79684
-43042 180292 4406 58925
-9478 198541 6012 71723
27128 179724 5318 25739
-26367 196082 1146 34292
-12458 147195 4892 5682
12125 133405 6562 47543
9612 198085 5028 31071
27723 191131 8777 32983
33134 111909 7214 46368
45805 145463 3537 56126
37257 197379 6091 593
4770 194443 940 7093
18370 177274 8688 4691
-35862 154708 9215 50471
-47507 137121 943 44495
41273 193916 3772 69495
49425 183012 7111 18314
42362 195410 1785 52383
9851 137264 7992 42120
35462 199103 1301 35052
-767 181827 2124 83110
42245 179587 9692 1238
-23528 169239 8210 51475
29732 163603 9065 28195
-9352 165518 1070 28655
-28168 10454 9180 25983
37807 3167 1262 48935
-9965 163777 5805 61749
-49917 157023 1166 20784
-40060 178740 9264 66354
41900 199436 8318 12899
42709 166510 8969 80730
27601 199389 834 28216
14335 194569 5746 29163
8546 196179 1019 1925
33616 198655 9114 4625
-44170 191791 6340 41081
23456 151619 7136 60010
-9881 197730 9696 63605
32976 187877 3585 93403
-42901 199099 6146 94091
69 173224 6719 53906
-48524 192468 9374 67482
-2556 167621 8963 89342
-24566 191312 9934 28840
26639 184596 9605 11277
-23864 190863 4792 73985
40607 101879 346 5189
12629 182116 4094 63951
-13918 190595 2717 68005
8516 176652 1558 34203
2551 193051 8576 42396
-12466 182684 5276 77827
9032 188186 9205 49866
-31410 185954 356 61149
-12792 184915 9081 64246
-40770 142326 1093 89164
35789 179228 9441 4336
18161 135230 1618 45568
-47633 178995 4504 22089
-16944 145783 2987 21715
3266 144219 3608 33200
-4615 153958 7972 72481
-33103 163995 4055 87887
2389 193483 5108 41479
19516 187143 8915 17189
26265 135257 2881 63168
25843 128913 9601 47877
6944 190924 5419 52093
-3404 142619 1315 44687
6919 144620 6231 76547
-48190 194529 1929 11533
-28342 135906 668 37226
-20570 157586 9194 83985
20285 164511 6739 21970
-33909 185197 1683 63534
27565 105832 4171 67497
309 118219 1439 84500
-47080 150111 5915 88411
33826 198969 7576 36176
-15606 171863 524 98841
-10173 145506 7357 67268
15227 175459 4870 5998
669 177922 7012 39395
-23770 182453 8042 26525
18556 188899 4738 60624
-41494 187945 9216 49855
-27977 169116 2601 62743
-28858 195424 6434 78556
-33782 192672 1922 25420
-35823 138779 2233 97929
26768 163115 2908 23076
22201 173787 2374 94658
10464 199847 8244 45105
6173 173832 9764 71047
19689 191589 2485 5025
-9812 169855 1149 16475
30705 156007 4146 51001
-1537 198756 3387 76795
-35669 157274 5265 30383
-40299 166684 7824 71773
44311 194502 1323 6918
35631 137019 9831 36170
28191 183675 194 33101
-23285 163255 1149 19036
-38928 154772 9554 87066
-32379 155271 4219 58588
-40715 156716 7387 28867
-21046 152551 8757 35702
41466 195778 4206 86334
16671 189852 4008 46782
6816 175762 4454 28090
17234 139280 5600 36967
5469 188427 2441 59837
-44288 181499 6632 4641
20246 191296 8320 16288
-23097 188510 8758 13267
-47361 171590 5940 84200
49069 186387 4582 69338
28339 108804 602 74695
47921 158789 37 19906
34831 194891 7984 67922
19728 199424 2913 53250
38228 153608 8360 31268
-4453 130495 464 90941
-34851 187673 9012 70900
-31849 165193 3455 9558
-3842 172474 3315 66834
38037 124356 5516 36243
-22178 197155 5596 25736
1875 76284 486 50007
-49609 196995 649 2383
27508 169913 5539 2425
-31637 165315 2150 68143
-20772 191813 3058 85288
-33655 167925 7466 85532
-11729 172067 9523 48068
-8575 186655 6389 51021
31818 184217 2629 35445
-47036 186079 5995 77439
26690 199811 5838 88367
-13568 98588 8336 71018
-18788 167632 8016 51880
32763 149797 5573 99330
-14579 180682 3178 68793
-722 103495 6658 24625
-40653 172694 332 88340
39012 198766 5284 25139
-35277 185329 4000 18406
7571 168464 9497 58579
-4043 169528 7126 98701
31067 174587 3051 44005
40158 186617 8431 5467
-42883 171306 746 61667
-49620 102211 6172 11596
17085 191442 4428 42347
3767 167882 4680 32836
-36356 94394 8233 92121
38791 143382 6036 45133
5775 193499 2834 53474
23729 144773 4769 42256
-12796 145386 8179 89361
-12554 117796 5715 10066
47223 164977 2122 76005
-28995 151685 8789 58993
-42192 183251 614 17355
-19440 195823 9160 24640
-22529 188051 2771 49017
24341 180405 6032 52863
-26853 196298 2005 74731
-28722 190359 3345 30718
30167 184121 9252 48577
24148 162889 4534 98708
-1113 185252 8855 89208
-28625 152702 8450 11836
22962 135753 6276 81065
-24071 196552 5226 82896
-18696 165937 8631 20479
-28396 177791 2035 11592
31046 152446 2385 90653
-32310 162822 345 82484
48760 195427 2291 3376
18436 157487 4688 89688
24367 193447 8028 54448
34925 153250 975 22152
37555 199371 8799 74590
-16344 187318 4394 20197
-13365 164201 153 39224
-14354 170227 1630 13496
5914 194037 1746 84960
-37203 6170 979 87788
-38340 186272 2929 47055
41726 184042 877 17552
37954 193927 4166 77140
22855 190722 4259 96942
14315 178874 1458 3186
12657 182236 3205 34726
-36476 165245 9818 68633
17194 169728 2519 97039
16610 193576 5196 58340
-40899 149725 4435 22159
37949 187583 4929 46067
-1072 170115 8943 77112
8655 198341 9028 45129
2880 123782 4283 79814
-1267 169220 8834 2505
26393 187624 7022 31127
17830 165095 2979 2445
-29608 129968 4785 11562
-24006 191071 7800 86184
-36316 157874 7868 25244
15837 30249 5046 57533
2730 192484 4240 36735
-29204 103245 6417 5695
-36871 198586 9893 79580
34031 191345 2861 82699
24638 167454 3317 14794
-15727 171732 3570 47266
16193 183343 5497 48047
-39204 194785 990 17580
16383 198674 6915 71543
30105 177527 8159 65418
-27766 176368 9676 308
22470 194815 8945 69563
-46530 175438 4991 21717
39992 195276 2053 64146
-48251 199691 3189 79658
-26956 170494 4963 21461
4046 182840 9011 62679
-16375 129786 9282 1913
-35254 152393 3745 10582
2320 198209 3766 2749
10568 197627 6797 86259
19559 192222 5641 63909
40401 114769 6464 27330
27946 182715 4301 22776
-25562 196182 7039 13956
16884 136484 7889 54204
47320 183869 660 34299
26965 197174 3794 51120
32073 187792 8350 17897
11508 73135 1845 38762
44898 175978 2071 49328
43752 177000 515 16019
39669 164203 8741 30758
-19087 150704 6116 67104
16532 98652 6868 52887
-3140 134427 8398 46995
-3630 153431 2866 86656
41879 112265 7168 22226
28024 173264 9291 75145
30098 178268 5979 36614
25771 184228 8086 9187
-31049 173763 9665 51510
-20963 121706 7487 19811
43148 167714 880 62981
22352 121505 6439 86910
-27577 178675 6064 27466
-40141 192106 5866 47366
33776 193519 8940 49998
-48778 37675 5423 86916
-32706 183235 4063 13228
-39344 85432 9861 726
-1301 194752 335 91556
-39724 128362 2476 1131
-17543 103068 4558 23489
8624 198417 6467 55901
-10550 67645 7886 17133
44966 194108 8528 37934
-43109 187704 9093 89553
-2834 199027 949 16774
-16575 196847 9602 23473
-33684 178862 1537 26893
-31225 177277 2223 66183
4494 189764 9013 25636
7174 182796 1448 27231
-29974 189170 7657 77673
806 169374 4426 76404
-7498 180182 1821 23179
-37643 153640 6432 33066
8071 175412 2565 57163
27558 179141 139 54699
32206 199283 8223 43380
-9588 185175 1456 82949
-43760 184494 743 48700
2423 191158 5878 50180
38982 151589 9517 50907
-43122 186592 8736 98477
31829 145657 6245 47308
-13011 196324 9224 40475
-19922 155473 5648 36323
1473 196927 7054 59102
22184 150824 26 13389
-20125 171356 9023 35025
46077 154686 5188 33742
-10158 177631 2985 30426
18883 143150 3346 95319
29300 25670 3039 83560
-38003 196046 9704 66407
17966 191278 7816 33064
-15807 146207 4225 43077
-1214 163612 8349 66504
-23013 189306 1296 95738
14921 132687 3106 41616
-5438 195974 9147 76244
10418 197679 1077 10878
10025 187085 228 68601
7290 174902 5221 74050
-10967 149421 5738 19721
45068 196880 9109 51514
34014 199308 8129 73271
-25318 176941 5986 6574
6687 166749 1709 64041
36733 193996 130 63503
39842 185394 5685 18031
-40630 168219 1997 88684
-20656 174415 8726 99584
-2282 78939 3520 46677
47653 191946 9237 54428
27660 170300 6976 43443
-20245 158883 1914 26013
-4436 187053 6636 31080
39960 179156 4073 28319
-15193 102404 1143 66244
-2427 186040 3859 53395
-18696 180247 9156 3464
-41552 181947 5804 86910
-9339 190078 1747 54078
-6668 187996 8766 75672
-26249 181304 5964 39352
13448 171936 1327 49730
38615 161085 4137 40649
-25450 183834 4511 8007
20714 172187 617 73826
605 181019 7749 6743
1934 108932 4306 16654
31209 116832 4970 56416
-49867 177082 6151 28048
1554 142974 3606 1902
29185 189713 4363 8539
-2733 105684 8618 20900
-8127 191753 4148 5010
40268 161299 9166 51196
43212 172169 3444 29538
-8006 118188 6013 92252
19356 142721 261 38333
-41675 177872 478 50042
-1619 184789 6579 34776
-4246 182675 5940 60401
16694 182037 8494 80711
-21125 169512 8983 11268
-36730 193037 192 85400
-41356 149463 4597 58899
42531 178003 8556 89070
-18545 195506 1860 8796
-27616 167368 2921 10656
-36565 129311 1738 47349
-15650 159121 1278 18225
47977 137952 3263 33863
27077 199355 7470 77233
34408 196049 1681 87149
-7006 169938 6581 56979
46785 101235 3785 74989
-32797 194870 5827 95569
9477 61172 2220 65814
4401 160646 2745 93182
25622 196236 132 66971
-18770 33845 2195 12458
-2301 198117 3808 55984
-16688 190559 1477 92891
46633 189817 5274 30915
-11299 158852 6249 46346
39079 130446 7400 21756
-26073 191107 9128 40092
12416 194690 1894 32408
-13303 183090 2423 43907
9238 157466 9234 12291
-12733 128044 2836 88949
22469 186044 8696 2997
-42157 141468 7953 86091
9791 194357 3327 80782
-22571 179007 6705 70300
-6233 185945 3172 31381
18653 177109 8257 57339
-42705 176673 3494 10893
23411 159679 1033 51407
-17066 129370 3313 8666
23694 196317 8755 9810
7772 189216 111 6547
-9228 177101 1259 82700
26696 181810 8236 19112
46769 142717 4648 74737
32701 159399 8681 45590
-48426 187432 8954 89849
49529 148523 4117 9352
21492 183934 293 98974
13231 90584 4022 11537
-48295 184029 1454 22396
42085 147323 9902 89960
42347 175784 9539 16420
-33392 190004 4044 41700
34404 195765 3856 51553
46 160356 6833 4792
39853 179921 767 83055
-35771 139051 7717 44465
45629 171076 3567 60281
6139 144602 2457 30477
14515 199170 8298 35411
-14699 194332 4318 59934
15827 121348 4624 37815
-2092 179453 7445 27840
-24546 197033 1512 98180
-27059 198158 329 75640
-42 42694 4871 98675
7977 187747 9675 12078
12336 197179 7586 90236
35453 191002 2525 83404
-11814 173580 2562 49642
35530 195202 6257 22423
-30832 184825 9477 10298
-25193 97114 3795 36941
47802 185900 3213 94874
19342 187855 3220 99873
-15287 123019 4259 3072
-17547 138897 5352 12372
-49614 172727 7084 71304
-18225 197097 1187 89172
-24535 189508 976 91890
13714 193118 5392 43801
-48286 159773 5350 10364
9290 191314 7826 40317
5636 149582 8100 76060
8558 190943 7583 16797
46223 182006 1910 64577
14626 182497 7050 70670
-35983 198266 9758 32619
9709 166590 2496 64033
-20189 187409 9691 92552
-26533 180088 4229 28218
38058 194387 1101 36945
30966 77407 4208 31150
7819 194604 568 78340
-29727 179318 4581 64444
17966 157519 8182 3139
-3114 179065 9842 47181
-6698 199797 9842 205
-17375 190334 1836 30543
30336 192174 8995 17084
31100 155788 3658 74126
17722 179072 4534 35455
8557 194395 9587 48213
10119 108617 576 62361
3421 172963 6596 49828
22737 159123 9299 25370
47002 183920 1525 62482
46765 196943 670 80605
47152 162796 8285 3333
-46026 183527 5098 54754
12931 167288 9267 63504
46883 187606 6098 66413
17072 181529 2999 84749
-24790 185102 1283 69566
39365 147378 7184 97115
35226 35500 5110 18835
-2177 135218 2936 31673
-5901 119291 618 34588
19747 149436 8404 19524
-19255 175259 6820 57853
-7489 153216 5673 44462
14522 187984 4251 58473
-2814 176117 9708 48256
-27636 95156 6208 52349
-44935 134396 4552 27250
-44981 184724 1148 23931
-3860 197439 5318 12872
-2335 146932 3357 80232
42169 145019 3816 66799
-29801 113946 7522 31017
33360 95771 8599 34904
49355 76878 724 83577
45742 132891 9870 35285
-3534 181560 3688 42095
-14210 182062 9431 38707
-15727 160203 8355 30638
-13043 165069 8740 18391
-28137 138936 3629 64812
-49172 173740 7473 71516
670 194319 7626 13000
-11732 198449 9481 87147
-18654 171486 3284 82598
-31371 196592 8038 85116
-15680 145521 2877 96333
-32375 194120 6157 82189
-23181 162539 2325 43299
42423 190549 5977 70176
-15765 120498 7863 68552
45090 82947 7542 49434
46256 196354 5833 54896
17363 185256 8914 14906
-10474 192055 8259 98117
-1188 196066 3696 93527
-2879 167028 9600 17788
-23248 189890 2269 82398
30523 178945 8115 47287
20895 198997 999 20426
45491 189613 7596 60636
19382 160749 6698 20356
-44103 198293 5196 96020
38518 192199 5277 36701
-43977 198216 6453 1767
21300 180417 9597 51530
-10125 194195 8998 7989
-40814 190003 9480 15456
-38237 165434 469 4824
-37987 199013 7325 99409
-48816 195992 2766 81785
-35706 169012 6803 86694
46062 175335 2076 91185
-6331 143026 4503 96893
-5893 171301 4085 9570
3755 190876 3706 14181
38806 118088 8667 64724
38086 198882 3723 37528
5538 169434 5889 40980
-26789 188714 1409 65561
-23556 179973 6266 67754
-44001 189528 8427 77006
25849 169035 2649 60027
42743 176402 2428 44192
1732 191898 1588 97055
-45038 163200 5521 56784
-48329 50335 443 98179
20131 152256 1317 33404
-17928 31032 6952 1122
-14045 140653 8872 36915
-5194 175979 503 128
-29945 178555 7371 61174
11140 196530 7753 85511
-19842 154449 1104 55888
-11467 191055 1859 4358
43086 198396 1584 4568
21689 182322 1661 93991
20272 151372 9180 94084
28599 198651 6648 10608
49225 173163 4521 32400
7116 166686 6271 80668
28298 177271 9398 17456
8451 176790 2945 62331
-45749 148580 5471 20562
-32843 195583 6862 13224
33091 190331 9575 12247
-21596 120344 7377 92329
4268 77309 9314 45748
-14509 177124 4174 3405
-29355 131708 1410 98917
-48248 147866 4172 32321
-30904 122005 3411 75377
-35067 196832 2596 9940
-26147 162489 4360 87300
-37693 183933 347 75244
8831 97503 9751 62697
-18671 196594 8396 87144
-25378 175014 9763 16071
32204 190516 4266 82680
44340 186003 6057 97278
-47105 168763 5893 17338
2237 164589 253 69154
-5347 192002 6043 69239
47793 173547 9318 96279
40028 179255 1970 66493
-10428 193405 4760 32237
-12203 180770 563 97214
12768 188921 5761 54494
-49190 187854 745 85577
-8607 182563 4342 48806
27831 181267 7130 17064
-38799 166712 8847 1923
2636 199298 5061 64762
44966 160010 9888 89294
-2486 92188 9725 15219
28409 142852 5914 80473
45965 162225 6629 39921
31944 181677 1538 96554
43065 196725 1053 21471
-4945 131929 6544 37814
2296 177750 349 34000
-20766 193627 8203 92930
-26509 191301 4000 13332
12303 187661 9779 66486
559 196002 9922 49567
754 192657 2591 69379
1258 156607 13 92540
-47912 61830 5945 79063
-26666 159160 9344 62251
9113 190186 7831 1790
-47627 168124 5970 61923
44912 176727 6315 65564
27895 158557 1350 80708
-35139 167112 6141 76328
-29424 168891 4703 65756
13757 198313 7080 94283
-43298 148048 8839 2333
20552 128923 1875 83930
40505 120822 8587 37500
13708 152395 4353 50577
-43940 163026 6089 65422
-49687 165993 4843 29361
-37420 185810 2396 98463
-3380 146115 4492 32731
-32762 173216 9175 96019
-2512 199580 398 9421
41446 128745 5761 37857
-43534 163161 995 81373
11605 177847 1776 98124
31379 176720 999 47156
14011 92788 3322 19012
21236 199416 1925 86221
-49947 108470 4904 38973
-10514 164392 9255 23151
-13439 174725 6300 6926
14320 185578 1522 28519
8633 169285 6788 44589
45117 185424 993 82249
-47699 167002 3535 17609
-33148 182909 9457 47337
31315 185713 3057 15689
-1182 199162 6669 1205
35379 151784 4754 44196
-48458 143117 9483 62390
48767 198065 8316 41920
-41373 194064 8967 26535
-24272 186569 9156 64399
-21268 136439 8063 76564
-36057 197540 1608 68327
-41205 172207 2255 92663
29826 199369 4971 6433
10162 162816 5662 69552
-37123 178807 9885 60533
34438 176442 8617 20292
-44980 165733 9551 80436
-30247 156883 9775 7863
-28969 147923 7174 11398
-46520 71945 9757 52269
48918 177112 8365 55077
-48171 197477 1883 60029
-17747 197138 9120 64057
10661 122859 518 8567
6153 199267 6854 36086
38940 198732 2047 39577
35067 176411 6368 15252
-43849 190164 5189 22284
-16684 124757 8352 48718
39531 169471 2543 32740
-1693 169518 4571 16541
-37410 187050 3916 54104
-35093 141418 3426 61557
27395 188952 6847 26975
21545 141525 5453 42721
-16135 184048 8757 72524
-41051 190154 8682 81563
46694 189650 4906 18988
-6313 195987 9957 57007
48272 157619 6635 49758
10492 180357 2137 85361
20477 180196 8045 77202
13401 162825 7862 95995
-30132 141711 1934 91269
-13905 192332 6051 1388
42867 198910 4538 33691
-41472 95526 5206 36094
-25926 147655 3538 46015
47393 188912 3185 8679
22233 140069 440 77848
-41599 175672 5856 691
-26994 192092 446 94220
17530 193271 1137 22463
-8510 198131 2320 71514
-44043 160394 9060 62873
10940 169021 6111 79826
45411 192821 7907 3767
16998 184182 6144 68248
49240 139068 627 36309
-13249 125143 3109 52090
21323 185219 3724 36212
-49695 199262 5674 12302
2189 154167 8294 90607
-45771 149505 8290 76719
-49625 151673 8933 71904
28051 183322 963 53977
12247 194361 6854 20307
8031 139436 2992 4708
-28309 99953 6827 73321
192 132618 7334 43134
-4641 130221 2211 25840
2179 189543 9882 45165
-30156 197416 7262 36129
-1104 170894 4369 10211
-33966 171403 784 36922
-27765 175943 8896 95906
-160 167831 4579 21693
-7570 187140 3877 77971
-6142 179280 8083 93705
39397 178186 8485 23842
-7053 136701 9588 83416
-39030 187727 2920 58492
32163 194251 1959 59034
32739 183824 7650 8012
5138 120697 318 73904
-27495 175836 6308 36178
49197 191824 1116 72491
11482 195746 9395 72677
45001 189859 4752 31366
-13870 189030 1751 44620
574 199358 1875 15425
28678 19732 9991 45271
1991 199093 7873 79616
-30799 191457 1171 18659
22135 189541 2853 12036
8450 198703 8466 12751
-36226 154621 872 19624
19382 155192 2142 29560
11517 187642 1419 10943
690 189850 845 5084
-5146 124453 147 29709
38021 174781 577 89773
15543 139424 5349 62627
-31332 191356 3843 60788
-22119 105789 3555 69663
24517 172183 859 84265
-44556 198269 4438 38979
-26712 109604 8355 46768
25110 177177 4124 79381
17699 60336 4685 8247
-2043 152325 9700 91191
13285 181326 5922 34669
10208 178430 9704 77448
27598 138338 6670 25733
11293 172379 9642 34395
40166 176705 5672 79084
18398 193115 4227 48631
46459 187766 3878 52615
-39978 193164 7576 41775
46079 181685 5569 84465
41596 165510 1822 33603
7808 132822 9044 82580
22797 188683 3104 17015
23978 186091 7404 12773
-35162 177828 1598 1843
6011 198624 9227 62949
-18302 178519 5096 80603
902 180445 4269 19510
-32718 123195 1884 85007
35787 136325 2287 98779
38459 196545 6893 73478
5620 187539 3036 79028
26228 164937 4820 42663
-20877 175491 7562 68376
-13056 178121 2668 94344
7131 192918 8310 13908
47689 126302 4632 69739
8125 189978 9644 13379
-6593 195885 2008 86518
-17564 183151 9993 76367
46768 156504 1901 41010
-17134 195551 1876 17671
38024 121230 553 95687
47804 168800 138 30273
-4054 155331 7995 72886
36388 177863 8122 69970
-25105 175729 5642 45623
-8233 198414 9697 49100
