2000 200000
33582 97596 8067 44486
-40819 197069 9678 16667
-9581 193630 676 60930
-8867 164796 7222 44957
-15919 181500 7417 137105
32299 139967 1420 60930
-31850 173169 564 117078
-25759 14244 1693 84440
30139 186382 6740 108350
-48469 175363 1405 29828
-13276 188533 2936 167330
40592 161925 131 19003
-46504 190317 7078 139616
-19434 154116 1315 144764
48030 191318 8552 82938
-35402 194870 9707 31184
34490 182579 6359 13743
-36804 197925 8512 174277
19718 86388 7083 54425
21955 176106 3786 24039
-42732 135237 8945 157895
11086 146154 157 140993
-44221 162967 142 97116
-7799 175689 7754 172563
-19168 192625 7652 158056
44225 198119 933 8980
30240 176347 50 191750
2530 196944 7641 88618
11611 168800 8897 23478
-48912 188092 7849 20200
26924 194199 1788 44860
-26071 90410 6008 124999
5318 144901 5728 137465
36569 160309 860 163241
13337 194226 2773 163528
46493 178830 6735 96522
-35067 138517 4412 12956
9501 178033 8423 120712
-15170 135171 1034 5144
37028 88554 2854 53653
-6430 186235 6212 148527
24930 178292 3652 36474
-25225 189063 7196 95742
5732 164176 8699 3150
30504 146351 7307 140583
48114 120752 7236 142776
-20958 62161 3967 110512
30345 110511 2209 190946
-28598 139210 8486 59291
-15973 146481 9755 3902
34786 154543 9260 196167
-7292 194066 9582 99198
-28292 189880 1875 193159
25007 188937 3841 77903
32606 162097 5873 185473
-21495 162243 8842 165398
12215 158803 558 61771
38564 197578 8257 40109
-1215 139101 4285 18113
49294 182018 6196 37792
38744 154862 7755 178602
-36109 196484 4588 94116
43801 164747 4295 38989
36657 165565 350 32535
-21281 192650 8530 15950
-261 192658 6917 171646
-29830 166107 8695 134989
-34704 108277 942 21947
-44495 142406 7948 19136
-40771 194277 1844 32462
-8357 183682 4089 113680
-13072 187191 3421 55118
44793 172522 1913 87539
26847 64787 3013 104487
15830 126866 927 109128
-41831 199066 2522 155350
-1951 171110 6203 3640
43883 161037 7416 5284
19434 163087 3310 189579
-47401 165777 1222 6432
-44549 195985 7306 117449
47504 193466 5265 51232
18618 182678 782 166803
34937 55205 3400 156985
10909 152028 640 189953
-7522 185611 4663 157693
33037 185055 5564 11261
31283 170230 8520 56053
23294 185567 2076 16031
-6228 169721 2919 2079
-22162 178511 8057 14091
-33187 177041 5046 151978
8764 160645 946 169737
-13165 180567 9089 4272
-8277 196660 7530 129571
16339 190447 3170 196980
46520 53380 5079 8773
13331 179399 2072 104540
48760 183273 4857 129936
-27306 171312 5459 138864
-12394 153939 6583 78015
-21909 198402 4979 70740
-35380 133187 6096 71039
-33656 166969 8211 94659
-38016 144287 6001 121544
22018 159866 32 189261
2913 140627 4291 18625
24785 108053 767 60563
-37439 154252 7832 151252
48163 188996 3422 1280
-18506 183543 5685 182989
-35202 160276 9705 16266
24780 84651 609 109881
27451 192361 4801 88106
-2962 186098 703 153853
15679 196875 4440 89753
35605 172188 1098 5301
-2725 192348 512 174859
3856 164918 7343 122766
18471 170872 9781 25072
21173 191958 6319 169702
-32645 188263 8424 17641
-37753 198766 2277 176291
-8850 155321 717 183497
40681 187612 5237 62993
20146 145176 3800 161613
-38975 157571 2422 70592
816 155397 5540 18716
-34895 197022 9457 66590
34945 172789 6148 177410
27634 155729 2138 121297
-46035 198009 3262 66858
49267 158806 2591 188568
18919 188676 6725 80987
28657 193971 2416 227
-47607 198154 3734 196405
-22153 177877 7118 93872
29708 90289 7270 199019
38360 198375 5303 115368
25419 193764 3738 132803
12170 179309 5377 194873
-35303 149558 9526 134477
39334 153368 3717 150005
29440 195636 2314 188193
21182 177090 7821 23467
-15012 193861 7243 49948
41406 158815 3490 75589
-41736 163573 9262 138716
-25914 197102 928 125283
-7641 194481 4875 109434
11911 107474 2107 61174
46181 191669 6431 183752
5917 184972 3750 67935
-19600 188166 1666 173132
23404 190636 6913 115721
-5151 176514 4396 157243
39102 195304 5636 37188
25872 153491 1233 82425
-46884 196117 8889 132132
-3769 187924 8532 134545
-20213 139144 5807 118234
29221 197158 6140 103792
14441 195860 6829 34833
-49385 187230 2736 65384
28776 157918 67 156812
-21678 154474 377 64930
3306 174499 7592 89470
-12524 129424 216 198946
-47554 188866 191 51562
-45284 171892 4453 147330
46267 184341 283 79421
-14744 170247 5195 138920
-44997 105827 134 197097
-8114 191899 7297 190282
23290 179718 9276 51780
5372 186815 9370 104356
-17201 179740 2142 38112
10356 190802 6751 68471
26730 199346 3732 152300
-4734 199917 3611 28996
3503 149545 6114 65099
43393 173922 5576 97737
-28781 172934 9743 149364
-43058 185200 7753 130684
15700 199148 9233 103114
-42357 171550 6151 100358
29054 113011 989 61757
-35209 182798 6256 174658
-26085 190021 9855 100257
38699 194158 2013 152246
-34310 186510 3269 111693
21432 197851 8755 119378
37892 172119 4369 30711
-44544 193083 3565 131943
-39397 41208 815 145231
49619 90425 3144 63082
12469 177649 4804 141593
32843 122131 2191 177065
-37416 140205 2520 185487
-49590 182820 3224 2700
-45354 198319 5749 96119
-41869 186700 6783 76880
-43925 196262 4800 41984
-15994 187335 850 92929
-47979 191772 695 111203
-19104 173561 1006 99511
-17933 187488 460 38520
-17741 173397 8296 114387
545 174066 1298 107927
15490 156124 7742 144633
7955 114633 5014 25969
42656 186138 6750 169040
-6095 199729 7856 169070
-45783 189591 567 46968
24914 197703 2155 62984
-1375 130984 5728 184524
-38660 138171 3297 17000
-38004 124592 598 143833
28571 173837 4538 141823
29998 187866 5530 2461
-15807 197626 7366 38376
4325 149493 5003 21828
34621 187534 1018 86717
42500 199684 1872 191967
41214 132334 3000 125559
-23407 199377 9129 91750
22890 188323 9378 29067
7201 199028 5638 75888
-7973 171682 4608 72641
20914 161911 5336 15664
9690 190041 6208 83863
23722 80687 8519 104435
-6306 184229 8654 49173
-20785 197715 3108 175831
-8121 151458 517 39666
21447 184767 5408 70735
-12362 124945 7541 116136
-9999 142016 7757 113109
-12176 67339 9957 147667
-40989 171137 9284 116846
-45613 197653 2011 187344
23398 176057 8086 119204
27320 162099 1865 160404
-25169 143104 7000 167553
6091 198023 6667 152395
-42273 188503 6041 24456
-5626 167435 9231 139571
-35362 182964 5173 111096
31893 197996 9045 194615
-49036 140381 3920 160772
46181 194968 1047 101648
2824 174121 6107 185613
-12754 184294 7706 19354
48381 154893 4475 193057
-49756 199420 8470 36595
20105 190614 6251 3512
6009 147429 2067 26266
26520 194019 1711 31469
-3755 114356 7173 128261
35746 162888 299 101370
10264 197435 3449 25219
44488 196755 7010 95160
-48592 178901 6912 191188
18996 169700 1668 179157
11287 180508 7612 12230
-20942 169002 7682 119639
-465 135056 6586 130770
35466 175848 2692 60944
-26304 122980 7439 165174
-45984 133211 4462 194658
40081 133730 5109 45780
32654 180987 4350 163062
44294 158155 2952 88716
-12160 182373 6665 116856
39770 194216 1452 4950
22417 179334 39 14933
-22660 163339 2930 192098
6884 122259 7933 155512
13679 185228 3692 131059
-22555 188187 8953 61825
43773 139604 1469 195833
-21598 198597 5779 12103
-3204 131812 1556 94063
-44252 183872 4514 47312
-25276 183544 1290 171190
-16205 109311 4701 335
46735 177785 9195 115055
36681 136373 260 81758
-16749 179597 2946 14238
-39178 153323 3711 57276
12029 163839 8664 1342
-41292 186151 7461 188233
-15666 125050 1838 154464
9228 198206 5103 6464
-25477 191355 3641 44872
4041 158367 5663 14580
27423 178428 3838 65097
-4773 142706 235 63694
-5916 178542 7439 86368
42255 131376 3886 23046
-7086 190197 2565 88143
-12307 188521 6337 187744
-48873 162524 4894 86716
-28973 135471 4630 191658
-33416 174993 841 100937
31825 99810 8583 152947
-5097 194143 6608 172533
45156 177868 2429 196174
-7833 188232 4389 196084
18231 183869 1619 82056
29611 135914 3728 116810
14039 174387 3643 136998
-46730 121450 3737 162158
-21898 135779 9681 155043
40798 188719 1441 57500
41251 195077 992 41576
29474 160536 2246 43580
-40089 195921 4546 120141
30847 195489 471 10546
27492 153290 2268 59856
38318 198395 9589 112965
-19383 143626 9417 17428
-43872 183002 3787 155701
13881 197485 9974 32348
7869 195598 8271 102870
-962 187957 8382 96776
11289 189285 1754 84274
-2200 197222 1608 129231
216 194825 9684 142047
14218 182407 1502 141630
14020 171690 340 37660
30519 172865 9103 43952
7949 196931 759 129266
2137 133153 6775 172366
29537 32272 175 104266
3923 50505 8429 46666
46699 149503 4350 58377
-49064 186311 78 79255
40305 131332 5379 181427
-26325 193122 6265 76203
-28503 181069 9605 83199
28312 197159 2155 103928
10716 162470 3886 106935
4243 154734 2236 120807
-37857 139002 2601 180564
29328 31745 7113 159511
-8595 192124 5135 101272
-26365 192377 5651 149781
34089 197883 5455 106348
33178 185772 6457 35996
-21485 150528 6813 58683
24088 199427 9762 7374
31241 176640 8909 185806
7027 165047 414 149172
-14688 197358 6191 44266
-687 187039 8045 42291
-12733 150661 2317 91111
44990 190813 272 73424
-9748 189066 8563 79570
8209 178454 2367 1766
-1215 177541 3727 57350
26176 160034 2027 17894
39921 176740 6202 46663
49217 186191 4934 2958
43343 132564 7782 143776
-20669 161876 1935 83053
45775 161509 6408 85054
39308 113040 7826 66710
-2690 146254 200 86092
9941 193498 3488 2083
167 192997 9591 84687
-8573 180262 1627 23660
8836 126371 5376 135877
-38969 168279 3973 81160
45601 167044 339 71739
-7719 192917 6650 179077
-49608 187023 8526 199917
-35823 182673 4091 173731
18056 174173 909 156450
-45498 159458 7917 58709
-19528 199898 8628 192838
-14293 199908 2066 184250
14603 179743 1786 115146
14311 196704 7526 33689
-38140 199793 1272 74297
-26060 178052 9165 169692
-47300 154731 6755 72733
-7078 191092 4651 30351
26914 171361 5367 154322
16269 192839 5076 25369
-48973 192336 5909 29993
48548 160415 6405 49018
14010 138609 7310 87104
6844 177296 6195 91654
-13430 152301 1408 4448
3469 157576 7971 110689
-47302 158046 465 74199
-20501 173679 4265 167036
41185 84827 4458 44760
15968 196637 1254 186767
2034 169786 3478 51216
-46392 171011 8636 31447
22073 28148 4651 117002
38094 191143 6964 36242
-25705 172334 5800 14789
29221 142422 7666 186489
8474 151469 5057 46805
618 151749 2583 23102
-47455 199014 87 114552
3736 182301 5128 33159
-7856 197724 9547 41402
41676 148124 7901 84202
335 195719 9541 49099
-2342 181132 109 164841
15047 124497 4560 199199
-4752 183473 3865 190319
-18848 174064 1640 74567
-44950 190007 3606 14540
31477 144891 3591 119439
-21962 153268 814 30510
7801 196539 9629 29591
-8567 146025 3450 1762
31215 178160 2734 145846
-7710 191828 4761 84106
-41468 176781 8065 136524
11902 166096 7316 176478
9136 192535 8502 49319
25819 187891 2918 35688
-30387 196883 9224 186521
26449 165696 1622 158842
-21129 195070 2548 89816
34574 161779 8775 145459
22725 147551 7256 111575
-18830 184287 8930 55540
13800 188723 4207 98595
47946 192040 2483 173532
-29566 195222 4909 118784
-26863 101109 177 97994
40456 160697 1574 53253
-19164 198403 4786 660
-16933 197153 4036 156917
7205 142830 6111 71299
48643 190521 5610 178144
11347 57825 6724 87635
5390 98829 4018 115834
36488 139427 395 46888
-38808 152897 5870 133755
43987 190136 5385 128466
-29093 139160 509 111799
-42921 193726 1673 135365
40298 109416 3116 66366
-25596 169320 4984 87826
23560 184800 959 42999
6900 147196 3218 124331
28606 166287 4592 26361
-39927 120078 6779 167382
-44002 100567 8344 23531
11430 176262 5184 165935
29698 155535 349 145245
-36788 182758 6367 166563
-43255 180409 4475 165094
-3178 116070 6581 131114
-16174 168276 6006 101439
-33322 194813 8887 44997
10233 168223 6494 76128
28338 163753 8595 86072
-2478 161662 5492 173210
9850 150397 7384 43978
9125 128861 2205 199477
-45205 158388 5875 21179
-42422 199154 5253 50379
22633 192933 2539 81222
197 197180 6374 155813
-31432 170024 4192 40024
26179 159178 7240 159637
-45891 184171 2800 17616
-43275 196607 652 146451
-35757 169434 6251 63095
47085 185992 5828 152732
2832 21352 6808 84930
151 125083 9125 31241
-13510 147270 6711 2182
-5894 166133 1616 6508
30884 178555 72 43643
-8656 194287 7102 33329
33870 181796 4284 118516
22626 178029 6779 74482
-14757 164216 3499 184862
42760 162843 8484 111515
-22475 174256 470 197304
21536 184864 8612 121472
6366 184116 3967 30034
-37652 58230 6699 65148
23417 164928 8758 167561
10097 198311 4880 142540
-28871 194355 9013 24002
44461 197056 4393 186283
10760 129069 6446 153061
-35335 171117 5737 84847
-9157 40299 6531 198108
42113 172111 9082 106532
-1964 172051 2646 117773
-2432 183227 3467 110183
1304 189707 595 37973
-39777 152526 1963 169158
39666 159789 5387 196549
-5809 152656 6231 66071
-4727 113532 2659 186337
-15899 148653 3569 174295
-9795 192510 5661 42455
28598 161956 4290 13508
39816 199092 2037 107517
-16556 199488 2514 67133
2579 152324 367 55887
-28504 150433 3621 138265
-32777 113382 8991 128295
46608 191952 1145 24965
48885 139609 4473 62526
-30757 191793 5725 64034
-36968 193427 1562 171426
-23070 167356 9892 192990
36745 179053 2839 113273
-18678 189635 3323 101842
2227 199209 4949 163894
-41864 158976 8071 21853
-33478 97421 6201 199001
8084 138978 6387 105087
10422 53131 225 50219
-49150 198057 4968 192824
-17804 184967 4131 191930
-46243 177067 3118 151778
-27569 157716 948 175443
-18731 165364 9507 67853
15754 123759 268 76863
47082 146220 1577 82906
-9806 30016 57 182207
6730 159025 7621 131354
47250 102205 8673 194443
24071 85903 9846 199464
-31049 160352 3772 116999
-33283 165615 4883 61829
18246 189755 6545 141383
-25629 170212 1305 168115
-29862 120777 3025 101957
31632 177586 8339 90132
42883 150456 6737 108320
45585 193357 3594 23555
-485 174592 6476 157720
-20664 198669 832 56691
-49749 168473 8152 41672
13415 139109 2264 132424
43134 164232 5655 89379
-5139 83532 4728 23987
21060 195214 5730 102002
-43136 189239 5394 166482
-49429 169378 6913 185805
-7636 172681 9071 174088
24473 179921 2238 69017
13788 192619 6861 33880
45101 175840 7372 105793
-8745 149513 3243 111752
-34345 156245 9522 167160
23452 195115 2979 154164
19956 187827 2732 144622
-29023 190545 6760 180592
-977 187020 9396 34769
34793 199397 4064 7779
-8299 168190 3853 28934
36068 176965 1108 2017
-40424 199782 2705 47400
-7380 140947 8934 7240
33223 106186 5436 96385
-34595 195601 5202 166109
41228 182258 7704 181575
-8843 159634 440 104999
-36474 175762 1786 32473
1101 193941 3448 141837
-40664 179560 6717 69306
18679 185242 8832 42668
47506 190787 8206 60557
17688 193159 6611 145532
-45361 157620 377 192402
-19960 182526 6411 151780
-37393 199844 8706 148192
-28920 194936 4400 164251
6214 193214 3399 148004
28483 149691 6553 104769
-27068 196000 1732 26201
-28792 172083 115 133309
32087 146857 7558 57609
37479 133400 8112 79128
-38562 192919 5988 82179
-34357 151471 7763 10202
38607 160953 555 188766
28696 193327 9033 57764
25677 149930 138 63213
-2299 193883 7513 32526
-33662 186258 6094 80579
-12516 118497 6415 76866
26595 123262 319 5801
15535 162542 9990 133657
-11323 197756 4635 59870
-36131 194306 7173 147893
20506 159585 529 73103
44646 151229 5692 175007
30257 185678 705 10391
38539 132653 5327 185186
26125 188293 3986 4793
-13718 181433 9090 60136
-10524 64091 820 48988
47545 125676 4742 106707
18236 124848 7096 121670
18881 149400 6099 13919
-6879 180865 1052 14684
21437 175280 2646 150454
-12438 172955 60 102809
-41709 194326 2013 100884
7757 194617 8342 155790
43986 183202 3121 171357
18208 163614 4236 77338
42925 140344 3444 129340
-10542 135937 8192 132073
-17609 122068 9116 103678
-38262 179305 1803 194290
-20607 136975 6318 129646
-32417 183708 7871 112172
28080 167606 7567 159090
13111 149411 9855 165392
-3230 149436 7687 4390
1476 162216 8379 8790
33827 193677 3111 53112
-10021 196193 7920 2409
10474 97106 8509 166084
33879 188394 2303 180012
14618 197935 4405 3313
-25777 179585 5709 75761
47222 195963 2371 129228
-7084 20915 8940 107704
-25915 44338 3182 148003
-37874 123550 1640 124901
43559 172305 4880 170213
18006 195964 4277 189958
18071 169998 7676 64889
40503 85271 6999 168004
-39807 25077 7102 144412
9474 182494 9826 48359
-46554 195721 6394 11327
-3185 188363 9876 2831
-1746 193696 8030 37152
43259 161848 4879 33584
16461 180547 5129 13864
7934 126119 6427 36878
-29830 70104 6705 155526
-44883 161244 3068 99514
22636 167165 7215 90506
-25904 188407 7777 169740
-25706 182332 7390 46212
-2716 144129 8525 181858
-32444 192191 8581 67423
5588 125925 2025 190680
-3529 194554 3201 65912
24627 196528 5898 17544
-39522 177191 5926 30276
-4738 182797 6815 188228
46358 169714 1464 62561
-25552 194874 1038 17874
41667 197770 8901 141051
-31450 187255 2031 143912
46671 187888 1942 149410
-39819 199961 9449 88104
6563 38161 9462 103658
-47736 181141 3181 105886
49317 199839 8482 168197
49695 196958 4080 71288
-29327 169124 6690 10204
-36827 171057 6301 160709
49722 114172 3591 175795
-25104 138154 6474 124466
-4381 155698 6725 28286
31071 153257 6553 28609
-14502 170320 5555 60158
37327 179058 9027 13066
28181 180177 5313 21409
-32705 195399 5777 97079
-22513 192691 8554 92570
-20027 193102 2811 76411
30372 158032 4155 77052
42640 190655 3972 187283
-29620 151076 5122 41501
25312 194964 9445 195072
14773 192884 3771 79273
44738 178617 9626 49476
8420 81420 8087 132293
-31311 169904 8363 134107
-12883 113391 6766 4070
-5974 169778 8108 129084
28593 198746 7559 4720
-14001 96131 1319 157841
-10951 188718 630 117587
-20320 171725 1496 40627
18481 180509 2117 101667
23220 178999 5561 6058
-6458 193020 502 24184
-33730 192002 5087 195555
45218 141325 6616 70214
11070 197465 7285 166643
49416 165689 5432 108286
-35835 172939 9673 17675
-44308 189630 7835 34149
397 197907 4356 15613
-27147 95335 7241 142387
-12743 160773 6542 138799
-47275 82652 4172 129647
-10583 128002 1521 27869
41352 192281 810 157961
-16639 197430 2460 46548
-6932 191358 3119 17464
-35621 181200 748 26348
21537 60498 4511 137237
-20950 195012 6182 174534
-5215 107903 7243 696
-10991 179123 5048 120007
-33502 178373 498 134994
28420 142871 7265 99412
35433 161616 7258 31435
28445 196746 4798 47567
33105 194550 8158 101022
8737 151312 5607 118224
33533 198367 843 112306
4277 169545 7530 191848
-4613 181176 374 107770
30971 76613 7046 147282
28890 190205 8785 73871
36786 157068 8907 101563
-30803 164659 6222 70668
44749 168633 4848 8692
40416 157462 6195 197802
30611 123311 885 80502
43835 175678 5599 77534
1399 173255 8267 23766
-48267 173611 7579 23793
15353 180418 5073 163592
28411 199113 9781 156574
13373 183500 256 4697
36289 192679 634 176241
-34038 187057 3033 40744
30952 188507 2531 19998
-26042 174566 366 52133
-24078 123679 5217 178080
32144 98447 9391 160142
17410 177249 7259 184788
-23361 119889 4534 153766
312 191180 2296 23445
20442 183510 5029 62966
14091 147452 3224 65561
7319 181871 1630 149192
-28921 188075 2232 111308
-30440 186841 7492 61474
36233 104925 9239 58668
49154 149017 8657 12417
41178 187211 5362 83301
46721 167134 7639 162455
-4343 196625 7287 184494
-1383 172374 2507 41606
27980 175350 8776 197668
-6258 194967 5519 170908
32920 172585 8495 33254
-44265 136212 8191 466
-8705 74253 2993 108913
-5282 159452 7343 130049
-42070 181694 902 25404
20027 193333 5939 74852
42231 150821 504 161751
-3694 175279 1039 97492
-12811 183913 4234 44672
39115 57348 6785 184960
27070 187609 3580 43270
-24527 172292 460 68907
15668 151326 508 47778
-32019 190142 8726 4139
30528 186447 9919 33363
19779 186988 1188 157791
42983 172457 6976 151801
30670 1134 1924 176305
37806 97725 7128 9653
13496 195565 9084 50317
-29264 188677 127 29375
-4291 186753 9282 47393
-12899 190485 6851 141640
-36896 176402 3515 39510
14166 166367 5495 87121
-44146 141483 3769 141069
20518 169840 7934 131851
-49230 106267 6719 79710
28483 164506 4920 191537
-34151 195071 3590 123085
47462 193959 620 160932
-11096 176102 1557 177806
18887 192131 8119 171270
16123 197252 5245 192955
-31427 190758 1157 16025
15519 143300 1011 50836
14005 122867 9389 37529
43506 98537 8370 95927
24529 195874 3345 3223
16154 125088 9392 91872
26915 197640 3383 100568
-27581 186073 2832 1762
-4118 183175 3346 101485
-32034 186512 4600 93223
21293 191307 8293 128724
14326 109413 1364 102181
30550 185548 7705 165648
-25195 176377 4123 44769
17841 120673 4461 159365
-23721 170750 5025 89833
-5467 196464 8462 117142
-23540 195173 4269 188365
-4975 195697 2087 123011
27860 164049 5836 79006
-33685 152861 8043 4861
32919 184746 822 168810
30102 199052 2288 174796
-4924 169099 7519 92022
-48445 196056 7135 46884
-17013 184121 8273 33597
-12982 142787 7834 125507
-32964 144823 6760 136681
30120 150854 6621 138830
40609 104241 4942 53008
17435 171299 6088 56813
19353 131145 8024 92209
-23940 138173 6460 153380
10487 194359 8818 101872
-34819 172460 180 28660
49755 185447 4759 73806
-15037 170534 2023 165234
-15792 176155 595 177516
47078 196304 8940 39910
-538 189481 3021 21057
-49977 178306 2284 45095
-6223 177536 527 105498
26450 155414 9438 161269
-31006 129292 9465 167635
46004 163949 8864 124823
33732 151664 6053 86419
35902 147496 6178 132214
17786 170910 7547 3917
-20485 132086 5847 114746
-38601 189563 6697 45300
25551 195852 1742 53989
8991 193432 2380 118015
22290 147800 1598 136237
6556 190240 946 87646
-47413 161887 1457 30109
35 193196 1075 151163
-40240 153569 2483 173614
39049 142117 3789 186741
27997 164157 7755 37538
-41696 161342 2319 5593
-25101 148448 9017 8482
1847 157012 6297 11107
29971 174729 7665 192729
-44782 174100 1250 120308
9947 181564 3047 166225
18853 119519 5114 3987
-24415 195659 508 84493
-3306 194642 6322 100713
-10194 139300 8808 28390
-26636 195509 8201 3576
-16419 196721 1865 58282
-21005 185788 1288 139613
-25036 194424 8971 161202
-33237 132599 5329 93894
-19357 195096 5928 141891
22704 97160 5907 61685
-38693 162073 2994 67816
-14094 165962 3137 199158
-8656 177331 6575 191438
-18728 179294 5221 107997
-36333 180664 3301 149537
25784 173278 5182 152836
29961 197936 918 169701
22555 177458 946 56772
32176 85355 5262 76375
-6800 181699 8192 41331
-29772 196064 3771 125061
-21202 114690 949 160605
-31347 199806 6268 2667
-30898 171283 355 94661
-22660 143953 5661 149648
-15225 187168 9501 132958
15525 93860 930 54113
7308 193749 5366 197509
21423 199174 9315 1933
-13916 125190 3418 117762
-31622 170742 3175 179744
23625 142523 7773 81728
-1663 147389 7668 3364
29476 171149 8611 130697
16337 148274 8614 100662
16647 187885 6385 91781
-22264 86569 3870 136869
31659 174442 3202 199668
-20302 177842 5630 144016
40650 160672 5148 101098
-46560 193137 7538 143616
22400 199519 9108 13068
-11702 192154 513 46212
26014 163740 9647 106505
103 186288 9220 36364
-38001 161751 2828 86234
-2166 185100 9559 183049
39792 170805 7662 111933
3327 191697 2382 3139
42698 149969 1806 27438
49671 173001 7722 195003
45809 196044 9569 35367
40817 185710 5660 11586
-37118 194218 9126 162715
-21702 180180 2473 137434
-7463 175024 340 101869
48263 143692 3279 156492
-40943 195423 305 27319
-7232 159190 9191 112714
37152 182241 9253 194040
18607 186774 7308 194630
34513 194401 945 95901
2330 166465 1739 82706
-10556 15061 2970 5108
24669 166301 6124 38202
29732 170712 2779 146924
-12692 187249 1008 195423
-20408 193725 8570 25746
-43608 166602 3148 96662
-27252 197023 4522 65224
-41249 182979 7189 22464
-37936 189520 1410 115271
36169 133709 8828 162923
626 167090 5532 90326
-32127 152702 5484 57066
34344 155260 7152 8524
-14847 160846 7810 188081
-37662 199324 433 11715
-14366 143347 3101 45940
26365 192100 7545 196125
13298 147829 7831 83584
-23414 199167 3217 198652
-49770 194495 1058 131033
39105 149820 7556 97020
-3517 140169 4374 1814
20225 161007 5829 90548
3160 190814 5210 144827
-15030 176229 830 141870
-6209 194571 2402 112854
35324 167947 8619 99171
-34237 183161 3208 192221
15313 189720 1223 113339
-29900 191787 2574 1093
11992 190573 6037 29700
19001 176043 6532 98598
-17035 174873 402 149488
22422 185436 8581 194702
18902 115286 9033 187092
23519 155748 1847 38755
-44841 193526 1831 192735
19035 161345 6002 126205
15544 194609 816 135000
35773 106662 7824 116163
17501 127387 1330 179099
-8961 52196 8007 189189
-30137 191511 953 5782
-37312 169357 1092 195418
23697 195030 5331 119679
37024 149778 8616 138556
19374 184744 8357 103000
36153 175608 4423 157921
30273 169364 9997 155494
31233 167521 9087 96603
-1634 185701 6394 168110
-18114 141482 1318 130482
16991 175308 106 158898
27785 197018 8920 113217
24170 191081 2227 62763
35942 192010 5888 192079
-48927 156660 7027 24711
43554 199591 3940 102639
44234 183454 6380 64357
40815 197247 886 78810
-10815 197216 6555 20878
-48163 193362 8680 91403
-40806 180524 3224 155959
36602 162827 624 7132
1596 182059 9827 35765
6539 156409 4093 118432
44154 195208 1165 125313
-10453 183250 2457 44032
7188 187482 3109 9132
-22141 175159 3392 79258
24462 76444 2309 14820
-34773 196984 1520 28631
19119 154466 5388 106152
-48799 138942 5042 18892
31581 158808 5485 162441
-28120 161041 5863 105812
-18280 163346 5880 32674
-15645 180511 4327 107180
-49868 198215 4023 189721
-46990 129657 4838 98832
-7429 170718 2012 23511
-7988 138313 1560 127956
33315 183148 6890 162628
27453 190889 3351 141317
37836 198282 3217 81031
-7741 173074 2082 177665
-15523 199246 7470 110717
7524 108210 3833 122388
6591 117034 5955 124024
-16654 138429 2327 82326
12858 174704 8419 100602
-22941 158520 4272 114881
17167 70255 1281 178418
5034 164954 1083 44951
-14090 169633 1945 49590
-35974 163808 9921 42548
-29831 177135 3711 28546
39196 166088 7190 80624
1520 192693 7624 100977
38958 176749 6936 151992
3167 188826 6710 72954
-2113 190535 9799 147758
-10930 194109 1927 63277
28937 110992 1444 137662
-12120 153756 7904 37421
44399 194210 8957 92290
-3434 185431 6663 47216
-16488 196698 5751 159577
30205 179505 7535 136566
44778 132550 1341 127748
9813 194070 9447 57671
-45718 197749 4713 81025
48972 199841 6117 66608
-18349 157851 9841 45099
-38821 192925 5039 88959
-32267 196323 4020 115154
14470 192326 1323 152509
-43247 74411 4629 118296
-18214 178309 9208 120300
26963 197168 5991 62860
14371 196502 8220 176961
26383 193873 4010 44875
-19092 160440 7616 40164
-42913 194365 7558 144787
3131 191614 2505 109606
-3365 186666 3349 190058
-9012 195164 1385 121986
-24038 190113 2150 82863
-46676 193430 3637 66776
-15479 193266 3280 35903
-43783 194503 7608 53734
19914 172085 6611 52299
48761 194060 3289 124296
-43152 123728 3285 7480
15609 194875 1656 9906
30488 141029 7996 72183
3175 142363 7791 95531
29194 171796 3368 5862
15410 170775 7367 103244
-36048 198139 3875 52072
-1376 143395 40 198650
46934 198778 8636 121345
40848 173404 5766 20065
-23581 195467 2784 51573
31474 196995 1128 49330
18679 115569 7450 195425
-16476 192402 1803 32094
10950 152419 5469 185306
19919 194776 2247 167827
17236 195152 1168 76037
9506 133946 9360 166390
-271 152733 7354 71351
-42611 83654 848 80867
33047 197519 5246 154126
864 113899 5091 169826
7267 185395 9272 169103
-18235 168250 4436 101674
26033 164392 5528 40578
-5028 194657 38 31706
21435 182572 2271 154956
1302 171179 1126 74997
-4365 153194 6073 48139
46100 109671 1455 188511
18751 182064 6394 20151
29569 192375 8094 26710
5044 189716 3052 83128
24717 163170 840 38771
35351 124742 7112 159171
42444 196320 5656 123169
-15792 188917 1891 181753
-14065 175192 5069 2716
32336 196500 7948 85697
48898 100891 436 58798
-603 159042 1731 70885
-43386 197057 1283 37287
-37093 163550 8476 121131
-22513 180234 2214 183323
-18250 196451 740 2869
30977 172289 5629 98785
12494 181735 4627 70620
16198 195898 4885 59593
-41398 132905 707 192072
22868 183067 8967 116766
-14240 194335 1840 67667
38621 183838 9982 147484
-16212 70855 6065 177567
12439 58277 7437 63604
-561 116695 8070 83062
-43058 188536 4177 96318
-14421 193387 5652 106721
-46810 165053 8914 139262
-30532 199435 4301 169611
-30250 197244 6880 181403
-37927 193088 8083 35798
34689 181649 9244 81116
34507 191938 6798 43518
375 197476 8069 163812
-39667 175395 7164 3054
-24852 187611 3285 137584
14342 187566 5545 103840
37656 163291 7579 108494
49891 199181 5439 125497
-2833 185932 4538 87073
14905 162307 1968 108389
28546 198982 4882 33490
14457 146871 4194 46639
6901 151207 9902 131609
33781 190589 4043 4003
-31806 194587 2782 47789
31218 128489 2414 14823
12399 196515 9493 148616
-26769 192622 3636 86296
-38388 107743 8006 153376
44053 169745 8670 22050
7920 178417 8379 20897
-42305 181671 1803 610
-31852 163033 823 59503
13581 164348 9141 129919
-40944 174717 9293 182874
-47388 19062 4305 152774
-3883 197172 9584 53667
7433 190990 6535 11398
-13813 165808 92 12271
10909 191920 6031 102892
25260 187531 2421 135945
11547 182984 3965 73504
18017 158872 3008 100318
19056 152064 910 106655
12316 197857 7519 90099
47611 164872 9283 141083
27670 175793 4689 6761
-8891 192009 1934 15056
-10038 166029 5177 159733
30274 191661 4795 168296
-11311 182053 8653 46617
7082 127011 1009 113490
23264 174524 290 188007
24402 185465 5066 165983
46911 180082 6407 154360
-27346 196576 9983 178077
-9876 181591 6176 145383
45739 71125 3416 47864
33008 185467 8948 30164
-9624 191088 5714 2062
25535 196070 5097 123606
9365 129489 8722 74385
3478 198551 5870 146561
-9809 193235 3114 48163
23537 193514 9449 168729
-38949 191954 8969 178669
-3157 179561 4611 76245
-10495 185300 8520 131649
-29606 191388 9521 140824
-39765 175711 5331 64817
25578 176209 6405 178476
-12321 171887 2357 25456
7065 137359 277 117696
-31943 176842 9127 137895
-20589 131835 3017 65443
-44979 199746 3706 55707
38287 132654 7099 112898
-20932 177381 5651 165694
15625 146239 5147 84895
43829 189923 8439 190674
-3134 192860 9120 83091
334 186776 7351 164805
34870 160299 3190 80966
33411 189754 14 130826
-34148 147442 5589 122412
-31378 156063 8858 157365
19075 171788 5454 29506
8616 183519 5655 99482
747 134002 9516 40586
42143 110061 5442 89511
-12990 182461 8793 112004
21273 182688 1181 165886
8097 174313 334 172077
41448 196266 8990 21079
-22457 196280 1663 110461
-35057 157699 9757 10006
47636 174628 5590 132443
-29772 194069 4574 163945
3689 153795 2687 55908
-38106 194876 3772 85798
38174 167849 6437 85149
41682 199281 5735 89891
32035 176885 60 96436
41441 197637 4591 62485
49051 197683 1022 134782
-7916 171183 4385 169133
4151 182546 8473 28845
3330 70102 6578 133104
13008 109011 3881 37585
10674 194929 3643 185175
-5881 177983 3123 72401
-11211 55174 8356 190439
19392 199403 6306 103210
-28602 101154 9300 97105
48188 179824 22 171367
-36092 141158 1160 146444
-25225 192591 458 102049
4879 152608 146 145522
36770 154860 4 139450
-49310 196807 8036 137049
10305 141006 1491 159765
-31984 196400 9437 65395
28744 195363 2884 17304
-27806 177469 2435 114729
-37742 195768 6261 187941
34256 199970 8546 155892
-22014 176841 510 180373
-25345 175028 9557 89532
43422 185553 2685 145974
-3910 199309 578 27828
-38872 83899 866 161479
-49324 197986 3243 12149
-13025 139265 1019 170162
-21411 126487 7667 196827
46167 149092 3760 35722
-42365 195124 7822 168285
-18604 190908 6306 57221
14987 190492 2508 20145
-33491 73507 3232 148284
-36976 117816 1735 126816
-32449 84021 2986 40416
-3556 193258 3147 2470
27567 154827 5193 189759
-28603 190495 1958 43277
29637 166170 2943 59065
-16022 154426 4321 143563
-20763 193512 1212 26492
-26066 191606 9517 40985
-9809 198872 4641 43335
-21836 188179 674 109717
666 161531 248 15517
29660 97778 132 146906
-47443 176177 1987 183816
5725 165195 2567 104799
8895 131167 485 5648
44004 172913 7974 87502
37328 166178 7183 16508
41932 57771 926 107302
-43609 149556 3516 31177
8383 175751 5552 119187
-22547 153128 7695 48489
24492 187115 5063 134157
-29238 21560 7627 188734
49449 182770 1879 158703
-39521 185728 2947 64984
44940 99985 9287 99481
12292 196430 5124 87659
-59 191381 9648 35272
-45660 187410 3936 169428
15294 103316 8023 154804
-4715 193532 7564 46734
-28746 129459 9624 46506
-39588 131238 1484 148784
17754 191830 468 82348
45665 192259 574 130090
48069 114698 2540 101574
-27729 162118 1461 167936
34746 167543 5086 111666
-10320 190572 1528 27590
33503 158567 9087 40623
14151 196102 1594 135324
-19299 154992 2250 158
22381 184225 26 36140
-48842 199641 3385 97886
-20432 195655 638 73571
19270 170197 8547 158824
8969 186940 4509 67373
-42370 69657 8245 195757
-21091 199950 1866 30516
40380 172494 2563 169071
35222 153071 3608 72474
33423 158338 976 84253
12643 179719 9466 177140
-14998 95470 9884 134068
-11282 149464 4970 68234
-2713 171681 2047 129746
-46435 169806 6621 169549
-8737 172059 3284 158941
3788 181011 8805 114457
-37145 186990 9623 83284
-25655 75463 9208 39724
-42867 170524 2626 193268
39344 119676 1615 122085
-9100 194949 8805 145679
48072 199548 7265 164352
28620 152555 2916 162215
-27298 130831 433 197457
31445 145470 3142 194257
-15136 188424 7126 17983
47798 167459 7099 30665
39165 141241 8442 39812
-7430 190978 5757 135056
35996 186456 7349 47010
-17046 175715 6619 87053
20698 181439 8651 154664
-44975 179566 2691 180579
39752 177711 1796 142694
9068 138231 1838 14928
28772 196076 570 62062
-27888 150523 3696 5511
-30921 157031 8265 140812
10849 198818 6992 169678
-33936 136449 3714 153735
-10352 198411 7172 9882
-35329 156460 5968 138328
21653 197004 9474 151273
1941 138945 3071 46634
20558 174919 8563 158625
8218 164082 1722 152979
-8457 136057 8761 56295
-18673 162932 2421 182035
11754 188704 6291 4739
-987 194230 6410 119755
35449 142570 7326 141235
-23395 155137 5528 88256
9994 135906 606 143053
-18334 173805 1048 132624
-47757 119485 5037 23258
38373 89220 7698 143156
3350 187864 9700 182767
-4264 199533 2369 142839
-49121 138056 9320 166221
31117 194839 6722 29750
-2564 181653 888 34043
-40529 170446 8067 149337
-13860 171861 180 95139
-40191 185158 6250 98704
41228 190805 4832 171179
-13129 176964 627 68370
30062 196530 7849 147926
49811 136035 4478 147347
-31686 97513 3831 93850
-46559 179661 7913 69316
-37990 189828 6933 137347
38612 174149 9530 77200
-39231 178055 3533 15816
-3550 160065 7808 18388
31244 197347 7511 77036
6621 135754 8523 156190
1852 57029 84 31513
-20811 116847 6169 40618
47187 180073 5638 159928
36395 190952 9618 185369
-26099 174249 8386 12116
25751 198418 711 104947
39777 191586 1049 102448
-35012 176408 9575 103007
18521 185012 9124 117542
25034 172985 2482 153568
-31954 188220 2190 184770
-25674 199643 3410 129491
43655 155266 3559 154206
-14027 149171 4150 65127
-22860 140961 838 180352
-25633 194878 8305 55196
-45466 188601 7599 101873
-671 198157 1603 118655
-31918 164152 1030 61919
20579 144457 5847 115941
13447 194877 3010 9397
11164 161697 541 106086
-35380 129422 3877 196154
48179 198916 3545 157340
28989 197932 5451 34152
39480 124584 9707 144925
-33945 198043 3346 75150
-46430 180496 4801 16053
43138 181643 9706 109097
-25462 99282 2010 132712
48751 120624 9309 67838
-10296 187644 4269 98343
49427 190551 5264 39931
-7890 199668 586 68816
15763 180009 2075 100111
-37566 154268 719 183019
-28848 149892 8038 172423
48319 199062 9166 127203
-34939 186983 7509 140843
15182 181837 4844 153154
35583 181249 7574 78809
-45279 187149 2286 199793
31997 149890 7096 96865
1201 171026 3263 56879
-25687 193732 6942 35552
-34215 173005 1381 93071
23253 153338 8916 171488
6803 199444 9782 195703
2809 144784 7249 106480
-42383 180608 7765 2198
-29876 185148 159 137537
-5633 191739 338 199525
6114 182886 4952 114946
31928 152623 417 49442
2150 165502 9857 110652
-5370 155749 5273 115210
-14184 167857 8059 196144
31038 190413 6064 89557
-1112 174444 9704 109616
-41126 197284 8870 81591
40211 161295 8795 111164
10969 173970 3775 134868
-36322 184975 8611 83870
40086 188297 1365 7043
-37710 198306 3577 188168
18085 141726 8429 103047
-35785 195527 3529 30573
16467 184645 5849 11786
-25708 156352 8446 189085
-30210 128116 7823 41819
838 43046 7521 142053
-22254 180774 7896 7210
-39778 132179 3572 47590
-32666 196194 6523 69570
-10944 170341 3354 28021
19575 171977 5659 54854
42426 175536 6601 132020
-9149 196080 1967 149295
-46557 197944 1699 136112
28201 186278 9569 170693
-42252 179463 2961 121210
49088 125710 890 127133
22603 85518 3777 108618
-12555 122403 5324 4498
-9858 199151 6498 2129
-35191 178328 2591 4743
26716 181861 5726 86301
-278 179332 816 131356
-29269 130785 279 69619
-48047 177087 3175 90350
49118 147717 9734 196328
24157 133403 1017 54357
-27883 187304 3024 43777
-2289 105326 4654 96793
-39878 199690 8090 38093
26597 171986 8163 92788
-42247 109665 2735 25919
-838 145283 9379 146894
24704 170140 9103 156112
-15426 171213 5330 53941
-27592 177656 3690 63573
-32494 86414 90 38876
226 166709 7438 97117
12552 93837 762 175702
-4874 191677 4798 8142
-42471 180370 4092 26451
-28520 142719 36 86528
48390 115017 5350 74714
-4644 184790 3944 10651
13203 157396 1987 32968
-44676 175223 8273 147245
-7134 155882 9667 183432
-10632 176027 6092 113999
-22516 97147 2353 115284
41454 169774 4635 118008
23941 185367 5587 149419
-18086 128412 3488 14370
38161 176335 8712 23763
-24849 184375 2426 8604
10498 166949 7677 21586
15414 179867 8848 140656
22420 170608 1569 101928
-16408 198233 7852 160118
2954 188343 4170 63695
7847 197496 1977 153785
30442 171079 8087 181045
-37950 159410 7648 116105
39831 199035 440 71417
34761 194492 8624 23008
22798 153414 4123 91238
24045 143164 5005 186938
-43453 186345 5577 29932
-7236 140189 2379 15727
-46403 185103 3840 181029
27355 179103 5435 182675
-38896 189533 4594 150854
13925 170053 1765 6608
-28966 193937 1054 163108
24228 154527 742 166274
-11776 145643 6142 154987
12974 196759 9308 85715
39338 199892 3057 175769
3874 163299 3136 84953
16924 169187 9370 178752
-17917 127170 5300 23725
-2313 185178 1210 166715
31605 146243 4477 101453
10128 113640 2265 114737
-38666 147002 1891 175029
42223 195496 2187 129224
-17602 198632 9015 46969
-6005 176165 5936 169196
-4678 152666 6100 91687
-8252 186149 2028 20481
25382 177800 4074 182043
48545 191414 9434 166437
-5367 155537 2343 88354
-24276 193792 2858 135850
19094 139895 7319 56340
39563 148836 7363 171539
1632 113152 7134 45548
-1728 196217 4229 139661
10814 172266 3107 29610
-5245 193647 494 81904
8096 166708 1232 3499
21823 127348 784 192822
-22832 193949 9688 138887
-47798 187852 8528 137595
37421 180652 6615 52652
2506 172869 5363 124982
30372 199227 3600 182905
1541 167671 6373 185399
18928 192384 7812 142366
-4121 199438 4842 111330
19476 156191 9839 29619
-10855 161553 7912 43563
-3145 133839 3639 152790
-21024 117308 9781 88531
25344 181160 6936 59976
-38923 183795 5486 144482
-13390 160113 7482 111114
21699 199960 5416 5670
-14711 52858 900 68853
-35513 194314 6810 48171
14966 150218 5061 34264
47363 195088 1434 149819
-33256 161038 8353 137750
16163 176005 3383 121304
-42052 189730 8297 177982
36532 180173 5992 189304
46166 121425 9774 109933
-43487 93773 1940 199937
33600 192453 3144 6818
-3312 187338 8497 157637
-39053 180604 6098 77920
-45475 178665 8449 177728
-36284 199962 6217 166474
-6698 177257 3258 104143
31842 193099 9189 167802
-48937 185899 2021 35444
12077 175540 6214 167010
46855 192630 1258 161224
49593 76656 6867 55719
-12781 155330 3626 48000
-8605 173816 9728 34939
-36086 113337 4429 93347
-8237 135724 3006 137595
-32519 180423 9245 104587
-7309 193821 712 131016
5031 178869 4226 22619
2191 155050 235 122026
1172 150246 6448 126400
12239 195875 8933 45986
-7762 198340 4575 101227
-23055 182744 6193 112590
-27340 62493 6794 52558
-8374 193465 3603 7299
-3248 194966 8746 11541
29054 196154 5296 73831
24622 192589 6243 86823
-45922 172722 5647 153421
-11518 151346 8096 198685
-47165 162294 6806 91540
35801 180366 3467 192579
13512 127497 8142 38466
-14498 164488 1264 148749
-18803 193740 4905 129373
21937 118380 1523 44891
-27511 169446 8646 11787
-30844 180100 4670 105073
-40785 175248 6706 93227
-6154 186775 8800 147633
-8539 139048 2834 101171
7731 197201 7635 102618
-42399 62760 4014 42187
24076 196188 3469 134213
-20570 178213 2816 65003
11827 162585 3370 189917
42878 169576 3422 114673
-2822 79523 711 150431
39608 192446 5988 93574
8973 111633 9762 48979
37955 181791 2470 4977
36429 191437 3393 13578
-19988 193219 324 32124
-10449 151317 3008 100441
28661 178845 8607 78406
41781 154446 9744 121877
22519 172106 4748 38697
-7125 163000 1852 102095
22681 177644 8439 98702
29156 47222 4462 90642
-16911 140105 2090 185293
19894 120605 1730 115803
-29636 121321 8381 26890
17140 108644 3881 148889
14905 163163 2417 144780
-40469 131565 7681 94821
7435 167566 6680 185120
-44288 195698 7955 18500
37902 189425 712 151918
12328 175109 6605 25499
17753 168495 3056 117210
-45177 179288 8193 159026
9078 184825 2265 134046
30926 100726 9614 190956
-18690 155037 3297 170662
-47185 149044 2478 148102
-4327 189235 6597 54124
46179 199508 3217 98255
-28555 173656 7533 139222
21534 129344 3496 122535
-12444 159153 1709 55629
16305 198267 7012 29244
35867 197754 5385 11871
-8767 171509 3056 2816
-37463 198238 3912 74776
-12538 147842 9532 160495
-35371 153371 1661 146461
4487 158071 460 173888
-42373 180527 3474 152713
-31372 34835 8641 183210
-40056 180801 1318 160651
6756 189698 214 113305
-47915 171147 3561 113408
11985 187363 7502 23345
24673 192344 5413 14285
18545 197759 5245 97475
47794 132178 3808 75457
-4714 188516 4788 159374
-4467 83218 3296 86185
14824 199202 7185 189880
-49197 169769 141 79283
-25246 196506 1526 15373
-41121 172995 7358 30791
-20853 174952 5001 31031
7743 195313 1373 17123
-39786 186130 1628 97151
3791 199358 4669 138678
28540 178003 5406 182788
-3460 143533 7886 187456
-31880 144051 7346 93817
-11144 196971 3421 69609
43972 109073 543 169380
31961 142125 9234 76063
10963 181900 3016 83540
-29961 191910 6324 183796
-28401 158885 4621 61859
32678 170449 9120 186294
23379 173008 3906 24109
41489 171347 763 166097
9452 195333 4495 82576
35992 164684 5700 42787
-4916 188375 8008 118564
-48788 80151 6782 109919
21711 190250 9949 33341
-29816 181656 1340 191973
3954 170204 4261 91231
47090 193843 5101 53983
21552 183139 3207 103362
9427 158771 3483 100319
-36129 169216 9625 73351
-11277 198177 1903 91896
-9237 172109 9277 195833
-46887 199327 6488 6362
35794 194685 9193 10247
-18814 188185 9484 185139
-671 146801 1126 114049
-13504 183663 4125 87490
17613 142736 9612 88402
35541 112754 7136 25469
24724 134358 7884 84157
27440 185162 9787 2982
2261 63083 8254 81116
-4505 100136 5518 109610
-44787 195105 4668 57813
-35402 193762 5331 195451
-32365 165575 7519 113629
5272 182905 5208 59950
1911 198164 7401 71154
-20604 188803 3740 153879
-30569 193694 8658 179540
-32982 171786 5097 175652
-10686 108304 7591 82116
-8755 173777 9170 158584
-38382 179970 9601 102655
34211 162729 8301 51273
-16221 167131 5714 23933
-49844 175200 419 195260
44249 190854 790 158630
-43824 137332 8358 135296
-28718 193042 6119 27861
36924 175687 7458 78120
49095 141143 1873 98576
-22658 189709 6199 25165
2377 170860 3672 153094
44671 141502 8294 32932
45689 140226 1126 36362
37792 170196 4090 145884
-39479 182150 7722 103951
-1095 191698 154 38460
-36686 177889 5230 159333
43279 105377 2540 63034
45590 162820 6552 69043
-28108 189300 2764 144031
15287 150304 8372 186486
11747 183266 3982 41305
-21513 163013 7120 143674
39068 189736 7712 189089
4722 198192 2024 159382
-35139 198276 4724 121551
-11815 187092 642 158317
28130 166389 8141 189882
13841 179776 8013 89314
28926 191788 9944 191765
-23604 186809 6182 97308
-21221 129801 7852 135366
-2522 167250 3260 126267
19311 189911 6838 60361
24482 192577 2262 196377
19168 194116 9438 192198
-4218 185896 9649 71749
-2087 117899 5150 18350
13109 180773 2398 70460
-8627 188073 4261 162268
38477 184278 4987 9513
20973 197351 8871 112617
6688 185543 7729 98463
-48955 80784 9704 138704
-30922 188259 4446 80085
18235 47440 2873 173253
2531 188365 532 16673
-41333 167758 658 148944
10277 160802 8195 137080
37500 194922 3537 54318
8130 178278 3331 92390
-35448 147713 1746 90409
-19009 188485 8372 147209
-5525 199277 5007 126711
-29948 187933 1657 26579
-3671 194923 2266 13905
46031 142807 5459 195456
-29914 199750 5737 198742
22038 111876 74 3796
24320 174651 2753 66783
12385 80225 2610 48985
3919 190796 6311 136356
12327 149196 9724 53272
32224 121136 2195 88335
19208 195036 2346 82198
-39345 145506 8758 92832
19115 143528 1639 14801
-42780 194091 4206 182465
-49478 187147 1446 153340
32688 195518 4503 132523
-15205 169453 5931 8887
2535 123514 5317 160697
23184 156056 8647 93395
35424 163626 5312 118923
-26574 192719 2520 97861
13899 168981 9263 56223
30793 162776 544 142248
-7950 170064 1304 91051
-36785 197687 1461 82552
4692 161802 8039 137662
-5017 165449 6521 99852
-15073 167663 141 147735
-35944 146345 4859 105492
48876 194304 6316 52678
-41298 175187 5279 49492
-10465 196061 448 89667
-14093 176040 1225 55009
-17377 198556 9408 77964
-6390 187819 7504 3546
4115 153408 9109 16259
-24979 102841 4945 8104
-6594 184985 8954 4295
26183 151894 9505 128440
-12931 161112 422 142417
-30443 169404 5591 165817
23390 174255 4470 38035
-3879 103095 7449 52242
-40445 151397 302 133388
24607 171645 4887 66790
49720 187618 5186 27631
-4908 156308 438 155275
-24590 142536 6448 114294
-15709 118008 5006 75399
24201 196691 977 84993
17843 159896 6309 73868
-3369 185804 9152 179764
34142 157374 4781 38902
9617 175048 6522 157839
-29933 189902 5660 41987
-16762 172625 8439 101327
31502 197204 1659 150291
41622 199386 8088 116294
37750 173534 1618 198496
12405 156758 6834 171639
6584 161520 4002 45183
-49535 140825 8634 168821
22211 170619 8819 12568
-11744 199022 3857 101245
-25052 195593 2352 79458
29853 117793 5026 14481
4035 163624 9727 176355
37412 84880 9482 127958
5982 125114 6389 178792
-42883 185153 3527 40432
-36476 144704 3930 132288
46022 199192 2341 157341
40596 77282 6761 119934
2260 198996 2421 81616
-13416 187927 8412 63598
4620 179335 2431 3151
-49283 167896 2229 191063
25789 151142 8314 76560
21460 180901 2768 69235
26592 174302 10 167567
45966 191163 2567 47723
787 195435 4361 110323
39027 164270 3062 12695
-5005 188952 4841 34402
40516 170491 3633 85812
19992 180378 4618 8866
37139 185441 7731 5543
1398 135199 6039 86066
-45697 93026 392 192050
-35151 190729 3077 127273
-17644 182014 8733 162100
-47808 165425 6399 190797
-36285 185082 8279 37350
-29051 182300 108 180471
-1921 149378 546 129939
43788 162191 7091 118053
25944 151641 2572 63065
2371 117354 5888 140576
4763 152253 1937 168478
-45158 149576 6711 33168
-13527 193554 2712 40084
-9988 183366 489 136732
18295 199316 3694 155824
-15092 192456 1061 37831
-27577 129591 2433 55143
-24893 166418 9073 46984
-40091 93127 4880 48938
22569 165247 1384 68777
36324 195128 2065 164452
21650 154997 3927 16226
-49285 103207 7284 14322
26555 186372 5155 161591
-14182 152643 7975 176163
22246 120961 6014 157327
7026 167801 537 175345
-35373 198665 4314 58583
34852 160017 2099 111550
14047 168782 2157 98071
13065 170926 2739 193875
-13055 188171 2278 14547
4194 188324 4219 81941
-35645 168000 4335 67621
1697 175122 5883 199688
-7233 193719 6900 84442
-31208 187188 6907 36937
-29606 167351 3843 61770
-16192 157347 5723 73415
31109 187031 6468 78396
4206 151973 4767 132611
-18798 197861 7883 136889
-22223 110181 9221 107080
-24012 177927 1724 187440
42575 198109 8761 115948
-36997 175565 270 58314
47968 182821 1451 69192
5838 196108 4820 98511
41195 149601 7471 165492
33738 191067 9528 41978
-25536 196952 6694 133767
-32454 123888 890 103960
-16169 117076 2796 112654
33719 134666 7960 53671
-10457 154314 5538 22346
8578 168270 5565 143788
45577 178117 4044 45808
47712 162386 4399 124886
40111 186611 8542 74459
30391 143490 2836 118738
43359 190921 4835 105749
-19066 84858 8629 8814
-2795 153973 8750 73351
-6998 170281 8918 176115
26328 177814 709 115836
26478 151949 6773 5181
-3973 176232 11 40349
-44366 157041 4642 124700
7991 185480 9229 118953
-9440 110419 8478 187120
-10392 187196 5839 2036
3370 194157 3718 113473
-43322 192458 4584 25825
-3767 193886 4194 189469
-23995 172629 507 13987
16786 154968 4506 39222
20430 185814 7432 166769
43290 187299 600 65019
39071 26274 3123 76744
-37940 190988 9844 155958
-6110 187222 2900 48678
49960 198726 1404 101862
-24150 21103 6271 108932
-17313 191335 7187 49886
32115 139764 7285 136275
-28947 169245 3517 108638
-22918 183381 1787 114107
45750 178143 1079 114480
-15237 58114 137 81552
41667 127356 1004 42695
16746 129092 6693 59094
42815 154759 3222 48787
48468 162664 6689 130616
-43090 156625 8177 128168
12439 170168 3571 132035
-23666 166613 9607 132688
4032 182943 9941 11368
17489 181664 2727 26222
-19932 171865 3596 67698
-21607 186890 583 41621
-43519 196744 4589 5573
25973 149090 765 79848
-27146 185369 6157 111320
-48100 161653 4345 52532
8544 111270 5847 44020
13832 191327 6117 128139
-3913 199317 5476 49134
-8779 182154 6799 193250
-4759 198791 2502 196706
-30982 178601 5559 121966
-1803 192333 5830 15856
-4185 183546 4373 197690
-42518 195604 9871 164284
-26240 191336 9677 116428
-21086 199153 6090 85281
14777 198369 9413 153146
-25478 154595 3932 26549
6354 199585 4710 71815
20019 185051 2173 136067
-26955 158138 9026 146499
-5778 189065 1019 35717
-2289 191746 8885 125986
37155 197930 2095 172961
-404 185722 8095 13467
19907 165741 3262 143015
23766 174160 9345 14084
34416 196588 7027 152648
39247 190764 7991 6380
-35590 81313 4890 162712
5612 192057 6229 158521
-11461 182618 8177 10823
26069 185692 5621 107332
-39691 181089 8555 4573
34747 182876 8464 132403
42058 199923 5461 178421
-2854 146237 9195 186645
5053 193699 9740 41339
-37809 189551 9604 55299
-16409 146911 4879 34345
-43012 199422 7646 65205
-19619 142378 3346 107967
