1000 1
226769044
55639922
841242429
145490180
154428505
860362836
596990800
858420671
613208590
569648571
619132758
3117680
386690709
244278067
829361675
659903765
817266962
992608681
193110743
825706904
131482361
407887582
14087325
982684322
959110414
169836175
487813656
806612478
129833499
468097350
60018618
236519416
101205232
566406699
26099299
332671144
238914581
558674727
720999134
508263312
181004983
10138773
924433404
379537517
512748223
135877425
817839973
896416094
942703723
880512946
885848509
183611808
548659572
23346134
618959951
355022262
816484077
543082522
751712663
604813449
7659788
436623231
67023460
748065825
750321851
631273804
517925654
6933193
263377297
701748657
104793181
736505127
388190452
302738202
934979358
411416770
834712960
107658472
434704215
494484668
344845779
511022946
826369601
412590099
560585391
873452668
538637743
498989643
209665591
542803787
111502471
889660398
25559711
898619483
948884540
730571661
870308290
649445705
885169276
678829349
46141527
243629411
891771906
907288889
653565129
245348361
589636723
950935320
828566511
744852025
661254509
872410239
299103573
635135939
460838697
808869433
124596456
286671240
86637638
800371005
180114038
442074547
114184661
600435955
252498664
191145070
242552886
838284958
214762287
474235289
558642617
895595634
154535133
173073640
161907550
461216494
726372190
412786892
415155874
293954107
399127867
663719060
874690625
568555082
405928548
912609484
753390486
437721551
124263892
184141933
820792662
529366670
214970043
363158700
941666916
474289350
990229993
272622902
344707766
763673642
170912881
630787569
239152696
120533428
269053036
625215053
113804025
835507246
442330010
748153851
481755186
192179596
589903463
960523760
776612329
976917418
636618120
466001698
345276008
897626580
955227379
901393301
651561450
922784485
63056113
762515562
136482142
505640569
229978594
771388565
339482899
6846058
27095386
220880450
573284738
828863752
538423510
961337928
800115303
449590463
308864724
208968097
143615748
617627912
361699725
51261584
888420500
646278447
587186279
38850188
902496186
692355721
995239631
245145677
452919111
675605512
29704882
450547025
645988426
277157295
790671852
552729844
143770352
573979286
101642878
80532141
325729508
96345482
694928890
148004594
733633415
399722251
980139277
17442348
31731140
337218883
749804580
479439313
789200529
537188741
593594338
692767007
828519869
893550049
166275231
56419224
576077426
751482150
967973880
703352707
73279872
557982441
825978494
361573201
34873157
931263559
628252340
532889325
732594665
289718955
215638501
693774255
764858391
766598819
132598547
90387518
650895866
91960340
900752832
700821298
615326592
776401469
704166859
98911230
639422355
780265498
73244934
249141709
400710984
672064156
840936066
854216161
293125610
790855003
649376711
869466068
316769594
141352577
13938466
121804949
636917622
715440485
433526218
129915962
633556026
587196585
746165040
759669494
925675240
199047148
750016478
190379947
95653800
522440473
749150049
175419202
469229276
340329601
948664907
981386658
161840207
289779138
749257489
727832311
444727806
672142068
121440153
353174621
695401637
10238141
604195368
198821439
869481910
996511570
269990860
320378394
721892040
410777281
984890313
353574485
940900113
210536696
137505321
453486661
286425033
881707141
865796229
678499129
693898480
283137430
30904938
509908821
325843045
860926527
752092231
530964108
689812210
602145203
626818638
147979926
245012839
367206739
166943482
808661073
946759618
412281918
668446040
52946225
738831926
602509815
81597872
677731910
270501546
45266213
807278007
275465436
979262459
156157315
835384525
572399024
671514897
840630358
195243277
637702508
422444323
897193311
636055648
167368687
358653502
439895312
973175070
519657494
534141846
132978935
464309485
516194665
340832780
828850351
985749340
395333833
635400326
830501176
15391777
974865182
238514338
347906222
11843283
220681298
726838507
842374735
635810333
247250361
606257900
79262449
106573318
480943916
521409777
12303331
805545100
773370426
145284671
34537
119322785
292536277
126461462
991535855
519889570
75248317
509569162
241107504
670404189
378617708
611553168
447701957
32809620
640565583
875112337
353867147
475056576
394647988
720597540
524615934
414664522
967319673
408349026
687466597
16363412
101073375
659576296
833649323
466884916
765324804
4227417
940904777
553202085
800213475
826976597
319886771
121103590
47746358
898629767
680314641
483457520
966086825
689894237
744086282
150116695
155086475
205116956
178926991
33235717
241835259
986958343
730828974
78637364
651281788
13757105
80246751
601749146
128682971
183800725
167183170
849525720
665955599
111753708
989735955
38664691
960493402
859939473
758761669
409382202
459457051
27529595
401514339
484729973
838260565
483464998
374229676
29091007
301458621
217996690
910131045
782129836
533769664
924396149
410978192
524750568
937911018
157004434
928491227
767599468
621591882
596941590
567956725
229418920
787425688
997015589
185366555
795385582
590043782
765098457
72953062
986419794
897723564
519150157
564664623
922834958
135745984
617097002
688224234
967666516
881052355
455546078
964393753
82428152
457605987
748036916
314023326
971608378
864768885
359541731
355840975
19658575
453431444
398918018
163469258
288587829
62328965
572280928
499984704
798315980
820425844
146900740
390226790
941480461
697479534
982657396
155490517
501960373
617506694
997543161
30194164
117260936
125074682
664095832
658889614
310627653
41346864
367830575
346039824
923167311
76950006
959352396
891580925
607703257
407023051
716007836
155685667
705163070
574848561
480746860
777543753
944082580
924401531
966842392
721024202
584851562
66485039
781081618
795228924
590128625
7618907
396503789
124192775
48937803
732603743
995400061
468069550
900453193
602124373
248317034
813904308
514403044
837551589
999096696
557516441
133987350
664097143
897746046
690507853
74931695
755690250
131881845
807066155
617451246
473810771
698533293
823670415
152677407
55110109
784269936
195981361
29788996
139576123
429542161
515772726
427375191
23933084
22336299
147171915
154744631
886241585
935947157
589581520
985827906
651139455
356849959
585562103
608805953
18875542
505481487
313217420
884384601
106622443
463507681
947896233
600024987
654227765
297574910
74477193
231029740
119141107
533470573
984874625
668098377
298390437
600885972
773810683
876198216
213908685
640622288
975274671
816243634
857642217
121991598
391075835
951325683
154464675
154303983
181694298
358110323
551862770
738743802
939532563
344220934
496995116
331773583
608414733
484343493
49587301
498776772
425227243
360059083
987527159
91187902
48066969
822642660
862555773
968728489
516905851
859321932
394741708
720574515
892770594
579858782
432541500
8639735
877292425
245920068
417005739
261659341
838580893
673661413
976722029
659102655
334324419
662017534
460018842
803959628
78665757
365897472
16957358
77249949
876724290
232072120
926919252
928543411
87898059
166349490
674105766
922116143
841197724
519230408
495731118
330845704
44041475
825126012
10646163
744707871
850253533
50554764
670914701
258495332
979329386
642812681
706387990
432010793
100869502
207966668
884933364
847169705
211762571
990217478
936664227
43586461
874299370
143318876
373662516
600367880
77790120
778037933
284024200
589000010
130080980
898507689
999065728
625937507
605550262
178828982
319325536
806153938
903982920
703047467
542133576
49105679
496109678
507899493
480945870
578168276
795624563
63414083
161374037
492524208
431728970
901077592
540489601
647251501
606146479
459532390
621913367
448490035
938699167
861877831
635465722
460759233
961514430
617346396
42149930
138460597
260444211
399823688
129807009
703479337
851812068
30244124
572966330
196619429
693524256
564996129
479416563
294100768
110860799
638611110
328181326
652915317
345930891
205023833
599817703
221362149
794930078
284399525
861945622
516362624
884024347
415379058
429370700
583568872
323146593
836925861
810933461
72509631
588173465
300917400
138161601
712192749
158581005
25679280
20307764
902729722
707026517
454330980
385657714
2694213
408841795
128976672
245272246
577512246
600553610
608682868
383346272
430240059
74855977
330511331
674434278
168932903
8014456
469359687
263875297
473235887
252162353
761706294
785291831
559108876
935195421
421692553
381425816
838364797
395901084
333191333
981211133
576665670
935091610
792032855
979640042
236202718
863411923
685969514
304427866
558621553
193411328
124077267
731573862
280546708
787933586
928925069
147045293
772869324
750430147
908299405
428187275
942625502
695776514
483054055
316428407
649513564
662441763
692232871
124145103
724757871
310414314
16858915
353242241
727327998
208791401
653927955
258330234
48411432
643322015
57422526
628669750
792054651
48872861
681453027
519617141
718333617
240390768
600492552
479162757
459035135
900122167
664183753
309458361
979682718
441393008
181913802
171876876
764940473
872516552
899024662
236778091
850780196
453819001
321839498
420467743
569075395
422030017
759954719
782806813
856147055
892595719
468102420
755994036
784366092
316255440
954347681
639422152
405778197
799461282
577073095
250842836
438322003
677133150
720929868
444812881
602363683
603847510
986397963
34619655
989039719
464233044
597074724
193135016
212622560
675158694
586457314
417256444
485147618
157308152
880128724
98765058
206524315
536372876
57804374
916579963
185264504
571951032
714716568
734275242
912371700
416810351
229807148
727918921
949099098
109075233
741569799
702227025
897879256
34606250
349673308
527129972
872257357
379869018
949062600
813175025
445831882
32302492
850677790
4275779
841277590
993486321
359597162
876258712
645961483
722148140
816441951
30138354
706953378
573557907
390538661
374847680
431990346
531488735
931420470
347187624
830747954
781901665
671948475
600019780
495517535
35001724
