5000
4203 3268
584 14
4895 1284
4872 182
4887 140
2351 3879
162 1043
1005 4295
2604 679
1256 342
3906 3023
4428 2122
2648 2799
4290 1216
1858 597
2995 2651
2506 4409
2503 856
2695 3190
1354 4307
1849 77
2015 378
4612 4891
3389 4828
3257 4523
1600 1006
3873 1312
4594 4627
2709 3291
1343 4445
2524 902
483 1236
4216 4054
2236 4664
1727 1212
2888 337
3491 3057
1401 3196
3076 71
3819 3882
3297 4140
2442 662
2162 1159
32 3809
2529 2304
467 2111
4725 4573
3734 4464
2353 2403
760 661
583 4334
1080 1092
59 3070
2548 1965
3713 1917
2178 2274
4362 916
2268 4365
2567 4732
498 3204
4671 3764
4960 4746
1962 826
4430 2461
1451 4660
1065 1149
505 4082
1127 3415
1336 2318
995 2132
197 1972
4788 970
2048 4450
220 4615
3653 1819
4800 4438
534 2930
1974 1570
3760 132
1153 4833
4605 1658
4302 2791
2397 2739
4983 4965
1143 1609
2629 3740
64 3770
1539 942
1122 2808
3826 1839
2877 289
3905 2449
4253 1142
4260 4210
3502 2829
2086 2063
2422 2067
77 532
2378 2158
445 1494
4615 1447
355 2077
558 4954
4790 4536
1981 3767
801 4372
2090 3110
883 3254
8 2024
679 1960
334 4808
1668 1814
1657 3064
764 2948
181 1458
3122 1442
927 4950
373 798
886 946
1790 3090
743 1612
1549 4317
2289 470
450 1710
4248 739
3185 3982
2868 4130
4930 1001
1797 3453
2335 1900
4974 3944
4853 3036
892 2798
135 629
2 780
1798 1206
3698 547
2055 2022
4084 51
4651 3908
4645 2438
4204 987
4175 2189
2180 4313
2621 4783
3709 3488
4021 2923
3241 4378
4563 1536
4987 4246
4449 3465
2924 4125
3445 1560
3498 3698
4964 812
1966 3178
1238 921
3481 2737
1351 2174
2952 4868
4617 141
1444 2105
4156 880
3425 4696
3237 2896
672 3167
601 840
1039 1771
1142 1064
1376 690
735 2792
3879 3975
3751 4620
920 2400
2349 2525
3240 2730
2381 761
4547 4115
3043 3176
2592 3266
4167 4248
1831 4131
352 4294
4273 411
4698 709
4035 1990
1032 507
3670 1457
4941 224
3201 3374
41 4703
2128 4726
386 226
3200 4583
48 1786
4483 3111
4107 2022
3852 2417
4728 2159
1509 2389
1885 2648
642 1067
996 6
710 659
1432 1558
3388 3946
1965 412
3584 2827
4769 70
136 796
990 2703
4101 1848
3895 2942
1762 4036
4442 2522
4648 562
2885 1652
702 2495
364 1201
3439 2212
346 3068
4412 1345
4170 3594
3267 3221
2389 3396
2468 2834
1531 2092
1574 787
744 290
3224 1438
3654 1783
1557 3108
1071 4624
1117 3166
3097 1027
3326 1454
2361 2985
1488 393
867 4441
1678 3172
2001 4836
40 488
4154 180
2134 2594
1807 436
3889 1586
175 4988
658 955
3984 3773
4817 3471
3068 4809
3673 2471
2312 1460
4968 1690
4137 3102
1922 1504
677 954
3276 2971
1803 4545
518 1209
1398 3667
4330 2232
651 667
2532 1973
4684 4974
1507 3236
1857 3454
3175 4118
3697 373
2694 4911
2860 73
988 2113
4235 3532
1413 3862
302 1728
3186 3127
285 4276
2553 3889
1145 3238
4119 232
647 3506
4889 2272
1679 1161
6 213
4977 3192
633 1389
1089 1850
1165 3847
2980 706
3432 1578
4670 4168
1357 4517
2411 3101
1188 1787
833 62
165 1452
3035 617
4451 4422
903 3896
4915 1698
2104 3827
4814 1680
862 4637
3077 1731
994 747
2484 3826
460 1260
975 4781
3096 2142
3339 4619
2918 607
1827 3916
3854 3177
4693 2732
932 3854
1619 3990
1227 3568
2259 713
1635 863
731 4389
999 1571
4086 3044
1778 3147
1358 4681
668 3779
4282 1349
3914 705
894 936
188 724
3317 2868
2419 1966
4513 2275
4733 2211
4495 2672
1264 2090
3786 3657
4765 3616
2852 2523
967 3666
2274 1031
1810 3230
1475 1683
3538 2503
2395 3868
436 1654
818 1788
1464 2518
3531 4605
2000 3492
2185 2832
1195 251
1598 10
2321 2780
3310 4367
2933 1495
858 3232
2161 331
2502 2047
4912 4625
3585 1854
1349 23
2643 4758
4121 535
1136 4228
2889 1511
252 958
304 2466
1660 707
4850 3549
1522 3086
1306 2234
4815 2483
948 4764
1492 1979
2630 3564
69 2817
1610 4396
3938 4216
1722 316
3296 494
1308 143
3851 2164
21 1624
3641 52
4145 1230
543 2120
2060 3180
3794 50
2280 3971
1768 1075
3041 2268
4990 1693
4690 1889
2342 4853
3907 760
528 2237
1594 3640
968 1484
4185 48
3758 3293
547 4223
419 3117
1752 2235
3025 2001
4340 1829
501 3538
2602 1948
2727 4617
2807 4030
3443 4548
2777 4108
559 1969
4132 2887
2119 177
1249 196
4382 415
2188 586
537 4496
2255 901
2909 2557
1499 1339
2758 3771
912 3537
2682 512
72 368
1985 4238
1602 4468
2371 3055
3600 4354
1419 3725
3665 2171
2873 1274
446 738
475 1626
709 658
3308 4264
4006 499
1936 4006
3546 2542
1012 3621
1692 3655
1741 2308
1090 4864
1491 314
1624 3735
4821 1369
182 3277
974 2638
425 1130
2585 2555
4214 3101
3824 4628
1723 3272
3500 1630
2573 1262
1167 2031
1316 2176
1918 4650
2184 817
1299 3762
1781 3874
4531 767
3208 4614
2830 4200
1771 878
2307 2293
724 2660
1700 1185
4592 159
4607 4513
4696 2688
4924 1688
2445 571
752 1914
216 1953
4758 1546
3359 3963
4246 3923
3427 2807
1579 2878
1411 4688
1501 2052
767 1187
3528 920
1745 3251
4673 1720
2217 2176
3131 1166
3853 2128
2538 4708
4828 1647
1076 4672
4991 1353
2790 1113
4129 4582
1224 3610
3724 1543
853 471
1749 2621
1844 3339
1813 4179
2135 866
4312 4003
1321 3089
526 2280
1030 2496
2495 2109
4967 1432
4291 3997
4299 3135
3588 4454
2839 2571
3393 530
2740 3994
2647 1430
3828 1264
3520 356
877 4945
3561 4641
95 1701
495 3782
4445 3972
1772 2787
2142 2742
1898 1998
1246 4290
1614 4871
4262 735
4164 2325
2706 3627
2064 287
4209 3964
4414 3880
3974 326
3354 3811
4066 3609
362 4349
2612 1722
4780 468
2202 3114
3894 1133
1105 694
2444 3665
2605 2248
2981 431
854 2979
1084 4537
4057 3694
3568 4724
3532 2764
1369 868
3622 516
2329 3338
2645 1712
3008 4538
406 763
4172 4741
4748 4643
2054 4387
1087 4153
2386 3995
1059 4761
2108 4999
4716 2541
4046 1220
279 3267
2362 301
4525 3677
3785 3526
648 2418
3866 2440
324 1908
4 2588
4326 918
256 4527
1009 1054
3291 4861
1315 3130
1720 2844
678 1486
106 4133
2113 157
2907 4287
4752 734
3598 1635
255 4606
2310 2305
415 716
243 223
268 1610
1443 2363
826 1384
3603 1506
1779 1876
1587 4045
4374 4851
2556 2563
2673 1686
91 1844
1138 689
1920 3775
2241 278
1274 4697
326 2679
2747 1344
3693 3353
1187 239
684 4671
3438 1858
3416 364
4493 1985
3797 3978
628 2351
372 1167
1008 4157
2661 3731
1970 878
3300 4868
4497 114
4961 1067
219 732
4190 4806
4741 3799
4437 766
3936 160
3141 1313
830 1499
1842 4371
2930 1534
2408 2209
4211 4294
888 428
2549 3848
4914 4380
4000 4597
4562 3071
3570 2254
1014 152
2676 2932
2025 1002
850 66
1276 2437
4321 977
1732 3658
4628 4175
4329 2172
1851 109
3009 3146
1652 1440
4798 2592
1718 1738
4462 4742
1945 3141
3630 4435
1608 2536
2200 3115
1152 3643
3509 2573
545 1523
3606 214
4032 4204
2845 4763
1083 722
134 4873
4073 3738
4188 2712
4373 1671
1846 3935
3791 4766
586 4234
423 2064
455 4748
3652 4971
655 1692
4341 897
2333 554
2231 805
2746 4134
1905 698
1707 4213
1959 187
1453 4165
4608 2762
241 4443
2906 2036
2392 161
866 3392
1268 1175
4739 4139
3522 4111
1738 343
227 2696
2110 1210
3090 2741
4435 319
1930 1377
4811 2480
649 1111
2963 2531
2147 1285
2390 313
1417 184
4311 514
1485 390
4929 2978
2155 4064
2934 2863
3071 2997
3486 1657
4923 728
3464 2491
600 1413
1699 134
1818 1870
2805 3635
2748 3586
3012 3173
4473 1330
4622 4878
4519 420
4404 4070
2892 120
1969 1602
2109 2911
891 3927
3469 344
1765 884
50 221
3151 3239
94 3739
2598 4803
2439 1182
273 1762
1375 2570
4227 2208
4819 2690
4466 2207
4283 3962
381 3581
1601 876
225 853
1684 4902
2263 3969
3992 4559
384 3136
1637 2735
1626 4137
396 795
3227 3121
4397 4282
4160 3113
3927 1555
4284 3414
2467 4403
1481 3493
1808 589
1767 2349
3902 1617
2067 129
4286 621
269 2078
4344 2477
4034 2369
3355 2114
3436 2354
2288 2080
196 2063
1958 4146
3152 3299
4595 3921
3329 1148
637 666
4802 1518
2177 1503
116 3212
1063 1296
3747 303
1731 193
4352 2839
2705 4411
3340 3500
3807 83
4518 1174
1154 1136
2786 1825
2649 2537
201 1404
4536 2238
4621 3996
2183 1631
4287 3716
3890 2826
3386 2996
4906 1679
1620 1217
348 3308
2242 498
2238 3247
3029 740
845 1243
1580 220
1449 2228
3327 2877
4989 2165
1363 2689
1780 3088
1654 1980
3586 1098
2266 1941
4463 3103
284 1381
2357 3451
3470 4900
1995 105
1563 3947
109 3596
3664 2415
3233 11
4866 4298
540 4532
4937 3195
3594 2931
916 4437
2956 508
2116 4218
3835 2729
173 2538
2680 4716
805 808
4489 1677
2543 1481
3476 3974
461 4106
1233 2665
3620 2288
4507 2768
1385 3009
312 3719
3642 1714
4550 4229
3199 3756
4144 565
602 1414
4254 2006
4626 4029
2043 1795
2344 79
2082 4984
4230 2341
2434 1498
2034 4283
701 1268
3572 1666
2854 823
435 1921
1207 3593
1559 4356
3231 1342
4521 1943
1837 2889
1408 2457
766 4289
3530 4455
2057 3454
859 2527
2536 1450
4353 1426
1135 1195
3263 2747
1415 310
3659 4850
1530 4412
420 209
870 3918
3809 4598
1713 4384
3408 1562
749 2474
1362 3518
1028 3489
4986 1748
4708 432
987 3505
4729 4268
314 4170
4484 2625
4926 683
1057 4998
1789 1347
1814 1202
1051 3456
2615 4844
2219 3004
4205 4668
2540 2138
218 593
1124 2963
1653 4938
2141 1035
4361 1488
4975 1682
114 2870
3749 3836
616 620
3848 2871
3401 2797
1433 2819
239 1838
2294 2814
783 4008
4618 1754
3604 2500
3121 3287
1636 1360
2855 3347
776 2130
3102 131
2908 475
36 306
2107 1601
444 2299
1832 3924
1834 4507
4455 203
3772 455
2412 2076
3048 3341
3124 1581
2457 3546
2753 4955
170 2519
740 4635
12 824
1162 642
4976 3476
2688 4012
3155 623
3534 1616
4039 3354
4454 591
1172 647
3814 1379
2319 721
118 372
4767 1694
3303 1221
1298 2857
4919 1352
4669 4418
1946 1806
3728 1989
2286 3163
4024 4553
1681 4183
4947 1053
2004 1322
3759 2634
3465 397
4146 4373
2756 3939
2745 1863
4405 3899
1446 1792
3904 3034
2659 2552
2998 673
3093 379
1161 1102
4516 4565
4153 3513
3474 4632
4159 1474
3284 2835
1895 3614
1605 1577
2317 1025
1469 2263
311 1809
3144 2614
1802 4686
456 4305
2223 4869
3116 407
1599 733
1634 1734
4604 3622
2655 2497
3363 1928
2881 4824
3302 2011
2633 3199
2424 358
2125 1580
1793 2326
2618 1882
4902 1448
1859 4693
3378 1598
3418 4055
3956 3203
1799 1350
2463 973
3733 1274
4417 3104
4438 1355
2477 803
3535 3440
481 1165
2572 2008
2806 3091
4464 4225
1310 2895
1095 3940
2476 1412
3004 4856
1691 4791
761 1337
4515 3035
421 1152
1155 867
1867 4623
3862 2151
2920 3984
998 40
2087 2510
913 857
4320 4231
3287 3864
3222 276
3898 1934
1938 4311
1996 2055
2577 677
3557 900
812 1735
1079 4526
3800 2153
1646 291
249 2558
3685 733
4553 31
4791 1760
2566 3669
3437 1399
3788 1465
619 4160
3993 1372
4847 1321
2039 2914
212 4547
4038 4005
3440 3258
1197 2215
3260 3351
1466 1343
1260 4909
3940 2319
817 2229
4208 4591
4928 562
3330 191
3817 4207
2379 2016
721 4019
4281 3763
2216 3784
2743 668
3307 3438
4761 2327
4911 3444
3593 3301
2385 4081
2857 4129
2318 2012
2218 4368
3512 3394
3915 44
4008 1965
2437 3897
1502 4281
2778 4543
852 2079
793 1944
3113 544
3197 265
634 3307
2093 3482
4822 4504
1361 2981
3419 3435
1054 1374
4687 709
1262 2529
1241 2054
4579 4652
4241 3390
3640 2
129 4727
550 1730
357 3828
4958 553
3172 1886
2049 4879
4745 4924
2809 1020
799 3404
4950 3582
1830 1227
2509 3022
1854 4560
3350 4156
305 1496
3319 2189
3288 3370
1200 1192
2544 930
83 78
618 774
4143 3333
1662 1108
1819 4401
2681 3002
733 1491
2002 1330
1536 3865
882 4651
973 3568
2420 2632
734 1661
2368 4314
4263 4532
2029 2224
667 903
3625 4667
4529 2163
1060 1553
3447 4361
686 1642
2707 784
3282 1443
4388 1521
4888 1019
4456 3920
1223 1621
3682 3992
2913 2906
2950 4987
2810 3160
2143 2701
329 2954
4936 1821
2528 2998
3675 1565
3153 3237
3918 4848
4541 3252
3612 937
874 2071
4508 758
3088 2994
3617 4970
2459 3512
38 1950
3106 1699
27 4675
3699 2605
2599 4907
3770 1270
3320 1310
3872 1192
1910 939
4250 3334
1353 1875
1252 2101
675 893
1329 3020
2990 3118
10 1815
3595 3816
2436 2904
1884 980
2512 3562
2742 2156
4467 4599
1176 3314
3160 4723
2578 4775
2084 3926
426 707
563 4894
2341 1057
4096 325
3193 2586
2714 2837
3452 1733
4037 2767
3667 4011
1725 188
3187 2439
4535 3979
2898 4219
4206 1219
806 3231
4792 1823
2486 686
3961 334
2433 3457
4351 2550
1907 849
371 345
4314 2749
2240 4493
2246 179
3154 4413
417 4913
20 153
1407 2655
4443 1812
1535 4755
2856 4829
1409 2737
1077 2329
3046 904
2429 3749
4350 3085
4942 710
3605 441
4540 4511
813 2850
1285 3357
2447 923
1568 2551
1088 4069
4453 3000
978 1116
560 3943
3555 4703
1904 116
26 219
2776 537
810 4498
82 2859
4658 4138
3655 366
3259 4349
293 405
2073 1880
4028 4470
3415 2830
4192 4154
3147 1003
636 3620
3430 2155
4528 3081
3137 2473
410 4220
4897 162
2308 4284
1644 1334
3444 914
1377 1746
923 1095
3539 1867
2818 300
607 94
4532 2957
1505 1927
2696 2170
2417 122
2736 4195
1292 711
2903 2846
3451 4825
93 1137
514 3309
931 4473
3975 4152
3381 340
2258 825
4945 1425
727 4622
3373 4090
4375 2993
3450 389
3886 3429
2564 17
4478 3498
1516 350
1402 635
2252 2381
956 1013
1365 3922
5 2553
3777 519
4133 90
3589 2775
4743 2191
1394 2666
4629 1395
2044 4631
365 1156
515 968
3891 1263
1159 3563
233 1237
2817 3261
451 4609
261 3790
4865 1018
823 2195
2837 2348
2306 3787
626 3061
3062 461
4116 2675
4922 3139
2821 1945
595 3278
1838 2204
3407 487
2079 4558
1712 2562
3844 3069
1428 718
4781 2956
2207 3228
2820 848
3857 3427
4760 1607
4471 299
815 1879
728 279
723 3288
487 3344
3234 3570
2278 3692
2273 2726
1313 1670
3473 982
1322 268
4882 4835
2129 1164
4938 2098
992 3823
4512 4505
846 3915
3972 2424
1558 1770
4115 3402
898 1119
3051 758
4131 1222
2303 551
2167 4899
1643 3542
3391 3556
984 2645
205 2202
4040 4331
4441 2205
4171 1004
4959 1790
511 3991
1897 4172
3192 1539
1555 1429
1070 1013
2523 3131
2091 2816
4092 2535
1410 2516
164 2652
3238 4052
1309 3599
4089 1388
4465 1239
2373 829
13 146
529 2228
2525 4221
759 1490
2380 1894
3691 4267
2320 4884
1425 962
1740 632
3855 2939
3705 3888
4061 2281
2966 3398
1656 2825
1458 1061
3095 1169
4718 1287
4703 3981
4702 2824
2610 4849
4077 4807
1877 3928
3480 2661
2984 1115
2701 601
671 3571
3457 4395
1796 4075
2487 95
2196 4729
4318 2705
4842 4688
3928 3206
3123 3596
1190 2102
3006 2456
3159 2664
1078 3675
1035 3485
4251 1860
2425 4471
1582 1933
259 1737
1202 2307
3190 1603
4317 3986
4795 1427
2508 3785
3696 727
1134 3473
855 2560
4487 717
590 3201
2496 3535
506 1827
4643 4831
3086 1820
1214 233
2111 594
4965 2708
1513 1843
2713 1976
2893 4750
1414 3056
497 4260
1947 1825
741 1415
4425 4790
4108 4249
4830 3480
1521 3714
1061 4059
1261 4366
4764 3636
4490 3676
4846 4656
3117 343
1254 4252
2404 4967
3283 1955
4195 989
4667 861
664 4246
391 897
267 1832
2697 572
2336 1589
1199 3977
650 865
3627 1232
842 1634
4112 211
1477 1418
4862 3092
3508 4572
2313 1253
2997 4462
3687 4438
319 855
5000 2875
4142 821
614 2974
139 3041
4177 2781
112 2544
2114 929
416 2357
473 3269
902 1428
1350 3681
2016 1923
3022 1602
2589 4434
3239 388
4732 4820
4004 1033
3230 1160
881 4306
4962 1918
536 3345
2718 2154
4359 2691
3521 3737
2121 2671
937 1871
4606 1840
1109 2262
1615 4336
1055 3133
3275 4091
85 229
2243 1736
4491 700
2853 637
2014 2059
408 3280
1606 1766
3969 3378
1850 4178
1909 1697
360 2148
3951 2367
2407 2548
2330 542
128 3957
719 2151
4782 820
632 1224
3334 3877
1566 2187
1097 2135
4860 619
3229 2684
3881 2190
1412 1271
3784 2721
2717 3629
3221 4342
2702 1249
4948 2953
251 4969
4730 234
3412 3053
179 833
203 2941
4265 720
4399 1774
247 2695
3295 4983
717 2999
1474 4826
379 2899
4166 931
1515 1872
3483 330
4278 4335
1471 3405
4988 3936
2169 4699
378 4355
4809 1640
3426 3780
2481 1117
1957 4719
3467 4093
2710 4217
4042 2891
1915 3849
2051 2486
4139 1846
3003 2872
1971 2628
1119 3063
2172 4025
3374 1311
3098 4783
659 1986
4424 2382
1565 688
3254 3463
1873 317
2779 1266
2658 2847
851 1124
4179 815
2651 384
1111 2065
1743 2469
3015 1137
3597 780
2518 110
4109 4021
4918 2738
4395 3903
4613 1675
542 664
3677 678
2144 3662
2146 1302
4486 3435
4069 473
3105 2885
4679 169
2452 2472
3779 4731
3613 2502
2088 4802
1213 4410
2470 957
732 2868
1221 3577
214 1834
670 1140
4193 2410
2768 754
3236 3478
1872 986
4776 486
1140 1464
3932 1942
4652 2663
1389 175
3248 2508
897 4461
39 2792
2623 2368
52 4352
3955 4382
4750 2945
3571 3019
4555 1625
282 4707
2978 2681
4148 4261
3941 3561
1775 4202
643 248
1991 4230
1613 1294
3802 4237
1364 2194
1840 3140
4420 2772
2052 4866
4742 3302
4695 1685
1185 1358
2946 531
2382 1451
957 1895
4572 136
3952 3956
3399 1650
3505 842
4935 479
4198 4480
811 2252
706 3424
4135 3214
1784 2697
1496 104
2267 4482
1902 3717
3730 1407
2983 429
4829 2116
353 2380
2522 1364
1382 1756
3134 689
368 242
33 3024
1019 1071
2542 2145
4709 995
3266 2386
1042 2459
1683 3253
3207 2849
831 1015
1318 3556
3047 4512
3649 1596
4201 189
1123 2743
1804 588
3646 4740
1864 4730
1331 2007
3170 1615
4306 2722
3383 3933
1944 4976
1150 1480
2328 2892
3547 3470
4589 3747
3923 1129
4385 1752
2384 2760
2479 2081
3986 2501
4867 4360
694 2411
4654 510
4400 4201
476 3757
4396 4529
3315 58
3558 4867
217 3033
3722 1636
1564 3065
2798 4855
1628 2840
4221 4065
2100 3205
588 202
3125 893
2760 2769
253 1453
3081 912
3109 4990
398 4605
4770 549
2309 4428
4717 1765
1170 294
2902 2037
2880 4784
4068 1362
1287 3120
1463 2723
4469 3295
3967 1773
1721 4058
1520 948
4366 3035
1648 1283
1400 938
1550 3557
1174 4274
1625 3795
2325 2765
1017 644
521 3720
979 1567
935 765
137 2630
322 3016
4663 1218
2293 3663
1311 3072
1283 3073
2708 74
1510 2335
2879 1163
3034 1889
4496 4
1805 2220
2394 2783
14 1222
896 3245
1218 3465
3482 983
4511 4840
3875 4714
507 2499
771 3283
4470 875
1847 1348
2541 2822
4545 2683
2281 4405
1730 2833
2792 4022
4598 3098
2475 2271
3435 1508
1386 1501
930 3792
848 1937
3070 2936
1978 2577
4309 2266
1537 2185
2007 2038
3495 3906
756 2179
2194 88
2638 666
1633 3126
3623 2235
4726 4994
3026 832
1093 1892
1208 3294
1171 4339
1044 4811
1169 1902
4688 2568
880 622
193 1208
2927 3391
1658 98
2584 3514
2622 897
477 4016
2105 4926
2916 3220
1291 2898
3273 1599
2005 2937
4859 4467
2443 2329
2666 3362
3995 2774
70 237
2435 3155
4047 1540
1697 2743
1372 4397
738 3703
1900 714
2261 744
2521 2201
2838 3805
512 2434
4738 1938
1052 4751
2346 443
2671 113
2569 2331
1113 1925
640 4953
3882 3522
3104 4086
1373 4014
1544 3350
2555 3174
656 1660
1519 4685
1104 323
3856 950
4274 1587
4419 8
47 2334
397 4280
4582 3125
1990 346
2080 2509
1217 3393
1472 4563
3968 4037
712 3574
788 2958
2190 2371
3865 1822
1879 4857
1107 2023
538 1857
4222 2099
2233 3331
2988 704
2864 480
4641 54
1148 4584
2530 151
1726 4736
3541 4962
4995 325
35 2702
3331 1085
489 4535
1445 1726
3347 3603
4755 1297
1344 4416
298 3644
1554 2431
2917 625
3274 1509
3810 3937
2797 2009
4392 917
3639 2802
4803 87
2232 4088
2939 4761
844 2422
4884 810
4858 4804
2921 2342
3454 3510
1816 4901
2949 1768
2364 1346
3565 376
4715 1562
4644 4347
1047 1198
3181 4177
2591 3722
4296 3997
2365 1643
1716 2455
4475 3050
3970 1226
1735 491
1121 3472
2173 3819
3930 1289
402 746
1880 4779
171 1419
2269 4771
4849 1244
3773 3300
1021 3566
635 580
4423 185
1924 1141
1212 2137
1209 567
4933 2599
2042 101
4223 2595
3587 2580
2698 2811
3609 3148
3656 1052
1961 1641
2901 81
2590 851
2132 1974
2519 3210
122 723
1809 940
786 4250
1792 3730
1203 1644
4638 473
3893 2188
977 69
3825 3960
3312 1687
4120 1424
2634 4076
3631 4739
3821 2277
4127 4895
2209 1168
159 3934
4920 2894
1476 2396
3018 4607
627 4075
2192 4241
2170 865
2257 371
4834 699
442 3861
1526 3942
3651 4919
2151 4285
2284 3702
3931 119
2431 1781
2222 2470
2078 482
407 2823
3133 3012
257 3541
1452 2419
4740 1046
1861 4407
4088 3572
4659 4581
2847 4346
2137 2614
4224 4440
3702 1305
3715 1872
1493 2626
2535 457
1324 546
1547 1497
3769 3267
868 592
1348 1903
3796 2820
585 328
4087 2903
317 2549
1038 4062
596 2777
2731 218
2791 1785
4586 2707
546 3501
1874 4600
1073 3366
2891 1036
4285 1444
3526 4375
4446 4309
966 3783
4196 2719
3402 1627
609 3902
1758 381
2164 368
1347 2152
775 4914
1708 1623
4100 3444
1788 800
223 1902
3562 1024
2866 1525
440 1240
2466 3286
2667 4524
1108 2269
169 3273
2197 4481
4016 1717
1296 3728
4665 1911
982 4794
3513 1483
3892 4377
3023 759
3392 2384
1436 3585
4588 2967
4649 1097
1503 4292
1612 4402
4315 2867
1973 1881
804 464
3681 788
345 4827
3573 61
4297 1393
2275 4943
4105 3842
847 3031
3156 3950
4557 2027
2260 2854
4060 4744
4712 1914
2801 870
4272 4173
925 648
1048 1635
566 262
2875 4483
4354 304
123 869
297 2252
3188 3162
4616 460
2614 2089
4033 1702
3916 1913
1665 1910
900 4928
2027 4544
4697 924
3091 4056
2244 1298
4877 846
2894 309
1517 236
2227 4751
4694 3149
4625 1847
2669 1357
4010 655
2287 750
4839 1528
2017 3831
1484 1912
4078 3693
4268 959
131 3043
3066 2511
4731 2909
2822 2578
4723 4870
865 3578
3167 4275
190 3381
3471 2757
2571 1932
4007 1050
691 3998
401 3589
2861 139
3885 1561
758 2123
4310 3701
1667 3930
3281 2283
4543 3639
115 4519
1002 4608
1332 4498
4413 26
4746 1939
729 2150
3924 2506
3410 2116
2796 408
2785 1901
3720 1338
4300 4123
3424 592
4431 602
958 2860
246 1341
1429 726
2416 490
3756 4432
2154 2838
2993 3421
3766 2851
1222 3820
1651 5
1120 2270
3449 816
4943 137
4036 1126
4909 2332
4141 4448
1040 1909
899 2912
1144 1153
4832 4013
158 2236
4434 4154
3740 4566
3983 3156
3468 3839
1043 404
1977 4976
1908 1057
2850 4676
508 3228
418 3313
3037 2355
2208 2084
4818 1045
622 3529
2251 4362
3679 3822
3411 3382
1694 1068
330 1533
2501 3976
195 2796
2750 2627
127 1059
1881 3416
2972 2254
3920 1000
1736 3078
2469 1637
3272 3671
3742 53
2895 1819
452 3265
2987 581
2322 3987
3660 472
4207 1363
4794 2378
1467 4929
3860 4341
323 283
25 2404
4331 3547
4503 2300
3601 2320
1181 3905
3934 568
1956 649
4447 1831
3335 1150
774 4433
3455 3153
45 3889
2072 127
1860 3246
820 1890
1240 3953
2690 3884
1714 49
2594 2360
4955 3948
1533 4912
3566 4793
875 1548
2601 1791
156 2779
1490 386
3139 4278
1086 3726
149 3759
2145 4484
4459 4782
3014 282
3111 4889
2922 3684
3912 2425
2427 3407
3899 4800
3721 452
780 4057
2250 2222
3001 2017
100 2725
3701 2093
1284 4995
140 1514
1524 874
4247 463
863 3954
746 996
784 2149
1236 4271
3264 3721
2228 4964
3764 293
908 1663
835 3573
2414 1471
1423 1368
3754 4516
4339 1461
1862 2578
388 198
2876 478
1302 439
1870 2928
1489 3225
1305 2050
4305 4457
1007 1301
4325 4096
942 1706
769 1862
551 2442
3790 2687
1383 2057
2619 1776
2769 2217
429 726
1010 1784
2582 3951
2547 4966
4220 3868
704 3341
1281 3383
3149 2030
1785 4423
3745 453
2986 1183
1894 599
1495 399
2279 4946
369 4059
1341 611
1630 1487
1267 3088
265 4521
301 4540
953 4167
4880 3499
2298 2539
3119 1719
1366 3830
662 1672
2077 2600
3478 891
3089 4071
4954 2855
4863 1
316 2468
3518 1949
1882 3364
4194 2590
2323 481
2757 2294
2356 4198
1843 3909
113 3668
1198 956
1889 456
3487 3781
1869 729
2383 4009
2507 3240
1923 3838
997 4968
2967 3319
3184 3363
2008 4618
380 4426
111 3959
4675 2323
1395 1009
2721 4694
2678 2642
2784 947
960 4944
4674 3559
3842 1743
918 217
486 4161
4578 4601
3305 422
2836 3628
4678 1303
1685 4594
3689 253
4432 3169
2723 4124
3413 770
4461 2139
2819 1280
4102 2960
3994 284
1976 2462
399 1371
3748 3385
431 830
4857 3026
3118 3545
1883 1255
2331 782
4288 2464
3298 3420
533 4469
4079 3189
1029 3552
3217 435
4773 1682
4868 4941
262 2388
3365 2126
4161 4695
3053 1535
3336 2759
1523 307
2829 118
1948 1614
4363 2579
1237 4053
4409 2668
878 4710
2462 819
1068 911
2938 266
288 4975
1058 573
986 4996
1390 4932
4823 3164
3304 4420
3235 3316
2716 1205
79 3618
3950 2387
2166 2793
3030 4343
385 4150
2464 2397
2264 3803
3226 2392
3574 1551
4662 3949
308 3376
3723 919
4019 3504
3433 3686
1886 2394
4393 359
2458 4459
4308 245
2616 4949
3648 2944
2112 2119
2884 4239
375 2041
234 2566
3869 4665
3581 2286
4635 3520
1887 1139
914 3853
1110 3626
1590 1996
4813 2337
1783 29
2187 4601
3242 684
4878 166
2734 1922
1192 2383
962 3967
751 3097
2951 2649
462 2770
905 2790
24 4196
4429 4308
1919 1633
347 3521
359 4382
2291 2353
3942 2430
1178 1982
3635 2277
3027 3883
2118 1076
3517 1953
2911 672
2711 3645
3716 4393
3338 1711
1282 3793
2896 2302
2550 1600
2656 3869
906 794
3503 2934
4189 164
75 822
4596 3751
3684 2061
1126 1273
1528 2640
31 2249
1116 3235
4289 3298
4408 1309
2867 4780
532 3855
3253 1405
556 295
3385 3709
4861 2721
3042 4066
3680 3185
2377 3734
1518 225
1001 3637
4051 3134
3991 260
4777 145
66 4023
2935 2253
603 1478
2249 1513
1023 2765
1103 1046
1800 3794
280 1353
838 3217
2089 2427
645 382
901 3183
2179 3495
1478 2727
2396 3503
1247 375
1062 595
631 3074
449 4510
4630 1365
4984 1554
1663 115
716 3099
2969 1517
4766 4651
1836 2532
2095 1367
1853 3007
3911 3075
4957 1926
3669 4046
821 4177
2122 2524
3396 4015
1892 743
3107 465
2632 2952
4869 4604
1244 3218
3757 2597
1750 4189
2230 2285
1430 2734
1584 3878
4180 2704
1534 4399
2213 2973
2053 953
2741 999
816 1466
1702 3168
3838 4957
3130 4425
2767 1044
86 2337
2665 1431
4213 3171
2168 976
864 3707
3840 1640
1710 3142
4176 328
869 1584
4229 3904
4833 4259
1829 2365
3057 430
2453 4961
4831 3005
4520 2955
4973 1211
2627 1101
2890 2143
674 4383
2106 2051
3501 2751
90 2962
4472 3274
809 3431
617 697
3063 2598
2973 1934
629 3281
1457 1235
3741 1595
4349 4706
3887 3486
1156 4700
3368 3315
2415 3021
754 682
1146 4670
4597 1396
1671 4113
2691 1963
3816 1815
1314 1030
1275 1492
2985 1058
3527 4720
4243 4562
510 4000
4064 3242
142 1739
3390 1079
1263 4520
722 1288
3496 4981
1511 1081
2056 181
4356 1588
468 2399
4002 4414
2912 4620
4255 2653
215 3690
3007 1023
4843 2856
4855 4388
1229 755
555 753
3020 3558
1569 4188
73 476
849 882
4856 3243
3318 263
2774 4039
242 526
3523 485
2035 4947
414 297
1640 574
2526 935
1746 3676
4381 2833
4944 3900
3472 1744
4065 2850
1479 3059
292 281
4134 3555
3349 1331
933 964
1024 2366
3727 4645
1497 1256
2749 2927
3398 3761
457 3342
224 3460
3618 299
1571 1649
3333 2784
65 275
3488 3198
213 511
2608 4626
1719 2112
2285 4449
3406 1109
2359 4756
2248 614
3258 4106
3489 1151
150 3419
1589 479
3064 4859
3812 3013
2851 3824
2722 3429
2182 4176
700 4864
2976 1049
3174 3234
3132 4398
3768 4568
707 1962
488 424
4736 3911
1465 2921
1760 2794
3079 1690
3403 3004
2831 264
2652 1579
3010 1552
2350 3980
78 909
2337 3290
1157 4338
808 4765
2012 272
2554 3929
4904 454
53 466
1211 1899
3142 2364
405 2865
1342 4662
283 1577
2823 2629
2737 4956
4076 2715
1588 4208
3059 615
504 3611
4534 1069
3822 142
4416 3428
1177 1628
713 520
3351 3223
344 3459
2514 4810
1581 4985
23 2582
2644 1988
4301 20
2878 1513
3223 1836
4439 261
2441 274
887 680
3196 4992
4778 2346
2327 4722
1470 640
3611 3831
366 4390
2157 15
1766 1467
4784 1118
4094 4839
2863 4687
1673 2276
4994 289
4517 4768
4389 2319
2126 2000
484 1233
76 3307
911 587
3058 2197
3619 3325
2575 4406
3205 529
4303 74
120 4487
1955 1824
2882 3938
2947 3959
1179 1070
4266 3312
4899 3241
2560 1277
3289 2303
3774 228
1607 915
176 4533
377 2540
67 2602
4450 3425
3128 4817
829 1358
245 838
2224 329
4573 2374
226 2976
3917 2136
976 3193
2886 4778
1387 755
3919 1134
1243 395
737 4307
3599 1775
2229 4436
3271 3296
1759 1883
3195 1380
814 3286
1585 1439
1527 4257
1824 1173
3965 894
587 9
4514 4922
289 4477
1102 1573
3013 2475
971 745
861 1713
1856 1333
4883 4083
4763 3815
2686 514
2140 1531
4244 3284
4293 3462
1508 1196
4539 545
81 1583
1294 3508
3863 2230
4232 4939
1912 2377
4650 2572
952 1891
3966 2959
202 4589
832 4245
4870 3358
4949 1421
3607 2756
4719 1171
3633 1957
4249 3467
2152 3017
3485 1460
685 3624
3178 992
57 2984
1560 2949
3629 1853
174 2429
2780 4674
422 3047
2497 4744
3453 4359
1649 1082
654 678
361 1699
3049 3839
382 2610
4085 3076
1676 3963
2958 2226
3507 555
4122 1813
4720 2474
4705 206
60 4141
791 2169
2262 628
4162 1604
1932 3271
1015 2324
4824 4486
4436 4100
4090 2453
3279 3630
2283 4429
1441 1455
4851 1655
4150 1462
1794 3612
4313 2330
1460 1745
1917 4369
3216 3837
4186 1408
4768 4909
3634 1978
108 2907
148 3517
2859 1642
1812 1816
1674 249
2374 351
2982 4458
1447 3675
1092 579
2050 523
3925 2985
945 1170
172 4944
4952 1493
2195 4442
2256 27
4931 4554
3397 2168
4840 3304
155 197
807 1651
3044 28
1168 1948
4174 4033
2409 3649
3803 2240
2862 2432
1352 3094
4482 204
3608 41
3834 2673
3958 1811
230 4874
1272 2370
1125 4298
3789 2312
339 2940
572 3975
2811 440
3550 2631
68 2947
4548 4863
3458 1269
3706 2458
3265 2700
1677 4934
1989 4698
1960 1830
4440 736
4410 4500
3755 1920
834 1386
3799 2773
3736 3032
4183 57
3981 4079
1848 1155
1141 2647
4701 4892
290 1799
4510 3380
2265 2433
3341 1718
1782 601
4927 4567
3255 493
921 4142
4212 792
822 1729
2290 2924
3614 3958
4681 2669
4836 1512
448 1401
2332 2667
1456 4126
895 4485
3431 2601
1328 1859
3126 1841
3577 1705
3683 2333
3073 2003
611 2451
390 742
189 60
3358 3679
4841 2405
3735 354
3738 3151
2899 1241
250 3089
1875 4550
4577 3814
3246 1047
941 4708
3628 2336
16 2313
2827 4530
4816 1591
3818 1993
2624 1110
395 1219
1075 4375
3108 4684
3725 302
3837 3813
43 4816
623 638
2563 1190
1251 4757
3371 3182
1438 3912
2545 708
4978 663
2910 3598
3616 2647
1114 4272
157 474
4383 3060
4907 2445
3313 1005
1255 1096
4149 1402
2399 45
470 3631
4683 892
92 13
4891 3270
3637 675
3372 3356
4558 3680
194 4214
1967 2347
228 2676
1890 639
376 327
2304 618
772 3208
254 3531
4376 4167
1609 4029
3944 741
660 3910
4710 1708
2499 86
4590 3207
3672 4897
4294 3588
4210 4446
1717 1856
4646 3187
3083 4541
3456 4223
2047 2424
714 1810
4184 277
1215 4755
3775 4886
1992 1865
3847 258
126 247
2804 2350
200 148
3815 4636
4152 4084
1825 4542
1828 4678
4427 4136
3989 2265
3247 4883
3357 543
1576 3481
698 656
447 2086
872 1158
2929 2317
278 2378
2367 123
4908 3840
4011 2881
1147 2445
3322 3894
682 4735
4657 1753
3973 2897
1204 1804
2032 584
1338 4070
1435 4151
1317 4683
4656 407
2006 1896
1461 2066
2204 2160
1863 510
3845 394
2473 2250
2931 3312
904 646
2825 1472
4082 967
4045 1783
4754 4363
1396 651
4327 421
1232 1351
519 4925
1022 1021
1980 2531
747 1433
1548 1620
1871 467
1687 2658
3448 835
2391 3632
621 4293
3888 3377
567 3850
1149 1203
1541 3375
1455 433
1703 4508
34 774
3243 3945
3294 1441
2979 3536
300 3608
1682 951
2788 2251
1000 4103
2186 850
3218 3810
3870 1855
3213 2192
1036 194
2870 1617
1013 1919
71 2020
1175 170
3833 2828
2977 3951
1711 2938
3325 4310
1823 1476
2212 3215
2670 1318
2620 4337
2728 2852
4118 59
3459 3497
3262 3760
363 1416
3369 1252
4457 972
2533 936
1406 4795
235 1032
3055 1437
1335 201
860 997
3861 550
4734 1375
1621 3989
443 2771
3943 2980
4997 4595
28 4991
2461 890
1033 1072
4380 1051
4804 2311
2472 3452
3560 2950
1777 789
2480 4474
1670 89
2405 2528
4639 2453
438 2485
3145 4376
4699 3812
291 556
4398 3619
1006 336
3479 1958
4218 1807
3261 4460
4013 190
4620 1532
3636 3158
4422 978
612 2306
4271 517
166 3575
2799 4555
1927 1261
2685 1817
3161 4872
4117 1564
718 3919
211 4318
3202 2476
1025 4521
699 4930
2683 610
2848 1062
3805 1459
1567 3046
2165 2160
669 477
2398 598
606 4001
2423 828
3820 269
3556 4633
2117 3925
3564 4435
1551 3656
770 4578
1388 1879
3219 3634
1219 257
598 2972
3189 4534
705 1186
773 4679
2352 2890
1239 2662
692 311
1638 419
2826 4778
1303 4018
4801 3011
3864 2910
777 1411
4970 3
3700 752
1094 2581
2131 3010
2943 321
3177 2479
1069 2475
1139 2435
3729 4051
4893 3654
1270 2406
3171 2034
3644 925
1592 4801
1914 2362
1216 3721
4097 2247
2603 3282
4401 563
4001 3727
3301 4612
144 2428
782 852
1426 2608
1913 4077
2994 1888
3466 783
1334 2241
4098 2674
2334 3194
4759 1601
1234 3857
922 1308
2904 3144
3183 2728
3954 3297
1622 3892
3939 888
4603 4596
231 749
3511 3797
3129 3352
1876 4659
2301 3553
1312 2862
2214 4862
3876 4256
2324 449
1368 2162
2704 2239
2730 1209
1286 1336
4492 4166
1418 1835
1951 308
3718 4677
1500 889
1696 4038
167 2809
2296 2643
1801 2709
1258 2813
564 1251
177 2040
4660 30
1289 4061
639 3245
499 3893
275 2876
2625 676
3324 4262
22 2661
1583 1805
2136 3870
1131 2571
3717 100
3198 4715
3783 2073
1384 338
3292 1455
2428 2289
310 2646
2138 4447
4124 3003
4280 4940
2171 3285
2732 1667
2150 2147
2478 2714
4940 4585
3277 1566
4575 2426
4279 693
15 4047
154 1372
2500 934
3269 3430
2759 4197
97 3202
3896 444
3787 2989
3615 2225
3610 3648
1440 3540
502 153
4871 2083
3663 3
4219 1354
4835 3894
4369 1868
3731 3833
3549 1971
4680 3891
1297 241
3985 4475
2011 1332
570 352
765 583
3252 1011
3100 1294
1618 1906
530 103
2919 3066
4874 2157
3926 872
2840 4613
2816 4439
4049 3401
4963 2513
1132 4120
1950 1123
1512 3602
4257 2216
3005 4669
4903 3791
4055 4528
4980 3229
453 1040
790 3400
652 4364
4854 4268
3054 2946
2813 558
17 484
1439 4516
1835 2454
4426 1582
2515 149
3370 1941
2824 130
3387 3304
4953 4244
4875 4386
1163 4733
244 886
950 138
145 335
3024 1162
2561 3222
1049 2127
479 4717
2551 1346
2579 1548
4226 3780
4939 4078
3353 1800
152 3859
1627 2624
3492 5000
3360 1147
3753 3901
4722 1250
3182 2628
1925 4266
4295 4799
2355 3006
2024 1727
3032 4351
3592 458
2962 3647
3494 4007
2010 4116
1101 3317
4059 1994
1360 2373
2101 2085
4567 3029
1326 2046
592 2339
2174 2431
1206 250
1896 392
4786 2710
1196 2398
4559 4037
745 4745
141 1290
1987 779
2576 1295
3798 502
389 807
4544 1861
4796 80
4328 438
1686 1973
4044 3211
1998 2981
1855 3552
1997 2375
2270 4917
4106 1445
2440 1211
2339 2920
3477 3324
4969 3165
2975 2026
96 4035
1822 3348
3268 3695
3632 524
3801 2804
884 1060
3540 4935
321 2757
427 320
383 1526
2494 2124
4063 124
1756 332
1906 536
1916 2926
3101 4646
374 4109
4917 1798
3661 4712
938 3410
1839 3082
4506 1254
3215 96
332 4479
2348 1763
4565 4319
2587 178
4775 1197
1290 629
2636 2561
2783 3970
1064 1120
4474 1834
1664 1181
3140 1761
785 684
4771 885
4499 1608
1787 2543
2215 1012
4610 2119
4706 1527
4242 240
98 3583
2068 2550
525 3507
750 834
3446 504
1494 1204
1482 3186
4460 1423
1698 4132
2808 450
4664 4805
4062 2812
2770 35
4845 903
335 3778
3099 3145
2915 3846
970 1456
1577 273
1250 324
695 3154
1378 3673
1986 1530
4378 4255
3542 1226
1672 1893
2787 96
3060 4669
2782 3184
2490 3413
1231 3765
4267 3375
2253 1392
580 1282
3578 1014
1325 771
4757 1947
4619 1502
3395 1519
3348 4644
1437 3597
3114 4570
3792 1703
4910 2206
1514 2082
4982 1116
4714 841
340 969
4270 256
1085 2243
3148 2900
1339 3565
2954 965
1003 4689
3712 801
3356 4279
2828 1778
2003 4655
4111 661
4155 2493
2022 1279
3590 4927
2999 2025
3 2991
1473 3255
3250 4704
697 4903
2075 665
2033 3642
404 2166
562 4896
4228 2951
2094 2636
517 3860
4685 3757
929 3077
320 82
1403 1842
3314 4610
2869 4340
3414 4324
3497 3062
18 447
3694 4860
183 1757
1027 2321
4793 4640
3710 3832
411 4072
2023 763
2914 2818
3671 2866
3075 4137
4500 1468
2020 4852
277 2478
4779 3327
1688 1246
4054 1422
1739 2534
549 3926
3668 3715
2018 3607
503 2408
4885 1769
1307 355
3980 448
3442 2183
1304 1592
1266 4414
4236 1559
185 2774
2297 1412
4585 3256
1931 1767
591 2574
836 2975
2041 3015
2715 4613
527 67
1183 4153
3211 451
237 1248
1953 4344
107 4203
2124 4353
2763 3746
2674 2072
207 1759
4526 1102
3780 4345
1751 696
2883 287
565 998
490 445
4996 4788
3346 907
666 1619
3421 2115
3286 255
2724 3096
480 354
3960 4484
2771 1772
2038 2079
3080 3436
3524 47
2835 18
1553 4425
1538 1576
800 496
3537 1574
3429 235
955 1907
472 1042
4199 1228
2559 4571
3782 3753
2858 1055
946 2261
856 4796
3832 2062
2130 613
1935 2045
1952 1606
3052 4828
4240 3924
3977 4603
4360 3985
2974 4040
1631 4690
2156 2093
3191 3590
485 106
3031 156
1964 2752
1868 4792
2735 1117
232 3907
492 1516
3908 3768
792 3579
4081 4028
3811 3523
1893 712
2454 3769
4225 4770
1242 2489
907 590
4999 1106
947 4777
222 1453
2221 4691
209 89
944 3774
3839 3152
696 3955
2583 906
3400 99
3674 21
2872 2002
4245 3045
3946 2291
4343 2358
3519 984
1099 4097
1769 231
1337 1537
2163 2340
3115 922
3510 3875
1833 94
1934 4865
2846 1403
3752 2420
3602 216
1817 2965
4345 32
2069 201
272 3248
3103 988
2537 1063
4898 2106
2013 3279
4571 2990
2305 3931
437 1154
1616 4813
4810 4497
370 3040
4048 961
465 941
3342 112
1504 3515
2684 4466
828 691
1641 1394
2102 3412
689 75
2271 1954
1811 4157
3704 4501
307 2184
1982 3394
4993 4063
161 1289
4324 4139
2276 3569
2083 3843
4168 2681
303 737
9 1423
37 2372
2607 2915
2793 4882
2905 4921
3658 2049
3767 3872
4631 4291
3328 2450
4837 4495
4661 4370
2065 1634
1666 3254
2942 2315
463 813
2175 4877
3384 135
4838 2659
4074 4121
1301 1275
387 715
4083 905
630 3323
1729 3606
4700 3835
3127 652
3493 1507
3962 888
1715 4227
4668 577
4677 33
3624 4379
187 1924
4580 361
4637 1435
1031 3993
46 838
3831 4330
4071 3137
4864 3372
3793 3445
119 858
2520 3475
2923 2513
1016 1028
599 4977
541 4494
1459 106
2401 2328
2133 928
3765 2013
4358 1043
3203 605
3813 1884
1226 2615
4239 2044
3947 3049
1194 3530
1690 3388
4820 1138
2926 55
1556 4556
2062 2436
2149 3986
581 786
1427 3592
238 4658
4979 2113
1655 2460
4391 4094
2637 2971
1954 2301
432 2447
2699 296
3953 2789
4827 2606
133 2758
2471 1799
4215 4832
62 2219
926 3994
690 1292
2299 3379
4946 4738
1911 3890
4080 4385
1166 171
2410 2490
819 4830
469 4798
4031 3262
2254 3346
4091 4161
3901 1073
2729 3216
4200 3001
84 3600
2700 2584
3559 991
4030 3783
2513 2637
168 4277
681 4661
1498 125
2153 2831
557 3603
2677 2049
1462 4509
1205 4821
2754 3408
1118 793
3206 2200
1248 4253
4338 718
4384 2416
493 4948
4666 3371
1928 1037
1776 2441
4913 3359
4390 3865
4494 2481
2611 2385
1744 4955
1045 4490
2996 117
186 2815
4234 933
1416 2843
4504 3763
797 183
2226 996
4403 1794
4593 1991
2765 4235
1680 2616
163 2740
2449 3197
4556 643
2326 4024
2292 560
331 3365
4003 4048
1323 3817
4448 374
274 3018
2937 1849
3490 489
3516 3808
3647 3968
3033 518
2751 1648
1786 860
3548 4985
1595 4936
3957 993
1901 2966
1041 4333
919 3858
1645 600
1434 4785
3880 2635
1235 2400
4762 2227
4707 2419
4147 2622
342 2181
3849 3560
3874 1104
1963 1160
1468 966
2631 427
276 2641
4018 4392
2964 653
687 3491
3737 899
1604 4104
4261 741
2372 4102
1933 4331
2675 3170
287 844
2418 1315
4485 2412
4298 4258
424 1715
1734 4737
4896 2879
3867 4492
2493 2018
1983 3143
1545 4408
130 1689
63 1143
961 2786
3583 4653
2752 1479
2900 2613
3021 4979
2766 402
3929 1340
3158 3678
3311 1482
4921 2133
102 4012
1603 1515
3703 1146
2570 4666
4632 624
4020 4702
2663 163
1903 608
548 22
2945 1716
3306 1764
4527 3259
3990 3806
3293 322
2650 3841
4123 385
2687 1967
1225 267
1972 4482
1647 4546
341 305
554 1245
2955 298
496 588
2613 2810
4433 2282
3376 2032
4256 2010
3065 3409
3204 4323
2948 4181
2338 347
4981 1034
3763 751
3897 3708
4524 575
1421 4842
3036 3581
2844 927
327 1801
4095 1597
4576 4762
3933 762
3290 174
4332 401
2474 1231
3150 4472
2413 2029
2957 975
3069 3804
3638 3112
4005 734
4737 1276
198 2641
3582 3847
1273 3529
2099 719
748 3576
54 4208
3420 1
4735 1847
693 2686
3394 773
4237 3670
1115 2107
4050 2484
1562 3326
1050 3441
3176 1084
1098 1112
4633 4187
4756 307
4458 1490
2738 3825
1072 1898
531 3318
2092 365
3662 1300
954 3483
3884 1782
3579 2810
3249 3330
3596 633
4498 2048
2574 2140
4014 34
3146 3083
1728 2109
4881 3322
1037 3591
3621 71
3997 2848
1259 4743
4418 515
1130 56
4611 1184
4158 2609
837 2677
2375 641
2239 1307
294 246
3441 19
1245 665
3836 4537
3746 3077
121 4774
1201 154
516 3179
2488 1259
2343 1653
3504 528
350 612
778 4431
4197 2864
3173 3821
2941 623
281 945
1269 2992
613 4823
1941 107
3580 4777
676 3885
2191 3116
4357 1741
4568 176
1596 811
204 1887
3676 2901
3366 1482
3085 3534
4844 4576
3850 1128
2527 4146
4852 4818
2744 1645
1591 1286
2311 2465
928 3399
2021 1166
3280 4893
1379 2182
4560 349
199 1539
3657 4539
2874 4068
2965 4265
2664 1090
2775 1449
1529 2401
2448 3672
980 2563
4537 4098
1689 2788
2672 3447
3750 1984
1942 1391
4774 1178
2316 1873
1650 866
1371 2478
2772 4747
2641 2842
1295 442
2430 2745
4951 3623
2925 2448
1586 3941
2887 2754
4713 3095
4334 2287
2097 5000
2031 1342
638 1905
4181 2841
3382 1376
1826 4815
2393 670
42 2273
3475 1247
4806 4478
4488 4002
138 4128
3078 1306
2662 4881
1629 1611
2210 3712
4799 4278
4370 2556
2693 538
1943 4144
3979 3689
3460 609
2897 954
3343 2937
2492 3786
1164 2873
1525 3999
589 3236
2376 2612
4128 4358
4163 1557
2189 2785
4505 3468
1774 3580
2626 1669
2795 1946
4444 2977
3251 4463
2959 4728
993 3150
3999 2054
2388 4933
3552 4350
2815 1431
4348 2068
3323 4400
3074 4502
620 3796
1424 1125
4041 3726
3645 804
1137 3660
4316 2657
1486 862
1074 4254
4233 3617
4072 2943
2211 160
101 3384
3225 3233
2580 645
3157 717
271 1105
4727 1016
3827 3226
99 3744
3949 1299
610 2265
1220 2407
3987 2344
2030 4908
936 2514
471 390
3067 3340
4564 3856
4023 559
1701 3107
1546 3851
2063 252
351 4972
2245 4549
3082 2845
4182 4786
3138 674
2181 4107
1757 1704
4549 2692
4682 3539
146 165
3781 4119
3690 292
3499 4654
4584 1378
3678 229
989 3159
2123 4031
665 4312
4371 1742
1367 3343
1004 3397
3143 2922
132 3500
2581 3659
4151 1311
3278 4211
1921 68
3209 2917
1391 4593
889 3863
4676 1961
229 418
3061 3115
574 1100
3120 16
2834 3644
2552 1509
4569 1522
4932 2836
646 4263
4387 3349
4342 3466
2028 2969
3714 1981
2036 4660
4231 4567
4692 447
4110 4149
4277 2680
3210 4920
1815 2058
579 4931
3270 2233
1899 2178
879 4760
313 2060
577 1684
4807 1574
934 3446
3050 3704
965 2586
1067 2512
3666 2670
2103 2497
604 492
1182 400
1543 4491
4642 2343
2562 2267
3525 2884
2871 1742
4252 1193
4067 627
3179 467
1020 1864
2451 654
2961 2402
3871 2893
286 4514
221 1003
3112 1470
1597 1010
2070 3876
2803 3652
3515 3090
4333 1550
688 348
2762 2515
653 1144
80 1448
3743 3477
3846 173
3212 3688
4599 2180
781 2014
2081 916
779 3750
3841 4388
4138 3605
2159 3311
2755 4910
910 3917
4415 657
89 2246
924 4843
2076 1397
4114 2717
3806 414
1755 757
1046 2259
3982 960
3180 2650
840 1281
392 949
4347 1605
4797 2306
2546 1656
2764 2213
644 3087
1345 4499
2739 150
1370 2607
104 2196
4075 2279
2120 3496
1748 1121
3379 3051
3094 1977
1280 4769
802 1477
4879 192
2595 4876
893 1789
3244 1858
1795 4226
192 4080
680 1017
2832 4034
2940 2750
1573 1238
333 85
4956 3084
4934 3362
3332 3595
413 4551
4477 4552
1359 3458
3309 564
4377 2012
1253 1149
520 4320
2450 2117
3422 2042
3569 1026
624 38
3135 3687
2400 2755
1975 2694
208 1632
4542 2028
180 1417
3959 3336
1693 1029
315 2699
3169 3711
4476 4112
4574 775
3883 3170
2438 879
356 2098
2609 2043
2812 1850
3084 634
3163 3395
439 1622
393 4297
3978 4381
3016 2463
1096 3052
1278 4942
1754 3551
4772 2961
4901 4194
4027 847
3945 3700
3011 971
597 3674
939 881
4157 1093
466 2693
2992 3691
2517 4143
4826 3106
3976 4489
1158 3439
1180 1199
306 3218
571 3641
1937 4925
3843 2193
1993 1387
594 3039
2234 2231
400 1942
2387 1473
88 4787
4355 1747
4394 791
3771 3752
4337 2982
434 64
1011 3494
569 1578
1704 4745
1841 569
178 208
338 3292
4916 2125
3092 4822
29 1335
51 2983
2360 2913
295 448
4238 4032
1112 1531
1926 493
2370 2218
4125 4126
4364 25
3804 1131
2037 222
4600 2805
2366 3181
30 4122
768 219
2971 1930
2432 859
4689 2778
4386 3443
2158 4092
4411 2619
2968 2404
3909 864
4686 3633
343 3766
1968 578
4336 1223
2588 2883
715 4846
2059 3697
871 2322
1994 2033
1988 4819
4323 2470
2456 1172
2203 2604
4900 570
4481 2617
1081 3479
2220 2572
2206 36
4848 799
4808 626
2201 2580
795 1183
2058 1877
412 2567
3591 2624
3643 4989
3404 4763
4886 4164
1623 702
2657 3613
4925 1891
3038 3743
1420 4453
58 974
143 3661
4583 1366
4191 2716
3551 4240
2865 2234
2606 1103
2960 4797
3529 3209
3285 4067
3461 2210
3165 7
1355 3801
753 777
2045 2406
1611 4838
2653 3793
2026 1662
2277 1234
3056 1078
2460 1065
1695 4300
2726 585
3935 4299
2074 1959
2692 2753
3228 2803
2369 1038
3650 4518
4276 4918
61 2824
762 4238
841 4937
2635 3128
2402 836
4406 1091
1542 2091
2046 3511
1133 3080
3364 3335
3110 4854
839 4986
2235 932
482 4963
1578 1066
4587 2874
2491 2806
1392 2919
4029 1915
4113 4085
876 1999
1852 488
4479 1242
843 1207
3428 4648
4783 2711
1570 3528
3533 3867
2019 2488
3686 3736
4093 4951
4805 1549
491 3587
943 2242
4992 147
3352 981
2295 1316
803 4525
2773 4561
105 1874
4269 2620
1319 4316
2066 2290
2849 4923
4130 2498
3321 4182
1100 2129
3544 2173
151 4233
2539 3567
309 2886
2617 1157
56 3834
2668 596
825 387
798 4141
4099 4560
2482 3122
2936 2443
4905 3638
3692 4978
3830 3275
4873 1400
824 3037
4721 3100
4169 84
3256 3593
3744 3646
3017 4773
3732 4904
763 2744
1300 527
4264 2305
4509 4332
1293 3403
478 1434
299 4074
3164 133
4789 809
206 1272
757 3706
1279 522
454 3818
4187 4621
3377 4232
1210 2533
1442 2505
1356 4026
3039 731
1929 3745
1186 1613
4538 1777
2802 2522
4368 1946
2712 4339
4502 827
1753 4503
3545 1267
103 4513
4258 3188
1540 1662
1397 4041
3922 2087
3168 1700
409 37
1228 3310
1763 2005
1642 3961
1327 2861
1230 1191
2833 4158
87 3693
708 3109
4530 4906
4749 2918
403 3422
2725 913
2225 383
951 271
4591 561
4052 4713
4407 1541
4554 93
593 4649
1709 3368
2205 4959
544 2748
3567 2639
1404 4709
794 312
3344 4674
430 315
336 288
3028 4302
3367 4374
1271 434
1151 4444
1791 4296
4043 2278
4655 2100
3214 4858
1091 3426
3776 3448
1330 887
394 1524
2272 2519
4275 102
1639 2761
3762 1676
561 1177
3859 2968
2991 1132
2800 4326
3299 2678
3998 4776
1422 4634
4307 1083
885 2986
726 3802
3900 818
3409 4234
2639 4301
1845 4749
3543 1317
464 3932
240 3373
328 1213
4892 2075
3858 3014
789 1179
2085 423
2596 1016
1617 943
683 4083
3506 4184
110 2456
4022 2245
1866 1638
3345 1758
441 814
4202 839
3361 576
3996 398
44 4982
270 1373
2198 1797
1193 3866
1191 3789
260 2832
3575 750
3563 3432
4624 1107
641 513
605 995
2719 2929
160 2260
3877 2687
742 701
2646 1356
4647 2517
2483 4247
1374 1796
1878 4885
1277 4404
2781 1646
3194 1155
4634 4760
711 70
2842 4236
1189 2795
266 926
2199 2214
1552 39
582 4180
55 4602
1661 2569
3040 3257
3719 3331
739 3434
983 4701
4751 3625
2628 2988
2282 1056
4058 1749
2340 2053
296 4456
7 383
1949 3965
4552 521
1575 1852
964 4616
568 769
3626 97
124 2507
3000 4711
349 4270
2531 4875
4747 3067
258 3952
4614 4451
4372 1086
4744 4980
1506 2356
1184 3332
2160 1878
573 3320
1082 4901
191 1120
4876 3191
4551 503
2843 2141
325 3219
2565 1897
2127 2656
949 543
2347 4753
2558 63
2660 557
1483 4847
4480 46
1806 1803
1764 380
1984 650
1056 1088
890 1257
49 1489
917 1893
552 2564
74 1194
615 3389
3708 3651
459 2458
428 1866
4017 1629
3726 3455
730 4192
3019 4845
4640 1732
2139 1659
4322 2421
2510 1048
337 3724
3417 3433
4812 3260
3829 4577
1733 4394
264 3387
4627 3264
3434 1039
3220 3138
2354 2361
4785 111
1431 685
2426 2352
1340 1751
4319 280
2953 2766
125 1229
4104 2746
1659 254
2600 286
354 2074
3823 4099
2720 3249
2358 1590
755 4273
969 2521
1939 296
3166 1845
4998 4159
608 4020
1160 2118
3739 1721
4126 2583
4009 2095
524 2902
1737 4068
1405 1568
1257 2359
1940 1291
358 2575
4753 4089
210 4269
1888 1975
539 3777
2498 1436
2061 4060
117 541
1320 362
4259 4599
3971 2310
2176 1544
2096 4898
3463 4127
474 1755
3362 4042
4015 396
4724 2933
2406 4199
3761 3708
1381 3355
4522 3914
1724 92
4602 806
3868 2970
1346 1329
2944 4561
3795 1011
4609 3027
1705 3360
625 3973
4012 3776
2679 3733
873 1987
513 2853
985 4611
2970 121
2421 4752
2009 3615
1288 4580
3937 1225
796 3685
4533 2729
4103 4515
2557 2377
991 3682
4402 4108
2642 1409
2071 4759
2098 3800
4346 1008
1173 2758
2315 1569
3707 2596
367 2121
2932 2395
1399 3554
3405 3913
509 2094
959 3442
1129 4588
2814 3437
3045 2997
3380 4509
940 4147
2040 3729
1333 4394
4070 2880
1761 3195
3878 1021
4178 3524
494 172
2505 1383
661 2585
2689 2097
2363 1851
3711 2619
2640 4303
3963 1992
3948 4642
1891 3664
4570 410
1026 2297
963 12
3695 1833
2789 4412
2302 3985
4421 4205
2247 4960
2455 1476
553 2452
263 540
4566 1200
4335 1956
1742 4522
4173 200
4623 1189
2489 2566
2593 2724
4025 4424
2115 1935
1593 4825
2511 839
458 72
1450 2515
703 2706
1448 4004
4468 3844
1561 883
2446 2821
1128 2295
4501 2021
4787 1022
657 1215
3903 3244
1380 671
1053 227
2300 259
827 4148
1999 2110
4140 3898
2586 1779
1820 1808
981 1089
857 3113
4636 4880
3375 1673
1632 548
2654 3224
2485 1594
147 3653
787 1505
4292 4754
915 2908
4053 2733
1979 1780
4217 3123
11 837
4165 2409
1675 3129
4379 843
2345 3157
2794 333
909 3798
2568 2720
2148 1563
736 539
1066 3328
3087 901
433 681
3536 4212
2314 212
4711 2537
3136 4348
4653 785
1393 1176
1106 155
318 2925
2403 2656
4452 360
248 2221
2597 2056
3921 1696
576 3484
4365 3073
3423 910
3484 4322
2841 3124
2516 1818
522 417
1034 2255
4546 4215
3808 797
236 1489
2733 3548
578 2131
1669 730
663 1485
4704 42
1018 845
1454 3119
3316 1538
3002 3683
4691 4396
725 2530
3072 3601
4966 1361
1532 748
4523 4587
535 1293
3554 112
3688 186
1747 243
720 4973
4971 4325
673 406
4601 4465
1770 459
3576 3527
3910 2004
3553 1970
2237 376
4672 1575
184 3337
4894 4101
500 3966
972 369
523 3079
4581 4638
3232 4206
3162 2763
4136 1420
4972 3886
4056 1077
3913 4488
1265 2104
3514 2416
3462 4663
2534 1320
2989 4222
3988 604
1487 4415
4561 2264
2703 4117
1821 2345
1773 294
4985 2718
2193 275
1572 3093
1706 2547
4367 896
4825 2589
3337 65
2928 199
575 426
4304 4145
3778 4721
2761 270
2465 2077
153 4579
1480 393
3245 1940
4026 190
1865 4243
19 3822
3964 4586
2504 1725
4890 1572
