1000
608 526
183 633
712 457
231 741
427 747
916 651
379 33
851 58
624 900
848 429
866 53
37 1
999 757
756 657
459 574
977 988
519 711
796 571
363 877
345 383
531 856
484 61
846 438
24 553
282 463
319 766
806 203
852 160
915 534
36 117
972 960
146 874
98 263
786 600
298 744
879 519
102 626
403 188
465 354
596 241
937 399
772 489
577 498
279 41
989 565
382 999
129 944
614 226
741 30
663 70
263 650
91 103
550 652
52 60
720 592
690 607
290 72
469 319
161 842
227 812
215 860
212 898
4 811
383 963
821 836
323 186
945 141
127 989
78 315
132 370
88 568
305 791
65 986
39 424
68 973
347 224
158 596
491 436
884 585
28 587
855 647
175 690
494 730
437 788
224 643
534 273
136 85
405 227
386 984
985 492
307 94
173 156
943 770
108 195
617 528
18 158
536 813
923 136
257 283
33 937
984 738
56 435
647 824
941 139
929 940
853 277
627 237
348 500
524 501
835 303
286 656
618 685
200 122
847 170
410 26
103 996
844 613
89 412
468 149
488 317
727 962
448 795
84 627
632 820
633 47
462 379
892 74
841 240
63 624
154 406
973 365
778 806
956 948
418 923
747 466
906 295
789 645
681 693
808 832
6 199
735 91
220 530
561 751
392 724
865 84
423 407
529 223
126 908
332 839
369 709
267 448
53 714
314 688
321 339
512 735
414 615
216 931
455 825
486 782
621 838
809 328
555 467
944 672
767 353
477 764
232 311
281 796
739 112
350 510
334 460
326 522
981 558
826 759
925 821
43 425
192 589
168 187
50 664
638 755
245 366
868 821
639 844
118 68
34 509
895 503
194 611
76 169
528 974
287 742
689 666
641 445
233 722
338 862
897 494
715 608
358 964
20 1000
558 12
800 443
377 583
380 639
987 376
85 114
101 389
583 31
471 213
542 935
26 151
293 357
278 488
784 292
842 293
533 347
527 951
117 620
164 531
934 276
903 200
325 542
785 499
671 721
434 439
983 548
676 306
711 848
570 477
58 363
864 265
779 591
820 686
222 757
947 248
184 808
240 680
928 415
329 981
166 652
144 677
110 421
368 762
953 433
567 220
169 892
655 45
316 344
831 972
907 124
247 89
430 453
138 296
862 523
713 881
107 949
304 896
331 720
935 166
899 409
97 725
951 234
116 525
295 733
746 588
493 172
402 80
719 305
674 391
622 823
701 28
317 246
653 987
516 784
593 541
87 737
675 841
669 271
433 719
356 818
630 313
832 858
339 506
620 942
774 493
151 384
954 411
861 746
391 229
424 56
811 505
412 42
905 179
265 919
482 768
213 366
438 978
856 878
266 562
971 205
554 623
770 911
869 211
613 790
133 608
167 701
229 975
62 267
400 195
918 15
560 789
157 140
559 655
444 40
526 281
517 138
757 668
206 291
998 864
320 148
373 356
982 98
80 679
483 958
803 997
870 171
509 950
854 975
264 945
178 573
782 897
876 648
777 131
931 326
598 187
165 602
461 105
318 634
814 482
887 209
218 604
466 348
926 123
704 88
687 345
25 729
595 970
344 125
230 364
480 196
563 902
628 113
201 965
754 563
587 657
794 804
837 174
619 401
436 649
42 750
371 325
501 38
372 301
996 566
795 19
812 427
815 65
646 257
634 727
898 76
896 869
616 896
64 316
952 309
724 180
556 847
174 387
384 595
592 916
723 684
894 925
992 249
694 514
575 577
442 941
123 16
360 555
67 49
927 259
29 422
652 799
994 302
917 787
635 609
547 622
586 253
189 254
385 318
451 238
134 995
740 128
148 90
791 785
969 705
538 905
22 682
963 252
522 276
833 985
504 570
420 912
584 7
426 57
211 388
760 561
210 569
10 259
603 695
762 269
657 17
113 683
226 865
940 713
544 115
718 637
997 410
565 202
699 277
125 497
419 616
277 426
964 673
703 261
759 565
490 564
235 374
46 994
269 163
327 792
106 904
256 358
330 829
949 92
478 894
683 845
406 258
946 347
913 360
70 466
119 197
61 891
930 962
672 126
361 927
629 81
872 853
283 952
995 32
252 594
364 459
736 885
439 109
243 267
11 471
783 850
605 885
180 661
737 849
626 586
254 739
670 676
891 734
537 298
745 779
752 300
351 610
659 423
710 551
223 983
549 9
408 420
124 219
744 934
456 135
431 492
933 915
457 54
980 313
539 763
573 154
260 698
292 700
600 5
682 113
904 310
763 378
221 476
828 533
857 97
661 605
142 983
579 873
771 396
569 330
765 18
532 216
888 250
702 580
285 34
677 786
38 468
580 375
684 382
280 239
388 706
9 167
198 116
328 386
743 621
572 674
875 116
860 377
920 893
957 483
823 394
171 147
649 73
105 508
352 760
41 910
650 120
152 997
807 247
910 215
688 819
742 801
155 619
773 446
188 712
725 480
300 629
99 102
276 191
993 899
170 190
153 868
644 448
813 260
726 802
967 889
662 137
8 502
525 274
615 155
3 393
195 518
181 824
979 976
428 403
54 198
96 351
510 36
74 183
205 278
44 373
589 987
698 342
738 304
365 369
349 567
936 971
914 834
333 262
336 235
299 470
612 239
120 703
552 299
695 572
798 638
473 288
313 280
31 783
685 926
696 119
464 119
874 455
73 305
836 537
766 146
415 756
297 93
500 659
130 372
850 16
202 55
819 774
986 362
566 157
342 992
787 772
311 145
268 876
748 286
804 591
594 413
505 637
35 465
139 20
69 39
131 930
706 817
520 718
234 346
686 474
840 255
14 79
322 945
722 437
5 681
401 936
346 673
15 797
458 48
540 228
27 959
370 487
302 928
273 419
59 121
564 857
495 129
115 982
19 327
121 110
871 440
541 970
284 419
23 574
429 59
378 663
790 527
303 490
654 206
474 919
651 11
623 993
901 828
191 840
893 417
357 715
45 321
990 632
1000 91
359 776
645 625
150 212
908 843
721 861
163 833
193 371
441 506
236 630
792 158
921 95
697 193
631 233
602 998
122 43
911 133
514 350
460 557
446 447
961 287
499 77
296 765
664 822
12 352
780 947
109 208
582 354
381 444
182 329
416 851
730 769
693 748
176 98
162 225
141 740
453 24
82 691
432 689
511 939
104 201
492 895
834 552
960 332
878 771
447 559
294 857
111 392
375 78
673 886
407 424
172 816
335 454
274 456
289 504
60 887
270 745
13 966
507 881
353 814
588 641
691 13
177 835
75 807
753 297
225 646
546 83
950 733
503 879
604 168
801 908
648 957
816 880
959 914
324 693
48 469
228 75
845 176
47 805
585 513
55 830
678 408
938 800
761 493
452 27
204 10
72 4
553 838
7 538
818 485
445 946
932 971
668 993
734 710
497 846
867 832
185 660
978 979
776 871
291 74
472 903
241 938
611 699
251 29
962 578
199 473
830 204
599 890
889 192
301 613
643 692
374 411
435 888
207 815
83 777
750 658
912 592
71 875
700 153
57 318
900 521
259 63
17 547
708 507
568 906
137 977
440 901
95 458
30 640
924 662
470 245
309 210
443 1
680 872
707 478
411 177
886 917
242 704
90 142
769 953
337 402
479 106
112 716
530 922
849 340
272 486
788 264
805 696
976 381
574 590
858 775
366 221
404 954
755 929
970 717
197 159
398 461
219 450
607 601
880 731
187 780
793 870
203 582
637 517
799 496
692 367
521 598
262 967
827 512
839 428
506 991
417 100
640 606
246 603
362 95
100 99
250 37
413 479
156 441
656 51
877 932
679 375
425 403
571 52
975 405
825 671
817 603
476 955
454 678
51 475
32 494
93 654
387 576
562 320
958 251
409 614
395 108
515 152
968 337
597 309
705 50
475 510
271 909
496 101
890 520
450 217
249 793
179 573
642 447
731 464
396 626
397 270
665 60
518 866
606 702
208 708
728 536
764 653
238 921
467 543
797 341
147 146
991 397
253 380
355 990
421 125
248 69
658 71
709 353
636 279
196 854
966 554
308 546
548 491
315 230
545 524
239 218
306 581
399 324
422 130
732 285
49 282
810 312
376 21
159 343
768 826
135 86
859 165
781 616
601 35
143 207
523 767
551 193
939 752
922 449
749 852
581 803
2 442
557 329
733 532
390 968
513 134
190 773
481 861
255 236
94 778
340 460
81 154
489 976
838 495
667 732
508 23
714 665
965 214
802 413
214 27
988 597
86 776
449 992
882 860
261 561
341 515
822 736
140 84
128 593
40 758
591 290
114 322
942 359
394 848
485 642
716 431
217 697
824 194
288 395
244 50
902 127
92 669
863 161
829 294
883 670
625 726
590 618
885 754
610 980
79 707
660 66
237 256
160 432
578 430
275 185
502 535
487 451
343 743
393 314
149 251
974 336
873 400
955 794
209 64
609 338
186 943
758 243
543 761
258 173
310 882
16 539
576 404
948 550
666 412
919 398
367 62
389 481
775 182
881 636
21 694
312 272
145 827
729 956
498 579
66 529
843 599
535 544
77 927
717 961
463 331
354 25
751 96
909 914
