6000
5598 1692
2845 1559
3625 2650
4901 1220
5366 1764
2358 760
3068 4505
2308 4255
4002 238
1277 3364
2509 5125
3789 2620
2362 1411
2369 1922
2677 1031
4950 588
2179 592
1816 792
775 2958
725 3482
1597 455
5884 4570
4576 5928
841 925
5180 5669
5330 4390
2054 410
4100 1649
3374 5292
1437 3515
2404 1498
2741 3306
2758 791
4275 2872
3848 5124
5847 4046
2342 5388
5229 1109
724 2367
3420 315
5735 2415
774 4087
1657 2438
5980 5184
3791 789
440 3282
3572 2756
4693 1043
2473 1957
196 3631
90 2160
1936 4470
3888 5813
3051 1368
4712 751
3597 5900
4834 1143
425 4670
5616 710
4330 2114
5687 70
3428 688
5421 3324
5547 221
6 1745
2351 1190
4973 2158
2702 4130
43 300
4247 3935
4574 5579
209 2322
4959 5988
4717 5835
2500 3156
186 3373
853 5507
1543 2541
4127 5355
2420 1989
5777 1069
437 2638
2864 261
5925 1274
4498 760
5313 4058
686 4210
3800 4693
5768 1657
4163 4807
1568 3617
3058 5615
2061 5733
4786 1677
3415 2425
3561 2029
4547 2050
3082 3864
1332 4371
3537 4982
5028 2735
930 4866
2842 1680
2073 2049
2093 3808
662 5618
4889 5636
1682 1948
2287 4548
5621 3581
4548 2239
5643 4457
5331 1017
4329 80
5876 2834
3110 426
3658 3638
335 1877
3351 2538
3081 1341
2933 5076
2811 1513
1344 82
3792 5665
668 2698
4417 2975
169 3112
5159 889
5008 3283
5708 5933
3338 5782
5657 2039
3056 2699
4052 1510
4539 1126
185 1494
5933 5698
2364 4346
738 68
3279 4917
2027 96
4775 5812
4962 1195
146 4746
3595 1073
3838 4649
3360 4082
3004 3758
1030 1904
2190 5162
5483 4696
3950 3547
901 42
5226 5428
526 5484
1158 2814
3212 3994
1880 4270
637 1581
4208 3092
4690 2033
3975 2169
4200 5675
5012 380
473 2091
1673 5849
5675 1242
151 130
1048 3571
5641 1047
665 5060
5838 4911
86 859
5167 5637
4048 3564
45 942
3223 5298
5298 5578
676 2431
468 5023
2007 1688
3952 2318
3291 1002
3229 5660
3937 4533
2140 3646
2800 2987
2777 1215
3884 4320
1793 4514
887 2669
492 2827
5443 5080
4820 2090
810 4703
4137 2705
4560 1567
5693 3950
1486 1416
1404 153
410 2242
5410 4378
4392 4365
1393 4912
5580 522
1907 5932
1595 3311
4885 5626
5199 4278
4049 3194
5243 5333
968 3840
2938 1000
1974 4054
3165 4829
2763 1999
3331 509
1825 3601
5561 3291
5769 5169
1131 4907
3969 888
881 1959
5572 2669
620 3158
3314 1864
2024 2374
1560 2180
1092 5268
153 5220
5738 2540
2306 4662
221 3932
1536 5216
5203 385
1696 2505
2145 1417
3672 1702
1287 5857
2815 3201
3869 3171
5181 5241
2947 318
475 4502
89 4271
2774 3753
818 4010
365 2745
4124 4262
4242 1871
1456 1059
732 5942
2057 5787
3156 3221
3069 1268
683 1291
576 3474
5312 3245
1626 5777
1555 5741
2926 2226
2290 5731
1635 203
4700 4680
5257 1511
2982 1607
2223 2921
494 4155
5527 3686
556 628
3909 5935
1160 174
4668 2087
1042 1091
4518 2072
5785 3442
3963 5825
2296 582
133 1838
187 351
2687 4081
2 1656
1888 5175
2819 1570
2694 5384
4264 3508
2528 4631
1049 3121
5849 206
2682 2621
1887 5161
3383 459
1083 2894
3885 1891
2825 2319
5433 4425
1387 1950
5106 3100
4047 615
5269 184
2309 5117
1130 4232
2009 552
1957 115
2092 4205
5633 2977
404 5662
840 492
1481 3510
4011 4628
53 305
4997 4636
1909 3358
3646 4226
2673 5834
2488 1127
4451 5866
5987 3862
5887 1240
5115 2186
820 1588
673 2189
1056 1211
176 3046
3401 2859
4713 5724
4577 89
2691 4303
4454 3085
960 4510
550 4541
1691 972
5679 478
4949 5139
2888 2933
5283 1216
658 4013
231 1519
3662 5034
1259 1843
5397 2037
2203 4678
5829 2018
4006 5019
70 2234
3066 3687
614 1984
2958 5677
3120 717
5931 5050
3942 1023
675 2676
2893 1738
5737 1725
4817 96
3639 5376
4945 1255
1743 2687
1211 4170
3822 5178
3277 2742
1300 808
2202 5957
3494 5708
4743 190
4463 3211
4134 5522
5123 2307
1812 2690
4281 5482
5617 5493
5505 5859
2244 5457
3669 5548
3936 3850
4332 4305
1751 1078
5741 3148
5466 19
4783 77
1897 622
4347 4218
3690 5490
2418 3338
3964 5377
2616 2397
1903 3993
1398 3135
3953 4762
4913 5155
300 2246
2396 5959
5767 259
4864 453
1460 5235
5315 5768
540 2602
3137 5515
2553 5688
5702 3815
1435 2985
3315 4624
3264 2312
5463 445
709 487
2909 4924
2887 1457
5104 378
1727 5822
3193 4389
205 4819
2637 1
952 3378
3141 5094
1991 632
815 5926
2856 640
1911 788
506 4638
5587 472
2014 5925
3539 3101
4632 4375
655 4014
2235 3174
4338 1521
1133 1903
4736 3434
5248 3478
4982 2861
5396 3949
2006 5160
1396 762
223 4975
742 5744
5893 41
3169 993
2479 4480
4629 5304
1343 1980
5613 2968
4891 3408
123 4411
4005 1446
5562 373
678 485
1896 833
5683 1921
4813 1898
2863 1888
5326 3165
763 4906
4415 1188
1197 5847
1821 4928
2176 3701
2249 3633
1939 5039
4981 4709
4452 1430
5193 3955
4639 1223
1307 4451
4751 245
2891 107
2204 5153
1190 2771
4218 1848
2196 2782
3057 3084
2557 4156
2455 4934
5518 1722
312 3448
1411 721
1298 4439
3332 4841
4832 5472
1408 815
2548 1577
608 1221
1960 3607
2363 843
1643 3297
1447 4528
2025 706
5928 5846
5975 2167
4088 801
3615 4780
5779 4700
103 952
237 758
5395 3020
417 3079
1350 2407
3759 3563
1487 1451
5221 1392
1491 1105
2030 3895
987 2461
3906 1037
2521 2278
4118 5682
4228 3761
560 3048
4226 2739
3347 1009
2327 4728
5805 3417
5973 2785
4033 1659
583 4632
1201 2120
2794 1472
1624 2171
3951 4147
600 5524
412 2080
3865 2361
747 1630
2377 400
5750 394
1170 5174
3131 5272
3125 5261
1986 3216
4205 4090
2685 933
317 2008
4399 2552
3922 2523
4745 4718
528 3473
1830 4597
1216 1177
1667 5816
862 2747
4396 3531
4996 3690
481 6000
3907 4931
148 5526
5064 2793
1113 4875
290 1371
224 3859
1103 873
2996 1741
4191 4767
4008 1324
1742 1414
1415 2727
3407 4259
2462 1508
2023 1180
3304 4480
1622 55
3311 5685
1865 2956
4811 3743
3250 2536
1799 5546
3271 1174
3052 5381
321 5555
3720 5297
2042 3326
1529 5647
4018 1464
4795 5187
4157 2543
1500 4822
792 4950
5014 113
5825 4456
3811 5078
1000 33
4123 2913
5148 2411
5772 4292
5596 4068
1023 4830
3364 5464
4651 4641
276 314
4507 5470
2861 3154
2251 4547
1416 1342
5379 2716
2085 5906
2919 4540
1283 4643
1117 4951
4082 2421
2954 2530
4250 4797
118 2001
3814 3041
5182 3443
631 2102
4581 1256
3205 5132
3616 4207
802 2940
2422 4873
743 2881
125 2960
5910 275
1043 3161
4375 2298
5545 2841
5758 514
4112 3542
22 3431
5270 1220
4171 5806
2236 5056
5412 3929
5939 1171
1475 1727
1262 5573
73 3129
4225 1797
1368 5059
5971 5797
230 2920
1082 1737
2484 2647
3219 5530
669 5559
3892 624
4221 1004
1386 2244
2338 2623
4865 133
1922 473
2686 3421
3992 771
2511 3457
3674 3426
646 5874
2447 1736
5384 5445
265 1155
320 1777
1600 458
5989 1139
97 654
5414 5151
3152 4712
1147 4178
5946 4177
571 4418
5507 907
1357 3591
5668 1553
5611 2187
539 1694
23 4075
1118 5982
5523 3887
2560 3718
953 312
2983 5613
3770 3250
3837 5240
2723 2924
2361 4272
5415 2357
1093 5422
2440 977
4051 2580
613 1564
4785 2825
3648 1819
3509 1011
870 2129
1738 1910
168 2807
2464 4645
513 2537
5892 346
4824 5111
2965 1689
2315 2376
1198 1357
904 3684
5982 2608
2857 5134
5595 4181
2641 2192
4321 2507
2208 3203
2852 2843
3240 2103
431 4863
5602 4335
3310 1308
1369 3833
1650 4768
3425 2895
5981 5653
3224 978
444 876
5853 1610
3688 444
1831 370
915 1573
905 5904
2021 4113
2270 2830
2619 4723
2549 5858
488 412
3356 2679
1384 2970
235 5359
856 3347
2266 2398
4908 5790
1108 692
720 4426
4995 1264
3729 469
4442 5073
2734 2478
1791 4569
3490 4543
3651 4717
5832 4592
4726 5040
4580 2788
4598 3922
3826 3280
1776 4416
5355 5027
3439 3110
4253 948
175 4398
5684 5811
3643 880
2415 2449
482 3327
4575 2285
1034 1020
5434 3251
5347 556
2228 1039
2892 2170
2974 3710
3804 5826
5660 1065
4989 1248
1750 5997
394 814
3974 1824
1882 266
2224 5801
292 3981
845 1481
1468 3892
3265 3190
5976 4352
3755 2272
3495 5620
4756 1985
5112 1428
4215 1611
958 5673
5310 2417
3897 1703
411 5547
319 5045
903 2978
1289 1179
1253 4949
830 2683
2470 3462
1382 3128
3213 4727
3903 2283
4528 493
4120 5555
752 4475
2347 605
3560 3754
3573 1340
5387 3447
100 5358
1162 1070
3257 287
1683 1354
5567 4039
2040 3634
143 4980
4621 2327
1413 1053
786 5852
294 10
2727 2711
2829 1803
846 2587
2213 5719
753 3576
1374 943
5627 2585
497 2108
2724 3189
3113 398
5955 2188
3748 4240
2896 4559
3603 2809
2003 5387
1737 3182
3242 3852
332 3866
3850 3260
3610 1793
3323 3070
2110 4168
2261 2487
4679 1886
1333 4224
3218 3159
2775 4665
934 4233
5038 3330
2276 4296
1757 1458
2494 5957
4674 2965
3574 364
5029 5108
5198 4539
5383 4334
2429 3086
3048 4307
4000 4613
1785 920
5974 3208
1494 861
5667 340
1454 3590
2193 756
917 525
1769 5010
5261 1440
3917 286
1258 1486
1269 2838
5153 3930
5150 4671
3499 831
871 2738
5026 1112
452 2428
2413 94
3197 5494
578 280
885 2761
2872 5486
4212 708
3462 1129
1292 435
2408 5705
4838 4302
72 4486
5764 5957
2994 101
2928 5415
4103 2646
2419 4092
4774 4923
4093 4737
4020 3971
3450 5165
2466 5173
3327 1283
590 5427
3451 4017
3544 5159
883 2528
3947 3273
2963 4465
1711 1266
117 4854
3361 1258
866 1153
3671 538
629 1902
3040 2093
4858 2573
1485 1638
3570 5437
4915 612
2979 2567
5177 1084
3417 1643
2851 5225
2847 4160
593 183
2587 1537
4822 2576
5703 4129
4055 4235
854 1655
788 2099
3466 5275
937 4942
4485 5113
1046 389
4390 5690
1395 719
3231 5523
2445 4715
1973 5706
2132 3171
5835 752
4312 3919
751 3003
1499 1137
2402 5552
1695 2779
5563 5365
983 1760
2431 1685
4588 5002
625 4140
5733 1934
3707 3500
400 427
1497 4214
4922 75
5040 1230
5811 2358
4808 3970
5739 1352
5673 1024
761 5536
5462 5257
4278 1967
638 5267
2187 5046
2374 2577
1263 5604
5186 3809
91 4572
4483 1761
445 4153
579 1436
2556 4856
5205 337
214 755
1772 1347
450 2651
2592 5141
1373 4573
3795 1828
2623 2456
5084 2812
3728 4733
5426 5120
2051 3207
5121 4720
1310 1286
5676 47
1031 3946
51 1288
5517 750
3278 5295
3452 1647
1765 4605
2737 1131
4269 3963
67 1159
628 4241
2562 4814
4210 3794
1594 1584
2348 3046
2292 5934
3687 2877
4709 2256
4771 2751
3825 2225
5552 928
1207 3205
3423 2310
2188 1747
4077 4542
362 4202
1409 735
2608 802
1655 3354
3813 5115
731 438
2731 3274
2498 1645
3773 1335
2400 5683
4397 3369
2393 4742
2368 2893
3447 1317
2853 1820
4423 4099
5418 4584
4627 488
1547 1337
4043 1396
3536 5357
5712 3688
3849 2157
3035 5075
3348 1673
5497 3061
1100 818
1172 4186
799 4957
2119 495
5511 1719
1375 2516
4131 3025
3230 1654
4074 5166
2160 991
273 229
5868 740
1786 1225
5789 3316
4605 4239
4645 2578
654 4098
1223 1713
389 1120
1632 93
2739 1191
405 1081
784 1369
2981 1529
611 2064
755 319
5210 1232
428 5902
617 1467
5175 3200
649 3983
17 2348
2820 4023
4203 2441
749 1441
1421 5028
647 5765
2773 5814
3705 2860
5015 5803
2978 362
3754 1557
5208 2275
1917 1512
1503 5419
993 782
2496 4473
2231 3193
1506 5898
3798 4834
1861 99
4267 5907
3080 1739
2782 3233
5774 574
4190 1250
699 2269
1305 1523
173 3213
1114 4561
1894 1068
4604 2365
2291 2503
5950 4248
985 1044
3501 5289
4355 1406
972 4889
4930 4169
558 1704
1637 4253
5299 27
597 307
5694 5884
4711 594
950 797
1473 5099
5438 1560
2554 5784
5301 2662
3388 34
2227 84
3077 3463
2806 5924
5451 1350
882 2849
5114 3353
642 5781
1282 3487
1658 4825
4188 3406
679 4452
2182 3325
471 414
3041 877
3701 3383
5488 5945
4293 3058
736 2760
287 1176
1893 3898
1493 4765
314 2351
4196 1089
5985 4299
4104 2988
4090 567
3955 5789
2818 5051
1501 3681
4087 5136
922 4197
1070 1833
3340 4770
3395 3527
4331 147
1020 1168
2499 390
1900 1681
4550 3269
3085 3240
2191 2163
4059 3429
5927 32
3990 3741
4662 3475
3483 3492
2284 2883
3281 5869
2162 1146
4057 2997
2417 4450
1502 69
1151 1254
1914 5014
2163 2068
11 868
4367 5238
762 5582
3075 860
75 3746
4787 941
4328 1875
2297 3124
4562 3719
5354 5518
3784 1798
3842 4107
1958 3439
2912 3218
2648 1866
3302 4918
1996 3915
1078 3803
2087 2311
4613 5417
4872 5067
4034 5632
3534 4557
1342 4357
1065 5286
3008 4691
4827 2056
1252 687
3184 5736
433 3007
2826 5693
2045 2744
1578 2168
5441 79
3343 2871
1876 3185
2089 4633
5019 2476
5577 3709
3073 3611
938 5746
1240 2433
4447 4158
899 1071
1837 5480
748 4761
3617 3503
3797 1810
1102 5898
5625 1906
1359 2973
1035 446
3344 1231
1787 4593
4381 4198
360 4862
5678 5738
1668 4477
1319 1261
4254 4004
4806 4964
1617 2077
1669 3986
824 3997
1233 548
2841 4138
5155 482
2629 4884
3796 1632
1084 3963
5653 1477
2481 4610
5624 335
232 4011
2062 4820
5195 1432
4803 547
208 5909
5109 1844
4852 5497
4750 1842
3592 1787
296 5977
3114 780
3468 3398
2579 1670
4680 4096
3828 2846
2878 600
505 661
5067 2584
4881 3259
3432 1996
1807 1014
4944 4682
961 5358
4233 5004
4017 5245
4567 5283
2218 3729
3154 5150
5197 4639
5728 4874
137 2557
5646 161
5748 1213
3868 2668
5391 4527
2880 1079
3743 1237
3694 856
5478 102
4109 889
5428 249
2180 2945
3329 1860
2104 4663
4648 5592
485 707
3089 1885
4372 5086
2921 62
4585 3573
1895 1198
1230 786
2432 2579
5163 529
2265 4037
2324 43
3839 4946
2114 2948
4510 1804
4025 3658
241 3215
4623 798
1631 3469
3666 4600
4499 1666
2154 1605
5400 421
3426 894
605 4937
2986 4836
3780 64
3393 4871
5000 4802
4937 4012
2123 436
3232 4961
2031 2195
5349 810
4753 4774
4986 2867
4703 4688
4461 2774
5344 1282
3174 3760
5991 5350
5865 2355
3434 1683
4506 3871
3916 3942
4542 5446
5640 2070
507 5148
5516 2833
1946 2748
5436 3720
2020 3220
1953 878
4650 1299
2515 437
3726 953
808 1831
5890 4223
1037 643
2531 3433
1010 4
1294 3137
3083 5288
546 5270
5644 1463
3526 3795
5131 5947
2860 1901
598 2813
912 3962
102 949
2512 5081
162 2614
5638 5248
2709 1790
1028 5352
4290 5077
2799 3471
1450 1095
2439 2772
1244 4443
3846 3254
1317 3674
2382 4532
1036 406
2633 489
1662 1751
2109 4837
465 5525
3215 4137
5206 3787
2716 2677
2282 2508
1651 5194
238 997
2997 3705
4537 3497
2407 5407
3418 5836
4031 578
5858 5672
2914 4055
4255 118
3986 2492
5082 1224
3781 2666
2305 92
1095 152
4327 3781
1203 3972
3655 5697
5043 655
567 1424
160 858
254 3320
2206 3872
4462 4373
587 5425
3506 3801
750 3436
5324 441
3941 838
2352 1526
2789 2601
264 2148
1356 3635
1788 3495
2443 3724
2603 449
4307 3791
926 5154
812 1887
4669 1619
5294 78
2967 1594
3479 1734
2865 931
5620 1012
424 4795
666 968
4867 5514
4277 2723
4014 5374
1513 338
3164 3069
3088 5805
2216 704
345 4490
5664 163
2516 2994
5297 3238
3982 4881
2120 2863
5083 74
2882 5657
5348 3155
5390 2324
5187 3340
5247 5214
1972 2784
3362 1284
4010 1279
4349 4091
959 3676
132 4921
3202 852
1247 5580
1425 1348
1736 1056
2669 2027
397 5707
99 2372
664 1939
1763 2267
2786 2321
3237 1402
5022 371
2133 3628
3558 3360
4323 667
5632 5711
109 136
1835 1766
3940 5769
1027 1072
2230 3230
1220 746
518 26
1537 504
4209 5720
1110 4883
263 5650
3714 2729
4161 1503
606 3528
3751 2475
1360 3878
1304 1861
4227 1173
5866 3880
84 5581
592 1930
4799 2801
2901 5879
2801 1460
3189 5948
1733 1489
1246 683
4436 3736
2729 698
4594 3476
4762 5469
2985 1257
4184 5712
2955 3468
1781 1946
1390 3081
4477 804
2879 787
2990 3975
5788 3649
4941 2549
3123 1208
3402 1154
4719 4466
4990 2203
1489 2886
434 5188
1318 5912
1901 780
5365 1140
2380 3910
3433 5955
4222 2113
2869 3087
2391 3798
5204 662
1948 3460
4388 970
4466 2820
4284 4478
4504 1096
756 5110
867 2929
2504 36
3660 1758
935 2400
31 5266
5726 1915
1576 2977
4812 5177
4659 825
5531 3184
5740 2606
515 4782
2580 2914
1707 4833
3543 4431
3928 2630
4578 5529
181 3314
3656 2316
5102 3817
1183 1376
1838 4362
4540 5316
271 5606
3583 1947
4735 5830
3464 1147
1823 2720
2468 2658
2743 1613
188 49
436 86
5909 4476
432 2485
451 5346
3956 4598
4266 311
4438 1405
3983 951
4113 3756
4107 4892
5804 5397
5268 543
4664 345
3453 361
4800 3757
4706 3856
1050 2844
5118 316
5744 508
2712 4277
4923 1550
4091 2857
5139 4314
584 4677
3288 3979
1297 3899
4810 4329
3481 4927
5642 3662
4003 4464
2410 1151
5132 2190
5570 5179
1169 4845
2517 4682
5935 148
3999 1465
895 610
2843 5447
3228 3665
1959 4395
2875 3770
4179 3246
1274 5980
3363 5754
963 3745
3679 1275
1709 5750
1773 3147
2999 4529
2378 1163
2607 4449
5367 5091
4626 4380
2950 3800
441 1669
2643 2758
4561 3960
1818 627
5373 3173
2010 1142
4890 4513
5845 3055
651 2135
2805 2466
851 3968
5605 5747
5610 2303
1349 1111
2527 866
3652 2023
5780 5644
5967 5550
5481 5303
659 5197
4819 2843
5584 3882
3442 1010
5227 5727
3638 1618
3095 3865
5068 936
5381 1478
4407 1874
3563 179
874 5170
1966 3456
1601 5373
5565 5775
2802 5991
3524 3349
4425 886
4509 2326
5820 308
3133 3102
3403 3519
1526 944
1329 3874
710 3522
1339 881
3954 730
5088 1808
982 3670
130 5974
1755 4273
1295 331
4917 3301
5376 2302
2281 2884
1841 4962
2159 882
1007 5989
3961 2395
4229 4652
3515 244
2017 4562
5059 1183
244 2709
663 5180
4939 2352
1884 1366
5729 16
924 3900
1061 3026
4488 555
1663 644
1149 5232
129 4646
4239 1064
5757 3186
3050 2868
26 3788
3970 363
672 5294
13 917
85 1593
1248 2460
1962 5205
359 4534
4489 4571
5296 5310
5837 4944
2701 4078
1530 2121
4366 3533
5814 2089
5635 5729
3342 4291
4642 3982
3716 2024
2720 2440
2831 1099
1540 5483
4661 4237
1138 1267
5074 4492
127 5927
1426 2853
689 256
1531 5527
2957 1769
453 2199
2299 3869
1920 1633
5914 4936
3985 1007
4283 4331
5196 3592
4809 2406
514 4667
1067 4326
87 4117
3144 5351
4793 1753
5727 4763
1306 2692
4854 583
65 781
215 3493
1236 2262
3370 2009
5469 3313
4482 3491
1836 5535
5794 1815
4384 1026
3072 5324
1874 5033
2394 4428
5839 3045
1085 4141
3599 4574
3987 4810
1249 5657
2953 5406
3776 136
1331 2325
3074 5299
3448 5844
5287 2341
3457 4916
4465 2196
5663 5890
4815 663
5885 5544
1648 979
4584 3125
2275 4195
5134 502
4096 3342
4437 1367
111 5463
986 381
5983 2828
5556 5650
5129 5612
1752 597
2263 5756
5934 2873
1047 4220
4296 2240
5032 5611
2630 2339
1795 3367
5732 273
3010 5005
1971 2770
3893 5037
5066 1808
4308 2209
2962 3520
796 5755
141 5509
517 590
267 4913
5128 1474
1316 5543
765 3486
3107 3677
3485 3582
865 2205
3582 3234
5445 1048
1842 5887
1458 1372
5001 471
1334 2052
2345 5762
201 2051
5250 2672
2117 4256
837 452
5342 3943
3325 3005
2083 2290
5672 490
1923 5474
1915 5597
1583 905
3606 5571
4836 4669
5921 2139
5919 4684
544 5713
3195 3678
729 2546
4418 1812
495 2474
4796 3276
288 553
5749 1374
4119 3807
4219 4966
3251 718
4788 253
4494 4759
4325 5213
1022 929
4641 4361
5979 1589
2713 1218
5025 517
1557 4243
2975 57
1527 703
3377 56
2340 5944
2049 296
3334 2763
4769 295
5803 5774
5655 5453
4286 2930
543 1800
1431 2085
2620 4162
5966 434
1394 5253
5924 2794
957 3588
1268 5528
4362 599
4044 3735
1801 4459
131 4318
313 3019
2624 532
2016 744
2237 519
4162 3867
3047 1228
2441 3083
804 4257
4245 2285
462 1746
5293 4394
2197 3568
4035 2539
4148 1837
5476 4250
1720 3886
5734 3399
1995 2356
344 4525
2113 1937
3032 3843
5878 1407
816 3731
2533 317
4665 2589
2671 1391
5368 528
184 5961
2385 1285
5308 2655
1400 11
2943 2746
4779 3775
3437 1908
3645 5984
670 5489
1072 4242
3093 5112
4969 4445
3692 2539
2588 2653
490 5832
868 3049
4936 3152
3100 4420
1296 915
1066 4215
1467 60
2792 2947
542 1145
5538 272
5024 2058
563 2836
4768 2468
2035 5627
4446 5808
2075 2198
4610 196
652 2182
1798 5717
1381 4582
1722 2896
2693 1586
5612 4084
1483 216
3737 1661
630 2297
3627 2944
4004 975
4335 3312
145 267
512 5614
4192 4019
2037 3792
1180 1390
3061 3637
3598 1437
1145 2154
1279 5802
4412 5055
2476 5752
2181 5743
330 1435
1196 2495
1186 4637
5896 1635
1704 3319
849 2995
5044 289
293 2532
900 1938
104 1964
3160 3177
1090 4228
4114 234
80 6
3719 5339
2995 262
4105 2011
4364 5873
2421 5229
1997 5960
4940 233
369 2873
4631 5328
3926 5562
4992 2545
376 288
3296 3541
4291 3759
5848 260
3306 5219
3794 5434
68 4400
5036 576
4262 4308
2676 2013
3076 1447
4147 5990
1685 4644
1848 3789
4919 2046
5020 2126
5329 787
4921 2183
1739 5371
3819 3643
1019 938
255 2384
5453 601
3742 4939
472 3335
1858 1876
1764 5968
403 1945
2550 1326
446 4544
1069 4072
5755 2619
4600 4993
3790 5590
2654 3011
1623 3828
4180 807
4673 4783
3181 5658
3753 122
2837 3376
4460 2362
2395 2588
3684 5938
2144 4088
1609 5824
3429 955
698 4976
3815 5279
2566 2916
1517 2882
5544 5345
5972 1973
5907 5411
2838 823
2604 246
4676 5087
4731 3385
3590 1731
1877 3779
3542 1117
2683 17
5099 846
4405 4567
5765 1691
5016 2964
1778 2919
5406 5740
2294 5839
5923 397
2595 676
1569 2162
1436 3682
1264 869
3768 1556
3486 3825
3105 2625
213 5465
4360 743
3841 4315
4770 4535
3924 1418
5332 4735
4041 4588
509 2221
5049 3601
2706 3875
3460 2649
4201 2551
2222 3114
5442 3594
250 2491
2183 4885
5305 3748
955 5827
3101 1030
1438 2747
1492 137
3673 5886
4515 2146
3379 595
940 1375
5807 971
2082 2232
348 1917
1815 4209
295 2743
3118 1884
1554 2389
4846 1942
5704 2798
1847 5793
602 3657
966 1222
561 937
3734 2
1514 4139
487 1197
3465 4396
3339 2615
5968 1358
4618 5307
5691 3562
4646 844
1587 3905
449 3138
3923 5133
1797 800
1006 851
2146 1456
2098 87
5465 1165
1552 2381
2333 3691
1697 4627
2118 3175
4934 2637
3112 5678
3678 4028
971 321
5432 3068
2769 2040
1978 5538
2710 2575
5723 2837
2056 1907
3172 558
476 2184
3016 5913
1747 1714
2156 4900
1012 3308
5401 3371
3915 4959
2745 3661
2895 2215
5120 2754
1854 1732
3614 4842
1732 1558
3777 4260
393 9
1087 1493
5423 3222
4524 904
3430 2035
1921 5616
5677 5025
5317 5788
4028 97
1132 685
936 4164
771 1420
2655 5199
2725 419
3352 5300
979 5863
2060 3484
3631 5000
5152 942
1867 1543
5216 4293
2310 4066
4619 5767
3519 2644
24 2404
3200 4504
2708 3283
2746 4252
1523 5454
4394 2455
5030 2918
5883 3268
5993 1003
3562 2369
1604 3552
702 4182
2862 2480
3581 793
5017 342
2781 5496
5164 2550
5456 2390
3929 3821
3505 3073
2755 5452
2941 3504
2485 4166
2326 2603
4143 2143
1588 1525
2437 5584
5213 2484
2599 5323
5450 1445
3145 4738
4948 749
4797 2855
4223 5362
4655 2031
1478 2616
527 5856
1862 3445
3905 5501
1139 5284
3902 565
7 3626
2134 5189
1428 2999
5860 1949
1926 3559
2808 5163
1397 242
5589 3937
3159 3700
2212 1882
5509 4080
4142 4981
1155 5461
1681 3951
2314 2385
5375 672
2890 2897
480 4827
4616 682
2765 2632
4843 1272
4681 1122
944 5508
1574 2159
691 5279
2961 803
706 4415
4725 5893
1811 2270
4111 639
2688 3926
1716 1847
220 3198
5184 5921
5279 4263
2581 1835
2078 2696
1008 2559
3529 1527
5214 263
5264 3368
60 1273
2503 765
5018 1036
779 778
5046 4779
3609 1935
1675 5860
2383 3839
222 5596
2543 2332
1025 5243
1024 2912
5460 653
4476 5035
523 3412
1057 3584
4473 4163
3037 4798
2403 634
4893 1313
1116 4180
5730 5016
409 3453
4176 71
798 114
1361 5715
1449 1199
4546 5186
3241 5987
5369 1141
3578 3896
5996 5986
1176 4982
3626 4405
923 4828
3454 1388
4910 3514
4634 5575
2381 486
648 5622
3013 5520
3022 3140
5107 5135
4130 895
5351 1202
1804 2200
4224 5753
839 4100
5392 382
2744 3459
447 1855
1345 1083
2019 2261
872 1546
2532 5726
5751 1138
227 1499
5126 1679
5512 4821
1868 4408
5075 4740
531 3331
101 1807
5487 2955
5245 4036
3654 4289
2334 4991
4021 4941
1451 5603
3126 5838
2931 4595
5252 5319
4073 5128
4030 5703
387 620
570 5455
3747 3984
4938 5829
1954 855
677 145
483 2778
2625 442
5484 3133
1250 3894
1495 2714
4660 2255
5093 4406
616 919
3577 4146
3359 1781
5110 5540
3576 1715
4821 3296
2732 5796
4386 2066
4586 1916
4956 1485
4883 1136
4543 4009
4094 1838
1992 4128
5151 2271
2506 483
4766 3990
4879 5041
5220 2766
3493 5674
4116 5799
4902 4481
5817 3793
2910 5872
2634 3851
3967 5723
5430 3209
2714 4496
2780 3380
2444 2497
2427 5140
5063 1158
1562 254
5097 4816
4009 3006
5656 2289
4599 1740
2563 1983
478 1662
4170 5994
3555 3810
4337 5668
1265 3098
392 108
3812 3785
2791 2599
790 2237
3147 3773
859 5416
2426 3307
3210 747
5550 4551
3741 5659
2321 1532
4545 2032
3894 2544
4643 3392
2657 1052
1141 3987
4701 3513
4898 5015
4549 4376
3859 4776
582 3944
4570 466
2195 3790
128 1773
857 4839
5095 3523
4475 5247
1058 5599
1453 2179
4304 2990
3341 3689
4258 1621
4687 4495
5626 1982
3293 3063
1979 2208
96 5290
5953 5725
282 4511
3027 5941
884 5321
2900 1578
2698 910
1782 1882
2375 5424
3435 1968
3635 5356
398 769
2012 3295
2350 3708
5888 1651
1320 1778
5061 1041
4951 2028
5356 2020
371 2140
4433 4902
2946 998
1634 38
1096 494
2594 3290
3514 5379
4848 1974
2591 479
3168 3806
2137 5137
5648 1839
5984 4705
2425 225
5473 2388
3005 853
2303 4275
4430 4022
4773 1301
4133 932
4285 4483
3055 1612
782 1540
4818 5492
502 809
5069 3916
4722 3697
2574 1322
1185 3300
1625 3956
1446 4519
1580 3176
5877 1822
438 2069
967 1005
4177 4969
4957 1849
2665 5367
5645 5551
4878 3262
5682 4322
2546 5841
4657 2057
3984 4212
1479 563
5760 1954
4066 4069
4361 2569
4354 3501
1614 813
4840 2061
3844 5254
199 1943
5416 4033
78 2281
1881 2444
5932 166
522 1686
2317 1571
3502 4668
745 784
510 5794
3186 3361
4502 3195
3063 301
4877 2292
5784 2151
2653 4507
5006 3352
4493 5450
5697 5663
1987 1667
4782 4034
2767 3959
4365 4564
823 586
3870 1918
1466 1278
2989 2783
1689 3181
3409 5361
1860 3769
2257 5478
1321 372
329 677
927 3928
2252 5868
3014 982
3918 4393
229 3328
1684 3031
2065 4312
493 429
3353 1181
358 1696
2283 686
2090 3356
3665 1831
3831 1555
569 1754
842 1169
2759 1219
1571 3458
1366 3362
1243 4722
2977 5239
4159 4813
325 3802
2116 5521
3601 2685
3550 109
204 5857
3554 3163
4628 659
653 269
3030 4971
5861 1316
1809 4070
3949 1565
3908 2510
1080 1614
564 2012
4746 5897
4870 4628
504 5920
1166 2957
3326 3329
4409 2795
5408 2939
2336 5084
4455 947
545 200
864 1290
5582 4553
1671 2459
5209 325
3262 456
574 4955
2489 5545
3607 5260
2359 1789
3487 4623
1081 1093
1496 5391
234 5786
3410 3885
3957 3617
4377 1118
2836 28
3713 3509
2371 927
5427 3489
5685 2426
2796 1144
860 1535
4497 2048
5053 1977
624 1840
3221 3211
2438 3811
180 4753
3744 1920
4305 5089
4480 5459
1839 4436
2319 2937
4916 2276
5304 4341
622 1108
2535 1717
5037 2422
3968 2469
1606 5943
2185 5442
71 4617
6000 1016
50 4204
3140 2266
2246 4458
1645 1101
458 4586
3699 3845
2610 5366
978 3038
4357 3012
3565 3035
1405 367
395 464
5467 3575
4954 5317
667 143
1980 1940
304 892
714 1379
3750 2195
21 958
3042 4044
3711 5730
1159 3014
1771 1615
25 3170
3461 180
1429 3816
66 4702
5239 2983
5189 4265
3170 1421
1441 5204
1123 854
869 2368
831 3742
3220 4360
4079 4869
595 1479
1168 4838
2189 642
5004 966
3516 1823
4897 224
4590 3226
1480 4002
641 2700
1199 5230
5532 501
2749 4499
5554 716
4943 21
3414 2104
4422 1954
766 2949
1472 609
54 5386
5286 2926
2790 2708
2735 1869
4193 3116
1299 4601
941 4739
5464 4336
5609 3539
889 638
4449 1292
3584 433
3994 4370
2596 1027
3319 4250
3167 3206
5823 4704
2911 1400
1672 957
3989 2816
1589 987
193 4383
2430 408
1403 3437
2611 1387
2096 274
164 5103
1364 2832
1686 4811
3919 1229
2207 3229
5700 3298
1768 515
5874 5823
1099 757
3976 1383
1205 268
4844 3536
3002 2568
2753 1944
4398 1830
834 4801
1925 2967
5889 5641
5915 215
2453 1187
5275 4388
5282 4222
3513 4187
2621 3671
2598 4392
1590 5327
1534 2451
5880 172
5586 5572
4614 5118
2959 463
3559 3076
3161 4330
3078 5233
3175 1969
1532 3
3286 4594
913 4974
3991 3909
2467 3397
3322 956
2689 1103
3192 2299
1857 447
3717 544
3594 425
4607 3078
2586 4467
643 3018
5776 1492
5634 1088
92 906
2656 3931
4369 1125
4046 1637
787 3168
559 2431
1376 4111
4037 3844
4303 4898
4935 5274
2697 4102
2247 5048
349 1329
1477 1484
5903 5780
3766 5291
2465 4086
5637 5503
5280 2019
5263 5586
2784 5853
3153 649
2497 4968
5869 3118
429 350
2894 2905
1470 5129
2834 3846
5235 4119
2225 5417
700 2117
928 2265
5249 4622
5086 4104
3533 4295
520 5282
1582 5353
4533 2379
327 3256
4823 3772
4427 696
1471 5479
1774 1517
5578 5181
3730 3702
3900 1994
1520 1444
3413 497
3619 4043
63 1349
3346 5404
4344 4328
1593 5198
4831 5429
5864 2447
5399 1227
4593 491
3960 4977
5856 1695
1721 207
1245 3228
4098 3033
1564 1806
1806 5699
3644 2377
3958 2119
2905 3243
3867 5335
210 3051
5448 4793
3431 2086
5513 3472
4929 430
1157 1609
4311 561
3071 25
3532 4642
2908 1018
1275 2906
1367 4045
2487 2382
5424 3257
5323 3131
2740 3596
2844 546
5090 4599
1378 2951
135 4926
4876 5167
2717 2454
3702 5171
163 1672
3482 2053
1581 4989
4029 1502
3412 1362
2372 2015
5831 2731
322 5432
4315 3212
3910 862
226 1816
4413 3554
5335 799
3180 4234
4987 2420
1051 3108
2824 2254
5662 2034
2846 2320
696 3632
5178 4359
2632 5114
4496 72
3211 3402
1187 5061
599 4741
2726 1854
2293 3998
2047 3599
4165 2514
521 1752
4424 4607
2885 3858
5403 1836
2398 3695
1630 3065
3659 1113
1002 2706
2658 1648
3653 320
3861 1370
1761 4695
2219 168
2833 3394
3373 2210
2471 4184
2018 1646
1993 1149
3157 2897
195 2174
1228 4602
4880 4659
4490 2156
877 5759
1469 820
1820 5649
5140 4095
5801 2684
4152 617
2839 4681
1817 3400
331 4101
4072 3111
3378 3565
2988 4363
5800 4368
4373 5334
826 1330
4532 322
764 5208
5688 1449
334 3992
4393 4047
343 2416
3857 1911
2866 3332
1687 5502
1371 4997
5863 2910
2605 5262
5482 5392
5176 201
5576 723
4151 3113
2094 2238
439 4286
2074 2492
2302 3134
2593 5467
656 4121
3474 2592
5899 1365
1598 5689
77 2891
1745 4998
5500 2231
4173 1794
463 484
4828 2303
2406 2247
1455 1533
3099 298
5569 1724
302 863
1442 577
2387 122
4552 5314
1990 1857
535 3776
2130 5757
5954 5090
1591 540
718 327
1712 2207
5743 794
3158 2286
2360 1038
604 2439
3497 5491
4845 3192
275 2659
350 63
4741 4145
1890 2936
442 3589
55 775
2174 3721
3901 5168
356 2979
2343 5565
5336 2499
1278 2932
4781 2526
3675 3286
4704 4348
5957 4508
4733 527
3827 2443
4853 2021
1370 1175
4663 500
2929 5153
3206 3953
4431 4171
519 2217
3700 2017
5058 1518
2450 271
3458 613
4125 5770
5382 2305
5525 684
1805 806
1561 5338
2151 4769
2699 2823
758 428
5943 3315
4794 4707
242 1355
3019 5560
4297 4895
1021 2076
4541 4324
4675 5104
5867 3713
793 158
3124 1114
5585 4288
1218 4894
5073 129
1919 8
4531 2007
191 4412
2068 3115
1062 3017
3762 1730
2810 3805
1325 1214
1448 5065
1290 5661
5103 4179
2795 2635
697 776
3864 1762
56 2211
218 5539
2271 5
640 5242
423 3668
2370 1748
1608 5939
1154 366
4677 742
140 1381
1222 3764
2652 940
2906 4749
3945 4947
1886 4611
2279 2591
705 3139
3017 2612
1518 912
3898 258
3150 2942
1516 5923
5715 3765
3746 1298
5718 5301
3552 2959
5190 2560
5333 5448
5581 2862
3199 5916
374 5012
1602 2332
2721 829
976 2309
503 3569
4115 908
126 2072
1338 4987
1937 1912
5573 1814
5990 3001
4830 1955
5747 4773
2945 4591
3350 2141
5173 150
2459 2941
5219 4071
1950 1265
2472 2375
3478 3532
3575 73
5101 1470
1465 1554
3530 1251
1272 945
3026 2527
4404 4190
5281 3734
406 460
3767 1063
5045 3318
4790 5513
2389 5500
2787 3780
615 5885
5309 4660
5371 3609
723 4121
5963 3180
5353 3832
3680 4744
4237 1287
5170 1102
2874 1745
5557 3641
4175 2951
3602 5638
5872 90
4597 3966
5047 1419
4346 4576
998 1710
32 4321
2661 761
3337 61
1234 5716
3977 3337
4440 4978
2585 2847
474 3717
712 5360
3698 691
5833 4196
4698 629
1994 1482
4993 4596
1666 4402
3757 1780
4500 1331
5041 4653
770 2759
5224 3466
754 3167
2617 1244
5076 5192
1337 3957
739 4748
33 2799
4829 2138
2147 5119
2541 2006
1482 4038
1351 3359
4523 2173
1826 4185
4444 193
962 725
2044 4397
4140 3877
4705 2335
4061 103
5970 2938
2970 4650
3504 4640
88 5684
1419 5745
122 5009
730 5981
1859 3548
3380 2596
3549 1344
4007 134
5011 2194
2177 1408
2152 4482
1780 4851
2102 507
136 5306
3566 2787
2695 2054
2507 849
5830 2555
879 5654
3178 2038
1715 5222
5651 4731
1808 4809
1217 3202
1521 3726
5559 1029
1440 4382
1004 3013
3313 2704
388 4713
4097 2805
785 1462
977 3292
2733 5628
3962 3836
4126 1591
896 5013
1254 1234
3419 5910
415 2671
4459 2998
1314 2387
4234 1568
4085 5763
1628 5568
525 3654
4624 1883
1612 5354
4342 283
3007 1708
5191 4444
5124 4932
3385 2373
421 709
5796 2502
722 4461
2513 764
4649 1925
4882 5915
5714 4316
5117 117
3591 5554
4608 3505
1445 2803
964 4843
1433 5833
4101 1755
386 728
909 1281
44 3577
355 3774
194 4311
4340 5001
5618 2819
529 5517
3522 4635
3476 3305
701 1094
4213 1986
2495 511
5237 3829
2551 946
4918 2249
3394 4618
2001 3782
1003 1132
5711 3444
5560 5426
2573 3395
1553 554
2666 5952
3887 2378
4909 5880
4752 4114
4458 5418
886 5435
801 2235
3406 4285
3749 2642
2259 423
3282 1870
2925 5106
2589 124
573 5391
3400 3873
594 4550
2169 1545
819 1629
3973 3908
3735 2800
5593 748
4994 2624
3163 4460
390 2097
945 3425
1829 5085
4565 2810
3227 5147
64 3768
5274 13
907 1415
4380 4274
2949 5227
211 712
3927 1289
5520 415
233 3414
5841 3925
1834 1236
3996 1045
3470 3106
1676 2333
3943 315
3752 4747
14 5717
3191 1184
2840 3237
2602 2233
4559 4758
1714 3421
2008 1542
1215 5993
1498 3225
1202 4531
1744 5639
5759 3288
5477 5466
589 1547
5311 767
5965 4007
4927 5273
5147 1384
827 2022
852 5978
1827 3410
2524 1092
5720 4920
3471 4417
5998 5764
1748 3440
5212 5594
5710 2553
2209 1361
1038 3470
1266 3422
4563 5870
920 5393
626 292
246 4188
4896 297
5603 1716
4595 805
2028 5651
297 4672
5666 352
259 192
2262 4131
5894 4954
1545 3028
2339 1409
1052 2470
4015 1028
1524 3879
1430 1106
426 542
2171 4231
3422 3694
98 424
2067 835
248 3604
1073 5778
3190 181
2642 5083
5060 3419
633 3340
2143 5109
3881 2640
3488 1709
4167 5600
3664 251
5429 2560
5116 1991
5761 2258
5144 3640
1762 1360
3267 5616
3611 2781
4185 2898
997 3343
2526 2737
4979 2792
3287 279
3301 2124
1541 81
2435 4442
4884 2524
10 3889
2783 2726
1204 2713
2618 5223
572 3608
3890 3
4718 2216
1060 98
2868 5146
3676 832
1163 1209
1125 2212
1009 3924
1150 2963
5601 3642
1898 416
4932 3107
4640 4719
1121 3095
5799 2213
3405 689
1033 4236
57 4752
3564 1963
1579 5583
902 5088
1647 422
5051 5809
3305 557
3521 1879
3612 2879
3650 4521
4520 173
876 4057
5255 2273
4164 1878
5669 560
1137 666
456 4823
94 276
2609 2648
4121 3389
3297 1433
5902 4860
4871 4282
1017 840
5078 1284
554 454
588 197
3959 1566
3593 2414
4139 828
324 5735
552 239
1644 4035
183 3346
5007 1845
4683 5510
247 3423
5092 3455
4603 5477
1981 3716
2069 5172
4953 3804
2105 120
2248 303
565 5017
5409 457
1670 3615
5746 3751
1633 5631
645 3642
2022 2693
1018 226
2158 5240
3079 3550
466 5819
5480 2673
3256 2412
1313 204
3173 135
4535 3648
981 1932
2260 3834
3408 3016
413 4433
2700 911
1692 2277
781 4093
4402 5591
4694 4626
3641 2903
2583 4127
3571 4333
3933 3151
2388 2741
4805 4590
2980 551
3866 4208
1237 4391
4847 1772
3207 4381
3441 4221
2232 2817
4166 2359
134 3341
1444 1868
1273 3613
2969 5372
4534 3303
1229 1473
4064 896
177 3132
5956 4872
3244 3293
4158 2177
1913 1890
3155 4110
1167 5217
4851 461
5056 4835
2295 3242
4859 189
2086 4891
4863 3643
1846 3074
4892 432
2245 1359
1565 5069
4406 766
956 3647
4468 1380
5809 3119
5207 5718
4389 4575
2456 5182
3670 3052
2107 5062
2100 4498
1341 3130
4155 1320
3946 4484
2136 1897
4759 4203
1136 1429
1200 4194
2567 2149
391 112
457 1303
1985 1799
5594 3120
3568 1235
52 1818
1863 4995
2446 4865
2520 4872
1515 812
1094 1988
5843 5621
4411 4095
4695 1304
3312 824
4850 1530
4080 608
5358 1858
547 3064
3785 660
2711 121
2128 4430
5034 4319
5992 3534
954 4323
4414 5589
105 5215
581 4634
4141 4904
780 3082
4274 3977
530 831
2097 4468
5005 3204
171 1625
2199 3365
1293 2636
106 3431
1767 3978
3006 5875
4947 4603
236 4112
4644 37
821 2284
5471 1759
459 3197
890 1551
1525 5694
5938 5409
2482 5598
2779 4520
2871 5577
1041 5516
4022 3826
1693 3911
192 2016
1542 4778
418 3830
5398 326
5942 2328
965 5972
3620 374
1731 2682
5862 2645
685 5664
1165 914
1885 602
4965 2548
5425 2334
4232 1098
1639 1334
4837 3467
2331 3372
1784 2876
3695 999
4259 4876
4903 2808
5105 5121
5540 4020
5388 202
5995 901
280 5485
596 4414
2409 472
5631 4812
5389 1756
1174 4413
5521 5607
1227 702
2835 3974
2390 1351
1213 3535
5146 5695
5797 3255
880 2848
1512 4051
1177 2961
3274 1425
357 3838
5854 645
2918 2360
2966 3863
2349 2736
5882 3883
2461 3350
2277 4685
1947 4766
4408 954
4248 4189
3704 589
4536 3322
951 5020
4132 3451
3386 1057
3683 1599
5260 5680
3938 5791
3098 923
2064 302
650 1422
5665 2753
1792 1160
1322 2410
3396 741
5994 3778
3801 1743
3788 2824
2458 1914
3203 5269
5459 4711
4056 5504
2115 4563
272 3030
339 2145
1989 2342
4416 4089
4970 2287
5543 3693
5628 570
3427 5318
1091 3196
1221 3835
2155 675
4194 3375
479 1013
549 1528
5502 199
3579 3914
3686 187
5717 46
5535 4217
4168 4244
4042 119
1660 209
4961 4174
4238 2717
5273 3704
3196 2629
1977 1277
2597 1515
3044 2453
3369 213
2927 4358
4894 2732
1134 3602
580 4729
4453 5936
2952 4817
1577 131
3064 4890
4054 3317
3307 2829
4135 1170
5698 1192
328 5433
2392 4494
4062 4844
2797 4422
212 3258
5475 5077
3491 4877
5440 2885
3021 462
3920 1720
4816 2571
416 5337
5393 2934
1969 4790
4985 2611
2923 5370
1286 1953
3003 360
1164 4903
338 5093
5062 964
988 395
2226 1894
5271 3416
2552 2282
2674 642
2681 3050
61 2263
3883 3241
4352 4781
4343 4479
414 3985
5536 1200
156 3752
161 5244
2615 581
3177 3272
5549 1933
5503 1941
4110 5138
5495 5930
1575 1090
1032 3008
4368 4159
4554 5420
5149 3771
4801 1243
1918 3703
256 516
5277 105
5314 3278
4138 3669
5340 4679
3284 2078
4265 3995
2555 2892
2141 468
58 4970
3104 2702
5405 4552
2948 3099
3020 526
1308 1697
2126 3060
5773 520
2250 4657
4862 5861
3944 626
2984 165
4647 1561
261 669
4740 3066
4467 4857
708 697
1794 902
3198 4403
3882 1742
4591 5203
4036 4673
4508 2775
5161 4008
3809 1707
4435 3450
2108 4743
5770 3961
5145 5800
5614 4167
5100 3725
4895 4952
4053 5820
5940 4192
2312 3739
4216 4079
1251 1972
5232 4500
3896 1993
1599 3427
3715 533
2253 753
166 334
4160 4050
3806 3566
3845 5024
3269 3391
5519 2796
76 5302
4784 5237
3965 110
34 1074
373 3740
2233 4506
2650 3650
1311 4732
5096 3814
618 475
3632 1097
1584 5709
4984 4240
2544 2901
1267 3820
4012 2047
3580 1644
3398 5092
1059 285
4761 2467
2663 1576
1071 2110
3012 3920
3691 3525
3109 1636
2915 5702
3090 383
3689 5287
5787 4064
3523 4683
3318 3597
1507 4083
5228 111
3253 3763
381 5412
3624 4760
1783 4786
3280 5398
1406 278
2876 5468
5172 5878
4734 2628
2318 1687
875 1872
1928 1676
5778 1531
4401 4366
3135 1776
5328 1239
2448 2880
5891 690
1864 5792
4495 5563
382 826
285 1509
4214 5843
1592 43
619 2510
1423 3630
897 5130
5659 3645
636 2529
3381 248
3836 770
311 194
2015 3722
3745 1642
1832 5236
4601 2313
2106 879
4429 2442
1872 4736
1054 2127
5265 2917
154 1997
4169 1671
811 4910
4777 5648
5 5883
4032 2522
5452 1397
5122 3728
1407 5899
1106 5462
2993 1269
3856 1723
1878 3367
4376 3183
5461 3261
1148 5348
2011 4281
2477 2923
260 5401
991 1923
372 1851
3629 5082
1280 3097
3913 4199
4089 477
4471 3861
2522 4157
2897 2437
906 3812
3272 4992
469 4629
3117 4493
5094 1040
4538 5481
1749 5630
5912 5158
3703 935
1646 128
464 104
746 1801
364 212
142 995
2091 2026
62 4630
2672 45
2578 3664
2832 714
2904 5954
2220 1497
3727 4694
4612 2073
1001 2293
1347 3619
1291 5369
3517 359
541 164
1097 2308
2501 5920
5108 2102
5913 1791
1983 176
1724 4922
1551 2291
5295 637
5706 2610
1653 127
81 175
4920 3855
3053 5837
3853 5145
1802 3827
2026 2921
3817 5761
4710 830
279 85
2742 5676
1323 5331
3317 3653
5709 4558
3295 3501
3586 1775
4611 842
4635 1539
262 1148
4207 2125
1055 1841
243 3587
337 3105
2205 470
5816 2248
5267 4699
4555 4990
4382 5074
367 5609
5077 4589
1975 4960
2660 2133
1377 4953
2170 2178
277 4135
5070 5749
3496 5402
4691 4471
5819 4053
795 2030
1945 4125
4516 4756
3143 1373
4306 3543
2214 2317
4472 35
402 5557
5089 3868
5447 2259
4076 5845
5319 1962
919 2564
690 4266
5745 1305
2337 5026
228 5394
1401 5888
1949 5918
2719 3178
5961 2791
4763 2055
1701 1164
5002 1750
610 3583
3162 3480
202 2703
2859 5549
3183 4909
1607 4847
2254 7
5906 2734
3693 3387
5936 1899
5851 550
3508 2842
4353 1951
4583 3090
1412 3620
1853 5867
4972 5807
4450 3153
2649 3265
1932 4524
3086 2493
4905 819
2329 5195
1434 2350
5948 3452
2924 2336
970 1468
1181 2656
5234 2911
5875 3964
3548 4327
5591 4280
4236 177
4491 1892
4441 3580
2748 2722
5827 4338
5492 223
980 2136
2678 4060
3712 2204
4653 5771
1550 738
1464 3860
566 596
2229 4604
3129 1166
4181 5652
4707 5686
2972 1961
5119 5903
3681 154
4319 4973
1255 618
2932 4448
2817 1476
4558 5929
4556 2562
4772 1377
990 4560
4780 281
1852 1252
5534 5714
2264 4806
3179 1114
110 1749
5579 3526
3260 5564
5320 2193
2937 3498
2142 2678
989 391
5541 5640
4341 754
1822 3784
3062 4805
1336 1522
1013 2797
2680 3345
3084 630
4068 3854
5284 3290
4086 5256
2670 2902
3033 1055
3556 157
5339 3037
5141 5258
1730 5395
5449 3553
5813 3253
4092 4568
4875 29
2960 650
2668 4999
2063 699
5321 277
999 5602
2175 1729
5812 4339
396 1639
3245 1203
3336 375
3182 4294
2770 1757
3685 930
1340 5201
5306 2294
3546 2144
3477 4062
848 66
4737 785
5524 353
4582 2002
2013 1066
5962 2150
5922 3373
4749 208
557 2206
2046 3605
108 836
2639 2444
674 2869
4963 1562
3818 4183
760 2116
2043 5964
3858 4692
5035 2264
289 571
1855 1466
4721 2730
4244 3796
150 3596
2576 2984
4789 5931
443 1971
4038 2279
3171 3560
5918 1520
3972 4945
5900 2315
995 3187
4688 3310
2813 1960
2889 3191
3236 1356
695 5701
5988 2583
5850 2268
2705 4455
2150 713
2771 324
3886 5877
4273 759
769 4729
2772 4283
3661 2253
4998 232
5386 2185
4322 768
207 4353
5171 1733
1719 4063
5898 959
4280 3223
3966 3521
3106 1620
3833 3379
1567 12
4403 1167
1457 2448
3724 4620
178 5608
3029 306
2121 2733
5142 3933
601 5963
5977 1067
5722 1448
1119 4024
4249 2712
18 5443
5364 755
4246 3483
3904 4031
3038 4029
680 1226
1713 2757
1439 3572
2514 950
167 2176
3628 1296
4026 2574
5278 5054
3540 451
1803 3034
1135 1323
768 5561
1192 217
5343 4764
266 5817
4144 4608
4456 1450
5713 4172
2750 1115
2300 4925
3285 796
2738 3044
5021 1771
4102 4491
245 4006
4149 2500
3 5277
1610 5176
4428 891
252 476
5522 5574
1161 1046
366 384
3718 4899
1871 2062
800 388
657 1832
1232 3540
2510 3157
534 3544
1045 450
3316 2582
5701 91
37 4615
4744 3127
4426 1032
4521 270
5650 2661
2798 465
5341 5095
1703 648
5009 227
2221 4855
4977 665
299 5382
2095 5344
4764 1805
5256 2840
789 2724
486 2175
29 3024
4730 413
4063 5320
4479 5312
1076 827
5558 909
3209 5570
491 5449
5795 3172
2215 4342
776 5917
112 4658
2386 4905
2564 2153
5615 1233
4928 1514
5455 1062
4363 3698
3254 4621
3531 2605
508 2851
533 3146
2916 623
5654 2512
139 4041
4807 5889
639 5629
1538 349
4955 4074
5529 3817
3166 2071
4351 191
5515 2572
2934 5438
3372 988
861 2719
1184 1924
3119 3711
2480 2471
3677 1624
499 4097
197 1534
5771 3921
2529 4826
4204 4542
2940 3732
4960 2762
1209 1314
4527 4581
5901 2131
225 2482
5926 186
258 185
2234 3149
1891 3294
5359 3309
1219 2710
5895 3574
2005 3494
4835 2435
1063 5252
2850 726
257 299
996 674
1654 5281
4395 2699
5087 481
2285 2429
4443 5766
5225 5976
3366 5679
4013 3797
305 5534
2242 3755
5259 149
1285 2155
5498 2931
908 15
4512 4537
2149 5259
3783 4841
3392 3969
20 4238
2584 4347
5266 1500
318 5851
4868 3912
3097 3302
3194 4609
4220 3551
2968 5390
4145 1247
4358 1297
5499 2092
4040 2826
1214 3936
2298 1107
1424 4142
5930 4124
3018 1504
1705 3438
4300 4340
1191 3786
532 5692
3355 545
4553 635
4814 5671
422 3409
315 5696
2200 2667
3931 2463
5113 4018
3634 1809
5162 386
138 1367
4199 4689
3647 1399
1641 3853
3321 169
1833 2371
5680 1802
1559 1185
3475 3059
5350 4344
5731 2822
4492 2450
838 2393
4172 1263
4150 3938
363 141
1796 4231
27 420
3764 1321
49 309
5357 291
3721 848
5762 3232
4714 774
3436 2477
1906 2689
1616 1189
4333 2622
1734 4526
448 3965
2084 1431
1938 1318
4420 4143
5338 1312
5842 18
1188 3382
694 3282
3335 4887
1849 4287
240 5773
5821 5157
2568 3188
4301 5308
2449 2166
1883 3351
39 4115
1924 3411
3416 606
3793 1162
4099 1893
4924 4000
5836 4815
2127 4230
4445 1865
5671 402
2491 3897
5810 4429
5506 5347
773 2197
3567 4372
5238 5049
4692 3557
1156 2866
3252 3334
2530 2657
929 5950
5446 874
2081 4675
687 5831
498 4724
3449 652
2344 4858
5188 763
3871 2715
4739 1675
2736 1616
2569 125
1889 2063
555 5007
5699 4103
4914 1389
2626 5053
5592 1880
2907 2224
4432 4003
2542 2981
1044 1
1015 1100
4487 5343
107 3616
536 5396
4636 1212
4738 2130
2884 5624
2659 1668
3060 3141
5571 1082
2508 870
3510 236
3805 2331
5236 4105
4251 3679
2401 3053
5439 5512
1462 2554
1509 562
1700 564
4117 2105
4474 5031
5337 2701
2346 2925
5815 4734
407 2604
3292 2227
5725 5737
4866 3733
1088 584
2638 1608
4778 913
4023 4424
5223 5956
152 534
5600 2509
4350 5776
5752 1663
5242 3477
5736 1678
3709 5855
5417 1217
5419 5670
3469 5234
5986 1022
351 1353
4557 5576
2066 4384
5457 2586
3404 3248
408 304
3330 2132
3134 2768
925 1054
170 1193
4419 3989
5127 4216
48 5625
219 695
4974 4580
4464 5992
888 377
5307 4523
1603 4530
5156 3558
4084 2363
5583 1691
2211 1423
621 5865
1605 783
4356 2982
5378 5533
577 4132
2486 1587
4592 5569
1101 417
3094 5704
83 5716
4758 1403
3011 5403
4667 448
4272 1579
354 4967
2830 2595
3948 1595
5385 4173
661 2370
5754 247
2463 4861
2854 4929
2451 1926
3375 5962
2930 5451
4511 3407
5318 4201
93 5473
2165 2081
1596 2161
206 1378
5158 329
1152 222
2647 1826
5494 2856
1346 900
2764 4377
82 1475
4326 4317
158 4549
1488 3603
3489 2755
1427 530
2559 1121
2124 4118
3834 3644
5402 1634
79 4276
5081 3585
2570 5785
3613 3366
1505 1704
1770 5440
4804 5531
2902 48
4268 4386
4183 5105
2099 3538
575 358
1982 4996
4573 294
2325 2436
609 2789
538 1270
4861 5421
3473 3271
5233 1412
239 252
2675 4686
5588 3621
3763 2531
4198 5251
3621 1821
1931 160
2173 3593
2088 4462
298 5414
2442 1426
3070 182
1208 2427
855 973
203 3142
5859 2274
716 4126
5793 3876
5289 2165
948 4886
1548 3022
5143 3214
4314 1311
4378 348
5230 1245
3696 4489
5619 1827
833 2972
4514 5070
5766 4306
591 3947
844 3000
2849 4144
3289 4853
1620 5828
5136 5100
2041 4364
4860 5619
2168 2101
5908 4134
3358 4351
2776 1394
3390 4818
5808 656
4081 3888
3993 1134
3248 4165
3782 3289
1261 2323
5361 727
4911 641
4609 4664
3824 2459
2038 3999
3299 4512
4931 3913
1955 3027
4566 4268
4874 3096
932 1075
4999 4040
3981 1434
4682 1491
2971 355
1615 4522
3115 467
3246 681
847 3917
4182 2043
1586 5349
1904 4565
3775 156
634 2811
4122 3730
42 3404
124 210
5705 3545
3739 2519
1182 5471
2662 5499
1933 3029
4439 2790
3821 4792
5302 1196
3808 5979
1120 1309
2492 1307
4855 396
893 2392
5871 1998
41 2220
1256 1019
939 549
5218 992
2827 336
4615 3401
1029 1978
3049 4304
1535 2082
1777 2065
1723 2045
813 5038
1840 916
4564 3680
5790 2566
2194 2680
1572 593
5840 4183
4320 3656
2258 1135
4318 142
5999 277
5374 1700
5873 3479
1005 4193
1558 290
1039 3614
704 2515
3622 4674
1410 1487
4755 4497
1866 243
5033 5029
3116 3712
4678 2590
336 1583
1819 162
1389 5973
3015 439
3139 2664
3667 3958
190 2432
3810 850
28 211
4295 4438
4501 2486
3925 3976
1674 1544
3725 3714
797 1583
5960 2974
627 506
5370 3093
2756 569
1179 1459
2178 36
5806 1811
2754 4901
4589 1712
3500 237
4765 5666
4136 474
4572 4517
5411 3749
251 330
5027 2870
4727 3991
2039 2330
994 4852
5539 1364
4019 2927
4942 3502
4912 1979
585 1598
2052 625
3216 1086
281 178
3226 1779
3148 1896
4767 3920
4571 1684
4391 5975
5508 2059
3997 739
3588 2143
2917 3281
2703 3031
3878 2464
3371 310
4798 566
3092 3166
1912 670
4345 4956
309 2850
303 5378
5322 333
586 3849
1717 5456
1810 2815
612 2164
5111 3737
2241 4687
5085 146
2454 59
5363 2445
3456 673
4952 4246
4211 2915
984 5940
2423 922
1627 3636
5670 3639
975 3057
5652 5021
4841 5751
2822 4988
3300 5700
2416 3530
4671 918
3507 4930
460 4061
3043 2786
5098 4503
1976 2236
4696 772
1652 343
1964 5882
2572 4579
548 3948
4967 5332
430 5310
3273 2749
501 2329
1702 2222
5783 2969
1463 2403
2951 369
2519 1386
4128 2219
1677 1765
5904 1768
5647 1260
3756 4698
711 4864
1961 5983
2747 3799
2752 5815
3545 5341
3065 4979
4287 5322
2728 5728
5254 3555
684 2107
3290 2694
5272 5783
2357 4882
3354 1862
4617 2780
3320 5405
4857 1253
2823 4647
5246 974
2964 2115
5969 1042
3397 2060
5486 1372
323 3586
455 1628
2138 795
1908 231
3087 4374
4385 5995
3204 5758
2053 4846
3151 1582
198 140
3249 5747
1694 2777
113 1021
1077 777
4313 4515
1563 1627
3862 3622
759 1606
2164 5207
1420 2542
4568 4788
914 1001
1417 2626
2692 4332
3009 2767
2505 5850
2577 1452
5291 4577
3067 2228
2757 3109
1086 1333
4334 1302
5065 3918
4058 4772
5394 536
379 5305
5568 2100
3235 1152
2161 5313
2103 4654
5822 4265
3255 817
3001 4298
2561 4472
69 5249
814 2904
4625 3077
5276 2252
1970 3339
316 5218
5422 737
4723 4751
2704 3424
2355 1501
1951 4849
2316 4059
2002 2380
5474 3777
3934 411
1053 734
3979 5970
5546 2878
2636 1110
4983 5144
4263 3441
2944 3145
3187 3848
5566 3381
1870 587
1573 5196
1362 1385
4069 3236
3503 4410
809 5077
713 3010
2679 5458
2761 4261
3039 841
4106 344
3623 1363
3217 4056
1312 4401
5696 1328
4976 2600
5537 2300
1649 4935
1851 1674
8 1846
3298 3370
4826 3685
3722 4379
1638 284
3512 890
791 720
2547 5212
1348 4879
4186 4206
1621 2301
1353 4721
2493 339
5125 2489
5251 4309
516 1538
1379 5436
3201 701
2172 5068
2384 5311
3024 5278
5050 1332
1226 1705
2255 3904
4070 5821
5052 4983
5183 3537
2414 138
1335 1966
2913 5231
1173 3357
1850 3600
3463 2344
3879 218
16 3511
5211 3747
1324 5368
484 3800
2274 989
2474 2831
5057 3088
5168 3374
3108 480
2469 2953
1391 2875
2356 1178
4016 5064
2631 651
1109 5228
1844 4994
4187 3857
5130 1315
3045 1981
301 5567
346 4148
4926 5734
5489 535
2033 5191
878 1576
3854 2173
3799 328
1105 2506
3365 3244
1330 1900
2139 3465
2612 5101
4622 4789
5493 1597
4370 3906
4298 2083
3176 241
12 2230
3921 4914
1640 3042
1956 4938
4310 3388
1519 773
5551 694
2483 1726
5775 1442
5362 4032
4754 5224
3914 1774
5042 4015
2341 132
2804 4447
5055 2245
1281 3047
2538 2547
1664 3454
2032 1603
4658 1201
4289 5226
1998 5408
5608 924
2256 1241
4670 1867
3600 2075
2268 967
1753 167
3710 2250
3520 1480
1178 5250
165 3179
726 3927
4486 2111
4279 5739
973 4227
3840 5635
719 5202
116 4943
4638 2954
744 5293
3243 2627
1392 3518
1735 3491
2715 76
3761 3659
1011 3934
2816 1641
942 1398
2536 2928
5905 3940
1235 2561
1661 235
2992 5052
2198 4770
1766 2295
1107 219
2157 5953
703 2681
5154 5985
3802 4651
5217 4578
2803 4258
1726 4915
524 282
5649 4771
3294 711
5791 4880
3443 5057
4359 5011
5039 4985
1328 981
3880 4824
1303 1280
3308 4583
2353 671
5826 1706
3820 3136
3877 2218
3829 5058
1153 4267
2644 4005
3935 5645
361 4948
470 5967
2373 1850
5623 1306
5686 4337
326 1626
835 4407
4968 2598
454 3432
1873 5206
1869 5553
2886 2563
435 3210
4189 1970
5681 2765
3911 5271
3642 5246
5080 5881
270 2631
5824 2041
4174 1294
3146 2821
3054 963
1824 521
2973 1631
427 969
933 2908
5160 658
461 4042
5437 2675
1934 2109
3387 5385
3444 1119
5879 3040
2323 5122
5345 867
1074 2633
5533 2134
5622 745
5262 1343
2217 4587
1476 2802
1194 2976
1414 3072
2330 4933
1756 3524
2525 4356
3349 5908
2436 2340
4732 1660
4481 2473
910 5655
5707 3396
4728 1150
4146 4325
2565 1139
1708 24
2077 1653
1899 3275
4 3598
5870 3264
5179 2511
5458 5030
2942 3089
2424 2535
4715 3831
115 1658
1879 2452
4083 3247
3440 139
1122 4868
2186 5143
4371 1061
2867 4151
3618 5876
1355 647
4457 4787
4842 3870
2545 409
1388 4067
5501 3945
5604 3549
4720 1085
2640 4803
2814 990
5756 1262
3872 4116
921 4840
377 1936
805 3699
3127 2014
284 2865
4633 1058
5629 5003
3852 5623
95 1569
1967 365
5485 5605
1231 1987
1699 1461
2267 4878
1813 4269
3779 1785
5470 5617
1352 392
2684 4073
3472 2513
5244 1690
2751 1413
2354 4532
4060 875
1104 2366
2070 405
4302 5541
3357 585
4742 3506
734 3270
807 1792
2920 679
1790 1601
2812 257
4505 5193
5468 2304
5185 5286
568 2044
3778 2769
2987 3004
3830 885
806 3117
5781 2424
1941 4808
1026 1965
5719 3893
274 4516
216 2337
333 3430
3261 2899
2076 2306
4833 3517
4652 732
1064 2643
1800 2991
4108 4992
863 5107
2166 3851
3891 986
3930 65
1363 2317
832 4777
1759 2695
2365 4708
1276 2253
2571 5848
3368 2458
1929 2887
4478 898
2167 250
2080 3344
3847 1813
2502 5810
5372 4619
3492 5772
898 23
5763 4690
3132 4963
291 2142
2101 3217
5420 4716
3816 3738
2366 5209
4024 1698
5564 4229
2320 1438
843 4661
2807 2353
5174 4469
1210 3317
1728 4191
4716 4249
4966 3516
4757 4958
4958 5634
3538 1325
2848 5558
4587 3627
1845 4313
3697 3507
5157 572
5413 5488
3263 2288
1354 2123
3760 5532
4519 3663
4666 3435
4217 3235
383 4076
2048 4453
4257 5460
155 1430
2036 2201
2280 1541
727 5022
3589 5410
4129 220
149 230
38 4831
47 3091
4484 1293
3527 5043
1112 5325
30 611
3738 636
3424 3954
4699 4745
121 3696
1270 2181
3136 722
1611 4536
3518 2665
4256 3618
2278 1873
1124 116
2148 4832
286 498
347 2462
1618 3967
3860 3902
2785 3377
728 1699
5192 680
5597 1483
3585 2004
74 4893
1952 1104
4270 2845
1729 4616
4946 5363
399 2112
1098 3941
4027 198
3268 2430
5555 903
147 579
2600 934
2055 1319
2058 646
5222 1469
5630 4427
2376 779
4886 5588
3480 100
1111 2386
2135 5342
4530 5585
3389 5142
1309 3321
4529 2609
3091 3578
1418 1443
1510 3067
1452 4423
5479 5127
269 5593
3102 1161
607 2395
3328 5487
5599 1259
3367 3595
4887 1852
2828 5210
671 4133
4579 170
2412 4940
1511 4284
2457 5276
2269 3348
5325 2971
1718 2423
974 3903
5023 983
3786 4614
1544 4021
342 30
496 603
3225 733
3732 5894
5530 3624
1242 228
5360 2718
4544 4566
5855 3355
5690 5556
3663 857
5911 2399
306 4666
1288 4896
5886 5280
918 3403
4383 4441
3874 1863
1902 5687
2313 2888
825 3980
4282 1050
3769 4710
5072 3243
740 4399
4075 664
4856 1652
5834 5971
3980 4149
635 1536
5201 3690
969 3415
4925 2670
4971 399
5300 170
3895 4585
1399 790
4039 524
2059 5126
4374 1395
3557 711
3855 2660
1327 3556
5240 841
3399 1006
4197 2457
2201 3219
2766 2498
3988 4225
4235 2479
5786 4750
2873 2434
3121 2260
4324 3002
5802 3623
4067 3884
1239 996
217 4200
5303 5423
4708 1744
353 3813
2883 985
3036 3122
5978 1552
182 5506
1193 2402
3270 418
3605 2446
1706 5966
249 2413
3391 4016
380 4203
2809 3996
3025 5265
5959 1711
1665 724
2034 5098
3484 323
5202 443
4900 1952
1613 5519
3528 2257
1944 4612
1241 3239
3551 5595
737 1249
1760 3529
4513 2750
3553 5566
5504 5642
3028 3723
3772 715
3247 4085
5292 1905
3222 2010
3130 1976
2301 2003
1698 3683
2122 4227
5380 3841
992 2036
1040 1182
40 1128
537 214
3978 3561
4697 604
1688 3405
5949 3651
3149 1310
1746 5946
2079 5999
3668 3199
3023 1471
419 5441
2210 4432
1629 5804
3188 2854
2273 3023
2936 3485
4153 4123
4065 1728
717 5748
5721 5889
2367 2481
2768 4919
19 3039
829 513
1195 4848
5937 5131
3608 5042
1539 2559
3111 5722
5169 897
1474 865
2332 1617
3275 407
4294 1346
5048 5856
2707 4785
3345 2570
4684 3418
1984 1404
3569 1895
5945 2106
5742 3021
5013 265
1710 2691
3971 3104
4702 2191
489 2738
2129 4251
3498 4343
5526 293
3031 2639
3912 1488
1127 5742
3266 4555
4410 3655
4241 736
2935 40
1365 4799
4517 4794
5846 1210
3851 240
5231 5123
1930 2835
5241 2409
5133 2405
2540 4350
5491 4804
4260 1401
2050 2349
4316 3672
3138 264
375 1123
4873 4030
253 1693
4888 3071
4379 5036
307 1767
352 1427
4904 4254
2311 2952
3803 4154
3765 2280
644 2558
1206 5399
3185 5221
4980 4775
1943 379
1636 3126
3736 3673
1585 4488
4050 404
3604 4106
946 4404
3596 3323
817 3762
692 151
4276 4754
4906 884
1546 2098
3708 531
5431 2488
3000 3512
2289 1622
3234 3015
4317 3481
2272 4755
1659 523
2881 1077
5454 1623
1171 4509
1284 4714
4839 5375
1402 4730
2475 883
5200 2096
3740 123
4792 3285
2131 2864
2635 5905
5798 994
119 5340
1422 1369
5071 2345
1315 1336
2877 2839
1725 2000
2601 3939
46 729
2628 2907
5288 5511
3636 731
757 2025
4685 821
3733 3075
4503 3901
1326 4434
4672 2383
1301 2147
4156 403
2855 2946
4045 5032
2622 4676
1075 3080
4991 4161
2490 4421
5346 3287
4240 505
2399 2137
2433 5998
1843 3009
5553 1919
1680 1650
2956 1574
3303 1859
681 1338
3535 1575
5607 4791
278 2556
1968 1572
401 3658
5010 3744
1690 3923
5661 3766
3445 5200
3657 3564
2590 4122
778 1087
5514 5400
5606 3103
3547 5732
783 2490
1089 1856
1126 1829
1988 1076
1358 3490
3723 1009
3731 1300
5674 1033
3511 2338
3438 4136
5852 2394
3384 1060
4271 5798
3525 598
3309 5156
1385 4518
1856 4355
1490 1410
3835 2752
3122 939
562 1590
5639 899
5753 1455
420 5071
1461 4800
3649 621
1224 4310
916 3446
3640 2909
4596 2521
3096 2533
5997 2314
384 4850
4525 2986
35 2935
5944 1563
1892 1035
5352 2118
5510 1049
5407 839
2240 2996
3034 2128
3214 2391
1068 1995
5929 1718
4243 3150
3706 3363
378 5710
5857 2641
822 1790
4309 4065
3932 541
1175 3390
1754 4757
4748 3252
794 20
660 5891
4154 700
5215 4701
5135 3891
4988 1157
2452 2980
551 2874
368 5656
4252 4706
5590 2172
3995 387
850 2483
1302 3227
632 5667
1533 3652
5952 2818
1142 1453
36 2346
688 1327
693 3333
3455 568
2722 2343
5258 4446
120 1194
5548 347
5818 205
1225 4972
1146 847
892 1516
4724 2408
2627 2152
836 1439
2898 50
4292 4796
5327 926
3333 3706
2696 657
4551 3384
1522 67
1775 2989
5636 2618
1504 1889
1380 3692
1508 980
5334 4247
1789 3449
828 5901
4095 537
114 3612
3059 1640
3467 1817
3459 834
5692 705
4261 5646
715 5018
2184 2079
5881 1834
3637 3231
2575 4345
283 1986
5253 1549
4526 2135
1828 1246
2614 1975
4825 2866
5031 51
2730 3413
1814 2806
5844 4211
949 1205
4206 4474
2304 5255
1140 3625
5917 2347
1875 44
5444 2396
5828 2241
2718 2067
3541 503
4776 1604
2029 4026
4470 2993
159 443
3411 4183
2328 5315
2379 1928
477 3266
2238 2300
682 4784
2998 1903
5964 3393
3382 1857
500 313
1678 1339
5724 4545
1443 984
5542 4454
2645 518
735 2966
268 1506
2976 3907
2518 2889
3446 4176
2539 4419
3103 4485
9 188
1260 2617
3832 3881
2762 4556
947 5389
603 960
891 2472
2899 1034
59 2943
5689 4027
385 3488
4760 5263
4288 921
1916 2688
2405 5681
5716 3952
4802 1490
777 1345
2125 5336
157 1238
1570 5309
5782 965
1942 4387
4421 3823
4178 1454
5658 1795
3823 3032
3998 4501
4434 4648
553 2419
2335 3496
3807 4656
144 3118
1741 3036
3873 3386
1115 3610
2582 1496
2903 2418
943 3666
5574 3143
4071 864
4448 4697
2613 3707
4230 4805
5575 1931
772 5914
1556 1682
1079 2229
2460 1206
1619 3570
1144 3144
3239 2518
3758 5285
2939 4052
2307 4385
2239 4546
5003 5296
4299 2401
1999 106
2690 54
2922 3174
1910 2613
2523 368
3376 4150
5137 5096
3128 1913
341 746
467 4279
1212 354
5941 2804
2243 3836
3633 3336
4689 1207
3875 872
2000 3263
5490 255
4637 3043
3238 5779
4569 4297
4387 53
5528 5063
4933 1204
707 5862
3233 5495
5054 5380
1758 1548
4899 2593
2534 1863
858 2773
4078 5795
5947 52
4522 4049
3046 2088
2192 5996
2428 4908
4195 2721
3208 5211
2411 4725
3787 4986
4630 401
5951 4556
3899 2005
1143 5330
179 5895
1238 171
2858 2333
4606 1925
2651 1116
4791 2764
3258 1507
2478 3606
1189 376
5194 4440
310 4349
1679 1853
5897 5326
2537 1721
2991 3767
873 5542
1383 3054
2870 3579
5916 431
5472 5643
5958 5415
1965 1783
1927 3284
3587 2095
2664 1015
3774 2465
4907 5047
2434 5116
3259 1992
741 1958
2606 393
931 3461
623 5919
4348 2318
2072 4655
1484 575
5920 976
5290 3094
4231 5937
4656 5965
3939 693
3863 4554
3324 5896
4654 3162
4747 95
4975 88
1740 31
1779 2962
172 2900
3771 510
3843 2364
1935 496
4869 5949
5695 1770
1656 5854
3421 2707
511 1909
4964 1596
3682 4219
1372 2581
2558 1796
1129 499
370 1956
1940 4888
2288 1080
2760 3629
2286 1271
1963 1524
2667 4965
1016 5871
1549 5439
5138 3842
1905 5498
5792 3123
1432 2697
5316 4625
5079 3279
1642 1186
5404 816
2821 1784
4620 1600
5377 5842
4978 2251
2788 1788
803 2654
1014 4538
5285 5383
4686 195
340 5818
1257 2652
4849 2496
5435 3164
4336 2992
5091 5164
2778 5864
3142 5183
5165 1124
308 3224
3630 616
2111 5911
4339 1592
189 1556
2397 2607
5166 845
2646 1393
2153 668
4602 3715
1271 3660
767 1929
1566 1664
1528 3675
15 4867
1128 3847
1459 2042
5496 3169
4001 5444
2322 893
2793 4001
911 356
894 5149
200 678
4400 1786
3276 3567
2071 3277
4469 2728
733 2597
3283 539
3889 3428
2004 4409
4729 4726
4202 3352
2112 962
174 614
3876 1927
721 5513
