7000
624 649
192 6236
5553 3180
6315 3975
702 817
3133 641
1667 1930
2220 6336
326 907
3488 85
4283 35
843 5299
3374 6134
5770 785
2848 1551
1611 863
3472 737
486 5155
1022 3551
6716 2784
6971 4728
283 6975
6960 1071
1459 2583
6639 5484
80 919
2433 5761
3555 3996
4591 3610
6950 5392
4248 1878
2313 5115
2484 2753
2759 292
18 4513
3172 3422
176 1901
4654 4768
5967 2695
763 1945
604 3649
2921 814
1171 3057
3277 1239
2488 840
4237 871
4884 1652
5853 1581
6836 4132
1576 4988
2357 5526
3983 5767
4377 2165
4185 734
5635 3356
4375 2706
3029 1789
2492 6530
5896 762
5811 5934
6718 4584
188 6287
4323 761
6117 2218
33 4767
1394 4929
5859 593
4298 6912
5075 6945
495 6767
4734 6959
6299 883
3119 6608
2288 2792
4617 5245
5232 4366
3657 3541
3886 6596
6761 904
675 2672
6585 5786
3970 296
1139 1591
1065 4016
4462 3860
453 5910
3367 6469
797 4665
1418 984
151 5729
4578 4371
4183 1149
2779 2413
4434 4682
5620 5255
4254 613
5880 1428
3658 2398
5098 1112
6349 2440
3770 3550
6893 4055
6158 2937
1279 3755
4588 4699
3723 2025
6619 5736
1269 4347
5865 6563
1778 4324
1164 1341
3150 5991
2451 4144
1040 6348
5256 3636
1208 1205
3922 5715
5971 1922
4042 6995
934 253
3701 6340
2396 717
6293 5209
5855 2593
2478 3160
3936 2791
351 5249
2127 6407
1724 3587
1467 4398
4162 910
6102 5455
1304 2139
4389 6378
1802 6203
1752 1074
3035 3099
6412 6374
5374 4870
2013 1142
3746 5685
2945 424
2939 2805
147 2263
5870 1856
6087 853
445 261
5303 3782
1496 6744
1226 3976
2590 6998
4468 891
6160 4028
5950 5415
4001 1030
3638 692
6431 3783
6768 2752
5390 1577
3673 6455
2267 5733
1817 2635
3578 4331
4726 5464
692 2441
4092 2796
3219 3544
4059 4996
810 6904
2516 1690
2964 4944
4084 527
3498 2169
4985 3821
1461 3481
1095 6381
3630 4066
1319 4153
3949 3482
6151 369
5532 3329
5544 5430
4329 746
255 4151
6788 53
6085 2541
660 3613
5124 1877
4186 3911
4615 6492
820 690
5622 4255
4399 5364
3606 549
2566 3412
1579 4131
2323 4200
2650 4464
6217 1619
276 950
4116 3472
2929 2712
4536 4415
4918 6706
1441 4508
5996 752
5247 3599
2373 1064
1435 2007
2513 4440
2803 1666
4407 222
6426 3440
11 238
5828 2604
2293 2827
4101 5857
2449 3432
6048 1289
5610 3378
1187 5057
5668 2718
5268 2362
6693 1959
1255 5920
6626 302
6640 3083
4100 482
4980 1672
4939 696
1287 2907
614 5078
806 3902
1742 4756
96 437
405 3886
190 156
5293 5948
5510 5713
6642 1310
6420 4452
5227 4184
3526 1897
3401 1750
3761 2064
5550 4268
1351 4828
4004 443
6695 1358
143 1034
6592 6835
2413 4433
5107 5913
4246 975
206 120
5952 3338
2653 4760
4785 5554
6167 1663
1367 218
6530 3374
853 3691
1462 3478
2894 1836
4357 6746
4315 5655
5085 520
399 5596
2121 745
4814 1412
3629 6925
5598 4597
789 2117
5088 5986
1682 4863
5421 4222
5391 4453
1216 3181
6138 2688
5987 2634
2004 2734
5680 1295
2683 6642
2021 3316
4430 4237
3666 2020
4302 3052
4796 2045
2048 4538
5004 6010
1608 1003
752 848
1237 2064
4961 4448
4640 3027
4038 1758
2931 5783
1049 1723
515 4659
3406 6872
2193 6421
795 6891
6613 933
2829 487
2183 3108
2593 6924
6319 2976
3180 3933
2080 3602
2028 4866
5440 2985
841 2213
4006 4035
856 5308
527 820
459 3641
6796 5594
4397 1382
2724 4014
6928 6048
4063 1828
3649 3107
127 1146
6679 4895
4192 2287
2814 4841
2980 1312
3193 2497
1659 5063
2380 183
6646 4091
1250 5513
1884 2690
6869 2702
4890 1143
4748 191
1466 4554
3384 3730
2326 6174
4819 4837
1533 3258
6966 1153
1224 102
3155 2824
3872 3029
2673 835
6616 6052
5759 4450
42 348
427 5311
4082 1971
4799 3033
1399 4854
6172 5248
3890 1927
6093 1424
497 6846
3856 2821
1550 1316
2986 5215
1603 2971
3850 3904
1188 6459
3740 361
6394 5214
1951 6593
3529 2349
6152 2675
6173 5679
3509 5146
5136 1946
3778 2950
939 673
95 2999
1356 3339
6233 2887
5737 2923
823 4695
5012 1809
3883 3390
4809 4496
6841 2305
4371 5407
5101 1459
3140 4510
2361 27
1017 6533
2143 1065
3972 2230
3220 1324
4594 875
1812 5417
3719 6072
6520 68
2342 4321
1920 1613
6888 2748
3227 34
2470 4690
4944 1260
3520 3135
1101 1128
4247 5821
5810 1393
5799 4621
2998 4959
121 6051
1142 3673
6265 6107
706 6896
6607 83
5567 1035
4812 5007
2005 6914
2928 387
6714 1515
4986 6146
6047 1073
6453 966
1380 3175
2039 6901
4603 5645
3772 493
3660 6505
2177 6625
2386 1786
3206 4950
1133 2717
4232 5618
6159 2666
5119 5886
5397 1147
6846 5082
6259 2270
6380 4795
6929 5725
2490 2131
3011 3126
1823 1117
6553 500
3528 6185
3404 5855
2830 1364
442 2239
3683 2626
3238 5802
2875 5778
4440 6827
1963 3234
6521 551
879 4853
6417 711
6332 5369
6367 3820
5067 6770
4120 1418
5455 2487
6457 3407
3308 2205
4259 4134
3068 5798
3104 1888
2585 1474
1429 3122
846 6089
6026 5755
5168 612
2494 4817
5425 4531
609 5692
4712 5709
3505 1078
4817 4509
1859 1079
2685 6759
1776 5924
5170 651
3624 3851
1263 5576
2631 4027
458 2742
2867 2308
4249 4581
6132 6389
1539 1507
1474 3869
3350 146
4164 2236
4612 4669
954 3780
3910 2289
417 1957
2599 2931
1785 2495
6857 1557
1866 5145
2101 3026
2056 6758
2721 3669
86 6380
2557 2523
4733 1962
1631 3380
6328 3666
1013 5187
4127 3907
6783 1113
3613 6774
1465 5136
4779 5177
6043 5775
5027 327
3439 3813
6470 676
1177 6947
3964 1528
6551 5282
5787 6451
2897 679
2951 416
6033 5495
3184 4524
4352 6626
1657 5590
5142 5158
4287 6651
3143 2740
5549 3939
6365 3736
2367 2476
4790 3418
848 3396
4970 2655
4091 3322
3166 3161
5619 3476
3775 464
4949 3621
557 2284
468 3028
6163 3327
5017 6798
6362 2186
367 1980
56 6120
5887 5280
2534 2594
1176 6532
4621 6129
3833 2452
1350 5044
1294 1541
2768 1446
2302 6818
6273 620
150 4569
1904 5492
3758 5144
3939 96
2168 6424
5041 6763
3033 2568
6925 1101
155 3311
1405 510
5465 4656
5015 1734
1001 6373
6876 1752
4807 2157
3623 505
6497 4083
388 2607
4108 3931
6834 3217
4521 4769
2124 5232
229 5475
6061 4628
4412 5035
4310 3656
2993 5453
4555 4648
6257 5539
4173 2601
4910 323
5317 6983
5153 3577
701 727
1557 1512
1062 2382
1092 2003
156 4023
3126 4819
3037 2503
2840 4471
3344 400
2504 6579
275 5651
3055 2972
739 1607
4292 2472
1909 5301
1563 501
5657 362
3060 4979
441 6615
4221 1527
1954 5302
2983 6528
6025 5014
5761 1538
5366 431
6711 4623
285 67
3991 1813
5013 867
4858 955
3440 2026
5778 272
253 1981
648 3266
1544 825
4962 1639
2179 5795
1098 5553
1072 226
740 6883
5271 3545
967 3727
3878 29
5182 2191
3453 3892
4178 884
3424 1859
1838 2299
2752 6630
4930 1575
313 6255
4231 4206
4452 5768
913 4778
21 6434
6987 4543
2210 2333
4341 4955
6655 6730
2581 4938
1152 123
1674 334
2150 2526
568 6444
2568 4239
5488 826
2769 22
2990 3274
2755 5967
6368 1443
1067 3949
3525 6800
4894 1085
6769 4800
1442 113
2896 5319
5849 5694
5733 3627
5400 3203
3174 5760
4017 2767
1375 4272
2355 6894
3655 6920
5171 4877
2553 1545
4439 1904
2727 4110
671 2948
1553 6860
1447 2417
3362 770
1451 2699
1534 816
6930 5892
6571 3195
6547 5170
6401 2867
1542 131
5943 61
1393 2758
5725 1879
6544 1518
5575 6016
2784 1389
4869 6450
1374 2973
3467 3046
4637 2345
5693 2707
6956 1357
3120 283
3360 6487
1564 3538
4593 2674
772 223
794 902
2771 2129
5192 2
6323 5234
6623 4438
3748 2795
363 5675
4288 5747
2362 1582
2259 3497
182 2094
4656 1300
6029 571
4787 4458
5130 4906
1154 4214
3151 877
2610 2579
3962 3030
6105 2965
1946 133
231 1385
5957 1080
6870 4175
284 5534
923 1975
4280 2609
2914 448
2319 2507
5245 3678
2812 6786
6318 1543
2815 4418
1103 391
4409 2927
4861 645
3351 3004
3389 2069
4274 1190
1694 4980
2250 6796
2167 473
783 2155
4596 3659
5052 3073
927 2521
1813 4251
397 576
6793 3360
5854 4413
4398 81
4098 1958
2144 3611
2131 5246
1893 2364
2508 1526
3680 4399
2627 4827
5065 4920
5208 6832
3328 5843
3085 2342
4889 1135
910 6338
4322 5531
5090 2409
1309 2604
4941 1728
5867 1705
1199 2121
2624 6278
4498 2527
3416 151
3784 5134
3258 442
4473 6416
1748 1048
627 6902
6307 6195
6730 93
2032 4326
4244 6605
5835 4186
899 2668
4305 5601
3989 1124
380 5042
2113 6926
1501 2711
798 5728
6407 1334
3591 3183
1691 6344
6808 1490
4289 640
436 6090
5217 5038
5934 4862
5220 2473
3125 3843
5830 6172
1783 6058
6145 5326
6617 2423
5538 5489
4750 2140
3117 4057
4139 5425
6491 256
1928 735
576 3574
428 3249
587 2623
729 5978
2704 448
1193 1436
646 5356
2714 4966
847 2759
2182 6862
5222 2013
2452 3930
3468 3313
2647 10
6295 3984
5625 1753
200 3687
5246 1827
5744 6513
6444 1833
4766 1949
6682 3799
2984 4456
3517 6911
1845 4159
2501 3588
571 6778
6202 1876
5311 5603
2186 5504
2913 686
1000 4171
2285 3758
2691 1123
1354 5462
2243 4727
1037 1847
4295 2070
6089 4492
2329 4229
983 1001
4947 2314
4753 6710
734 2286
6757 343
4370 6830
6634 4694
1975 1174
1267 2173
2589 5530
1020 2356
1232 5787
6853 5581
1668 4360
541 5287
301 1670
2978 1167
5521 3665
4338 2274
5433 2952
1218 1038
881 2854
6190 1574
2227 1886
6766 3893
4179 3962
892 2945
6740 2436
4933 1303
6429 1855
673 6267
4515 307
6220 6687
2305 6866
4031 6685
2334 5089
2123 978
766 2447
4818 3404
1583 4307
3674 1816
5698 298
5807 432
4324 6658
6787 2885
6244 4050
818 1918
6509 4319
3165 4127
6632 1780
558 136
3284 5361
611 3801
6591 2645
1144 4582
6107 4324
3861 249
2024 6967
6020 2914
695 2816
5270 1223
5634 5827
5841 2459
4009 3143
1437 336
4698 5059
6723 313
196 2316
6013 1832
2925 3634
2882 1646
5489 3350
743 6773
6153 2214
6542 1857
195 1489
754 5153
4392 65
362 1116
5112 1383
1116 3651
668 7000
6577 1794
768 6607
996 6711
6501 406
287 1894
5805 375
4193 4269
3948 5017
4727 4822
2027 5557
4780 2457
329 6745
1497 103
2015 6621
5207 4643
6483 6760
1158 3919
2797 4574
1421 4008
5515 3179
4824 4479
4166 2412
1540 2351
1798 890
908 3385
6556 6753
834 3446
5419 2291
6540 4340
6758 6322
2757 3086
3632 2220
6512 3513
5457 3459
4616 6103
6001 3125
4878 6004
5697 2996
6223 6260
2093 4192
180 3787
4706 2358
3201 188
5415 2057
3959 836
2718 532
6627 6646
3239 6410
4600 3189
4720 5587
49 1200
3354 5487
902 1737
1427 4829
6019 1183
5361 5067
2197 4671
2603 4859
3313 5152
4541 6297
5298 2127
5875 189
6477 5157
864 2814
5294 2041
1807 1274
317 101
5548 603
3431 2496
1079 4537
5942 6446
4558 2696
4415 2480
3223 1014
2495 6320
4991 4640
868 4593
4697 6721
4386 2366
6411 4607
2982 1506
450 4291
5249 6855
6882 5411
6292 5891
6210 6841
4537 6181
5030 758
4451 4976
3548 813
6727 1098
2688 466
3641 5204
5061 6332
5954 4270
525 5350
1303 6987
2064 5061
4236 63
2371 2749
5878 3739
2588 6319
5889 6740
649 5912
1746 2460
6572 2336
6142 5036
738 703
2971 1597
3241 1462
592 264
3410 6587
3516 3899
1202 221
5670 1231
3484 4806
4993 3268
2961 4308
4554 2820
6709 1207
3554 1974
2075 1837
2536 3446
4147 180
2189 721
1186 6880
210 4386
1283 928
1398 5860
6899 3040
2941 6257
4968 5103
4929 4217
5760 6909
2292 5543
2455 2797
3726 999
5696 4680
2787 2726
6185 3803
6125 311
120 5826
5691 4135
154 5527
2676 2206
465 6594
4888 2998
130 2589
4530 6815
2459 3954
5283 2780
6108 809
6209 2253
2818 6602
6889 5714
5507 2918
1784 1
2012 4846
860 2830
1594 1820
1397 5561
2563 6337
2733 87
1419 4706
6141 3639
6164 6527
963 366
139 1731
6031 3337
4159 2372
165 1319
4660 5508
237 4982
3702 5263
6890 3353
4729 3526
6339 2158
6199 5820
1069 5290
830 331
5739 6189
1643 2930
3518 6331
5540 6830
1053 474
5926 3586
746 619
1129 5185
6129 3147
1270 2049
1314 6537
2561 6365
5254 2283
1730 3449
4326 2926
5102 3615
1931 4763
5939 341
1238 1801
370 6665
6665 4974
5008 876
1096 3936
1609 4216
2806 3224
5789 4674
1525 293
3183 3664
1902 782
5122 1398
6854 2227
2827 1499
6251 6281
4217 5666
821 295
6773 4798
2428 4457
6014 3565
589 4426
4682 2843
1995 210
1699 2504
5956 5621
6815 2443
4027 5093
4070 2231
6360 45
3569 3357
1634 724
4134 6826
6205 3606
2346 4346
6747 429
4081 312
2547 1708
1025 4065
4039 4637
403 1578
1196 2760
2790 2845
1717 3007
5449 3035
6780 634
183 2648
595 5141
4919 2123
4552 6088
144 5964
3595 3420
3937 4611
2635 685
4579 350
3551 2318
1701 5503
3755 1947
390 4776
1341 1376
4490 4048
5231 1793
5604 6074
1018 2148
3743 4964
3097 4111
5901 6042
1234 2746
3062 4548
5523 2978
936 3828
6447 3979
1986 6138
3295 5116
6140 5318
4749 5578
6596 1908
4784 6249
1615 1311
5949 6154
5563 6418
833 4374
3438 6333
981 3646
1431 2233
3656 3460
510 3348
2191 2250
1055 6059
2902 4408
2218 6098
1978 2031
3584 365
400 6437
5571 3870
1660 4486
5251 2252
6989 3016
5798 1596
5078 469
83 5647
5462 6184
6435 1233
2756 2348
47 6363
666 3068
631 3560
5979 4970
4403 1240
1933 6807
216 1019
5579 931
4857 5313
2117 144
4321 689
4016 4401
5392 4793
859 450
1043 2551
6423 1230
4643 5206
2796 3766
5071 5604
886 1317
5459 1404
4782 6477
6097 1403
4121 6980
4058 5240
2162 1590
6101 3995
1889 2394
5005 908
873 3269
6948 2397
757 2716
2576 3032
202 1863
791 4796
3601 1762
4924 1346
4844 3848
2458 6170
6650 3697
683 6454
6924 6982
1792 3308
141 3421
3190 2027
6719 5763
1960 3156
2264 6007
2366 4573
1948 4049
3000 2067
2740 2118
704 3583
4546 2858
6134 3426
2036 567
3822 2757
5894 6950
972 5567
3644 4719
320 3568
961 4139
5498 2073
1712 3419
1440 4663
119 1584
6582 5652
1119 6141
6798 1350
4418 6736
2320 2979
2349 2246
4281 3312
3737 5662
5028 42
5972 2453
4842 5220
3160 5118
412 1606
2816 5465
5154 2166
2607 3011
6192 1773
3681 1009
5905 4779
1888 1139
2966 4001
6720 5499
931 3875
6603 411
3272 3197
82 4676
1693 3091
5423 6752
131 2466
1483 2641
5818 2826
6905 4709
474 3580
1726 1252
4229 2219
6486 1353
2277 4770
5316 13
4427 4381
6527 6095
1575 5113
4955 6165
999 6179
4400 5718
6598 4873
5196 3692
4494 2427
4566 6840
5110 979
2775 3883
1387 3188
4926 6078
2598 6877
5938 2467
4896 4250
3956 5643
6933 1266
1841 4358
3335 51
4402 4757
618 2369
2522 687
1011 2697
5611 888
2995 3660
2868 1870
3088 4213
4105 2659
6980 6978
5921 648
5083 5846
790 3585
662 1498
1707 1721
5708 589
6348 1858
1765 5946
4747 3620
2163 3773
5654 1066
5800 6558
4854 5045
1458 2477
2858 3824
644 5488
1652 635
640 638
1788 5515
6595 709
1578 1576
3215 6125
2743 168
690 5178
745 246
280 562
433 122
5535 4746
6309 98
2713 2367
5103 1669
4007 1359
4611 2513
5448 2210
6186 5352
1265 1229
1261 5777
65 529
5908 4835
2708 1877
5918 5421
5636 6792
6726 2618
3312 3652
5564 5122
5560 282
6935 4021
2954 3375
1711 5591
832 6799
5677 86
5057 2106
6007 1790
205 5780
220 3846
360 2602
4700 943
6122 4704
3820 6734
887 622
6027 3206
6028 2789
3550 2156
1317 1556
3898 519
2423 6753
6331 6151
6863 659
3845 2254
3836 3784
3995 4910
5968 3834
3887 6739
5505 6821
5355 4495
3382 5316
1979 4689
4431 5560
1697 5633
3703 2283
990 3331
3579 4265
2665 1495
239 5040
6920 2866
6563 6893
4297 6315
36 1082
573 4338
3562 1920
3918 6422
4203 5222
1815 3435
1366 5822
4263 2271
5350 54
5203 3681
1868 4070
3413 2088
4047 4572
3243 661
1886 716
2549 523
4885 297
3958 1061
6200 5066
5825 6225
6624 1410
643 6248
1591 1982
4257 5009
4964 5339
4243 6568
4816 4472
4486 6824
1758 5139
4198 88
1640 1006
3162 2942
2851 584
1257 4713
3862 2596
4433 130
3938 2223
2574 1871
1254 3597
4479 5173
5605 4455
6743 5251
5068 5203
25 3177
4528 1806
3386 6951
4066 4739
3512 5150
1411 1172
5686 2323
5518 5950
5980 6237
3275 3479
4470 1819
2201 125
1775 6971
273 3139
1753 815
335 824
2662 5284
6784 6290
717 1745
5175 6481
6032 6023
3590 454
2453 4532
3973 1788
5672 6843
5852 6875
5486 5819
6150 4539
6461 3243
3705 4223
6350 5077
5463 5441
306 4166
4220 5556
109 5598
3185 4462
3603 5387
1755 693
3648 3211
3667 3740
1297 5976
2849 5608
5205 163
1910 6918
6296 5267
6219 3469
2002 4995
2188 1864
6939 3733
4463 4997
4286 856
2034 4915
6525 4984
3940 2279
5081 959
780 1491
5167 5131
6475 4267
6269 128
5029 6401
2237 6996
3019 441
5138 5716
3025 5432
2678 1799
1075 573
1363 4610
2045 5516
1721 2765
5506 780
6083 674
4417 3644
1573 4589
6717 3838
5953 971
6386 2633
163 3272
6178 4507
3716 6166
5272 2981
6885 6709
5509 5379
373 2089
1389 5700
368 486
6968 2638
97 1012
44 2295
2405 6108
3530 6622
6352 1456
6354 3458
2992 3983
346 2374
5007 560
4024 2324
6177 6376
6306 1842
2823 3600
753 243
4963 2857
3642 6874
4721 4541
6279 4389
6096 586
4361 5985
5018 1899
503 4917
1214 4119
6701 4711
1843 2193
1536 3097
2472 2042
2229 6067
3071 5642
108 4003
6500 1343
3481 1136
712 6806
5180 2911
2869 2177
4414 5682
3283 1432
2245 5855
2116 4751
5782 1283
3370 2925
1456 371
3798 127
688 6838
2693 1267
2729 4802
3460 5196
3059 4612
1491 6649
4707 3167
2354 1565
2872 1488
1731 3731
271 3436
4356 1523
2965 6369
5257 965
2217 5712
324 5424
115 374
3935 6252
3306 2743
418 2776
3098 2296
778 2886
2652 3164
6811 1327
6742 3400
1908 2354
5661 4750
4892 5148
1692 5323
265 3225
858 6931
4956 1400
5484 4568
1560 6671
1764 4761
3076 5386
1782 667
5647 1264
2480 4836
3192 6347
1787 4253
2173 515
2120 568
6216 4758
3809 4930
3783 6180
4188 6110
2747 5628
295 1253
2628 646
2996 2330
1551 1743
3760 69
1630 3564
3099 4894
263 1841
2063 3293
5461 2468
379 2439
5264 6
6327 1366
426 1504
375 6227
4936 6789
3731 5227
3547 789
2231 5649
288 1433
6022 3477
2155 3836
2242 6993
2447 2373
1708 6024
3380 5719
6511 1419
2570 49
1606 3461
1138 5636
1324 4266
1619 948
6574 2676
544 1298
827 4330
5861 4193
2253 747
1377 4718
3975 1184
1599 4318
3455 6079
2327 430
5774 2005
854 5523
5513 1709
4487 6090
2883 3100
3698 3034
3041 254
4942 2529
4692 5500
3965 2689
3112 6656
3663 4391
3780 1408
2682 5701
4743 3643
608 3569
3976 378
4282 1439
3058 6922
3811 2055
3906 4032
6794 4653
4113 5337
5152 1107
1930 5165
6561 4354
4975 1714
4050 5016
5428 2847
5096 3155
4194 5881
415 1258
2661 1749
6180 4006
327 6069
5587 6844
6113 3735
6518 396
5306 4106
6294 526
6938 2461
4450 4404
4899 6022
1790 4740
6859 3759
2469 4179
1472 4724
6941 367
5838 1961
1678 3953
6010 6726
5545 3708
5902 6041
4927 5235
2791 3800
6280 6690
5049 3136
4501 2638
5024 2916
3426 3074
2102 1698
3930 6115
1733 1103
1117 3677
5385 1417
1826 3891
3560 5706
749 5376
5040 5528
6267 2660
5773 6708
582 5315
6917 3573
6704 5023
57 137
3074 332
1122 4605
350 934
3102 4497
2681 4803
5716 3408
3291 1047
842 5336
5273 2249
6084 4384
2067 4195
62 3831
4230 6580
656 6957
5209 6092
2578 3452
2672 5176
3840 608
4653 870
1847 3558
1413 1284
2381 3534
2780 5076
1100 5181
6797 1028
1407 1178
801 2509
3859 1516
6937 1850
2615 2771
4652 913
471 3744
4019 4169
3792 5055
1770 2207
2618 428
2611 6845
630 1210
6615 3193
3707 6368
5149 2617
2694 6570
2542 1453
5785 5479
4614 1238
6204 453
2707 2108
5583 1468
2901 203
1448 3842
2096 1593
5731 5969
4250 5869
5891 2381
347 4287
5230 923
1174 4429
6940 5467
6667 3005
4348 1005
5323 107
4347 4772
3169 2001
878 6916
2620 2379
2370 1054
824 5143
6479 4086
6053 1876
5080 495
6433 953
14 5327
2088 5213
4870 4804
6371 1198
1863 5890
3946 4973
6143 1795
2582 3365
3108 2429
6674 6578
3672 4042
4401 3945
6492 5032
5812 6623
2337 140
5931 2904
1549 2266
6921 6652
689 565
443 5932
5253 1861
1450 3528
844 799
279 2896
2916 665
1796 6892
2418 3237
1556 2200
6237 2532
672 3388
956 3442
5839 4697
3986 2980
2190 1477
599 4423
2765 3451
3892 4810
6139 6467
5775 5296
2156 4282
1763 4286
4722 4715
6775 983
532 5351
5718 318
2817 557
4136 4580
2042 5917
1471 6834
2369 195
3478 3837
2890 2929
2395 4092
6377 1480
4369 4165
6059 5373
6708 5164
1370 2547
1527 5595
251 1018
719 657
2230 277
4209 5121
3485 4098
4510 1342
2112 3351
5339 1402
2864 4649
6820 5914
6832 2670
6364 4232
5100 490
297 1242
5312 3957
6471 6544
4062 1687
392 1955
3009 5098
5261 5730
6489 810
2200 1037
6234 2761
2521 6965
5037 231
2185 5474
2388 1049
50 5993
1766 5881
6967 6696
6347 5117
1623 3815
5815 1516
1612 2524
2666 3501
4481 1557
2950 533
3981 5582
2328 5829
3926 5183
1430 3521
5660 5664
1900 3291
6565 1362
4931 2694
1997 4254
574 412
3322 6552
3682 5998
2734 4309
479 2830
2353 4248
6739 2076
6050 2454
5485 4520
4104 932
3710 1381
4584 3077
5530 2640
5244 18
2249 5750
152 6659
4846 2463
3318 4639
6838 4565
6206 267
5970 777
6886 6848
6485 492
812 6858
207 682
5359 2294
300 4297
452 1345
1989 4396
6305 3778
1228 6511
1015 3076
4030 1776
3262 601
3191 1817
2722 3252
5719 4556
3689 4999
2010 6158
2550 5380
6157 4328
3273 4385
4583 200
1292 1365
6325 2897
3524 802
4548 3927
6830 3187
2942 1602
1330 6077
5297 3657
5404 5867
6443 196
1036 4492
1876 2550
3442 6250
1439 2905
5481 3063
6519 808
5705 6682
1023 1631
2498 681
565 6310
1422 244
5280 4292
3796 3044
2198 1635
3899 4703
1628 615
3296 3716
5534 5949
6602 625
3919 6032
5572 3878
3298 3363
3342 5889
1981 4332
5290 5031
5074 3427
181 1812
4906 4747
1204 2710
4719 1413
909 1091
1014 4231
3341 4219
1994 1630
2118 5111
5503 6663
5416 2876
2317 421
6005 3307
4191 1373
1143 1485
4336 980
5780 5870
3834 5808
1820 2969
213 4167
5900 6941
4493 2853
5240 2479
59 340
3651 4004
3480 1195
1924 2387
4215 5931
6283 6775
5436 6102
2511 2586
6095 6560
5888 6299
1595 4707
4060 3364
5408 1144
3400 2838
6583 1727
1372 4200
5000 1270
2136 5792
2499 2208
1562 4084
3156 6853
124 5970
6126 1742
4702 4504
2430 866
6397 4305
5557 1838
3113 5741
4262 5366
5373 3770
5132 4423
2157 117
3941 4343
1676 3582
381 2451
432 4905
61 1374
3114 6733
6188 5683
1311 3917
6856 2442
708 3248
4448 4038
365 196
4197 5981
992 3115
3425 4138
5263 6776
2712 4128
6266 3522
5187 288
4018 6565
3721 6070
2555 800
5394 6634
3254 5039
5411 2292
4033 6050
2804 4596
98 1536
1568 5956
629 843
3650 6040
6260 722
5678 5569
2330 538
3800 6546
1502 3218
26 2801
1290 4576
4715 1835
2086 1840
3349 2773
3228 4194
4103 3295
2440 4353
1577 1447
1983 3054
4585 5163
5824 4561
2222 1170
218 1044
6176 1993
6227 5281
5069 5193
5947 1380
835 73
3911 76
3153 6366
404 4666
4565 1656
4189 4375
37 4608
6498 6645
2739 6876
6434 894
4420 3112
2689 3360
269 845
1093 616
5525 600
5238 92
1235 4700
1107 6362
6481 6284
1945 2685
43 6907
1874 6353
393 4484
77 2539
3048 5262
3604 3672
1480 1839
58 4044
1952 6772
6891 2831
92 2126
2630 3713
5453 1949
987 4257
3764 1520
5893 3608
2359 1414
1774 1913
955 2556
2753 132
123 193
6463 6479
6341 1185
5738 4733
6425 6971
4514 6986
2306 585
4839 6729
3086 3804
5190 962
2496 6026
5333 472
1857 3998
2437 6182
91 6062
70 5836
241 5278
1706 1629
1499 2414
2567 4625
315 6934
2397 5844
2658 6737
4269 4553
45 921
6791 1224
6094 1171
6778 668
1192 330
3628 1392
1281 3912
6263 2268
792 2528
1277 97
6198 6357
6954 4775
3704 4595
100 4079
3851 1530
3889 5210
3546 4290
3131 270
6346 4372
1369 2944
826 4594
1965 3239
3257 1425
1917 1566
366 3509
332 3847
2720 2879
6184 3216
2344 5954
5318 2478
4789 457
6858 2943
1819 4812
6848 3980
6272 1050
3566 3361
5109 6266
5218 736
4651 4186
4691 639
395 5114
6337 5192
2427 1684
5948 6814
5474 2175
3942 1496
1519 1529
3456 4097
3432 78
4684 1109
3292 1587
5137 2056
2596 1939
2906 3282
3725 4444
5568 3723
872 4470
3966 616
1801 4808
2857 688
2510 1479
4867 3977
6631 2984
1939 2500
1829 2919
5903 5775
4669 6456
1039 3732
3093 3809
793 216
4512 6604
177 2162
4171 1677
4849 4901
3873 2562
2464 4726
2133 5568
2698 5973
2660 5272
5009 3822
5431 5839
946 4071
2020 2470
771 6816
653 691
2279 748
2538 2906
1280 1021
4833 6308
3871 6402
5600 2176
3168 579
1227 6061
762 5298
730 6886
5601 6641
5879 6780
2363 6714
1934 1681
4382 194
4609 455
2235 4602
1772 4140
3611 5433
2595 898
805 1262
2304 2167
4037 4171
545 1741
1449 3777
3503 5600
1593 4764
2700 4777
5469 426
4061 3194
2786 1686
4835 2884
5606 2371
4154 1567
106 713
4426 4168
1114 6856
4539 4698
6883 5951
2221 4849
1559 1678
3552 2411
2456 5832
4524 583
1404 6689
5164 958
814 3039
1266 3531
4946 6610
2462 2244
2736 3494
5834 3861
4834 1134
5955 2061
6424 5468
1827 3853
339 3793
4547 5933
3471 6326
5844 4506
3985 918
2564 4614
1993 1988
2384 1831
6247 1979
1757 2612
3824 2488
2171 6300
5520 3191
6334 5858
1168 6867
2134 4293
4808 6011
703 6186
5215 6699
6460 5070
1919 6681
5035 1503
2273 4654
607 2125
4509 2852
6236 5883
5555 4714
3111 2455
1434 6724
539 5577
975 6399
1386 6680
2426 108
4255 1051
305 1942
6452 506
6732 3062
3621 6942
6871 2575
3226 2565
4662 105
3499 1137
3953 6718
5710 3163
75 3714
4511 5135
518 5674
5046 4600
55 2862
5608 4112
4003 1771
802 1183
4602 3518
3316 2620
2836 5365
5300 2483
3409 2178
1854 4061
352 5646
382 610
1362 4540
4404 1823
1625 6484
1507 537
386 2456
2684 4528
2084 534
4133 381
4109 3668
2657 2119
3817 6928
3756 2384
5937 2728
1870 5226
4507 3707
1685 6898
2270 5711
5106 463
1157 3795
4301 3765
3179 1285
240 1692
3214 2339
521 6508
817 5254
3754 954
3646 3276
546 5074
87 3737
775 5667
2410 2671
5379 6238
5663 6273
788 702
69 1445
487 631
1296 3172
2165 4691
6825 3349
5797 2901
3417 202
3496 2994
3600 2785
3293 3284
3209 185
2038 5011
3217 1040
941 2883
4934 399
3194 5047
1526 6921
6548 4109
6495 3092
3024 1016
825 4786
4739 1964
4180 2933
4505 6272
267 3590
2792 5286
4021 4782
1070 2608
4679 4987
5558 6585
2132 2799
314 6654
1580 3612
4362 4720
6062 4503
5717 3661
1570 2177
4744 2006
1825 309
4623 4356
1861 26
2336 535
3998 1296
3694 5470
1867 848
2023 1318
4795 6143
259 94
5322 6903
1810 23
3196 5791
4673 3142
4724 664
3402 3376
2642 217
884 3445
1688 5353
3553 5583
3462 2807
3961 2388
1722 552
973 5054
3375 2492
982 650
6589 2301
540 4550
5141 4985
1003 4642
3523 3700
5444 2081
2863 591
4628 1449
5683 1307
4620 4652
3127 1965
5118 882
3786 6080
3469 382
3996 5874
5176 4063
3415 6363
52 6553
4973 4788
3874 4679
1793 370
4745 2642
6358 3895
1703 5744
5580 2502
416 1637
6484 5458
4233 5293
6806 5887
2161 1960
6736 4056
2468 1232
1850 1910
612 3757
1082 5074
5160 4390
5951 5963
5997 2543
158 2241
3043 181
3494 459
6490 6700
4195 3819
1614 5325
5054 2017
5364 3346
2383 2145
4143 5359
6454 6956
4279 4998
5821 3140
4212 3285
1520 6112
5819 5868
225 811
3617 5285
5328 6495
6189 1217
596 2567
773 1138
4223 160
3399 3772
5511 1259
6506 118
6597 3358
4072 5573
3430 5865
1592 525
4959 6619
736 5580
1035 3368
4988 4591
5010 5793
4752 1743
2114 1041
4208 4093
6658 3623
6880 329
2706 3065
5219 6121
6993 5368
5019 6557
3305 6540
1727 4943
3149 207
949 372
974 2779
5020 4344
6770 1862
2820 1880
1751 2021
591 6324
5365 5517
714 1070
5754 3071
4879 3796
4080 5404
232 2168
1739 2344
4170 3088
3696 3393
67 885
4738 2560
6338 6448
1320 33
5529 3336
1479 2940
4078 3424
304 3488
5183 6972
5094 2563
5976 4675
3213 1371
378 4285
531 1444
51 2580
1715 2681
5213 2861
5497 4283
3586 4563
6901 5247
3504 4432
6676 4256
3045 1463
2927 5810
6406 1002
4330 5800
2636 2600
2735 5976
6976 5494
942 2624
316 4990
3323 2967
3250 5758
6415 3354
414 1245
3592 3817
5726 842
3252 3675
2609 3718
159 2072
1094 6470
3534 274
2524 4074
48 5469
3176 1647
1935 3663
4379 4661
6450 2376
3014 2087
4311 5668
2717 4609
700 4058
6835 6713
5714 4146
2994 3603
1206 5252
6077 5665
3789 6106
857 578
4339 6104
157 5704
5607 4890
696 1067
5565 5605
319 2591
1183 2430
5984 4519
5135 4327
2643 994
2372 1201
3337 6073
6316 1618
4607 3997
6916 1546
3720 152
6385 6395
1444 3296
1610 1287
2074 71
3157 4485
4391 6099
410 4078
1293 924
6744 3868
924 5849
2400 3932
659 3399
1453 1940
31 723
2089 2793
5092 5357
6121 1985
1604 2955
3198 5599
3730 1045
3757 3798
4971 3628
4071 5620
2859 5695
3040 4825
4077 3900
1665 6742
6082 2819
1348 3041
2819 5942
6128 1294
4239 1145
6999 3328
650 4029
1956 3554
224 201
2208 3190
4923 1800
3980 4435
5624 1043
4876 4566
6196 6035
918 4754
208 1039
5941 1746
4293 992
5034 5284
551 4406
3618 1332
5667 3213
3464 4224
5669 2877
2600 1900
3234 3970
4561 4821
16 206
6271 3031
6975 4483
4639 3622
1282 5107
3952 6361
2314 1810
3018 483
4657 4215
1310 2079
6703 3948
84 6669
1923 1735
1555 6045
6570 3637
5329 4392
4475 4767
1381 6762
4893 104
3411 5723
1509 862
4242 2082
2616 6119
5628 3724
3853 3720
2637 6283
1318 1641
1155 5521
3717 4204
5588 383
1384 1719
6998 2395
888 964
4564 1214
4731 887
6215 926
3052 2313
2701 124
6837 468
6913 2491
813 3692
5791 43
3787 858
3568 4349
2258 6863
4925 2860
5177 62
6148 5495
4626 6128
6687 509
6243 5710
6753 209
6109 3753
586 3722
1750 2533
2474 145
6230 4402
6691 1935
4848 5169
1848 637
697 1937
1344 4393
2716 851
1102 750
6636 6101
3858 6735
5539 6221
5172 4241
1338 6750
6467 3605
4207 5451
3662 6927
5860 6999
4358 3150
5330 2012
2202 2435
3246 5258
5399 3682
569 4919
5559 3292
5526 776
6004 5329
4319 4161
2852 952
1675 2264
1086 2317
5917 2328
5059 4647
6721 3015
4880 2464
1714 5259
2041 1740
4268 5895
1170 6213
2241 1983
94 4079
686 5882
1700 3037
2154 3333
1253 6655
5501 2678
4852 5631
1175 5789
3446 4476
1855 3578
6370 3392
2419 1713
2766 6109
6962 5346
4771 6047
3248 3856
3320 972
4688 624
6713 5743
1128 3297
1019 1096
2378 2347
664 2763
2831 1934
4895 6116
4826 2582
3187 3246
4801 2549
420 3810
1173 5570
5687 4301
3605 3897
63 5217
2244 3562
5924 4922
2106 1268
6496 4361
4495 2616
3053 4545
628 5941
5341 4748
3594 4869
6645 5195
4204 6443
4664 3307
2988 2039
23 2225
4218 1158
6508 2300
4151 6811
5531 990
5158 2160
1256 2375
1616 5229
5945 4358
2122 5207
1651 2948
748 1625
4284 4815
4710 4400
2407 4093
6804 2032
5276 5140
4278 4180
4680 1508
6409 3489
2908 5100
4872 2137
1654 1987
2000 5739
896 2774
2670 5673
1647 2649
980 981
5420 5678
1650 5375
4633 3305
5594 6722
6270 5171
2697 5129
2917 2431
2943 2320
5206 220
5036 2962
2209 5845
2301 1665
2926 4208
2280 6925
622 1181
5357 5641
2675 6475
5313 575
4160 205
2517 4394
1058 4417
3753 2874
4425 3598
1858 4935
4860 5046
345 2090
2686 6509
6076 2518
1804 5566
588 2216
4225 6801
3627 4801
5191 5005
6904 169
2425 963
4862 3658
1295 4567
6535 2790
1781 5205
6909 6684
6124 15
3290 4422
2332 2281
5562 756
3365 3871
1882 1843
168 1553
585 5225
1528 541
2622 1046
6193 912
5345 2280
4303 6784
1059 6534
6763 138
2376 6202
1148 3048
3299 112
2811 1895
1698 1804
4972 3079
6644 2023
3913 6864
5823 4860
3752 5109
4928 6230
1732 1826
6277 6864
5590 3485
705 6539
3776 6187
3437 847
1016 6123
1831 5020
6986 1395
6388 4716
374 3245
831 5702
3398 590
3884 3527
1406 3314
6254 5698
2412 5757
6881 6220
3712 433
3921 3306
4797 1000
4559 3890
6242 6525
3289 2278
499 6321
5898 397
3373 2576
1047 5330
594 3315
1207 2745
4634 5784
3449 6049
4900 3158
6288 5194
2404 5012
435 6340
5602 3749
4025 6046
4087 1151
897 944
1244 969
3064 3914
756 6976
537 4547
6384 3795
5169 6519
6995 3359
2972 4949
2669 4857
5337 587
3199 3138
1215 5853
3685 5903
5291 2065
1137 2242
764 3192
1875 6419
2149 3898
431 4907
1552 3561
1045 1305
2772 4937
6724 6254
3015 4840
4267 6005
5099 6583
895 6065
5915 6559
1288 2434
550 3403
3210 4080
423 2422
1032 3756
3368 4245
2850 5927
1134 3940
709 1219
3908 1966
3012 2201
4761 2172
2979 3410
3083 5443
4390 4120
907 6723
5259 1505
4144 5360
6698 460
5736 349
3766 5807
2175 2823
4671 3710
2828 1532
5494 818
5919 6833
3894 6919
470 2257
2402 5242
5651 6497
1944 1057
4713 6483
1251 5809
4196 936
5402 3922
6612 6197
6970 2195
1957 5586
2035 6265
687 1024
2956 1573
3857 4054
1424 6350
4978 6465
3388 6601
356 1129
876 2803
1972 5614
6973 1711
2234 4978
1926 2573
4960 1145
469 2325
484 4552
8 52
670 3036
6034 4348
1274 4040
1030 4333
5072 6786
2710 5303
3813 2653
4523 6429
4385 3064
2284 6480
6611 5310
1947 3689
5163 1227
3134 3355
3047 3614
6448 1461
222 1029
4658 3278
3225 6966
1613 3631
480 484
5447 2048
926 6564
566 2182
1410 5397
6416 1612
2959 1956
5843 6804
3245 6223
5832 4473
481 2678
5342 4439
1475 419
6168 190
476 4178
2571 1534
1664 308
1260 6577
5495 3271
3269 6590
6576 5888
3563 6199
6810 2747
2009 6732
724 4867
1185 5759
1811 4948
5478 6391
2604 828
164 1182
1210 2267
2110 1336
2641 4051
6566 6823
4423 6574
4304 5268
6344 6837
2026 1563
5793 6791
3216 3711
5876 849
4556 3483
1271 5062
5597 5537
4943 1882
6436 6794
490 5565
5197 4618
957 4843
2946 1683
3830 4325
6911 1205
5585 855
1347 6126
5043 1249
1955 1199
4914 4818
6226 4758
5720 414
167 3863
1349 4631
917 3613
2782 1696
2081 3581
4954 2159
5743 1157
3054 1759
2429 968
2579 3384
3443 1090
2471 1943
2881 1792
6813 4043
2533 663
5792 3594
4206 1769
4344 4936
744 2120
5745 6717
1786 4816
6156 344
4499 119
3790 6584
3094 2878
883 3788
1953 3261
3561 2756
5047 5079
1912 2228
2007 4020
1305 6981
5372 3642
1992 1480
2356 6953
2696 4658
6847 2298
4764 4039
6949 4680
1026 4103
6123 3082
6405 99
1120 5092
2068 5381
4022 6667
5502 4730
2646 5156
5556 6349
4365 4379
274 5593
2083 2737
3034 4536
5764 5201
1084 790
6637 694
344 184
1198 1337
4820 544
4714 3242
2204 358
5157 6516
5389 873
602 588
3039 3455
984 4459
447 253
6335 6235
6079 2770
2416 5412
5194 2128
3533 854
2546 5394
214 5
4667 5342
5338 6794
5235 5909
38 4850
3825 6001
6923 4304
6187 998
2077 1203
1153 1466
6903 3988
524 3616
6657 3486
1941 5406
4457 1996
1911 6105
3974 3490
6208 4993
6070 4729
243 420
4998 2445
2526 6111
5790 6524
5086 3196
4907 1834
5162 6330
6868 6643
5933 5175
3021 5831
6651 4218
2236 2855
4342 5393
5225 4617
3735 3332
5679 4823
3345 6517
2565 6597
3544 759
6201 6644
6961 110
2263 4314
1905 5216
348 3734
3738 1757
1836 2189
5673 2968
3771 6526
4012 2956
3477 4147
1661 5774
4756 5269
3943 1354
658 6650
3006 5429
3244 2161
6821 3263
3497 1106
312 868
6363 865
6002 478
3452 6274
5104 2133
6918 187
6892 5651
1105 1636
5134 1206
5229 4280
912 3058
5292 592
2486 878
4446 3923
5445 31
4069 5524
4476 4100
6735 1694
5025 580
68 3741
5226 6878
885 1761
5221 386
5913 5471
1632 767
3589 16
2282 2570
2783 3510
5638 2938
4969 3148
4051 3434
5403 4526
6833 896
2975 475
4666 6307
3540 5199
2333 3519
1561 899
1162 6820
6963 1248
3461 4956
389 3874
1364 514
6011 4299
1768 1099
6276 50
4068 3989
838 2691
5740 3238
104 1720
1063 5923
126 6968
5089 3496
6919 6341
3148 3934
2485 2170
2152 2052
4877 363
3688 3050
4903 4072
3891 3061
2974 1455
1061 3806
1871 6323
1469 4808
1353 2097
5631 1473
3046 3174
1099 6923
3727 3726
2923 2046
5126 614
4277 1825
3434 6420
4408 3260
6878 4527
750 1848
4999 6496
6630 368
4396 4579
4937 1416
3869 6328
6601 21
6422 5026
3144 1784
4090 5582
3675 4160
6073 1344
5973 6387
3392 1751
4553 5463
875 3492
947 2255
3448 4141
1200 3372
2345 6603
4456 2355
5021 2359
4758 6190
6991 3290
5514 5343
6211 2949
6715 5239
29 1916
916 2719
6931 3402
1729 2258
4829 530
3934 3210
6803 4278
6765 5627
849 3415
6466 1164
4717 5863
836 5297
4028 5477
1220 2880
852 4174
561 3441
3249 1700
6812 5460
2810 2606
6906 4844
5656 22
1716 4511
3742 3530
554 4957
625 389
4095 3655
2912 2980
583 2989
3003 3584
5139 4320
1077 3672
4945 2828
3281 2275
5612 6486
501 2840
3842 2833
2092 2662
2671 5611
1894 72
3513 4975
1618 6661
35 2643
3282 6152
3066 6466
1663 3280
40 89
6666 4337
6382 806
3016 508
6942 1076
3521 1555
1709 6851
555 2992
2731 1464
6351 5653
2774 6731
5584 1100
3212 1186
1147 1160
5161 1738
4135 1133
226 3382
1554 4150
4353 4210
5730 3760
3527 1872
1638 1481
5199 6756
6552 6787
3679 287
1587 1531
266 4155
6643 4261
4735 5105
355 3850
2223 5884
4465 2226
6749 2227
6375 3387
5111 2448
4563 305
1221 4130
2126 6810
6580 6974
3266 3952
3056 947
2969 2995
2832 2739
839 5680
2031 134
2944 6694
4904 861
6809 3715
1243 6334
6353 1893
5963 4005
2335 3411
5250 6805
1135 1829
5198 1851
4741 3968
2904 5289
5833 1280
4126 5974
2608 182
2170 4076
533 6256
2399 192
3385 300
691 2546
1337 2917
5324 6704
4984 743
951 236
2398 2493
6516 6037
4853 1430
6988 726
485 4339
6289 563
3332 555
5460 6609
2308 833
3602 5968
2 6194
4306 5266
5846 2099
4883 5260
1851 3555
1805 5334
2225 704
5340 153
140 3926
364 5541
4728 6393
1690 801
597 6264
1996 2303
6046 4158
3010 6664
1597 857
212 380
1191 784
3356 4833
3708 1511
6017 4558
5978 2704
46 3728
4994 4953
3177 5324
4187 6164
1160 1279
626 5461
1113 4851
6951 3367
3854 5876
3969 3867
1169 2416
6398 3428
6700 3
1940 2730
4110 4882
3597 265
24 1150
5581 6234
4845 6066
1145 4613
1962 6900
5722 1598
4130 5450
4625 3166
6840 6960
3253 3963
5504 1068
5454 1286
1607 5897
5287 5742
759 5813
467 3465
5362 2183
3361 5295
2893 3370
623 1642
1010 1122
1880 4009
1219 5190
2385 2561
3882 6702
1088 1127
194 6375
6629 5905
3482 6786
1336 3071
242 3398
5781 763
2473 4247
3522 3102
3924 5160
178 166
6038 4737
4716 2282
358 2074
4573 2484
5573 4154
5243 2312
2205 3087
4581 2024
4378 6683
901 6464
2408 177
5699 4632
4624 161
3549 2051
4119 1535
4810 6536
4568 1585
2887 4991
6042 1072
1895 2164
6174 5847
6459 3080
3762 3752
4285 623
103 4634
1051 149
722 6716
4940 4533
1213 3999
424 2288
6851 5048
2299 4789
3057 5663
2801 1011
2125 1193
2918 4163
2215 988
837 2198
6934 3475
1745 5276
3557 2514
2151 3230
4169 405
2262 4721
6321 2261
5367 522
3576 5485
6021 6679
2709 2993
5746 6247
5185 604
4675 714
4485 6491
4176 3571
3366 3849
5862 6443
4599 5128
142 1472
4471 2192
1300 4188
5665 1638
5145 2882
3713 3468
3122 1659
6131 6351
6468 4562
968 6584
2062 5958
5334 6955
5709 3289
107 4244
620 4624
5418 3159
134 6385
2715 4242
6451 6178
4908 3219
3536 165
2933 5562
4793 3990
5885 827
3128 2483
3147 406
1546 6550
2947 148
5117 3536
113 3986
964 3763
1024 751
3571 3222
1510 82
5050 642
2268 2627
2281 3791
3665 3200
2623 5722
5401 6206
2532 1628
4958 2084
5129 2426
4608 5756
1378 2508
5881 2370
6705 3060
4686 2293
755 4183
4917 6207
2805 6503
2477 2991
3841 3141
4393 1549
5383 3049
4074 5538
3781 2197
4040 290
5519 3438
6866 4598
3535 5286
4455 2154
4775 781
661 1423
4313 4604
4444 1649
3888 3480
4460 3009
4768 4133
4043 1476
4057 4742
303 6139
6282 3240
2296 3340
2512 3717
5985 4865
1414 553
2316 3236
5801 1211
1821 5704
5212 4385
4755 5161
6127 4813
5331 4012
6356 821
4898 3082
5242 2377
534 545
4320 3317
5851 503
268 803
5091 1513
855 1533
6688 5345
361 5814
489 4743
5783 5449
2098 2597
2911 3038
125 5607
438 949
1860 6715
4226 2211
262 4015
3747 4289
3182 1544
6814 6873
5352 512
6654 1225
2826 214
5998 1770
272 1424
1395 1273
3397 1422
6741 1689
3391 1617
5982 1815
6958 4717
4449 3423
2240 3505
2146 2588
3301 3958
2655 3650
4701 5812
1141 224
6052 2471
1574 4480
765 6901
1415 4560
4557 4428
4912 3916
5542 5283
770 1773
3815 3905
4811 3014
3171 2360
5536 1062
803 5305
1460 4785
5537 5522
4000 229
1988 1173
4638 116
952 2401
3868 5794
502 1274
235 418
4264 4367
4865 3301
1359 6124
3537 2654
1872 6485
751 6673
2300 4583
3625 2392
2632 1907
3905 5877
5181 3921
2338 6743
4235 6145
3804 2475
5491 2517
4132 4657
6224 6828
2195 1027
3676 2520
9 5825
5999 6861
3050 4564
4123 3241
2255 2019
4075 1562
3823 680
6660 4684
1891 4814
678 4644
258 4745
1641 5348
4886 3022
3669 5772
148 2469
2457 1438
4604 6571
5236 3674
6006 4875
4527 860
5265 6054
2997 3827
437 1370
5056 52
3294 786
3377 4580
1041 1633
6697 6567
3096 4512
528 1547
4646 2132
5991 1095
6755 6406
5704 1315
1869 2810
4545 2066
6214 6356
6908 410
6310 404
4141 5999
584 3709
2078 5977
341 6055
4529 2235
3808 2652
2008 582
3875 4235
2898 6191
277 1718
4897 3835
2973 4852
3087 3121
5427 407
6203 4489
5200 6620
2924 1278
2389 6094
4794 3928
2737 2540
4428 1626
3319 2569
6239 5264
1495 3036
3326 3880
5827 6504
3038 3409
2613 4184
2692 5751
475 6466
3614 5606
6228 4516
4142 4315
1832 4780
166 2975
6502 2341
5479 5088
30 4807
4610 6296
5496 477
4056 5544
5128 4662
3141 3638
4516 2315
2033 5690
4718 2822
4112 1188
6303 3495
5644 4876
1885 4587
1390 2997
5742 2146
244 4914
4011 3751
2938 1588
605 346
54 5953
2128 5478
3722 705
39 3021
6383 199
4489 2958
1194 5790
882 5124
1633 3153
6729 5574
1535 1022
2879 5174
1239 5559
309 5273
2145 2152
4124 1811
406 6028
6982 480
2414 2682
5327 5885
2176 5624
2949 528
5641 3109
6593 4373
578 917
1286 6915
2487 3771
4730 2667
3691 3170
4772 5250
5070 3148
2082 4856
138 6562
781 5022
5911 3686
6524 6253
6541 1676
5570 449
5925 6084
1150 3626
1089 3903
2463 2531
4613 48
6092 1923
2261 3881
4576 4588
2809 3785
1808 1437
4996 6458
1333 1695
1779 1187
136 3470
2158 3712
1806 2124
6312 3762
3802 4469
4776 1715
5026 5936
5179 2309
5060 4575
5890 6761
4520 3362
6608 4874
5458 2705
4219 1388
1636 5126
4587 4259
6543 2865
3818 449
698 4425
943 5211
2899 5221
1704 5138
456 3209
105 6075
5144 5564
5936 1978
6588 2015
2107 1168
6314 6176
6831 3173
2115 5456
654 5765
3387 5029
1108 3768
4359 3257
3916 3925
483 3487
2940 4376
6625 4203
5735 5908
2224 410
3002 6743
1915 922
6473 2065
519 2399
3311 1941
2160 5127
3797 2986
3831 5770
3145 5219
3531 2856
3988 5439
2619 5823
1842 2625
6756 5746
5650 942
5113 1130
6222 2321
6569 6839
4491 6414
5 6452
3828 3493
2289 3047
5395 1846
2877 5132
5626 556
699 1084
1966 2035
3408 708
2856 1343
6166 5396
2252 6566
5233 6193
5808 4451
2639 5828
564 3653
1921 5788
6366 1378
517 3779
7 2898
6326 2237
5869 24
3631 1368
1797 518
1906 1346
3028 6012
191 339
2489 280
657 4410
925 129
6285 6859
5829 1779
3693 2851
2915 4060
4364 2818
1584 3198
1401 1153
5599 5418
5319 5992
808 1121
4856 412
914 1356
4778 2141
5472 6080
4406 6595
6418 3201
1974 5660
6957 1995
5727 1058
1635 1010
3697 179
3615 6241
5546 964
2445 6569
1598 4913
5133 4228
978 973
5755 1914
197 1739
1741 5085
5747 5402
1959 4965
2434 3020
1899 6153
6865 5661
6900 328
4841 769
651 3397
2742 2092
4340 6523
4424 6859
1490 707
4318 4177
5281 4263
473 3879
3994 5167
4419 4396
3736 662
997 5071
6016 3259
1087 1179
694 3525
3330 4034
6554 1056
1984 1470
3570 4335
2379 3106
1302 3625
3960 6277
1617 6020
4751 5959
930 5087
4995 5431
1416 4824
4522 2458
4410 4899
3575 525
5895 4164
13 3701
6171 5964
3403 6572
3321 757
1396 1196
4405 621
4538 239
2375 1716
619 4419
4199 5403
5516 982
4026 993
6728 2974
3013 4886
6256 3812
2726 2960
3271 3447
5863 1156
3235 2665
2687 4197
891 4388
3008 6086
5412 2100
6440 2382
3255 1673
3843 6783
4381 6210
1927 4712
4174 4233
1586 6306
2443 5549
6648 2910
6231 3429
5655 5906
4678 5972
3327 6279
2076 839
2438 574
6462 945
145 1023
2845 5270
2294 316
1189 4067
3593 5028
4067 2953
2001 929
3285 1088
5969 2725
6067 5482
5914 2720
2614 4753
2502 5069
2788 1701
6018 658
1918 4149
769 355
4107 2537
4821 3151
929 2574
6843 6749
394 4252
2528 6468
4228 489
493 6881
3023 5450
6531 1569
461 1706
1027 5294
334 2269
1725 1471
2987 1118
5712 4377
6281 5994
1457 6081
6752 2899
1865 5050
5031 3090
1506 1269
645 5300
1565 2619
4168 1973
2203 1908
5822 5385
4372 3146
1567 4866
1383 2405
3914 4275
6115 2482
494 5785
593 4967
669 1235
5446 4274
2989 284
720 2512
60 656
5659 2083
1637 5416
523 1165
4737 3152
6534 4880
1735 6771
2937 3111
6678 66
3587 303
5471 3885
1391 2389
1837 6628
5147 901
1967 517
5393 3781
3005 4196
2503 1539
3414 3748
19 4775
3475 2215
1932 46
1432 2077
718 5147
1484 2343
6790 2142
2981 6964
4089 939
2963 1937
4767 1616
4387 28
2097 2632
1621 1657
3132 2151
3907 4468
6135 5237
2587 6912
2664 3647
2269 1363
6992 5331
3232 4834
4838 1654
6964 6449
132 2091
5820 4047
1999 6224
17 559
3106 4082
293 1247
189 4771
4122 4187
1481 6313
6311 377
4150 6936
408 3270
5837 2804
713 4491
758 2202
921 2777
1106 6498
5630 4260
2029 4221
20 4900
1180 5997
1252 4887
6805 2335
4840 6342
6537 2112
1167 6251
1477 3981
6649 5159
5441 1421
6099 720
6896 1805
3268 1251
2515 3887
4644 4323
5351 2535
3152 3742
116 6747
935 3841
2248 5880
4503 2489
1713 477
5108 3117
6106 2892
411 607
3242 1409
4859 2839
1759 2741
4532 6428
5048 6196
5932 1902
1588 6188
451 4505
1670 1798
6599 6021
2066 3416
2181 4357
5989 141
2744 837
1423 6460
4921 6314
3686 159
905 154
3325 4686
5105 461
1511 137
5983 4655
6955 3877
2802 1802
1225 861
5476 4141
234 5863
5288 6462
1033 4968
4703 4116
5786 2817
5750 1367
2723 6599
1879 2873
3821 5799
1896 898
3142 4881
4813 4885
6533 2163
3626 5639
2592 5589
2448 6632
3668 2915
1276 2185
1335 643
601 2071
6845 1276
2058 1830
2601 5584
2159 5896
3346 2519
2331 3992
5850 2622
2799 4514
3159 4619
3129 2424
962 5383
4437 5241
6438 2927
1433 819
1258 3059
5304 4069
2751 5338
308 2101
6072 1281
5639 5713
1887 3250
3510 1015
2070 4199
135 5382
4010 5419
3724 1349
3687 6561
3777 5008
6287 1351
6118 4352
3369 6600
4742 2815
4979 1580
3826 1323
4117 1768
4374 6535
6428 1814
737 262
71 2886
3950 5938
5258 2782
5487 5274
6037 6515
187 6952
3580 5686
2559 6412
6802 6987
727 6970
2953 5422
4659 5532
5407 6131
4815 1060
863 3832
5866 3114
2278 6432
2365 597
6291 6850
3251 2113
1006 2868
4957 5555
4211 172
1548 55
2196 1608
4088 5996
1229 5766
4094 5271
5289 5476
296 3010
6517 3529
4131 40
3130 2700
2172 6686
4851 4852
1846 3844
5347 5279
6432 5420
2860 2755
2606 4493
2211 4692
2466 626
3390 4939
3072 4288
880 5507
2507 4382
6614 2135
3363 3898
4645 4705
1181 2400
3635 4062
3158 4878
4238 6461
2880 5151
292 5782
3181 230
1327 6520
877 5575
6290 6388
3333 12
1620 6382
5962 1550
419 452
1002 541
3445 4121
2892 6198
5912 4555
4333 3343
6981 3045
78 6430
1360 5824
1824 3540
2025 2116
5794 6087
3647 2859
3470 2134
6927 2114
6197 774
3492 6071
4676 5332
3200 4089
4601 90
5166 427
3709 4701
6912 335
3315 2722
3042 6499
4765 2054
4668 1194
5897 4454
3643 5833
3715 2209
6389 3085
5769 2732
5975 2729
1973 6865
6829 3197
4413 2037
3653 4518
6910 5053
6529 2863
122 4101
2422 3051
1308 3342
5115 251
665 2002
3574 3383
2441 388
1248 6888
1518 1869
5591 2713
6860 1243
6149 6163
1111 6507
6075 301
6023 6311
215 1986
6060 360
1299 5375
3186 3072
4802 4243
6828 2136
6605 1360
4580 3209
5380 2825
2047 1953
6867 1712
6680 6636
1747 4864
5772 5688
5360 6870
1566 5696
652 5900
6774 6043
4366 3084
5189 5319
1530 260
1687 2485
85 6289
6000 3805
6604 5803
4036 3318
4990 3516
2180 1570
2891 6039
1131 6803
160 6316
3051 5952
6579 6474
1878 497
6590 4329
6045 1176
5464 1331
1233 5006
2199 1571
893 5731
3189 5579
5711 739
4740 2585
3458 4182
1179 6606
5916 5859
1942 2581
4622 1261
1679 2723
5748 4548
903 1845
1646 4855
2446 6379
647 976
4317 6510
3280 3309
2417 197
6849 3826
2265 2145
1104 4341
3004 5687
1744 2592
5493 2402
851 2419
4265 823
6978 2844
711 6991
1009 5834
4777 5435
1130 347
5387 1724
2523 3488
6842 4142
2732 1017
102 225
6056 4421
1365 1950
5753 6933
1658 2669
2530 4345
2745 6183
4161 4446
5438 4085
4774 3825
2393 3547
1454 4436
1123 2639
2738 3667
4732 5817
866 4931
6379 5080
53 1854
5032 3943
4252 5544
6879 1808
1683 4279
4800 2000
1343 4925
2368 629
5201 3546
1425 977
492 1595
2232 6262
3893 5918
1446 2913
4256 385
1545 3437
1589 4125
6684 6209
3423 6127
5848 4523
6722 4234
1165 2068
5864 3833
5309 2598
6581 36
6376 3523
3928 4646
1840 5448
6573 263
1883 6521
4901 1431
1012 5186
3264 5341
2544 2524
3947 6555
4351 5852
5662 4830
2387 4672
4053 5861
2138 2406
4458 5064
4294 3542
4983 4397
2586 2794
1118 700
2065 1097
5756 1818
6414 6233
111 4026
5044 1265
1486 3113
4582 4369
5450 2754
723 6795
6458 2311
6391 4176
4158 1667
796 4590
5023 3789
5082 6917
2920 4082
6147 6611
5981 6293
4 1537
1007 6364
4695 5878
928 6415
6997 3872
633 2184
5577 513
2562 5919
2659 3406
3767 4918
5826 577
4992 3228
4874 2614
6515 4181
6669 1797
2749 6201
655 2138
4201 1887
2497 3918
3541 4708
2844 6670
4334 2093
4046 1756
682 3405
2773 2380
3109 5013
204 4534
5904 394
3412 1169
1977 5025
5582 6175
5375 5002
1004 3280
5974 4989
4202 6091
3001 1655
2560 5399
2219 5583
787 4529
819 6003
1166 5980
186 6157
5596 3652
6057 1125
512 56
3847 1924
1505 4122
429 6633
4770 3866
3231 2014
2444 5657
6675 984
4635 6591
2529 5727
3768 2684
529 5208
6419 6463
2764 1929
2625 4774
799 5509
6248 1974
6536 605
1624 2813
2251 4227
3806 2835
5688 3389
4977 6813
3564 3433
5216 6627
6182 4682
3678 6943
6932 2892
4567 84
5477 5015
4922 3294
2876 6352
2256 4762
4307 1627
1585 5623
3837 905
871 6666
5432 212
5640 6693
3357 6812
1517 5669
2900 5519
112 1292
3993 6657
2741 718
504 647
117 3870
2247 834
635 4236
6510 1012
6897 4557
4989 3685
3933 5447
221 4951
1950 5202
3483 4069
2558 3199
3881 1110
6771 4273
4190 5864
5621 6383
4454 3607
4649 3732
2638 699
3486 797
4224 3776
6340 3019
1644 2272
5343 1878
3634 1148
4388 2881
5713 4544
2839 17
2594 831
4469 103
829 1454
3903 2259
4935 3006
5666 6270
6707 1129
5499 106
3103 5223
4240 4095
3188 5347
322 5004
3205 5485
3785 2363
3502 255
5266 4317
6817 1159
2889 956
5214 320
536 6140
3765 1452
3031 5493
5965 766
2871 4
6733 5068
5456 2921
4629 6905
1373 540
2527 3069
5093 4205
1201 2990
2303 4011
5646 6162
4868 14
3080 3845
5022 4861
4447 5102
1076 5511
2580 1806
294 1089
4013 4896
1008 2951
3763 5413
1331 1873
3208 4230
1031 2424
3466 3485
4054 3223
4517 109
960 1764
5734 5091
1057 2871
6390 294
6772 5518
2907 6390
4182 5670
940 504
1136 5911
6887 5030
3163 2410
3236 5990
6194 5162
3309 60
2283 6208
3061 6057
2763 6489
1083 2692
1042 6002
488 1397
815 6543
3476 241
3774 6631
2272 925
482 3255
4111 1386
4145 2646
995 2107
1998 3257
4373 2826
2976 6136
93 1559
5946 1675
1970 6697
4354 4499
6300 6701
4044 324
455 3595
1728 2103
3030 3178
3900 914
575 6394
5986 2171
2789 4474
5675 2772
4214 738
3304 2059
5211 2733
2962 1126
4443 5654
6088 6788
5336 5384
6850 1783
3543 4738
4148 2040
2569 3929
1529 6488
2506 6614
4266 4355
3714 791
6969 5238
6628 4868
6564 5609
1473 1161
3371 1132
1346 3281
3957 1333
5127 6639
3979 5617
299 3552
4705 1290
5076 3134
2767 6990
2491 6985
1809 2701
4533 3512
1455 1931
6003 6494
4641 1674
1021 2698
477 142
2049 3900
6179 266
2909 1441
3645 3797
5694 491
2500 3633
4165 6076
6702 6291
3195 465
5994 3662
3519 6581
4300 2460
4974 5224
2350 1322
2861 3901
1523 1102
4827 6304
2054 6025
4831 5947
6562 2947
742 4772
3197 1131
1925 6897
3457 5773
5615 5995
2703 5602
3917 5218
5378 5805
6110 126
2105 2708
5470 1390
2424 2018
3819 6275
3773 1077
2465 4207
1600 1154
2087 2029
5396 3706
5384 6263
6782 6063
4757 3533
3612 4926
6009 2590
2392 4687
3428 3937
4574 1600
3671 2327
6051 2033
2843 5049
4864 6754
5674 1634
6482 1730
5186 960
3334 531
2052 4848
199 2693
1723 1120
5165 2438
5589 1990
3927 581
667 1755
323 3688
6503 4601
681 5497
2174 4688
6374 6367
3661 4475
5576 1610
6044 5514
2187 2174
1264 5677
3951 4455
2085 4665
3435 3807
1090 6895
3931 1509
1289 6017
2044 3942
5307 1484
6781 1999
2525 2122
2130 3123
5468 5761
3915 5358
1901 5915
685 5228
3317 5669
2645 6009
2554 861
786 2150
6902 4494
5578 1648
2014 633
4967 941
5114 1881
7000 6549
2539 5693
4618 4977
1249 5130
66 3746
4008 695
2460 2924
6249 3764
6090 6239
986 1180
6513 2038
6162 5512
6112 434
3 4725
634 3520
3810 2946
1125 2011
2758 3517
4272 879
2493 961
707 1013
1532 1519
6373 82
5920 2922
1639 3401
1376 2285
979 2836
1777 4521
1392 2391
5543 6640
6861 4113
5508 1492
4492 1394
1205 6478
3107 796
5430 6216
4619 5930
6754 4525
1306 359
2919 3286
621 3676
6071 6405
342 3439
1890 3609
1669 2217
4085 6318
5868 2714
6100 2547
6898 80
6494 628
430 838
4125 4407
3278 3067
5195 4535
1601 1202
5413 3924
1898 5253
1702 6749
247 3341
5174 3671
3207 2557
5681 2449
2977 5401
5188 2386
2442 3873
3739 4755
6694 1903
2148 5708
6779 3511
383 2196
5658 6623
5909 1052
3844 1008
4597 2680
1500 1405
2439 5018
6229 5381
1313 6977
5178 2809
462 996
5592 4616
252 4921
6445 6132
3968 2961
2254 5854
5414 3579
3864 5944
88 32
2135 5597
5551 5150
260 2977
5285 5084
6746 2577
4184 2664
1468 5081
543 4559
1503 177
6069 319
6449 2650
1371 3863
6606 5019
5382 5444
867 3162
2415 6662
548 5983
1046 444
3607 1653
610 3395
1689 2679
3640 5033
4086 6212
976 5333
2406 413
2903 2954
1686 1162
4976 4238
1736 2506
3339 2870
6748 438
6762 2238
4804 4888
439 6441
1799 3543
4843 900
3336 911
613 5955
318 5520
6278 5676
1543 5717
6873 1213
5637 2834
3116 6372
2794 4972
6994 2505
99 6168
227 3165
547 2310
1662 1680
4687 4081
6402 1733
994 5672
6915 2307
2192 2988
4478 3868
1720 644
1334 5644
298 4143
3124 4009
3990 6231
3912 3417
3829 846
398 150
4312 6677
6504 3430
4525 4351
1844 3373
2352 4477
1849 3694
340 6403
4570 4606
2838 3144
2556 174
2436 2673
5922 1114
2318 1226
944 6214
2310 3298
3135 4790
3069 5154
2018 4626
321 472
889 2034
6408 5922
2777 5362
198 598
1938 1487
1800 5466
6690 4889
1403 2499
2841 2657
3608 115
1537 3556
5882 5629
4445 1141
1760 4490
4343 3987
4855 6159
6560 3325
1968 2212
2479 3379
5255 496
2746 1614
822 5850
2432 4660
6241 3570
4308 4522
6361 4603
6133 1966
3733 9
3490 2403
6183 6869
784 4118
733 5764
1881 2062
1278 2465
776 2731
2297 859
4648 6354
5278 373
6286 5480
937 5374
2866 6660
1223 2481
1203 3118
3073 4927
6692 5172
1877 698
5906 4641
4029 6302
5282 2432
5435 1972
6054 5863
2461 2941
4327 5962
4002 6295
5314 6283
5569 4617
3866 4879
1833 5542
28 5929
2612 3747
603 1604
1756 6122
4222 1782
5765 6899
6578 886
1291 3380
2679 5112
1178 393
2572 6457
4938 1220
4694 864
3136 548
5796 2963
2813 6360
2930 1754
4788 768
3896 1722
4316 4681
491 436
2228 3721
5369 3548
1504 3024
2206 773
1780 5737
6218 5804
3677 3855
6546 2368
3465 3381
4146 2022
2677 6692
761 2297
6396 5796
3982 6018
2061 3491
3711 3745
5653 6938
6400 5125
6114 4787
6943 1166
5279 719
3274 1486
4367 5095
2060 6884
6827 5491
4453 5200
2339 1081
1209 3833
4540 3034
4488 3989
6136 1083
5779 1968
1445 5133
6914 2096
991 6588
1240 706
5872 59
2808 6790
4041 524
4598 930
4260 3632
1873 6688
3904 2584
6330 6939
4484 2130
4871 1325
6670 6370
4014 5445
4421 4189
4241 4933
933 6453
5961 4645
617 5781
3583 3279
12 3514
1864 652
5884 422
3514 5966
1754 3208
1163 6156
6635 5400
1268 2530
6507 712
2545 5395
4261 4129
1487 2775
5084 1140
1110 805
511 4923
1438 1703
3695 1707
2878 237
4830 5367
5566 6766
5541 740
3247 3781
3164 2548
2957 3575
5500 2075
6111 1415
3372 1510
2537 5142
2238 2621
5836 5003
5302 242
4763 2109
1388 807
6872 2744
282 1090
2322 5043
2730 1321
4276 6468
4647 147
1488 4723
4005 6113
684 2841
4442 5377
2748 6418
446 6940
6130 2378
2629 4722
811 5423
680 3761
149 4670
6712 4295
448 1888
81 6298
1949 2222
6195 198
3573 2199
4506 1917
5776 4114
1680 1860
228 1338
5845 1883
1571 257
3419 507
3204 6548
5442 1954
4331 6653
3420 5904
4526 5010
6170 6439
2011 6573
1328 6034
6081 4099
850 1271
4759 1660
4181 1969
5286 2111
6996 1314
6264 4467
5058 5335
6777 3462
3077 458
4251 852
3324 5184
2377 6703
5320 4946
3473 1644
2886 6355
3706 3829
6410 4460
3348 3743
4368 1697
5595 1615
549 285
6246 2842
2795 6819
3532 6240
1971 5535
579 3680
5202 331
110 3391
5315 795
4685 5776
5702 5097
6522 2786
5993 4903
4590 4838
966 6502
3067 792
3633 4018
5883 5370
4689 3532
6953 5265
3977 4734
1312 2834
6284 1493
1478 1951
1443 467
3852 3971
1648 2365
2776 3347
3355 4673
3585 765
2216 2243
6024 3474
4569 3808
1272 3566
1990 5960
2051 3463
249 3133
4380 2361
735 342
2778 6417
530 471
3338 3132
4083 5292
894 6616
4052 3978
3101 2050
2184 6218
236 1483
349 6612
4422 5635
409 3056
2057 1396
6875 186
6487 5703
4932 5426
5988 5073
3609 2572
4376 744
2040 4809
732 1155
41 3096
5944 6282
4128 6541
1828 6161
6421 892
562 4302
4079 3935
6342 1458
4631 6613
3971 4191
291 6044
1428 5317
6587 5344
616 4240
2985 3283
6165 5545
5417 5753
4837 780
3078 3130
2935 3865
6652 4911
1273 4685
5784 158
5724 3589
337 1601
500 1069
4464 5481
6381 2053
615 5891
233 2495
6984 5785
6474 4498
2531 5619
463 3453
2821 1387
407 3094
3619 3794
3036 6398
1627 6006
3070 3287
6074 2194
1245 1645
5156 5721
6427 611
674 3055
932 4638
3297 4940
6441 1094
725 4934
2311 6847
2246 967
3229 4414
1184 5987
2017 1313
969 3450
4508 4517
5877 4839
6877 670
6855 602
5260 2016
4163 5426
6568 2204
4055 2727
5857 6777
5143 245
5482 5244
2260 4430
3287 4791
3394 6347
950 3264
5275 1892
4655 844
3314 1272
5616 4342
1649 170
5547 3227
3729 5872
425 6635
2178 1767
5001 111
6137 5745
4096 2595
5437 4921
2295 4820
6155 4732
4474 6160
3867 1791
2873 5616
3700 228
330 3563
953 6836
289 248
6304 6286
945 1399
2822 2386
5354 6720
4709 1115
6258 1244
1943 6822
2874 2304
3582 3503
4823 1448
3358 1026
3175 6962
6191 423
6169 4070
402 268
6559 2683
248 1304
3421 3964
5097 3176
4015 281
1417 1664
464 278
5398 2687
5831 4570
3259 5925
4097 2764
5995 3979
4909 4849
6098 4586
3690 5427
6662 569
1626 4284
2321 4207
5966 3876
6594 4515
2141 3882
1740 5405
4627 1679
5935 5813
535 5390
3081 6871
1936 5989
6049 4845
1512 2351
1241 3955
1156 6173
2099 6232
2760 4702
4873 764
2932 3496
1916 1796
556 1435
2853 5841
3146 2187
3622 1066
1582 4571
6446 4650
5038 3967
3515 2080
1352 3648
257 5811
6250 6738
6558 5940
4822 3635
716 1033
1182 6377
970 1898
5788 173
5356 4542
6946 4236
3659 5490
3379 6243
2037 895
1803 1548
920 1236
4314 1932
5388 403
5874 1442
1217 3215
774 1020
2360 1391
948 1558
128 2350
2090 5291
4704 6809
2129 6427
3944 5591
4882 5179
2394 5684
563 5961
2094 204
6523 58
1673 4313
6759 5502
5676 5355
1222 3207
5492 6868
6689 5752
4887 1912
5405 6490
1382 5615
4550 1053
3637 6148
6864 554
507 2340
2847 3593
2602 5065
4543 240
5613 5027
4681 2928
466 6992
2834 5086
2626 6343
959 6345
5016 903
2605 1326
6922 4858
6600 5907
2467 2663
4467 2188
6586 4622
1052 4942
6776 1693
2475 3116
1172 2098
1737 3002
3599 279
6683 1406
5148 6433
6329 4108
5381 1301
1126 6910
3807 6879
6413 6913
4363 4892
3876 783
3984 6598
4683 2515
2781 5322
2674 30
4045 6386
193 5592
4435 570
5586 715
74 1525
2761 5457
3855 6283
3997 291
3920 5101
4670 3275
2079 1777
3084 6575
444 95
4411 2889
4106 4952
2680 3202
636 1925
3310 596
577 804
4500 3886
6221 3684
919 2276
5652 139
79 4445
1325 2115
3670 6228
2952 408
1913 5414
2577 550
6681 4325
3572 4105
3860 6984
4693 1228
869 5108
2166 2428
6974 5306
4783 3423
5277 3443
2728 5243
1358 869
5321 1177
1463 6117
4575 636
5960 572
2770 3915
4806 2837
6333 2787
2999 5769
4572 162
1316 1465
865 4847
1493 401
2290 5277
1400 6624
1521 653
6584 6825
3429 3220
201 3070
4227 1609
3137 6472
6538 1460
5892 1885
5308 1870
2543 609
1516 1984
3923 1055
328 3131
5752 5540
2754 1603
6324 5409
4690 5898
3307 3095
2358 2153
6068 6147
2483 6259
3222 1086
1028 1377
4571 1119
1695 1275
4965 4387
6116 4403
6336 3335
1976 3429
1482 4672
5617 3775
5766 2555
64 2909
3491 4872
4696 64
2140 2498
1081 617
2391 379
676 561
5929 1542
6091 3089
4605 3212
6610 4277
1236 987
2411 5233
710 6414
6493 6238
4708 2829
4786 725
6065 1104
1054 3840
911 2769
3095 5916
3221 6779
2837 6678
6240 4745
6317 5525
1489 951
3454 4211
6801 3858
457 6155
5410 873
5295 3299
5248 345
1541 325
1590 5231
4586 794
3963 6305
1402 44
1097 1434
5703 310
6734 2552
5116 2190
6514 5926
1073 6442
3303 1375
1987 1105
217 6029
2266 3013
5490 5984
4049 1579
938 319
3987 3944
4592 6697
4155 3251
369 3110
401 5378
3017 6137
3616 889
6119 121
6274 440
3347 3484
2213 6327
2022 5328
6895 3103
333 1560
6936 6062
5237 2644
2108 5856
1326 3624
1159 1781
4157 3993
4677 6242
2003 5120
6469 3630
376 25
2846 5610
1197 6325
4562 2703
5758 1890
1322 6857
2226 3464
6609 4336
5349 940
2934 1889
4952 6114
1734 5866
1060 3965
4577 3601
6268 4719
4881 6169
4384 6013
5045 793
5335 322
3870 5550
508 1293
2958 1244
1124 3003
1856 79
4636 351
1538 4447
6403 3909
1109 2248
3173 5546
2104 1934
5806 2008
5645 3906
6985 5875
2312 3695
6699 2894
3444 606
1436 4096
5690 3001
4531 2224
5234 6765
1385 2966
572 6727
5629 409
6671 989
2968 2629
1029 4156
1605 6492
4299 935
1672 4994
32 2587
6710 1215
1140 2982
3286 2553
4459 3265
5299 4912
3100 3947
5204 3324
1852 728
5642 5275
6844 1749
2016 4916
73 1
5958 4797
6944 2636
5064 1250
958 6335
2212 6698
5749 6958
1426 1688
3507 6476
4987 135
5923 1189
2633 916
3302 481
6 3300
5006 1717
5466 3221
440 2346
3418 4463
5927 3888
1749 5837
1958 6204
3999 1451
4534 219
2382 997
5671 1152
281 2538
3265 3229
336 6769
1558 1640
3636 4010
2307 6889
6785 467
5252 2232
5706 995
1048 542
3734 4017
3849 4281
870 5149
4951 1501
2695 1994
6066 3946
4560 3645
371 6954
1773 3182
639 5472
286 6445
2540 772
179 6852
223 1427
4205 7
3376 5879
6036 1450
3932 6371
6313 697
3992 5705
4953 2102
4966 5388
3383 3101
6567 227
2663 1524
250 376
898 2890
2835 5848
2421 3725
5802 2902
1985 5454
354 6882
5346 4530
5062 3366
2885 5689
6839 2514
6472 3025
2991 3802
5087 6961
2351 4992
4273 5408
2403 4805
3451 4115
5627 6014
3877 488
2043 4007
3329 3696
4360 2647
2348 5391
3167 4019
2597 470
3139 2651
3654 3386
6792 5988
1666 1197
421 5626
1476 3344
606 1891
4258 4684
2055 3618
6532 4909
4497 5851
2548 164
1464 3549
3814 5643
4746 1948
3121 701
2584 4667
2667 6408
2164 4135
3639 5697
5439 1748
4290 5943
3791 3498
5614 2415
598 3499
4118 4549
211 6072
174 2686
4271 6329
3610 906
5301 1361
353 6514
538 986
1653 1963
5803 5349
3955 2490
3393 558
5451 5312
6322 6423
2137 3507
509 3619
2431 1699
6799 6522
498 417
4466 1031
677 377
4791 2393
1853 2846
5809 2939
4762 4220
580 1747
5512 5107
3447 5740
2798 1087
2842 4983
1262 3857
5684 4832
15 439
1485 6056
1892 3774
2884 3985
2341 5440
3300 3508
4825 75
1937 5037
1622 1704
6275 3966
6673 3017
2095 4046
2006 2474
2905 1384
5692 2571
6661 4488
5131 6997
505 920
1285 6200
325 2615
4711 2631
4441 2798
2071 3729
5842 798
3745 6280
3479 3226
2072 6060
4661 5779
2030 3018
3364 1909
6528 3693
3493 4416
5348 4312
270 2086
4483 1772
3495 771
5732 2332
6146 326
311 1661
2390 6359
3154 6438
6795 3896
4210 5001
6478 3371
3267 3303
3744 4577
4518 4883
993 2628
560 2832
6297 271
5664 2240
209 5681
4234 6592
6008 5630
2936 3823
6823 3235
290 1191
977 3576
5140 5166
4542 3811
2541 3537
4913 4307
5424 654
6252 5650
4076 3862
5184 5498
800 2846
4394 2766
6819 2534
1794 6036
1830 2273
728 3253
3115 730
3353 2080
4332 5957
4950 1407
3170 4031
6039 2383
1357 2564
3450 5056
5689 4405
5561 6817
4902 579
22 6551
3812 2030
1345 6271
1508 299
6539 6303
3459 6963
6659 1216
2651 1586
2147 1007
5480 2501
5066 5473
2634 6346
4383 3352
4642 5459
2019 4897
2648 2603
4093 6301
3090 5145
5151 6150
4920 3311
343 2396
2575 4784
3405 6538
985 3506
989 2277
359 5340
1596 2337
1515 878
4436 1915
4699 1824
2656 5572
3359 2611
1494 2658
76 2738
6737 3081
3718 1921
516 142
3816 1849
3110 5921
4663 499
2970 3302
5574 1977
2910 4395
4149 1108
5406 446
6387 6149
6395 6031
3118 4162
2833 1905
3741 1204
6103 5873
1581 4378
3779 6068
3203 3145
632 1511
2111 6409
5121 741
2073 700
6816 2983
5284 1059
1038 2510
2583 1467
2194 2677
5871 6965
4114 4783
6080 4362
1684 5625
1655 1246
2750 2078
760 1339
3925 2687
4480 2932
5332 41
845 3991
2324 6989
520 4053
4665 2262
1127 6937
5155 306
6120 4271
2315 1111
1982 6842
2862 114
5434 4045
6653 3169
6884 4986
6550 315
169 5838
254 753
4140 498
2274 1729
114 1785
1705 1874
1034 2875
460 3304
6357 1326
171 6782
6488 2201
1085 2522
3909 1662
6320 2715
5682 3154
5274 5797
1914 2936
6404 974
4798 1561
1340 1774
3620 3319
1056 1042
2139 4350
4335 3137
3596 2437
449 6637
2050 4212
2435 364
4253 5893
3501 6276
391 1302
5210 289
6620 1475
6549 5051
1767 4173
3218 1256
6959 915
3138 476
6668 1676
6983 4668
4064 6914
3880 1440
1513 4677
4650 4157
5649 325
2257 1521
1771 250
2649 6542
3559 286
6308 5021
101 6097
5959 1621
5603 276
1822 3431
2535 2446
5554 6425
264 6781
1602 2545
542 3982
89 5505
3395 4683
2169 4954
5353 384
5609 4420
2286 1502
4438 4635
3270 5058
6262 5024
3902 1884
5701 211
3545 395
4325 4190
6399 2331
2347 3974
1769 787
1275 2599
137 732
4792 6082
3178 2511
5633 6246
5055 5529
1315 4442
2719 2147
641 356
4866 6339
3846 4962
2711 6969
5241 2709
3699 1736
4981 1389
1379 5785
5643 655
3091 5257
2109 5726
4781 5309
5146 1277
1991 4117
5685 6547
310 5734
6618 1308
3945 337
3288 3969
581 3950
422 6015
3436 4075
3803 2110
1839 4932
1420 4958
679 5979
2514 3043
3978 6935
3558 485
5907 1075
4544 6994
6480 1254
1211 176
4836 2735
3237 1623
3542 1803
1161 1288
1355 6728
1195 4963
1066 6404
816 5638
6725 5724
741 5816
3352 6358
2895 6517
6261 6205
6063 4226
4504 2450
2520 2781
5358 684
5120 2144
2207 812
6672 6396
129 1175
6359 775
1132 6096
6144 4884
4034 3277
6926 1494
4725 1822
828 4094
5033 3702
172 6085
1743 2004
5856 6929
2103 4383
3581 1765
6499 5167
1115 1844
5524 4412
4429 6269
1050 2044
5847 4102
3026 1514
4769 1622
6030 4678
642 2036
3378 1352
3049 4971
6894 5256
2552 1624
72 3244
1642 4424
5990 5659
998 5922
2888 6533
1862 6471
4416 3679
3588 1218
5992 4002
4502 4618
6677 5437
6738 4013
5426 4585
2275 3961
6575 314
1230 3454
4760 2494
5173 6142
777 536
6253 5321
5003 2808
3838 2420
3487 6400
6238 6245
6301 2329
6104 6211
2960 6027
1980 6000
472 3053
590 6719
6557 4578
5483 4052
261 4731
1329 3941
2640 4334
5623 595
3092 2326
5363 4465
5123 6755
6298 3670
522 2850
5757 20
4200 3318
6764 2970
2785 3473
6907 6748
3427 3139
434 5180
1677 5585
5858 2900
2059 3204
5768 6411
1242 755
3749 1787
5873 1092
904 1347
1835 5288
809 5699
5193 729
2505 4437
1498 4735
3759 2721
2287 4710
1795 392
2276 678
203 4441
5039 4311
1259 683
6862 1933
6767 2353
2291 6440
4674 788
384 5123
3063 330
4513 2935
514 1802
6990 3910
1929 5965
3794 1235
3340 3959
34 4380
6372 3119
3598 5720
4832 5096
5700 2724
731 2558
4065 4209
1112 5041
5422 5945
6505 4799
2699 2750
1834 767
570 5749
6040 4945
2239 5434
1961 566
2519 2385
4073 2849
5813 4411
4355 970
6232 6648
3381 2260
6979 13
387 4364
5728 70
4032 317
2591 208
3769 2806
1212 5801
3750 5119
3511 2872
2309 731
6455 3456
2374 6413
5269 6930
5886 5842
5729 3093
3276 754
5042 4924
922 4137
1814 6426
2053 5320
6235 1255
6154 486
6012 6554
4213 4088
1897 6008
6181 2563
553 6038
1903 5106
3202 3232
1922 4947
3865 6177
3230 618
4245 6431
5632 3738
6696 834
4482 4871
2668 5000
6621 2891
6826 3185
6972 5198
5409 1478
6685 2352
4535 3524
3279 4024
2518 5168
1231 2579
2482 749
6302 627
6086 6885
5533 3323
1964 1671
2690 1605
3506 5363
6633 2043
6663 3972
5150 539
1342 5830
5723 1329
1149 3326
4296 4303
1005 4107
1761 1997
6745 1589
4905 1355
1332 643
4847 178
1470 3839
3343 3256
5522 4811
1284 6144
3256 3377
1718 2357
3500 860
413 6082
6225 6712
1408 3769
302 4262
2807 269
3474 2213
1762 6887
4595 3705
1307 4365
4948 3814
3795 74
5159 6482
3020 4961
4345 2811
513 4152
6818 733
1969 143
1791 5552
4875 3345
6731 4170
5795 850
5344 4104
5386 4482
3538 4636
5014 5110
1907 2848
5977 4826
1531 5436
526 4059
637 6890
278 3690
2119 6312
1071 4306
5618 880
4773 3912
874 3683
3897 6948
1146 4736
5452 3654
3805 6130
6255 6582
1524 4148
2450 3127
2824 6741
2621 5090
6392 4061
3652 6647
1080 2957
1789 4902
3832 1560
6464 6064
693 1732
5473 3592
357 485
3211 671
2091 6030
153 3889
1412 3214
3539 1420
4630 2336
5964 5428
3732 3699
2825 2559
4337 6317
3567 5438
6430 402
5443 5372
3848 3042
4177 77
2401 6512
4477 3262
4461 354
4828 4620
454 6436
5224 462
3728 5975
2800 6202
6638 1643
1409 881
3161 2179
4291 564
4152 5902
2481 1760
600 1658
5377 779
2340 445
4672 4627
559 6618
10 927
862 1234
3885 4765
5817 4310
5368 3310
726 1938
5930 1411
27 6629
5002 5191
4153 5446
2654 5738
2271 1611
6439 213
5648 38
5804 4198
5228 6215
6015 4202
4891 1599
3065 1554
5721 3267
6686 5099
4432 6167
906 4246
1078 259
3664 946
3751 1594
3692 5648
6345 1710
3556 4744
5763 6309
4551 3208
6437 4941
1121 543
6378 2768
2854 6586
2233 6135
2762 6944
5816 4546
5517 2656
3441 3008
747 2234
767 2404
377 4322
2046 5104
2153 5083
6555 215
1569 5389
5707 5547
2420 1564
5429 6695
3508 829
2100 4749
4863 3467
3793 5354
3075 4633
2617 5612
1492 1429
1068 1257
4216 4696
1452 2095
4496 1241
3422 6244
5239 3920
4916 909
6078 6831
5771 3677
5310 2566
900 547
6760 6725
6656 3973
807 3120
331 2058
6369 3413
1323 6294
4035 5840
3224 5707
4270 3186
721 353
4997 4249
5593 4255
5376 6932
567 985
5715 4022
2725 937
5528 2418
2325 1426
6807 3369
6545 5442
2644 5937
6751 2495
2870 6518
1572 32
3331 1991
5051 4599
5840 5762
3407 6808
4023 4368
133 2959
1361 6506
3123 5815
5370 3559
915 957
2298 1685
6526 3864
6947 39
6622 3704
5527 1952
1339 4693
161 4145
804 5548
6064 4431
2855 1936
6041 2903
663 2736
4350 4316
1301 1522
5267 352
3827 425
4911 4041
4275 3078
3233 5901
1547 2934
5073 5075
5326 4781
2922 1568
971 594
4115 5806
1246 3157
4589 5939
638 6219
6750 4759
4395 2060
4099 4087
3565 2063
779 4033
5325 1926
2214 1348
1629 3894
6824 893
4138 5307
3082 4225
6786 6118
3839 6217
1190 2181
146 2778
2967 4030
4346 3075
3079 4025
3901 2462
5910 1222
185 1340
6476 1919
890 398
1321 2306
245 5928
3261 4126
3879 630
4020 4294
338 37
6465 3254
1514 1299
6213 4264
3788 4651
3463 4172
3044 6768
6977 3334
6952 6083
4472 1726
219 6973
3105 11
6965 3591
1151 6529
6355 6906
3954 415
3863 2630
4156 3539
5695 5060
4915 5486
6822 2788
965 3908
372 5971
3967 6617
3782 1032
1247 4296
3260 6288
2573 3184
4129 2578
3895 675
1298 1744
4850 2390
840 1369
496 5732
6035 3596
396 2047
5371 5812
2476 521
6245 1852
2409 4629
256 2783
3799 1025
3577 3617
4328 6672
6207 247
1044 3738
785 2433
5063 6676
4167 3105
246 3321
4309 1328
173 3561
6055 2525
3396 4831
2142 5704
6175 6764
4754 2421
988 2908
2948 5277
5777 3233
385 4893
6706 4928
3801 4073
1738 4505
6852 822
1681 1163
230 4502
6664 4461
6874 4185
118 1330
6058 2893
5467 6705
5475 1691
238 6066
3433 3754
4723 2010
5741 1682
5011 1865
5928 3792
3089 5230
2551 6799
6641 2425
6212 4427
2865 6691
2705 3219
4803 6261
5262 232
4632 5735
6789 3750
1645 3572
3929 6545
1074 2251
715 1875
6161 1063
1368 3960
6442 4741
5125 2762
4349 874
3032 2143
1710 3938
4549 4466
5296 3471
175 4844
2364 3504
90 3852
307 5894
162 5236
861 1967
2793 5182
782 6531
2509 4123
5814 6757
3263 991
1091 2319
4172 5634
4102 3149
4805 1500
478 872
4982 6797
4048 6589
6800 1763
3835 2542
5767 1263
6456 5613
3240 1725
5751 235
1064 1339
4519 4443
6945 5452
3022 3444
1522 3171
6343 3567
2069 511
3684 5261
6647 338
4606 5483
1656 502
1696 2964
506 5052
5095 3288
5940 1911
4736 3884
3489 4794
2955 3000
1816 4592
6393 3414
5053 3330
5079 2516
1818 5212
4175 390
3027 2009
170 1668
5223 3320
5552 1221
2702 4359
5899 2635
1719 5137
4137 3457
5305 3425
5077 6818
552 2256
5762 6674
2454 5671
184 6397
3007 4201
1671 6849
2343 2229
