8000
6237 1532
325 4200
4357 1441
3 7719
4138 2128
1987 5322
4443 1501
5393 6873
5033 338
5335 179
5460 6371
5071 3945
3109 1019
950 1231
1591 6450
2575 7112
3061 7391
5392 1839
3771 6538
1714 935
6902 5403
592 2842
1927 5782
4692 6110
3275 1604
4144 3022
2730 4810
5200 2178
713 2617
1912 3836
4018 1457
5263 2024
5785 5667
768 3260
4097 7384
5664 6282
1703 6133
2845 2978
109 7736
6956 2772
7760 5068
6072 7562
4754 3823
2492 4597
6114 6336
1009 6652
5266 2915
7482 1047
2732 6932
7338 7503
1161 3872
2812 2371
4907 7609
2216 7616
4042 4870
7181 3003
7432 5874
1232 3067
3074 6749
7331 318
383 1288
6152 5164
1325 1259
771 5434
2187 920
3257 944
7541 2702
680 7865
6517 5584
2667 598
2620 3718
2355 1336
3488 6581
2110 1552
6453 7217
4220 4095
7613 7082
6995 3143
3320 6954
3431 3029
1670 5364
899 2063
365 2484
3722 5027
1494 1936
3518 7386
6275 5223
1846 1387
6435 2137
6834 5139
2272 1592
2378 7867
5040 2892
2056 2542
3884 6496
1887 2247
4890 4193
2327 197
154 7319
2280 3416
2319 473
1540 426
6124 7393
2192 4287
5293 5946
3481 358
2210 6499
7562 3021
3702 530
7643 1953
999 2958
7160 3624
1192 3495
5968 4038
1133 3392
1871 7793
502 344
967 1685
5426 5047
7585 2368
4560 2132
7779 3930
2311 3884
2646 5113
553 809
4069 7447
2813 1275
567 2495
6502 1922
4098 5751
6190 5548
5702 6667
5255 2084
767 4746
543 3126
1557 7163
7305 6811
6244 6583
6477 6069
6388 111
5057 6641
3131 5964
4551 4767
3958 3111
1131 5848
4761 7804
1253 1712
7296 2986
5144 808
526 2913
4798 189
6075 2479
806 3578
2108 4757
5880 6912
1655 7087
4752 4323
2453 4590
21 5333
5232 4070
1601 7149
7161 4628
2120 4864
6047 3483
3542 7309
959 6234
205 4543
298 5208
5539 7302
3547 1360
6452 7797
1924 3921
3914 3350
3696 4777
7657 7143
1804 7535
5885 2010
795 1880
7931 5125
3420 7173
3746 740
6491 1162
560 856
7909 5006
5246 3219
1744 5312
3389 5462
4667 6278
5425 6289
4351 3559
4437 3144
3584 2029
3487 4556
4147 6141
3936 3359
4210 7332
1425 5482
7413 7450
517 728
824 2275
6394 5344
2594 388
969 2925
4556 4969
5691 3577
3782 6767
2365 3101
4270 4000
1439 3032
221 3255
7001 168
4996 4436
5974 7153
1611 2442
363 2437
4129 218
4394 7744
5737 2912
5657 659
6824 7581
3516 391
6679 2480
3978 6009
6996 2447
916 5898
7341 7363
324 3506
334 5817
7741 3739
1097 2527
4294 7543
2905 723
4632 4931
7698 4973
942 966
5186 3528
138 3252
4448 2764
6628 600
3641 3539
3034 61
2045 2249
2391 5050
5173 554
5289 4975
3699 283
3256 509
461 896
7592 3702
7497 7766
5602 5162
3593 6046
5979 7816
5050 2952
2579 7665
6147 5186
2021 670
5526 7861
6573 613
786 7273
2508 7716
622 5930
3628 7519
5670 5958
5406 4783
5534 6523
425 6475
6551 1312
1241 1343
5098 3430
6853 1321
1191 7312
5601 2928
3277 1664
2413 7703
2735 4922
1853 6126
7928 1773
977 5001
1021 417
2092 3690
3623 1632
1285 6462
4995 6144
2992 2676
3701 4593
7248 7611
2375 7277
4663 6761
7429 5176
5677 2857
2980 654
6472 1106
2600 3982
1790 6813
281 7206
1969 2816
2469 7563
5338 5755
4192 4267
2328 6114
606 5153
7677 7402
7066 2997
5922 1502
3625 6109
1182 1564
6138 3266
2475 923
2315 7851
3323 1928
7490 3201
5647 447
3892 7512
3067 7877
29 4275
3720 7254
4827 4754
2621 1475
1054 5749
7041 5651
4103 2058
3826 7097
1606 4085
2164 1274
6736 5591
2951 4326
6655 1136
6069 440
696 5562
4338 2787
685 5236
6301 2798
2084 5912
2477 4076
1646 4517
5816 3657
2723 7677
2150 434
608 273
1451 4455
5571 1923
1586 1151
198 7231
2149 7063
6089 2956
416 536
5562 624
7722 5365
4001 7938
2573 4486
913 646
1279 703
3866 6598
2442 7720
7334 1249
996 1324
2337 6476
2144 5298
3562 2777
4524 6984
4420 5949
7526 1920
5273 6135
3793 610
5839 2397
4095 1722
3004 254
3174 4567
2488 7686
6764 1885
6145 4175
5417 2162
4491 3052
5274 113
3011 4535
3184 5648
1482 15
4721 2745
5777 6276
4987 1853
1538 7374
6911 5265
132 6407
2472 2439
6987 7709
5056 2833
6542 1472
2565 3188
4982 985
3019 1155
1470 4302
7986 7815
7021 6810
1721 881
1265 356
2611 7366
7454 1612
4704 4585
3795 5558
4240 3026
5333 3080
7795 3399
6350 1473
4153 6161
7428 3670
3119 3090
25 2916
4099 5243
7624 249
5140 3105
4262 2869
6236 588
5052 6472
1843 5744
353 4329
7452 7351
5236 351
4139 6696
2983 4099
6164 3858
264 5014
4522 6006
472 5302
4624 7989
7737 7753
1876 5694
2715 4213
1868 1245
5 2662
4529 2347
6941 5368
7287 649
843 7477
2546 2917
7817 3176
3267 1999
4481 3487
3500 5147
4969 6745
6837 6379
1604 1420
6 6522
1873 3685
7156 7495
3463 6610
95 38
285 7099
7604 7255
6009 6290
3175 5166
4459 1419
2654 2160
5656 5114
274 5291
7211 2057
7256 658
5735 213
3181 3781
3216 4494
6732 1395
2198 1418
5312 4047
7125 6565
5833 3754
3788 3150
7501 6212
6110 1646
2938 6479
6755 3525
891 5442
2485 4840
4066 7021
277 2104
2708 1652
4050 6251
7627 4815
3104 4476
3292 6640
1378 4596
2019 5248
4385 533
5416 7216
2713 713
3324 2999
2689 1309
2896 1901
5343 7064
7702 4398
3857 3707
4378 4740
3997 2600
2351 2619
1795 7318
6476 1760
7268 7009
80 6751
2932 3286
3305 5366
5934 2515
2764 64
4939 3404
2955 6505
7158 2618
3473 3814
4766 2074
1725 2665
3220 3349
6044 5227
2018 4880
5814 5955
6601 2366
3002 4961
4788 3098
5732 4520
2331 215
3863 4992
2751 4420
1476 5845
4345 392
1116 2150
1726 4862
7051 5646
4771 5680
4461 3355
4143 1680
3917 7910
4482 3123
1067 1908
4956 4042
5770 195
3808 3104
6565 4997
4083 2267
2211 7952
1618 7924
2944 2517
2189 5866
1475 7524
7070 6292
3443 2607
2563 5127
3379 3914
1556 6544
1521 6610
1163 5493
7744 3117
598 6948
2458 1052
3730 3719
6873 5592
593 2302
6514 2524
778 1620
5774 5261
1942 2026
3188 1888
5615 1757
4427 7235
1401 7197
2367 1285
5413 5066
1209 6900
187 1539
5718 6898
1251 2237
5661 4389
4810 4603
5368 531
5909 3283
2736 7652
6495 2187
6421 7247
1884 5168
5329 789
2769 375
1675 7572
329 621
979 6477
6680 1428
5014 7188
1750 1161
5399 6360
1823 5777
937 4376
7699 1708
6356 3793
6221 3894
7102 3627
3258 6759
2157 3085
7666 2605
5457 1626
5644 6577
3939 7131
5278 2591
646 190
4607 630
4642 6529
2251 4732
1137 1023
2878 4437
2004 3079
1807 3407
3646 3372
3894 4069
5029 4055
4686 1508
1865 945
499 982
7072 6189
5518 7407
5711 1802
6002 3685
879 2283
3568 859
6423 1538
1669 4240
1989 7139
938 4869
1369 5888
6360 1040
117 3232
5449 861
3182 3821
2694 4490
2396 4051
4724 675
6357 7975
7645 6520
5778 7896
1157 7109
7430 2444
4136 3520
2293 3423
5540 7828
6082 3566
6564 524
3242 6851
5286 7199
1960 224
7577 7854
2939 6174
1043 1690
7162 7061
171 5452
2780 6423
5037 756
7635 7183
5811 6099
4541 4936
7805 1463
1881 3437
5068 3958
1555 5478
2530 4893
182 2082
7074 967
2330 3385
1944 4250
2326 6841
4430 6
4805 5966
232 2359
7315 1248
6273 2628
960 7433
4108 4368
1106 1226
2073 5711
1844 6075
4840 3664
3298 6775
6104 7578
6133 2487
7775 2316
5462 882
4359 6441
257 682
625 925
6721 6600
6662 1205
724 262
7354 4800
7742 3651
7750 5498
2286 3600
4568 7746
5583 641
6139 2033
3871 7034
1874 4813
2430 3529
7137 7010
5341 4066
100 3698
7788 5468
7290 6880
1168 2295
4348 234
4399 6980
4565 5984
2705 5187
1831 3605
1300 2419
6256 7947
3152 1094
82 5449
1423 4462
6225 6507
3824 3553
2075 3068
5467 7614
2506 2485
5465 4153
1761 5351
5544 1488
6006 6509
2000 3631
7649 2491
4030 5343
3322 4858
3197 4281
865 225
6863 6977
7658 2031
4455 6717
7602 2179
7233 2152
5270 2364
7756 690
4323 4366
1433 150
6227 3638
1349 505
4968 5018
7202 2602
4124 1384
428 1240
1353 3042
1529 4954
7390 4737
7365 7812
5466 1325
7531 2129
4312 2434
1002 7559
4286 3184
6157 3092
773 7397
6544 717
5529 1254
1329 2903
535 4222
7480 5528
7565 6605
314 4352
7415 6527
1291 4312
3039 1746
632 2317
2504 1204
1612 2286
6112 7013
1825 4551
1320 4855
3240 5719
2721 4112
2252 4392
6016 6650
28 1483
6327 3442
7634 2639
4477 7853
7600 4046
7899 7757
5101 1931
1587 3944
3937 899
20 2547
1154 2195
6948 1220
7146 6176
3537 4736
4922 4564
6163 7515
5830 2318
7285 4990
1684 275
6835 6231
1829 7299
3203 5825
5864 679
356 303
3264 1540
1851 1009
3010 4960
7446 6645
256 2763
4947 5328
2702 5733
1198 2641
6900 1197
3355 7158
3062 500
4126 2083
3632 4986
2037 2202
6877 7101
4967 1527
998 6498
1134 5574
7943 7219
5261 2307
7230 4460
1988 620
4330 6739
323 6704
7376 7290
3114 560
238 2929
6134 386
4052 6367
1952 2168
7180 7546
5841 1677
3865 2360
5034 2391
7483 3846
4311 4433
5282 5969
7939 1290
2238 7812
6161 562
2079 1770
5590 6306
4580 4957
2299 4938
3457 6939
3137 4645
1145 5124
1321 835
3651 6831
4759 7876
1269 5869
3087 1575
4706 2398
34 5204
3033 5821
12 5726
1406 1845
6581 6263
3405 5425
2432 6574
6154 6654
3058 5424
6808 4162
6000 7652
4047 6718
2173 2334
6199 4580
6737 3224
715 6012
3075 7748
3678 7405
7965 3285
4659 5844
5658 4344
5247 7809
4613 103
7105 1747
678 3565
5905 7466
2339 4677
647 5136
7896 1634
2882 6691
366 6127
292 2274
1697 1263
1107 18
2363 5247
4978 1246
3214 1182
5022 414
6622 5175
1140 1385
5597 1898
4762 2532
4749 7024
6123 2240
4107 7724
3520 4407
925 2193
2163 6335
2057 5575
7455 6203
3990 7427
5642 4454
2259 721
7807 480
6284 6255
2081 804
492 6561
5866 2837
3012 4514
3050 4798
3038 7016
7318 1650
5381 4867
6410 1740
951 6674
5009 7060
1472 6558
3486 279
7999 4766
208 4971
5886 6993
484 1211
5348 1037
4649 4510
1094 1563
6405 4473
2452 7068
3787 5217
4398 7358
278 76
7786 2068
6846 372
3134 2494
5308 6887
7362 2530
3386 5277
2035 1365
337 4983
7210 246
5997 2992
2263 7660
1011 5012
1700 3382
5122 7308
5684 2335
5502 5441
634 1077
4114 3314
688 3341
471 3724
700 6989
4702 1566
6582 1533
7985 5119
4078 4756
1676 5354
7753 4412
3237 3853
6529 777
104 1645
6593 436
81 5610
7689 3904
730 7673
3212 6644
3490 286
4436 4415
2264 4363
1597 1785
3677 6931
2766 1014
4238 3271
5459 3811
7319 2257
6086 4874
1373 541
909 4704
2798 4828
7563 1358
3037 5357
4510 3454
5761 3980
494 7410
4120 5954
6325 984
2386 5965
6365 4451
7361 4030
654 1370
1438 7485
1225 2710
7136 2197
4059 3412
2447 2300
1080 3490
1882 3516
5134 276
5845 424
7064 1209
1155 1351
5593 7160
7228 6801
1129 1713
373 4801
1014 1032
1478 27
7402 2493
7998 52
5281 1989
1639 2158
7619 4670
4776 6415
820 4821
4948 7079
4015 7349
5100 7159
5153 1721
3549 5900
4106 2149
7977 7862
2419 5500
1391 5199
4361 512
4028 7440
7981 3141
7385 2667
1735 6014
1977 4988
4904 5177
3909 6848
4620 6249
3869 3127
2568 7593
1603 231
7329 5085
3080 7362
2662 6179
671 6041
7067 7505
7513 6229
7922 6968
5191 3986
4253 1252
3627 7394
3065 1073
1623 1193
2650 1489
3573 5330
4031 5272
1274 270
6159 2122
2214 138
528 4595
6066 5250
2099 3296
4594 4686
344 5378
4950 74
605 1130
3060 288
1738 1528
7725 4235
6635 2675
4812 2344
3613 1940
6560 3765
3837 5614
4116 3660
1808 7916
4503 6182
2628 5388
6844 5879
4718 3289
7241 4265
4255 6346
6751 2421
4824 2355
7176 4598
673 2100
102 7368
1535 2650
2738 2904
7886 202
6708 7086
2875 689
2770 4331
1733 5465
5685 5514
1020 3439
2645 785
5826 2027
3957 5373
2661 298
4857 5100
1427 1354
4564 1357
7465 5126
1777 4247
3091 4920
5380 1199
5874 2821
2030 4447
7700 1112
5225 4924
228 4321
7330 2973
6191 4096
686 2715
2246 7640
4818 631
6170 252
2609 7901
5061 5770
7711 7
7281 399
6701 4847
1361 7726
2997 3207
4604 5450
1393 3039
3873 534
3874 2747
4589 3659
5239 3749
5592 7525
3987 4150
5444 2406
6171 3760
3710 5870
76 7906
910 3769
5396 1968
538 6687
3638 4379
1082 1822
427 1454
3789 1843
1340 1667
7672 5346
2444 3474
6999 3206
1862 6192
4000 893
2947 3557
1034 3241
5635 5276
6568 3030
5421 1871
2165 3073
3086 6457
39 7382
1306 1507
47 3028
3458 1657
6505 7529
5249 1725
5973 5036
1672 3023
7707 1266
6881 6554
2 821
3921 2549
907 6676
1574 7729
3875 1932
2586 788
7459 5999
3946 3753
1420 6305
6412 2213
3397 369
7155 1605
3107 6768
1311 4205
7114 983
5646 4104
4063 2586
2208 3868
341 5679
1966 7936
4892 3672
6324 7333
501 6840
4717 1322
2719 6808
5916 3002
7269 3412
4534 3361
2047 2050
7994 1055
6183 3817
871 552
3380 1222
5346 7403
2851 1684
3660 7071
1931 949
6580 2285
6821 6659
2914 1400
7948 2881
7940 5025
1156 2993
2879 902
5860 4365
4688 349
4346 5059
7251 134
193 2553
1779 6243
5819 5678
4364 7996
1363 3772
6624 6695
6119 1134
5415 2755
4732 3427
2484 7984
1394 4522
4775 4715
5481 2144
6342 5000
2468 2742
792 5932
2537 1648
7968 7764
5160 6474
3373 7653
5076 6991
5063 4687
5269 2009
4593 4910
6431 2522
3272 2284
5683 4060
2582 2385
6088 6374
1323 2861
6266 4708
4024 5203
1338 6633
7153 4836
5366 6435
3340 4100
5204 3109
4960 839
4543 5887
6839 951
2815 1655
7111 2811
520 3305
5448 6895
1096 4400
6471 7350
7789 4829
97 1955
2512 4081
1568 4039
3930 3366
3360 5375
4181 4865
7020 7962
2322 147
1024 4860
1028 539
3597 1188
5257 4608
4944 2694
2332 7625
6165 361
4648 2974
5903 2983
2698 5709
6932 6205
6451 3061
6722 6862
898 7030
7935 6871
7433 5927
1688 3139
7185 126
504 2130
2623 2290
419 5746
5758 8
5824 3700
5514 6215
6059 1995
1651 6826
5525 6164
7323 2501
5110 7621
2424 3989
6757 3623
1307 2627
5776 4270
1341 627
923 3225
6725 330
3344 7553
1810 561
5568 4825
4600 814
7776 6184
883 261
7346 2496
7045 1515
3384 6025
3148 6658
4989 2066
521 843
4475 6678
1313 3859
4167 7539
1507 1671
6457 250
4886 6194
4911 7715
2832 5461
6557 3134
7172 7554
645 7409
6062 4370
3423 7445
2505 6719
5995 39
7757 3062
2525 3261
3350 5496
5585 1913
7048 7155
6027 5384
4621 757
708 7745
3680 2988
3427 216
5799 1431
6037 618
5988 4266
6748 6819
1621 528
5900 6697
6073 420
6334 2174
4789 3678
2377 7558
6358 5787
7124 5532
7489 6190
6640 2148
3804 4617
3616 427
5775 4548
7154 23
3535 116
7628 7705
3511 4043
2800 1002
6129 1698
917 1723
5478 7443
6696 884
612 6273
7167 5633
2066 926
3492 4541
1590 797
2524 1518
7539 8000
6596 6620
5411 1085
4045 5038
2772 2625
6204 995
1632 7586
2229 315
1981 6296
6035 4912
6578 5294
601 1004
3534 1972
2681 3247
7062 1345
640 6388
7663 3172
6402 7666
4511 7739
2334 5893
3649 1059
2706 5259
722 5957
1766 5307
7651 7629
3519 747
595 1767
5509 274
7607 765
6959 2456
3635 2014
7917 1669
5168 157
2429 2146
5723 1225
1689 5412
139 1889
7969 616
3991 5571
6817 204
2095 5305
3714 421
4417 7681
418 5146
5757 7004
2811 3137
3043 1709
3151 4120
6030 2498
6908 7280
4638 5026
1813 6913
2564 730
5205 6540
6741 806
5818 2166
1978 2280
1510 2759
6322 4320
3268 6616
1268 1153
2063 5319
1169 4160
727 4145
3588 4479
518 1328
5359 5382
4197 401
5697 4725
3551 769
5939 575
3956 6143
4310 3975
3164 7772
1875 3466
3368 479
6717 4062
6944 6166
4422 5685
2674 4913
2371 4527
2300 1504
2675 3433
2358 221
2175 3140
2733 1224
7641 890
2167 7668
5591 952
7856 6021
4606 5613
7989 3338
5438 1992
7517 4526
1985 1425
4319 2311
7920 2858
1356 3946
6384 1330
7328 7414
2385 3374
1847 1623
4470 4276
749 7704
115 2921
7103 2081
5410 6546
3496 442
7073 6417
1328 2726
6440 6593
4025 3253
5309 846
5230 996
5800 1641
2728 4472
1997 2211
5036 1413
6238 5392
5440 2631
442 1500
2456 782
4349 1210
6158 428
6278 7256
1648 2273
2841 715
5151 5280
5128 7329
4159 4349
327 4406
3947 2699
3035 162
2743 5855
432 1520
6929 5149
7818 5117
2545 4505
564 2582
7018 6724
1354 2056
6255 5970
7351 3465
6175 557
2642 5972
7084 1390
5798 5037
6583 5326
4582 5181
5655 253
289 6391
3949 5937
3128 2751
5654 7659
3907 1041
5901 494
1010 3925
505 214
6001 1051
4859 6026
4955 3074
3365 6307
7445 4774
7121 7690
475 5612
1615 6797
3835 7604
2146 3477
1980 1537
5769 2932
2128 3519
6899 2078
177 3129
5394 632
6021 3609
5595 3004
6945 3058
3085 2040
4860 5152
2473 2578
1143 2831
7071 6557
7201 1969
7705 2425
6641 4009
1456 4319
1203 1329
485 774
143 6356
3370 5004
1994 2550
4881 4621
510 4140
4395 4388
3025 7341
1599 3420
4698 673
3345 614
6305 1447
4077 5915
1533 6992
14 5708
3620 7956
849 6789
2863 2069
4096 6425
756 5573
542 5813
3502 131
5533 1771
4768 3440
1078 3578
2854 876
5095 161
2953 5369
3845 2711
4178 514
4291 4991
602 7699
5983 73
3733 7446
309 4262
6359 4089
4293 2343
6189 2109
4710 1185
5135 655
619 502
5331 4350
5713 1486
5082 1421
3528 171
4940 6438
5384 3237
1570 3803
6031 3616
3302 2216
2516 2145
1283 4908
2487 4727
901 5691
7802 3272
3335 357
3998 7544
1702 5995
7962 3705
7743 7214
114 7294
7277 1166
2336 4163
1141 7493
1262 6960
6344 24
326 7791
3872 3169
3967 4266
3227 5041
2298 142
2935 128
5942 1576
6752 7841
113 3914
2886 7785
1839 1020
1395 4500
2401 4755
1640 3120
5422 2191
4893 2835
3969 87
7468 6754
4532 4571
3663 6105
6085 4028
3773 5928
1276 3081
7377 1233
426 2135
6295 3994
3815 7985
5868 191
788 7370
3780 3281
5152 5269
4826 5266
5902 6321
3738 1808
1347 5710
7861 2855
3558 7161
2357 6493
3851 636
2460 323
5608 3593
5929 579
2982 4458
845 6785
1600 7615
6780 1761
3893 7342
6718 2226
1992 5911
4162 2032
2275 965
4576 3221
44 181
3589 5141
1345 7605
5741 2304
3581 6973
6540 3870
614 2227
4841 1389
7113 488
4596 3470
6336 6568
836 2427
6955 6490
2961 5150
5374 3876
452 5340
3261 6098
3229 3388
1275 2737
7518 5983
3211 3450
301 1276
1432 3177
3992 4680
3849 7920
2538 7458
1059 92
2232 2581
6046 5789
5512 1522
4643 6280
6729 6315
300 1893
2880 5602
1318 2733
4894 7510
7237 6125
1065 6720
1295 7684
7467 3170
656 7083
2862 7879
5923 1638
3624 4852
311 7114
919 7135
4852 4846
6660 7156
2725 227
5220 894
7439 623
1934 3927
971 7066
585 3716
4975 1666
1052 7886
3846 1826
5594 1137
5391 3893
440 4903
3472 1847
4428 1720
4505 2007
5099 7306
4371 4230
7530 5317
2941 2236
2184 1707
3557 3034
1398 6092
423 6768
7735 7275
6419 7343
1635 5734
2531 2184
1468 6604
7421 1169
3460 916
5925 1283
470 78
7824 6386
5316 2716
1678 3538
358 4045
2870 7072
7952 2214
1236 7106
3536 2543
3657 7946
1048 7283
3396 4554
549 2148
1963 6018
350 4233
2494 1074
4246 4152
6219 7533
116 2430
7946 800
4176 4207
4295 6666
924 2232
7995 12
7980 1765
5847 4307
6825 2850
2349 7226
127 3860
1922 2887
3100 81
6056 5469
764 2497
1087 1167
3709 2683
562 5935
4746 1531
7564 6385
7037 4394
6762 5945
6634 1952
867 3694
3301 5833
3867 1377
5469 377
2372 2652
2843 3462
6536 2018
4806 2790
284 1596
4454 3446
103 5310
4845 2868
4379 6275
7297 2004
7200 6676
5789 6314
6871 2714
7122 6567
6743 4804
5964 1944
5306 518
5143 6168
5142 4749
2778 3369
556 6675
4601 4935
1339 3084
6011 4786
4171 5873
1135 6405
7034 2902
5690 542
1489 2558
4051 1810
2466 4819
176 1640
582 5607
7821 3743
6400 3630
6340 1480
737 4278
5146 1949
6374 5313
5398 6904
3964 1799
3852 1967
2808 1075
2088 2206
1457 5063
3715 3019
2423 5723
4368 5075
3948 824
33 1006
5852 1726
5279 260
72 522
7196 4839
7028 5508
615 5444
4736 4314
6508 6401
2130 5017
4122 3797
7945 6309
5628 7242
4067 5015
7673 5130
5625 7220
6711 4713
5940 2603
5992 4730
6125 5843
4602 761
3260 2964
5828 5913
4322 3375
1805 5664
1746 1228
4134 1806
7435 7291
3656 6220
7108 7420
7561 3321
6778 2413
3113 7400
4383 5798
1958 7730
5681 5815
13 7883
2933 6874
2587 7431
2373 6185
3693 3956
7050 6892
3243 6495
1229 463
2978 5742
2402 1565
3862 2815
6103 1715
4876 1855
3927 2261
3236 5347
858 7070
5155 7126
1350 1175
7834 5231
3737 5675
976 4048
5287 3963
7327 6683
6312 2266
5106 6882
4105 14
3111 4353
2952 3432
6648 1764
1256 5712
7829 4972
7692 4993
4432 667
2926 4424
4307 7212
681 353
580 4356
4693 6513
6799 7547
168 762
2784 4658
1061 4581
6222 7127
5297 1060
1047 7448
7326 3966
3158 6827
84 6793
7322 1937
1351 430
6387 4245
5194 6936
949 5440
2783 6248
3369 1780
1572 2730
2781 5095
216 300
7090 5239
41 4343
218 6034
304 5914
1929 3662
7831 3916
2467 96
7444 4118
1317 3948
3870 6304
534 2651
5127 5588
6967 7740
4483 3268
3664 4748
3366 831
1368 5560
798 7856
2858 4229
1889 71
1800 2353
7238 460
5041 7365
981 6876
1840 6281
559 1378
4561 5638
5996 1558
3580 44
5475 7768
5531 6769
3022 6713
6887 7080
4352 4561
550 2483
2046 6364
1042 2154
2168 1200
7796 7973
2984 7843
7857 5620
1951 1150
7092 1990
3759 4022
6166 5878
2552 5772
352 3047
7184 5947
5003 7680
733 7702
6562 5922
2657 1821
2859 7971
4054 4751
3539 7808
1379 4605
1477 5178
4356 7803
3032 3426
6279 3955
2520 1903
1337 5727
5640 7580
6414 5831
6676 4626
5486 5805
173 3131
7134 1609
3507 3568
3425 2288
2761 5411
2186 2020
3278 7474
2541 1577
3653 6207
2956 938
2003 1498
1558 6089
6488 2998
1180 786
975 2779
1907 5304
5214 4411
2260 2157
1637 5554
1788 2851
833 2450
1792 4721
4353 6007
5479 3284
5630 1611
1165 4217
401 3837
3743 2103
3347 6005
2533 7330
6389 6118
4484 451
5626 3293
3169 2490
2206 4519
4474 2115
3801 4513
5787 6382
6245 2108
2134 7260
455 7870
2271 872
4315 2222
1559 2258
4592 6602
6229 6902
4921 2768
5721 7897
69 7014
1765 1386
2874 7988
5863 3610
6706 4107
2242 6526
1780 192
7337 2967
6406 2604
3171 5370
225 770
3163 7955
370 4731
3603 6979
2205 3542
1426 2664
4828 7602
4200 971
4566 696
2502 6927
387 4094
6599 3518
1186 4169
4328 4255
105 5743
2831 1841
6012 7463
6251 7298
7417 2458
7730 5159
7667 3653
4780 5698
184 7028
1708 7895
1007 725
397 2538
636 3327
7262 2038
1187 2035
2364 4466
4622 2775
4825 3589
3238 5405
7131 293
5669 955
5958 3443
3916 41
4854 4573
1480 4254
1512 5158
3811 2002
5175 5362
3401 5315
6131 7201
5096 6155
5720 7113
1242 1653
2353 2516
7254 7790
2559 6033
3013 1948
7488 416
3476 109
6341 7165
5088 3787
4321 7388
4057 6492
2011 6019
2754 7322
2916 6494
145 4758
4870 9
6487 2673
1999 6471
810 2700
7507 3755
805 4179
1385 2513
6768 4661
1442 5196
7754 4031
7175 2453
6093 4854
695 564
7867 4693
447 2019
1492 2059
2692 1
642 1982
6078 6237
5353 3107
896 6771
7848 1800
2695 5761
903 4930
1732 7561
6096 2394
3156 4586
5253 1838
1277 5325
6612 3215
6178 5790
3962 2099
1102 7054
3695 306
851 7534
6458 1755
3273 3228
7963 7783
7695 3641
5358 1714
5190 2231
7680 1497
1125 4240
5311 3325
4878 127
711 5043
4885 3548
2194 3695
2801 2704
4936 4844
306 3833
7522 7913
1089 6601
3374 1355
7953 1921
6848 3869
3095 19
6459 6128
4029 3655
6840 2319
3897 4824
7868 7540
4770 1105
7369 6809
5181 3069
409 7166
5159 7565
4849 5179
3477 1559
6878 1593
853 1087
5089 6981
5058 5820
4569 5331
4284 3479
7448 2218
7665 7502
6590 166
3509 792
4189 4182
6527 2262
3248 4293
7213 2579
2792 3938
6143 3560
5328 287
4489 7385
3844 1066
2230 7091
4747 326
3895 4495
7912 7937
1200 1088
5104 6050
6689 6853
5209 4807
3834 4549
3116 6986
576 7202
2839 2269
7168 2097
544 6497
2928 898
616 6458
2152 2102
2223 244
1668 2173
1787 7644
7806 1731
5924 7961
2249 6539
7648 1214
1081 4428
7783 869
4553 849
7471 4805
5815 175
3604 566
7089 3751
2897 887
5678 6413
1397 7323
3209 5219
578 1882
3590 7847
4433 2325
2243 5566
6919 6235
7560 4823
37 1494
6691 2853
5870 491
1029 3790
6633 608
7676 4809
1149 1987
4611 3523
7010 5415
2284 2351
7652 4290
483 6473
3312 5788
5610 506
6050 3165
5005 3683
2529 6191
4848 2828
7521 2055
7579 3414
7793 7522
4917 802
1335 5806
3672 3230
7235 7607
7100 4684
978 6737
1443 7471
1465 7819
7572 4948
6667 2337
6965 4830
5480 4877
7220 2180
445 137
3063 1279
906 6888
5119 256
4772 1049
2171 2894
1066 5991
4021 1434
7294 6804
2219 2826
290 2781
7605 2566
7988 2629
7412 853
5842 7964
6404 2947
732 2455
192 6044
3031 1478
6144 6511
1785 2736
7684 878
3952 6142
649 7619
2196 2795
4570 4696
3482 5827
2029 5909
2470 1642
1565 6401
4711 7887
160 7053
4058 4533
7830 1691
32 6821
6486 4105
2846 1349
343 1911
1607 5182
1464 1695
6973 6068
1031 4843
5300 745
5687 6815
1641 3728
5385 5901
4842 115
1282 7571
3438 70
5805 6245
6109 3806
7508 663
3881 7488
940 529
200 6937
2799 6855
4513 4395
931 2810
4104 3028
6638 4440
4465 2782
2158 248
2893 4327
2868 921
5751 4675
1044 3892
245 7430
433 6146
377 7778
1488 4248
6803 1547
2774 4953
6859 3010
2671 4699
2697 6226
6535 4289
4060 4663
6917 5489
2906 4545
15 6352
6026 2362
6882 5766
5627 206
5165 3499
6265 1615
6308 696
2652 120
2544 5467
5882 5430
3634 1883
7901 2127
6922 720
2861 5520
2601 687
1685 5002
7717 2862
6106 2021
784 4842
5388 3722
7049 2338
5897 7650
1380 6311
572 794
5821 829
4488 7272
7957 5409
4289 20
3879 7180
5941 7949
212 6403
456 5034
490 977
6685 3750
2028 5526
3141 4700
803 5184
4714 7579
6767 1261
7302 4885
2700 5323
2964 3665
3388 4054
6985 1835
60 3767
6433 4010
1859 3905
2061 6571
1324 1144
3442 2036
7761 3269
4637 2774
1312 845
6015 556
236 5525
5211 563
541 3273
4382 7894
5198 1208
3813 88
3530 950
6726 5211
5513 708
7469 1892
2106 2748
6007 7583
1060 4155
5222 3779
199 7025
296 3431
6645 305
4635 3294
7133 2848
6771 6011
3189 582
4089 6350
7941 1201
2107 6368
1294 5971
3122 7258
837 711
1671 7976
6532 5980
5764 3723
2910 5016
2202 7708
7694 5324
7582 7221
3303 471
474 5356
4536 3476
4007 1490
1710 1239
2670 6344
1856 1758
3253 7560
3926 6646
267 6762
4861 4964
1399 7310
5746 63
7106 6998
7264 665
1653 4618
1864 4888
2973 4989
2514 2229
4079 1376
5262 487
2636 4424
7938 5752
4006 3888
5649 3212
4935 6656
5404 3075
4742 4380
4942 2895
3812 3357
1524 3862
6489 6860
4195 5222
18 4109
1767 1732
5305 2389
3602 6131
4084 928
2836 4242
6370 800
2651 6733
7358 7642
5000 7667
2749 6734
6879 7556
692 6545
5510 6894
5957 7931
4913 7589
4739 2893
3629 778
5164 1439
7149 4176
4331 7439
141 520
1487 1964
1609 4631
6537 3334
5271 4856
2387 5039
7768 603
6065 4065
6637 5224
7408 1403
3297 1253
6393 622
6210 4956
385 1879
4971 7304
5715 7372
684 3762
4597 1827
1690 3726
7259 5565
7004 3580
2996 4168
5908 2121
3700 5973
7895 7282
1722 5251
6385 5784
5846 3229
417 3279
935 2446
3364 75
5820 6303
4164 6896
6032 6180
7902 1735
4281 389
4329 66
4677 7836
5637 2169
1656 3403
6747 1831
1158 6535
2602 6054
1993 3509
1715 3591
6333 4297
3444 3555
2268 6545
6923 444
3561 7462
430 7950
4313 7270
7599 1848
4555 492
6160 3016
892 516
7386 1546
1589 4879
3976 3247
2087 7742
6239 3451
831 409
4438 2643
4912 5013
6310 4485
7203 1174
5949 6537
3200 5626
3850 343
1245 5031
3645 2819
166 4369
2988 1896
2737 2825
2074 321
5017 597
1605 660
6403 5200
4452 1602
317 4841
488 6510
6004 2667
522 2720
6890 7073
5131 5764
3654 773
4145 7995
4985 617
7373 4927
2561 4780
5578 4164
3639 873
7894 2317
2491 7908
3505 3926
94 2972
3760 1599
794 3041
2026 119
5113 2860
2950 6377
2176 2794
2500 1661
4937 5968
6930 6067
1211 6957
3036 5644
7476 4142
4587 6122
319 3817
3521 6071
5252 6373
2593 7252
3445 3825
4324 449
7905 3933
3090 4897
4207 1589
4457 7178
4872 3515
3531 5748
7267 5768
6130 1445
6665 1272
4645 7732
5199 4475
4299 6911
4681 5586
3129 7222
1063 3898
6254 760
7545 3601
5673 3692
590 7830
2078 2724
4572 6556
5889 5205
3859 484
4223 4409
172 4881
589 5214
4958 6029
1772 3867
3436 2808
6424 1107
3097 3088
5137 5417
5564 245
7670 1194
2688 6074
5044 136
5938 7541
3622 5292
7398 6609
5187 4835
3117 7569
5496 7986
1038 4001
2748 1554
2566 7337
6102 7647
1355 28
583 6702
3749 403
6286 4371
6920 5254
3891 6869
5766 734
6425 319
6794 4320
6683 186
4644 7781
7475 6928
1903 438
2148 3008
6023 4296
7002 5797
728 1812
3249 7765
64 453
1561 3264
2679 2200
842 1257
6964 7737
7335 2863
6339 6766
5807 6542
980 7286
161 2390
7171 546
1431 3243
1004 2800
4131 4033
7494 705
4151 6536
4041 2049
66 6065
6071 6999
4434 3218
503 6946
812 7464
7638 5895
6315 3778
7097 3113
2335 7055
1207 5617
6876 4075
854 1172
7450 5507
7030 237
4983 1302
5084 2454
6585 867
4716 4742
1357 4532
6586 3558
6734 662
7851 4895
6971 3622
7961 7137
7372 4315
4280 1380
4741 3522
4832 3154
7842 3838
6921 1588
5080 2185
7024 7929
5489 1742
7359 5634
3126 5604
850 2834
5488 2938
1728 3480
6302 6430
7225 6223
5304 2405
655 1181
3402 2117
6889 4582
895 6807
3648 3179
2190 4449
5556 3491
7533 7203
1121 7620
2312 5476
5978 317
2883 4587
5659 5900
121 1717
7463 6664
6338 4191
4182 7150
6181 1750
3499 5314
6730 3287
4373 2645
4992 188
4406 4747
2924 5202
1751 4127
3828 4677
7396 5167
4808 7552
4163 1352
5559 6910
7771 6442
697 511
5493 5282
4418 4116
7918 7930
23 7978
7246 7575
3136 6443
7503 7516
272 3422
125 4842
5786 1727
509 3195
2097 5058
3342 6130
5729 1467
5504 1414
253 4655
7798 4504
4538 6889
5049 5024
6061 5926
6206 5627
6186 1591
4640 7367
3816 6907
4265 4257
4801 2620
2644 1013
4579 4714
4954 5271
932 3897
6615 647
1036 2474
5264 4113
2683 1213
6052 2514
2911 7817
5437 7663
1070 4562
742 6322
3900 3761
5093 3524
3224 3027
7481 6929
7574 124
5632 2668
482 7168
6962 7915
1803 29
4429 1271
1342 2348
6614 3658
6788 4890
5532 5383
3145 7065
6827 6945
4173 2190
2114 5853
3467 7379
5184 5992
3415 1452
5763 5112
4646 295
2752 6083
2791 1552
7457 1614
1032 5189
1005 3570
4728 2478
3772 1487
2891 6512
548 5683
7473 2956
1614 6698
3362 1426
3842 5671
7759 56
6982 4249
7660 6787
451 6448
2638 3481
6288 414
3856 5533
1809 1734
3406 6198
888 4702
2771 6221
3690 7284
3316 1830
1271 1774
4656 1197
5546 1100
244 1099
5612 5891
5217 307
2617 6395
2104 2551
293 4591
3042 700
2389 4015
5141 5741
881 5581
1613 2183
7625 5538
3399 1981
6198 2472
1812 5837
643 3108
2542 1597
7472 4141
4231 2282
6494 2630
40 2658
6017 3377
1430 1142
2053 1795
2820 3318
4161 7530
1705 2228
4213 4530
6309 6823
3180 5490
4396 7707
793 7267
952 6791
2803 16
5468 7871
6478 2044
3014 3063
6566 2638
7151 1332
4271 2438
5250 7279
54 2901
1915 420
6411 3592
6552 7325
258 1643
1758 3469
3361 3676
4250 333
6128 7249
694 5295
4707 3824
128 448
3127 6950
5454 5234
6625 5979
4341 6332
4325 6421
3729 6635
70 4195
4121 37
7933 4542
7713 1255
7406 4632
5442 6324
1362 5045
7224 196
750 443
1638 4166
5516 3359
4011 63
2509 4688
4119 5863
4811 228
4100 2778
1857 7389
6087 3957
5004 6153
1667 7095
6775 6216
3523 1260
4360 4386
5156 4923
4305 3148
4389 3493
2072 4668
2634 2352
4909 5934
310 1427
3671 2177
3394 7147
7587 5132
6185 5194
5795 3567
1214 4706
3607 7045
941 4592
6436 4020
6869 1983
3670 1573
3631 7387
7736 1551
5154 3911
6772 2939
6531 2909
6121 4966
7208 3863
3138 4478
3598 2243
2435 5148
6392 4674
1583 4121
6819 4524
5327 7751
2925 2760
7504 4928
6437 5623
5947 2077
6081 3302
5998 550
852 5144
3357 5665
7458 2574
1127 481
201 211
2403 1280
2809 6583
2025 2623
3626 4
7367 4946
1793 5290
5545 6236
3840 4602
6906 6100
5254 4347
2287 832
5473 7531
3066 4378
4844 4589
7662 5432
4196 2182
2450 3835
7819 1042
6779 3968
2100 1485
7590 6310
4127 4875
563 2092
5238 6428
6379 1946
3201 7706
1315 1796
2821 99
948 7263
2656 2022
1218 5131
5972 5308
7781 1304
754 6256
5875 1962
3595 3854
6337 4904
2344 3354
5405 304
3393 5655
7724 5245
3055 5656
3512 1461
3979 6519
3307 7145
3462 6284
3898 504
1616 4787
7303 2919
3106 7509
800 3417
1222 5938
4004 7731
683 7171
6847 7069
4318 3009
7409 1264
3071 1311
1418 1899
7170 981
4446 3667
4938 5256
1462 1813
4520 1590
6420 2753
1197 144
4062 490
6223 1851
3887 4546
3933 1299
3089 836
2303 7965
1086 5609
5946 6267
3124 412
1417 1934
3447 5048
7720 915
7141 5410
594 2570
1911 2418
213 411
6528 2531
870 2819
6813 3280
6049 5483
3464 5807
7516 6396
2884 4560
4070 1234
7696 3536
2969 7021
3821 4638
4501 889
7003 1886
2612 905
704 5676
4316 6341
7693 6611
1359 6465
2269 585
2625 1294
1982 4256
3989 929
3667 5288
3726 3249
480 2380
7589 2324
1806 572
43 915
3372 4701
512 1793
252 3551
3016 2064
7453 1215
3776 508
283 2085
6373 82
4132 3267
4634 7939
4264 6036
1879 4138
5712 5297
2321 5897
2714 7773
6744 706
5662 3055
6492 565
6155 2991
4777 3607
914 2621
2181 483
3023 6642
6349 217
1945 4481
1367 1794
5617 6463
6098 4907
3315 6339
1092 1305
3326 6660
4831 1092
2979 4082
5759 5138
547 5226
2571 5306
6998 4799
1983 2464
1235 6048
3860 5982
5226 5244
1293 963
6013 4396
5703 5070
4272 1584
4820 1516
3643 7959
7751 256
7135 7573
4791 1482
5890 941
6884 4726
4785 4511
2302 1470
1434 6534
1045 2277
3070 7577
5397 2502
1649 3573
6156 2251
6484 4330
6980 3071
7850 1476
7096 3227
7249 1361
4819 4080
5303 7890
457 7253
3751 1688
3910 7735
539 4384
5471 2363
6323 1058
424 1818
7598 6323
7163 310
2548 7229
759 6467
1662 5197
5877 1572
7916 5109
2793 3148
830 5834
3758 4181
5989 4151
7919 4976
5937 7215
7820 5029
7232 1779
4141 2738
7353 2105
706 3794
5317 7570
73 7820
6067 6239
3142 4129
1040 6328
6020 513
7311 970
7397 1637
5325 4419
3563 2537
1455 2813
3781 6400
7375 2805
3934 7626
5276 2975
4332 879
7191 3151
463 2900
2985 6833
1108 7359
4743 5302
2977 2825
6179 2000
6597 58
7832 1028
1343 7327
4306 53
3173 5864
479 1297
6378 2937
3041 5360
1396 3800
3255 7987
4415 2350
50 7480
3567 3699
384 1284
6367 906
6335 7465
3929 3809
7633 2877
6449 4529
48 3330
17 3585
2333 2358
2345 1905
3149 5247
7949 485
7188 4269
2775 4716
1244 1363
5508 2292
7972 3737
4026 3804
3155 1409
1786 6897
2855 701
6100 4814
5073 2598
1098 1056
4232 5645
5291 3882
508 5206
3665 3308
7839 4246
4027 496
5435 5472
7442 992
2006 7094
5336 4934
890 793
3541 3053
230 2006
5011 1287
4623 7635
4512 2467
7068 3730
2433 7170
2540 6343
7192 1517
6563 7932
2427 3040
2562 3913
2277 2377
3009 4942
3814 1581
3636 6096
6205 2888
3847 7133
7022 1024
5607 4540
1759 6200
887 6056
5689 3634
5313 2248
191 5510
3583 5040
7603 2614
2558 7195
2301 7689
5693 1927
1918 6985
5482 7182
3468 272
6781 3777
7394 1509
4327 7770
2314 863
1172 4061
3082 1790
1679 6890
6526 5504
7630 4078
7006 7292
2907 6285
6200 6412
5007 1046
5451 7951
5121 5828
5298 4199
4480 3639
3018 1173
5976 827
5352 1752
4535 2969
1006 7192
4986 4547
1592 776
6099 3556
5912 6064
2649 5109
1448 393
6192 4328
1022 410
7401 7185
7091 5339
3098 6334
1682 5293
5018 3130
4110 6363
1305 2563
496 7904
783 732
1770 6298
1205 7763
511 5811
7668 6613
2718 6439
6372 5107
2957 2033
5981 3000
968 5771
3829 7315
3120 11
5360 7520
7189 1997
1933 2951
1917 959
5079 7444
2959 3645
5361 4863
435 4707
4183 5923
1674 5062
4730 7029
6763 402
7470 2433
6610 7225
6569 7092
1440 2660
2154 6387
2818 1495
6376 619
1837 3438
4456 3829
7387 7428
7253 102
4497 6720
498 4943
1720 7574
7144 6988
5375 3742
4155 6341
878 5570
4229 5056
2765 639
2919 2401
5369 6972
2195 4084
638 5301
6707 6459
7363 4167
2201 3415
1033 7121
6105 7190
2247 1462
3785 5569
5515 4919
802 3942
4440 7866
5047 6533
1485 6906
4400 2752
3450 3972
6990 5169
6234 2309
214 2473
5802 3712
6970 6596
367 7521
4071 7899
2050 1787
2415 5180
2169 2030
6838 5207
4527 3574
1314 5408
5118 369
3681 3276
5019 5696
2829 5715
1815 3166
4980 3202
5023 2075
6918 6145
6805 4212
633 7218
6789 735
4843 629
2857 2577
4203 7023
6218 5663
7008 174
229 6820
6319 5428
3081 2713
6891 6274
6493 1549
965 3383
698 5933
3416 4098
664 4619
5039 567
7984 5071
1996 5400
3718 93
4778 5278
3754 1595
1331 6553
7078 80
5260 3766
4156 4188
3682 385
1866 6800
3508 5299
956 1251
3606 2590
3289 7811
5893 2771
7425 1746
2090 3717
6215 791
3143 3668
6901 1689
4598 1583
1370 3932
3971 4391
6539 3043
2834 2215
2392 947
3686 1187
4959 5885
19 895
5296 1345
448 5669
2672 2706
5322 2773
2581 4303
454 5659
7389 7767
3727 7005
1754 1749
3358 5435
7514 4550
1932 998
1660 795
6556 6163
396 5235
4372 4004
6188 1744
7314 4252
2624 811
7580 4468
2379 6686
6416 301
2077 1625
4753 7328
6653 3877
1890 5804
2522 374
7555 2719
106 5207
5760 707
1374 1769
2380 4156
6519 3671
741 5155
699 1264
4970 3856
4672 1961
5755 1022
1642 5437
130 7608
6538 4234
3049 2874
1001 691
3833 5948
7257 4506
3684 6828
2648 1662
6122 7824
5491 6679
3293 2728
5470 6714
3222 1139
1673 957
4712 27
7039 6406
4403 7838
2577 4775
3411 5414
1409 6409
1799 4006
2297 650
5433 4201
6742 151
2976 3889
3263 5387
4453 7873
710 3952
2498 4071
7993 3918
7956 3839
7929 6819
477 6868
6698 5503
808 4544
2853 4745
1663 2945
1566 1751
3015 4978
2221 4604
1189 1235
297 6498
1755 3891
1072 652
1756 517
4148 2242
5418 4448
3883 49
2528 85
2551 2327
4974 4305
3424 5287
3836 759
7606 5687
3133 4136
6217 4627
5497 5944
3975 5808
3707 1143
2224 3208
1073 5262
3295 7592
6818 1917
6262 6429
3306 4729
1302 3654
552 2139
3056 2111
2393 1424
4390 1718
2416 2980
669 3360
668 2529
2760 2053
3912 1811
7618 7508
5652 7872
7126 1057
3838 1910
1920 3632
893 5816
5688 4301
2376 4501
5895 5916
7492 2626
7371 4996
997 1152
1216 5728
7825 626
6014 3060
3271 5847
2135 1834
6285 681
1502 6132
1160 7408
7659 7591
4550 3604
6232 6327
3685 1846
5169 3301
3279 2241
823 1176
6500 2342
1445 3875
7046 1683
848 2880
747 6264
371 5512
7440 7265
7275 4459
4091 3582
4896 1679
7528 5775
6758 611
7874 6777
7849 2890
5241 5103
7214 2686
7954 5511
2017 4613
758 7787
1326 6219
7194 7320
7340 2341
3988 7243
6510 2503
587 7142
7926 291
1441 5568
7623 4441
2178 7453
5185 5241
295 5242
438 1450
7908 5596
2805 4683
4784 2349
6647 7840
3217 25
2439 669
4965 5600
6300 1018
1797 2356
2966 6202
993 110
1914 1059
3054 4003
5201 4444
1784 176
555 5145
6398 3231
4043 6709
1419 7941
4733 2106
738 3078
1923 900
4765 4282
7512 2927
6303 7551
6809 1127
1240 3841
7873 2386
3020 6480
1628 380
6461 4750
762 60
7308 4768
7860 7842
3135 7061
1151 4137
4186 6269
2729 1553
2142 6690
3981 1033
2668 1243
3585 5605
1585 1535
1435 6908
5105 6259
146 7461
4574 6489
5680 5051
2867 3732
3176 3543
2776 4027
4117 7003
7960 6347
1709 3245
1115 933
3972 5824
2904 362
7878 5590
1114 3282
7139 1635
5791 4253
7178 2770
4421 6337
3889 3537
7595 2101
3498 1219
6248 1183
2191 405
5867 7493
7382 7435
1415 812
5577 4172
6666 7601
7187 864
1547 4457
7535 1218
1647 4568
5371 958
4719 4498
6754 1212
7300 6277
2320 1930
7639 3661
2478 5910
2071 7523
5853 7597
3735 7624
2873 5273
2105 6214
414 1897
6060 1918
7731 4502
4670 7907
5672 4599
2665 3991
180 3819
1984 104
1718 4189
2804 2112
790 7062
3383 1895
6745 6548
3886 3100
3572 5829
2860 2136
620 4779
4605 1326
5954 51
71 7056
4049 6333
4836 5355
5980 537
7316 5907
6823 1406
7925 1791
7307 5627
4244 4987
7923 7472
5921 6399
2132 6287
7099 7655
2137 1763
3448 4452
4521 3214
4020 3847
3232 2823
2156 1704
4170 5657
6760 7526
3026 2589
2382 5918
4391 1836
3906 3594
227 2469
5851 3488
5716 2499
4003 7355
2711 5557
2448 3503
1346 7093
6787 5401
4720 101
3652 7129
263 5643
675 1678
62 5721
5945 922
6738 5546
7325 7484
1064 6134
6968 3967
1297 4445
1055 5757
5021 3468
77 931
1199 1132
2614 7090
7763 5157
1827 5654
674 1616
1101 1974
1383 5601
5379 2171
2599 1536
6868 1560
3194 5137
99 2883
7109 1140
5832 7798
8 5858
6252 5916
3250 818
5928 6015
1816 519
167 152
6652 5303
5843 1996
5090 1310
5427 4497
6195 334
1388 365
6231 3197
7991 7456
1967 6254
7626 7734
866 1120
7460 185
3556 7390
1332 3222
5573 5238
7646 960
985 4324
185 5541
7019 7297
1449 7051
6792 4333
5349 1084
2040 6491
3515 208
2963 7780
129 3470
6620 6162
2598 2486
331 6573
2147 6875
2014 1
6090 3581
333 1877
6688 6274
2179 7698
670 139
7265 5406
273 4399
4451 7688
1894 1119
7221 5716
2465 7942
2753 1496
3465 1598
1384 807
1111 7596
6045 1372
1569 7549
2412 3647
473 308
3003 1097
5859 2809
4976 163
6460 666
2060 7354
4423 2423
6289 2412
3218 3453
5267 3455
7578 6110
5740 2420
7621 2208
4539 1244
1309 3447
1627 6357
4278 7047
5054 6802
3965 5134
558 5545
516 3057
2459 3313
4963 5912
1360 4939
3529 1756
220 2884
357 5519
6947 1906
6822 68
807 4243
2228 4640
4188 6750
1019 2693
4377 5890
4184 2767
3778 5593
780 3813
7236 4981
7942 6975
5002 3648
3769 5537
1400 5122
1193 4197
5010 6427
6885 7925
4479 5616
1972 2340
101 7629
2580 4667
7583 7191
5215 7566
4085 6655
6151 4834
412 1367
4822 7334
4925 4985
7043 5650
7876 6770
5401 7108
299 4016
4731 5985
3001 6796
413 7728
1178 3065
1429 4941
1727 3931
6907 6723
6561 3579
194 2011
7752 4450
4010 3965
4472 6595
3579 5589
3784 6062
2716 4354
874 5993
2111 2739
6796 4241
4701 6283
1221 2681
7223 764
5801 5517
4863 5942
2449 2943
2495 7307
4609 2189
2217 5642
3108 2190
1050 3025
4764 837
6316 1527
2659 1858
3864 1578
3526 2908
3262 265
2471 5967
3704 2096
735 910
3101 3185
3284 4739
6005 5053
3839 7338
2554 1411
5781 3517
1084 3163
3421 7463
4608 2674
3943 2561
4101 857
5223 2654
7110 5098
6704 581
2136 943
1075 4925
3608 2107
1017 2372
6375 4650
6311 3363
506 7755
5177 3776
1620 1401
2848 7927
662 3457
5012 1534
4910 2161
882 2866
1208 6486
5745 6943
1773 1303
7015 4463
4997 1706
1549 5920
2129 4443
3661 2375
4009 2803
4411 425
1622 5906
4225 2923
6428 648
124 1819
5840 7777
7366 3962
7765 2934
5733 2475
4002 3808
5907 6976
444 4070
2356 6629
338 3475
2027 4995
3287 775
2064 1876
4496 3727
5536 1872
5524 5088
5566 4092
4038 5220
3506 3981
3592 838
4552 1580
2824 5759
1906 6636
663 1000
3882 3153
4495 3810
2532 6569
4715 6667
1296 3344
5879 1318
1820 1241
3890 1945
4431 6894
2122 5433
1925 927
7086 4103
7718 1256
4367 7436
2731 1054
7080 1541
6235 2410
5197 1050
6080 6706
7538 695
1975 5695
7273 5974
2759 6398
3274 5491
4212 641
3587 3036
1514 422
1869 4150
259 7441
7664 7486
3313 452
1546 7903
6328 6905
533 3112
3810 1145
4516 1300
3825 2953
2756 7599
2483 6772
1453 4364
1233 5578
934 7977
1528 2196
822 5796
4813 6997
4873 6039
2676 1606
607 5055
4217 7898
2610 5501
3159 6170
1567 4194
2457 1063
6422 3096
6094 991
4685 5889
524 5078
2838 3866
6247 5422
6977 3788
7239 4258
1162 2624
6399 4962
970 5480
3799 2871
5794 1586
4008 5120
5334 4408
4675 5693
2852 3747
3999 644
1330 5802
1562 2402
6113 1924
7549 1138
7719 257
4652 3771
6740 5456
6972 5060
466 4108
279 7595
7083 3103
1602 1206
1731 1658
260 3881
7714 169
404 1487
5862 346
2116 6325
1206 199
7289 1435
5521 173
336 2584
2273 5497
2058 2301
1486 5353
897 7423
4179 1101
6501 2299
7865 1111
4630 4624
6579 6348
7739 7162
7292 5439
6957 7714
1974 4552
4920 5374
4750 5731
5582 2119
5337 6940
223 1950
6571 3352
2909 220
2807 4159
2055 724
5686 2731
3282 2797
6589 1366
4577 5662
3614 154
6173 7012
753 2417
1919 2034
2005 3612
1416 6632
7040 6806
1905 2165
838 796
6224 5046
1366 36
3959 7875
4094 4922
679 3389
7893 219
3565 1676
600 209
4888 2832
2124 7266
5621 6753
2615 1102
7009 1697
3798 7227
6304 7276
6468 1072
5598 451
2597 1852
4918 2192
7245 7033
4647 5156
6961 6660
6592 6643
7391 2829
3327 2976
7588 2724
5318 7169
652 345
2096 6699
731 5
4408 4340
603 4002
5147 573
5747 7429
2967 7401
7031 3256
6933 6982
5234 4752
3294 3370
2054 5093
4467 7015
4224 635
6413 2996
1298 607
5210 6418
5387 1383
59 1460
1719 6240
3609 4516
1908 1651
4314 2325
4914 1738
7053 4232
3797 1693
1696 7008
7094 3367
313 548
1299 4304
2515 178
349 3840
2182 5896
5081 1216
928 5819
3206 3992
1582 2749
2913 5457
3459 7772
4135 3044
7320 6615
5986 1849
7183 455
5170 559
6954 2203
1930 2328
1973 2141
4687 3178
5542 4763
6409 7396
51 3883
7339 7022
1511 3731
4384 5471
4626 1115
3527 2293
4931 5485
7872 3381
3731 1519
6675 7038
4347 4215
4751 7968
1184 3106
4994 3496
119 4610
6485 993
6258 1958
6632 5739
4727 6843
4053 5451
7206 6101
5178 1548
540 7492
6427 7281
3338 2836
7286 1568
3318 4929
6678 7567
7835 1331
1681 1916
3291 5717
1976 962
6432 2807
584 172
2734 5174
1699 568
1185 4607
3299 4373
1680 282
7708 7590
3876 1550
3775 5606
7461 1375
1573 4341
5935 6891
270 7654
1916 1319
434 1730
5858 1526
6695 4579
5948 2087
5108 763
460 1492
983 880
751 6201
4380 7067
1041 5091
63 7437
6630 7468
2687 314
3341 3546
375 4044
4241 3715
3574 7210
5618 367
6345 7697
6627 7891
3922 7300
2986 4133
7915 1786
5053 888
926 7107
705 298
6699 7902
5180 1148
1128 5142
7959 6924
5985 4769
7056 854
7065 7909
1099 6863
2160 5458
637 5191
1848 1820
1358 1338
7284 892
4261 3988
6594 5336
6024 6743
1436 5737
7556 6312
613 1681
6111 5399
6480 2703
6261 2046
265 149
7047 4068
6790 4231
3973 3217
303 7271
3717 6503
6577 7269
6272 2936
7631 5477
4093 1891
4410 2541
3928 1701
2717 7682
4875 46
4864 5778
4549 1938
5330 6299
4981 4662
2519 6837
4923 1477
1458 3328
6862 5487
6858 7189
4542 5729
1509 7576
355 5814
58 1668
2823 7630
1904 3415
107 2259
4450 4198
5782 6606
1898 2336
4908 98
920 3121
6208 6681
1990 6404
1450 1469
5952 4588
4676 4926
2370 6628
3000 4718
4760 5460
4369 2061
3419 2741
131 968
3121 6518
4691 184
6216 3830
3167 7912
5812 5386
6828 7268
3005 1916
6454 2278
1231 7360
2101 4669
1544 2348
6018 1619
6668 6354
6893 5486
250 7628
4242 6774
4901 1270
4814 22
3353 1636
2204 271
4158 1523
4774 1998
6083 6773
189 6481
4092 1292
6866 17
5356 1359
5120 4698
7278 1518
7505 7917
3843 4711
6914 2735
4290 4097
2908 5416
5483 1627
6293 1196
639 6156
5861 2028
5364 1451
4928 1147
2346 1435
3764 6416
3953 5530
779 4487
720 7639
5344 2511
4469 4438
6545 2824
4653 6648
3832 4029
1659 5924
7186 6351
6860 3759
1497 1788
7732 4970
5195 7078
6055 1759
3524 4421
3110 4343
3046 3561
2347 3587
7875 3878
5707 7500
4509 4049
5125 4741
2490 4346
5695 1594
3940 7088
3385 121
7392 2717
4797 781
4236 4959
7569 5270
2556 1281
4301 5233
7502 5129
6490 3128
2408 2568
7118 3990
6214 4025
617 3048
150 6543
3745 7421
5161 2393
5091 2701
174 6330
2641 4917
3153 1468
630 1011
2109 2080
6728 4124
6705 7921
1588 742
3479 4896
2894 979
604 2443
2383 5069
7069 2445
5280 4493
57 3782
7479 5423
6690 5064
6213 4016
2777 5309
3489 5101
6438 6757
1118 7694
328 437
3945 5381
4065 1070
1971 6846
3697 768
5115 7246
3747 3511
4080 5653
2441 2891
453 2240
5753 4515
4125 834
1204 6178
725 5447
7271 2463
2282 7911
3192 6816
5519 3014
5581 7213
312 4615
964 3983
5914 2875
7884 419
4005 2253
30 7999
4678 5963
2180 1295
1074 4652
6242 6878
3650 7752
5558 1323
5456 5334
5855 5767
1071 6148
3993 3213
3533 7138
3582 7923
2847 5997
597 6549
2825 3031
3288 4430
7441 5758
489 6175
335 7111
5699 495
2098 2779
5059 4277
4458 4690
429 6576
4999 6885
5671 3452
4700 2244
691 194
815 3947
4567 680
7332 3400
2227 7738
3281 7134
362 3629
5377 2125
4392 4461
2626 6466
6523 1268
6608 156
5008 5940
3679 1135
4662 4705
2404 5210
7095 6453
4903 7426
1463 6136
2414 976
5148 2801
7410 6861
1227 3713
6270 3513
5326 6631
449 7026
5193 634
3241 3124
5849 1117
5599 3943
3896 7582
5429 2968
3064 3508
5609 3463
2746 5709
7355 4135
5708 1766
2091 7511
7165 7357
6976 3257
7866 2529
2849 6257
7801 3879
4858 4744
421 4685
2493 6393
752 7983
2789 6708
5030 7085
5888 5826
6852 3093
7749 1080
2013 4803
5881 7313
6180 7826
3244 2840
2726 7369
5894 5097
4562 4857
660 6295
6077 3844
2089 4759
7130 2175
4499 72
6456 609
3456 6663
761 3064
1532 378
6277 6850
930 4967
5430 1236
6784 4218
5883 1600
308 5842
1364 1316
3963 1980
7342 6001
7934 1028
7261 1048
7525 3998
3599 858
4563 3985
7226 5470
6776 3384
406 5763
332 6402
3433 592
6506 7280
398 5172
4964 1705
364 6844
1742 294
7611 6731
3831 6559
6735 1003
83 7207
7610 1607
4657 801
4783 316
302 6114
7853 4442
3088 1976
140 3152
7195 2131
4833 5621
4490 5762
5292 5221
3615 2090
3694 5083
2261 5910
7242 4577
2786 3162
1261 5953
880 5795
5363 55
6851 7617
1753 7584
1290 2320
7218 7598
855 7518
381 5473
5339 2370
7540 6052
219 6080
6759 2098
4152 5902
3191 1632
3478 269
3172 643
3466 3398
6549 7454
1964 7020
6513 6057
6306 1935
1037 4912
4283 5385
6439 4520
2464 311
2707 4625
5674 6881
4807 3419
5447 6657
4363 2026
3339 716
2497 1368
4573 2296
4013 1687
2553 1943
3007 6836
1130 3790
3904 3620
7871 4418
4287 1415
7027 4439
6444 4861
2785 1065
618 2707
2974 6865
1446 6107
687 3303
5913 2689
5898 95
1644 5735
4274 1177
3983 5252
3102 5550
1550 7136
4502 6152
3756 3316
7333 6722
3286 7725
1195 5007
7840 7905
953 30
2948 4056
3435 7609
5796 4609
2779 4298
957 4183
486 3083
1998 6375
7280 4498
7357 2867
1273 5265
3123 7839
1716 268
5651 6365
986 2070
6910 6829
6940 2924
2068 1840
1124 433
5999 7052
3053 1227
1741 2609
7632 6872
546 3395
1212 5707
2570 1104
1466 6329
1471 5258
2840 3822
3395 4224
4388 4808
5704 6909
235 328
5549 767
4146 2885
4525 6151
1079 871
6898 284
2234 2094
5752 2601
4211 4087
6587 3006
7478 5499
7343 3205
7054 7478
68 7919
5294 5190
1598 4021
2170 3646
5762 133
5993 5579
3888 3102
35 4726
2007 7636
2454 1474
5235 5102
6978 4041
1228 2663
2199 7858
6482 1963
7499 5917
5382 6736
1289 7637
5953 7885
1774 1874
4683 2534
5477 5143
5919 3017
7687 312
3618 2015
3719 7933
410 1335
5575 7922
6296 3226
3387 6935
5631 6317
3564 3167
4435 1865
4022 2839
739 1985
3924 4563
4763 1900
530 7880
255 7857
3903 6693
2480 1320
1246 7344
5251 1505
5804 6893
1023 1484
87 7375
3777 7250
4583 778
5424 5052
6201 6470
6220 2979
2787 5854
4871 4220
1666 62
3336 7118
6543 5139
7551 3402
3767 7434
3501 3711
2750 3886
5020 5497
7729 7295
1223 1333
6473 475
5407 3187
96 5619
2417 5281
5636 3540
1935 3842
3966 2990
7774 5841
118 1994
4793 5882
6702 7814
1377 2078
6935 6104
5445 7944
110 7373
4545 5740
922 2859
6230 587
2141 5629
6141 7084
5698 1191
4595 4032
7546 244
2588 5852
1308 7112
3403 6087
6197 988
4916 4372
1012 577
514 948
4258 3706
7597 1031
209 2093
5150 1792
2031 1453
990 7676
7841 3621
3576 6627
148 3843
693 2984
5196 4146
4709 2114
4485 2756
3741 457
6854 6700
2887 6930
2819 3181
3052 35
7823 1571
6058 431
7519 240
6264 6967
2033 1232
162 3619
275 3220
7484 3758
1712 3337
3057 5484
7140 5996
6426 415
3221 599
1459 7412
4381 384
1928 5342
5208 3087
809 4575
7811 5108
569 5775
3734 5871
4800 2025
7378 3290
1234 466
1444 3343
7283 4531
3570 4899
1196 7822
5224 4636
507 979
7800 7105
7898 4762
3919 3333
6462 145
3779 7501
7063 2740
765 602
4174 1753
672 2409
5158 5042
4639 1707
78 4157
4282 7223
6386 990
1824 683
4530 676
6290 1647
2431 1423
2630 4284
2574 1189
4487 1180
1170 3504
988 956
4821 1192
7777 13
4898 4367
4943 458
575 2659
7012 1459
6892 3928
7209 1499
6516 688
5596 6392
2069 7096
4300 1530
2203 5582
4889 4053
1950 296
6654 2684
5604 3864
6798 6376
1503 6464
4518 7760
7930 4594
3073 3710
6981 4308
1310 7042
5660 7224
5439 1081
4142 3677
2361 7781
4355 7074
5726 4026
4929 6438
6475 5306
2359 5008
5926 2482
5272 2297
2998 4318
3591 6847
6079 1017
5966 4313
4177 3486
1701 7324
6777 897
2279 3697
376 313
3662 2901
3510 5054
945 4817
856 1529
1551 6487
5171 1805
6646 2786
6588 7772
834 3405
2036 4499
1201 7075
5749 6420
2422 6684
4260 1808
3899 5805
4249 3920
2995 4361
5876 2452
2680 100
3818 5311
3333 1941
6028 7152
2901 2567
1776 3890
665 2930
5960 1154
3985 1988
3938 1090
3377 5549
151 201
3144 5338
7964 7940
5616 370
1249 2942
6091 2126
2877 6000
7877 736
4703 468
7608 3953
1258 2050
1147 4165
1579 6817
7576 2298
286 6839
1238 7176
1153 1128
2034 5531
936 3239
276 1926
2690 3070
1855 1978
7914 7296
3913 1202
6829 5812
5307 1350
6570 7317
3578 5284
3266 3984
1175 2879
4149 4629
1095 7399
6282 1670
3440 2596
1850 4901
7405 3114
6997 1449
322 2914
7655 2512
5679 4374
912 5611
7567 4219
6038 477
1484 5892
7496 2960
2254 5505
7678 3521
5129 3827
6925 6199
340 6710
7769 2843
6636 4154
4172 2276
1272 1618
5245 3617
3160 3547
4302 1043
2143 6824
7258 2164
7616 1391
5258 6262
2405 2051
579 525
6988 1433
261 3857
5378 3902
7966 6883
3868 2802
2539 6196
4088 5662
251 4794
67 4404
3637 1631
3354 6955
3977 924
2576 4909
7785 3089
6162 5274
4216 83
6753 5706
7148 4263
4016 4110
4695 909
222 2411
6782 1442
927 3834
2390 3235
7033 3323
210 6225
4202 3342
2313 5754
5869 3970
7838 255
6287 5529
3848 1168
2065 7513
7804 2123
1909 1686
814 7331
1910 7818
6377 4007
513 5395
1483 7648
3006 4724
4277 2948
4268 1229
1885 642
5528 3937
3309 985
3800 2062
2213 2783
3854 6903
5724 2688
885 112
7601 2378
2362 3250
5436 2523
4945 3345
4072 7475
5813 729
1548 59
2962 5836
7427 6432
6507 3735
6656 7305
3407 4477
2828 2246
3740 7046
1139 709
2633 3277
4068 7957
6857 6694
2083 5096
3880 4014
1405 5431
1316 5128
1288 7381
7571 1131
5588 5697
4591 4866
3483 1466
45 6617
6727 266
6913 4023
6003 7452
3202 2476
7304 1362
6397 5539
3723 7693
5189 5023
1826 2256
2436 6260
7629 6172
7870 230
5835 3317
4012 6781
5441 5474
7881 625
3225 7398
1878 5011
233 4259
2677 2709
3902 474
5094 3628
4412 6692
4478 3848
1631 1184
2968 183
4636 7041
2290 7043
4658 4239
5149 1832
392 5701
2022 7966
3525 4211
3806 6614
7852 2533
5605 6917
4973 3332
6207 4921
4682 6786
3453 2536
2486 5639
5069 7634
269 4079
863 5523
9 4385
7023 5289
7879 5699
2589 3815
2409 7209
2631 2830
5884 6661
7422 4221
712 3969
2701 7348
7436 7555
819 4743
6855 5700
4254 7418
402 3401
3995 6758
5975 4291
5227 3408
7495 2987
6609 6078
6832 7496
443 4019
3955 4190
6603 2889
1000 5193
4304 4797
3441 267
3494 3687
7255 5686
3705 4584
2463 6570
1404 7245
6076 6213
5124 4338
3522 5884
7573 223
1505 1863
7927 7723
5831 3204
4076 2644
2354 1371
7142 366
6149 6059
5961 6120
4905 6599
5320 6721
2418 3378
1117 5123
7903 3306
6446 2615
6960 986
4883 6121
6816 1789
6209 6653
3059 5641
4972 753
782 7335
667 2959
495 875
4738 538
3428 3155
5570 1866
4090 3122
1239 2985
1764 1315
7407 6747
2724 4226
5288 2170
962 1015
1148 6918
5472 5599
4803 6830
4035 558
7758 5931
2511 2565
7169 1692
5233 6822
5503 3193
7219 3393
5474 4637
2245 3768
1016 1083
3596 7878
1778 2233
7738 2407
1179 2780
7464 1491
5915 2743
1167 7151
2481 5576
2757 5010
2270 6437
3205 5666
1664 4796
3314 3251
4722 7851
3409 1710
3954 2580
197 2221
4927 1776
1624 3789
3230 2460
3708 5524
7276 5925
4697 1103
2304 3554
497 3545
6712 4337
565 1289
816 5076
3449 2142
982 6233
6864 5987
3328 348
7491 3194
2032 3233
5434 6590
158 1198
7869 360
3642 4273
532 5067
5932 7657
7321 2723
1030 3807
621 589
226 3175
3029 379
3285 1824
4413 1306
4334 4634
7 5760
626 1663
4558 6204
3739 435
7620 2575
7813 6726
7644 574
1103 2431
7951 97
3265 7935
6811 2820
7279 3603
5748 1556
1626 3476
5403 5750
399 4583
4802 3746
875 5263
2837 6933
1783 7001
2131 6061
966 6389
190 6711
2739 6782
2318 3234
5166 7610
4966 3512
4977 234
1577 4434
86 784
3359 5183
4317 2940
3961 6608
1093 7771
515 692
2975 4149
1501 7424
2796 1557
2241 2426
181 3291
1630 3046
3692 2632
5887 3507
5074 1429
5550 3216
7559 5556
1796 6319
7862 1199
2871 2424
1870 6703
2118 1768
5959 4091
5443 4905
1775 4274
3195 2308
1372 1267
5342 5086
7755 476
609 3492
1003 3649
1304 6297
4239 7490
6697 901
3716 2870
280 1815
3687 5087
1301 6370
4514 1543
3414 4682
2898 3675
7987 3223
5560 7536
4879 7164
5783 2429
2218 6756
5116 7869
7594 1337
6260 974
4340 32
4414 7953
7973 2414
2827 7718
5825 4902
3177 7680
1564 2886
268 685
1661 4720
5951 3588
5773 3428
2744 6086
1371 3734
3713 6002
3748 2965
476 7015
500 6634
6259 1939
841 1086
1058 6672
4834 2587
5933 3674
144 2133
5046 3119
175 5849
5768 5608
1554 7627
7709 2510
2560 5443
6115 3310
7477 3530
6118 5851
22 594
5221 3288
1736 6886
1152 6532
5350 7181
3594 601
3475 656
5324 7449
3139 4569
5823 1503
6550 4148
1745 6265
4559 373
3157 7104
3644 7550
3757 6434
3724 5561
6318 7476
7368 6309
1327 7700
2041 3590
4571 3304
6607 2817
6172 6524
379 6359
2741 7786
7348 3449
4531 406
6896 6941
6511 2383
3855 3608
6429 6010
2140 3336
6572 2349
3861 238
4276 5201
5696 4123
5614 3625
5285 2742
7971 1301
52 6951
4962 5690
5844 2260
3300 1124
3439 2918
5872 7116
6064 4359
6524 4345
56 6261
2080 3091
7509 1954
2215 1404
3932 7361
79 21
3676 2457
342 4793
2220 5585
1504 7963
1542 2060
2023 808
2151 3828
2930 841
943 1984
2685 3471
2890 4332
1695 3583
1771 2147
5991 7831
4957 2232
2437 1005
7803 6788
2496 4063
6850 4223
5700 1207
7547 830
4500 4697
3210 4646
4586 5868
2900 727
4464 5677
6174 6177
4087 5776
2225 6084
2920 4306
1560 2489
961 4322
3619 1741
4303 242
4362 7285
3703 4214
6983 1567
4387 4132
1822 2395
2329 1977
5103 7457
5576 2245
2296 5404
5248 874
4150 6742
7543 5104
7356 5065
5701 6978
1412 1737
6498 6597
3669 3299
777 3265
3674 1113
3469 239
748 6042
4199 5455
5710 787
6369 1277
736 2265
6943 454
5543 904
7182 2220
7123 2564
3215 2613
2826 565
6931 6727
1936 5989
7370 7120
624 748
6909 1821
3794 3278
5455 1817
5423 6560
5043 3409
7681 2003
6991 934
6504 7695
5446 4268
7498 6344
746 4678
4951 6730
254 4417
7844 583
3381 1282
7614 4681
2285 2982
7885 5670
1693 3142
1410 6741
5743 1829
6331 6923
6168 6270
1886 2188
4816 684
7312 2381
7263 441
1091 4651
6951 3526
6723 7077
3761 3298
5619 6266
4245 6188
2461 7675
5970 1603
7661 6533
3226 1008
3920 6488
6053 5559
7138 712
2200 7356
7349 4900
183 7774
6025 606
120 7679
5756 7255
6257 2118
7557 903
631 1444
689 1356
5192 1736
4198 2287
973 3076
1267 2920
1136 4695
7787 1745
1411 5661
7837 325
5242 2054
677 5883
4740 3558
3239 3534
2145 6173
4515 7622
4838 400
1748 203
6619 5407
4590 3922
4409 7741
195 3597
4781 6835
5645 3275
6268 6990
840 2403
5587 3941
5950 7754
2115 6760
2583 2546
5408 3362
1845 5800
2970 5460
5507 235
481 4237
3538 1091
88 7542
5240 4703
7716 2509
627 5074
1402 4008
6766 7040
5848 236
5414 2971
4660 6422
3245 5285
6617 7845
4160 6962
7936 1242
2350 7404
4804 3909
374 5481
179 3686
726 2864
3783 4488
4165 5431
3461 2459
6773 5823
6137 1082
2266 3311
291 3733
1956 5215
599 4539
651 4918
1636 3161
7132 7545
491 6106
6136 1762
6905 969
2044 6784
2307 4299
4234 6592
3077 576
6559 3159
6048 4709
3532 6268
2762 6673
5167 584
7529 4833
1749 7406
3048 4788
4835 6030
826 7228
5256 7711
3092 2279
5809 4057
1802 6217
4767 3001
4619 459
5174 3082
242 6079
1926 1010
1250 3764
529 3411
5943 637
1083 309
1539 2718
1518 5860
2946 4310
7596 7491
3233 187
1643 4358
240 6035
4267 7002
3941 2303
1819 7800
386 7339
5722 4614
6466 6970
7975 6090
7527 4964
5694 7050
5078 1665
2086 6563
7740 1783
1768 2799
5013 7918
6274 7623
5075 6670
5389 6436
7721 462
3140 5905
5633 6037
3310 4868
7907 672
36 633
4273 737
2691 5875
2682 7392
5917 480
3382 7863
4393 4635
1525 1673
1921 4528
2788 2329
6661 766
5962 3626
5927 855
2369 1562
1365 3533
3822 6588
395 4035
1112 5840
408 3353
6148 7146
3150 2765
1173 2595
6391 2897
7770 3406
3791 4483
6008 862
4017 3855
4575 6058
6880 1582
2632 1804
4933 7837
6463 7179
3575 106
3223 5225
7748 4717
7784 3012
1104 3650
2394 6446
1946 5077
2161 5861
4899 7124
1706 5567
1536 3689
2709 1777
1280 6232
31 2691
2240 2822
7115 5616
7515 2404
237 4144
7197 5228
3235 6253
4680 3704
5117 523
3304 3919
2188 2238
1769 4106
2965 4914
2274 1527
1571 146
5971 5170
7059 754
6865 532
2374 2542
3228 3158
1190 2012
7864 6738
4641 5185
944 7827
3455 331
2866 6744
391 1039
3426 4765
4588 6186
1517 7364
6241 628
1181 7017
7177 4601
4335 424
4874 5268
6992 5321
6417 7100
4374 6072
6888 1121
3352 3045
6522 6638
4699 914
7360 281
2162 4405
4118 2876
6246 2672
4616 823
6555 6169
5452 5079
5810 6637
6276 6728
933 7140
2283 7311
3908 5594
354 3801
2922 4258
791 6326
4952 2597
5750 6550
4887 3740
6584 3850
1110 5903
6240 5725
7924 6501
3878 3365
5051 7383
1499 7230
3841 5569
5370 3322
4867 5391
1959 2281
7983 114
246 819
4853 4637
2257 7416
3675 2560
7778 6842
6806 3757
7014 1965
5321 4402
6317 4847
6291 3636
3560 2955
3166 3097
5930 3132
1692 651
469 3795
1479 7194
7828 6662
2010 852
5541 3845
1704 4994
5024 352
3553 4915
1838 2838
7593 77
7087 5986
53 1633
7745 866
3600 3714
2817 4735
6606 5736
7727 2504
3418 390
7198 5495
7128 1772
3495 5745
7025 6124
5357 5850
4585 1702
2660 1146
7548 939
4737 799
3051 5783
2258 5747
2994 2367
2622 4294
1348 1784
7706 6814
3115 5115
7112 6780
2669 3358
2585 5090
4365 7656
6643 2844
3640 3783
3935 3596
6576 6149
6202 2155
6366 1064
7890 5030
2038 6013
1336 7801
2002 7692
134 6318
7532 4894
5572 6242
5837 3066
4930 535
946 2143
1617 3138
1895 1856
4790 2898
6942 7612
3027 6410
3154 6564
7393 6137
3668 7259
6843 4086
6974 7670
2572 1186
1481 1076
3786 1991
4786 5418
7843 2548
1986 771
6203 3348
3329 6286
75 354
224 3196
7313 5857
7726 3611
804 6922
2693 2680
5705 6877
5548 40
247 6845
2166 7442
1333 2841
5806 3802
5822 6729
6448 3444
6814 5105
4779 1190
4463 4672
2892 1346
6631 5327
5463 3515
4201 7513
7762 2963
5077 3502
4256 1649
2262 5652
204 5835
3251 6027
7005 7238
1287 596
5641 2679
1619 2072
4023 1861
3543 7846
2722 2448
1575 6752
7404 6790
6383 1391
368 3189
4494 3669
7116 3485
2445 972
2535 5939
610 4635
1694 2762
3586 3315
2936 3473
6445 1912
1629 918
2499 3950
2062 1993
3980 5361
5956 4709
5793 638
1867 4360
1954 817
1900 4710
5714 3912
2795 5502
439 4782
6671 6028
6092 1729
1717 4882
2888 1694
207 2017
7350 2234
984 7669
1527 5785
4673 932
4614 7600
5182 7274
4130 7287
7913 7239
6605 4192
5085 7810
5302 1114
4180 3482
5744 2207
7150 108
7159 3681
7674 520
5535 3576
347 6915
7424 7934
1953 1422
3544 6578
415 7130
111 2559
2653 4734
7299 1171
7568 7712
4493 5552
902 4491
2876 3489
6937 2616
436 167
4915 7076
4040 4362
2067 2954
6731 7548
271 1909
1677 3608
4036 4188
3276 2176
2341 5094
4033 3541
4445 332
7858 6456
2567 2428
5906 3072
6039 4348
629 813
4726 6552
6657 3458
2212 5547
4919 4170
5092 7606
2507 2784
4668 1716
1247 1966
1584 322
5299 6003
776 7864
2810 7672
2244 6671
7032 6197
4109 4792
1226 3618
6233 1149
4757 4916
5102 7380
635 6531
7419 7997
2172 4785
3984 6358
1595 7240
1215 7850
6120 5195
6418 2159
7000 7750
2684 5464
5603 704
1545 6469
5097 815
459 7633
5132 2505
3146 3056
5001 3544
294 1798
2126 964
4650 5396
5969 285
7243 1970
1473 4236
7685 4203
5499 1569
6567 2539
7978 5536
7591 5674
4674 1237
3942 733
5611 3133
5070 6211
7101 7346
5162 140
243 4406
1230 5631
6534 7432
4578 4778
4696 3861
7827 5534
2768 7340
5212 7835
7558 2989
2462 4283
2629 2305
6800 1314
1901 2642
5365 2931
3319 6974
3337 2970
6672 6300
4758 5393
458 2466
5856 605
450 4469
7734 5786
3099 2981
1213 5513
1832 1894
7982 7316
2309 5862
908 5049
659 3703
5865 3478
2550 4826
5259 5135
464 198
4190 6291
2740 3295
918 7775
3371 432
1665 4130
4666 327
6650 7859
307 4820
2294 6959
4468 6963
1537 6119
6807 2461
1474 5335
3040 3059
5586 5267
4694 1035
7310 6668
2835 3015
1522 4611
4868 5253
5172 5998
5428 6103
7395 7248
1090 2005
7205 6803
7814 4161
2745 6482
1076 7991
6095 5714
527 4523
2001 3550
6845 2471
6434 7122
2381 816
4669 1859
7190 5872
3378 4064
4507 4761
4298 2865
5133 4422
763 2500
7120 1807
690 3242
6547 1870
561 2048
7586 7059
5838 1778
929 5962
1015 5894
5565 7504
5522 946
3517 4158
7352 2540
1860 2611
6692 6022
1763 7089
3792 5506
7088 7662
537 3951
7173 7058
6330 1095
2113 4945
4048 4209
3330 5209
320 7564
6117 4977
1541 7981
2324 6024
1852 1374
2288 6607
661 6716
2155 207
1252 2270
2193 2263
7622 4134
2526 2470
7384 2041
1913 445
5409 1441
2678 3535
7104 5089
2918 6158
6126 664
2869 381
4439 5622
2388 4300
4851 7889
4546 911
868 4837
1991 4484
7554 2554
7252 339
5936 2195
4796 2946
1711 6562
1713 429
6783 7098
821 7538
6108 1079
1194 2682
2954 2750
6979 6901
4 6591
5629 4220
1303 7125
6986 4980
939 6302
1413 7537
6068 2552
2547 1348
4795 3258
6677 3356
4799 2669
3103 2666
5779 5413
5623 6294
4547 7198
4113 350
3830 1801
7697 5628
446 2225
5555 2729
149 489
1520 6320
4269 4271
4809 4423
4949 2198
581 4403
7712 5956
1495 4659
6912 4795
904 5881
5857 5099
4735 4216
7537 1061
3367 2274
4194 1739
5668 1512
361 868
5738 1471
701 2849
4508 6858
4897 2172
1645 5688
5765 2138
873 2796
6243 1126
6810 731
7809 398
7229 3390
360 6117
2885 4093
3554 3709
4865 2583
7485 2757
2338 576
4405 2016
7152 6088
1798 3244
6299 6081
6548 1364
6993 545
159 5624
2727 2520
2844 212
5265 2492
4233 359
6939 4876
5955 4115
745 7007
6521 7419
1811 1682
2317 6408
740 4512
7437 7860
1046 4753
3569 1163
7055 2134
5345 4933
2912 6947
7344 4017
3165 1823
5622 4471
3410 543
1968 3961
4689 6040
574 5518
5123 6187
7906 2330
6346 6455
3404 6746
921 3721
5062 3160
3612 3971
3283 7813
568 4558
4847 6250
3817 3136
5574 5111
7967 4416
519 4117
3079 4676
7081 1555
1581 6138
4424 1674
1610 1525
1818 6355
1278 2416
7815 7236
1740 5359
2153 4023
7520 3773
4266 4679
1460 4818
7057 1293
5896 5876
7812 2396
3617 470
6651 24
7833 3168
1791 930
4111 4196
394 4620
6169 5630
3915 1493
1109 3741
1896 4689
3766 553
6010 4186
5561 6870
5458 7057
3118 5243
7845 7687
2510 3093
3162 6362
3246 5363
5717 3200
6664 6016
3805 3542
5064 4382
3311 6353
1057 3386
7423 6097
721 7888
7272 1159
3493 3995
1428 4453
2438 6639
7317 7844
1939 7469
6212 3467
6407 4090
6029 65
5484 3924
2289 4464
1403 1455
744 7422
1854 5788
3093 1030
7747 5140
135 5079
6833 7784
6613 1570
2209 2778
3356 3752
369 7037
3474 2252
588 780
7847 6460
6710 4623
6297 6111
4523 3324
5228 264
1970 4574
6709 1881
1530 1919
217 4770
2673 164
4991 7792
2923 4849
2517 501
3030 7438
4309 1437
7733 790
437 6140
211 2204
5138 4334
1381 31
7487 2465
6036 5349
6849 1959
2016 2346
2557 7640
2123 2194
1382 7979
4729 6867
2889 2966
5990 1743
7247 1032
6283 6783
5709 4012
5229 3688
611 2254
1833 5830
5323 2562
1516 2961
2398 5904
3485 5080
1056 2365
7887 1221
2222 3599
1138 6238
7656 2569
864 772
6915 7658
4517 5597
7550 2230
734 257
641 6630
4655 1465
3540 3826
7434 7585
3548 2008
5817 7377
55 7954
1506 4654
2590 6411
2704 7264
5086 341
5066 6338
1077 3418
2613 2481
5742 7834
2895 5257
7085 5865
1877 1842
4725 5551
7298 2573
2822 2120
5372 2356
1159 7353
5854 4606
1760 5822
5367 1430
6515 6414
1965 3013
26 1940
6470 347
3422 5987
1105 5684
4441 6594
6815 6776
2616 364
7231 917
7826 1178
6196 2692
1841 6147
4230 3436
16 4811
991 461
478 7018
3732 4984
6193 3465
2400 6023
2008 7470
202 7882
1408 1547
1085 3018
6684 5379
7782 3915
1729 3598
1625 160
6116 1628
5527 2076
4157 5720
7147 2852
4486 4647
5476 7796
3497 3425
6408 4694
7992 5738
6724 7481
1142 2806
5400 3663
4166 6241
2503 3680
133 4958
3610 3319
2397 6129
1961 107
11 1654
2085 229
3432 7036
3559 6485
1219 4952
1281 7969
6194 4184
644 7671
1183 3640
2421 7451
4540 154
3905 5371
3552 7557
4610 337
2534 4633
6182 755
2991 2933
6298 1986
1652 7678
3349 7855
5386 2647
4895 3708
7976 6952
2236 840
1657 6983
2121 2944
6739 2167
1955 5187
7653 4666
92 2611
6989 4559
1563 6779
2117 1675
4115 3929
1814 1402
974 6832
5498 7747
4679 117
6348 6066
7388 7296
682 3652
5736 6799
2501 3903
170 2382
2159 6258
1498 3756
351 4279
4046 4339
164 1456
4086 3270
7076 2110
3351 4838
4628 7632
1386 828
2608 6165
4237 5345
586 2116
5109 4034
5505 4653
6040 7743
4664 4429
1286 999
2125 5421
1176 3033
7093 5332
2618 1624
2226 4538
2790 5595
6467 1644
4275 3410
6936 7892
703 4643
1452 3456
3691 482
6928 5337
6321 182
389 1034
5315 5438
4856 4764
4998 1907
4504 1247
5530 4413
7418 5673
6713 3552
554 2785
781 6582
407 1511
5920 5300
6916 4649
153 320
3198 3799
5784 4251
2696 2950
6314 6572
1937 2219
1210 4566
7060 2572
774 1513
6574 6020
3577 6555
2127 1458
6184 6879
6146 3923
1421 5296
2455 7326
7075 159
6211 5522
4617 4264
2742 5955
3711 1045
5563 810
877 1679
4375 1295
5977 6419
1747 1164
5045 5618
4419 4555
7883 4772
4252 803
2112 1298
5383 1109
7671 5632
2476 5515
2747 1660
4014 7459
4671 5952
1650 6394
828 3262
3901 1317
91 4576
813 7415
7937 1960
5553 1339
3762 4210
6785 6116
203 4058
7035 2441
6249 7514
4506 2361
6749 7261
2945 7926
1836 7802
6447 7411
6479 6778
1334 6517
6250 2878
557 5279
1260 5082
7500 5640
3633 387
3736 1394
1027 5198
6682 3
1424 1933
2940 6447
2643 953
5126 6112
4326 1158
3768 1814
5060 6707
3827 540
7900 3145
4855 4848
4358 1443
4019 2043
2773 6210
6253 2593
1113 4951
5827 4040
1801 7006
6953 2462
6269 5061
4961 5448
3960 6857
4044 4492
4599 1724
2943 4884
6644 847
136 2451
1255 4789
2174 5637
799 200
5179 4508
1319 586
4343 1514
3193 779
4829 6854
188 1699
61 7196
5808 744
6830 5544
4123 5961
7474 1775
5038 7211
7347 7252
6187 3248
832 2923
6663 2001
772 2163
2605 1067
5310 5647
7207 4771
7855 4822
7570 105
6975 2907
3346 4125
577 258
3290 6047
2569 1440
142 2440
5431 4387
5351 6247
3183 7929
1654 6032
4425 7982
4285 6626
5494 6076
3376 1862
2578 42
6395 4131
3755 1446
165 2147
4584 7721
5203 7974
2942 2677
5653 2911
3213 7643
6483 118
7222 7967
6770 1629
714 1016
7042 7507
2606 3300
6756 1828
5772 5773
2233 2671
2340 2212
7420 4292
6700 1007
49 989
839 3501
7553 6677
2255 5521
4296 4887
5419 3424
3219 4886
2987 961
7107 4083
7493 3774
2591 4495
523 6547
5730 247
3925 4309
3024 7288
1849 710
4204 3099
4288 3011
2276 6445
3231 4641
6801 7114
7234 1217
1723 3987
4460 2544
3412 2519
2052 3909
5520 6925
4990 5704
3970 3123
869 251
827 7371
7426 726
6364 3993
2666 446
1863 2721
3809 4949
1387 3618
6326 6685
1830 3865
4344 467
2596 6272
4037 1803
6153 825
6804 2818
3363 3429
4869 6969
7174 2156
6575 2697
5728 3020
6396 1973
857 1971
785 3086
3178 3035
6856 1170
3204 1053
5055 1902
4618 5494
7179 987
1957 874
3076 503
5114 7970
239 2201
7958 6651
7882 241
305 5477
7979 7205
3790 4889
3270 3997
2999 7251
4193 6063
5850 6451
431 2608
3750 1857
5719 698
1513 3729
6033 5908
1707 123
6949 5350
3321 3642
4034 5154
7061 1410
3491 1947
5487 913
5676 3748
3259 4238
6474 851
6791 7376
4449 2685
3918 6342
4882 4180
4744 2994
1467 465
2619 5216
3452 3775
2521 4525
5067 2052
6380 3180
7710 7799
3484 2788
7486 2306
372 2526
7822 6468
3601 222
7250 226
911 5188
4297 2071
1534 336
5031 6579
2850 937
178 10
4473 4616
4221 2379
7880 1340
1576 7798
2872 5444
5613 4377
4251 653
1739 7769
6861 5564
2292 5084
5495 2151
6621 5692
5183 4911
4462 5174
847 3907
6595 2696
2655 3920
5501 3818
1166 3887
6525 1417
5551 1464
5048 6584
6465 6647
1834 822
2802 738
2039 4050
1943 4390
4708 5658
2310 5916
3725 408
6714 6580
7157 1579
7544 6230
5412 2535
7383 1833
2647 4474
886 7641
4055 6384
872 7948
1658 6271
666 210
3446 5516
206 5780
2915 6551
7011 2727
5836 4427
6716 7795
876 122
5734 7638
4218 4336
3375 7141
3753 7603
7650 6679
7675 1379
5994 3606
6074 7032
2426 7102
1782 4648
7772 3364
6629 6440
2513 6502
4169 4174
766 6994
262 4426
3430 6621
5277 5377
1872 6381
7270 5479
1500 4947
3471 5977
4350 4311
5450 1392
6649 538
1025 5106
2482 5116
2348 3095
4235 1156
5788 5718
1543 6764
770 3115
4615 280
405 2436
3770 5073
2425 1728
2384 396
4815 1250
1217 3901
7859 6623
6639 1850
234 1711
5176 3974
2360 6218
6774 1203
955 3569
2489 4642
4222 4446
4248 33
1515 3693
7723 5230
6963 3996
6430 2013
4039 368
1883 7782
315 6732
7892 2047
4817 3259
3721 1416
3199 1369
5665 3094
4748 3147
5072 1342
6107 5426
7911 2314
1164 3634
1437 5990
1257 7994
1948 2872
4056 5057
4370 6154
2842 6060
6176 6504
3503 5429
4227 3701
5792 5110
4498 4102
7204 3792
3185 2814
2929 4827
4946 7749
6642 4295
1248 3586
2927 3656
7127 2846
2395 1867
1743 544
954 2415
1979 758
7199 3198
3819 2331
5107 2712
2451 3211
4837 1278
623 2906
1947 4119
846 7314
7026 4664
6750 2610
2640 3954
468 3292
566 48
3207 604
6553 1285
6604 2708
4154 1864
1266 2766
4705 5624
4926 1036
825 3351
6903 6157
4979 3393
3252 2882
5390 3595
4769 3949
2865 4187
345 6541
7466 3203
5355 2089
4846 4013
3658 1291
789 6589
2931 7618
6455 3896
6368 2769
7996 3007
4839 4553
1633 5535
393 4738
1447 5553
6140 6423
7792 4024
6870 2140
3391 2507
6355 5540
155 645
6841 3906
3417 7187
1757 7980
3545 86
7309 3391
1120 702
5554 4565
2607 7960
4339 7204
6469 57
6226 6530
2833 2804
8000 6193
5035 5929
7079 6195
6167 3458
5987 6017
7216 1613
4612 4208
2479 2957
6070 5255
1454 7759
3951 456
6313 6247
6554 7806
5600 6516
676 2905
2305 4791
2366 5563
5283 4097
4537 5960
5087 3464
403 4244
1035 5818
653 1110
1100 640
3647 5577
5873 7789
2020 3445
2474 7893
4185 4671
1578 2384
4228 277
7552 4317
1376 5810
796 3763
5910 4261
7451 5899
545 5022
5547 749
2830 5163
859 7852
2250 4806
1390 5260
7282 591
7703 5420
6836 6715
7038 7031
4581 5329
1224 5867
7082 5348
7443 3744
4444 3050
5065 1118
4934 4812
6894 4832
1752 6053
4407 170
5911 6031
4215 4351
6875 7417
709 394
1835 1093
3950 7336
5027 6716
1292 2477
6354 1025
862 2518
3666 6095
487 3977
3021 1610
1088 478
3803 2845
5373 5682
1724 7498
7447 7762
3234 1123
958 1561
2256 2294
6618 1122
359 7821
7403 2732
829 865
6127 2622
5706 232
4830 3584
1897 5555
7799 826
5982 1069
1828 4101
6496 2271
5202 3696
1144 5032
6826 2661
5650 3182
4061 5264
5667 6444
6952 3263
4557 4074
6135 2856
6602 2435
3325 7849
729 2545
7944 6345
2352 4206
5725 1622
7345 7701
2281 5921
7904 7167
7077 7649
5638 1887
5347 1344
3280 6964
5523 7303
388 3978
2712 954
5026 7175
6950 2333
1220 891
4794 34
2440 6301
4526 3347
6132 3236
4466 1733
5219 4845
3161 6431
3853 2854
4308 3173
2306 6209
1119 3368
1734 1951
1243 1915
1493 1027
5899 2400
1174 2746
5319 4128
5663 6224
126 1238
835 6859
7688 5445
987 2594
7143 1230
4187 7674
972 3908
5083 2313
6623 515
316 6966
1526 3376
7836 7494
3968 4691
321 4111
4850 1857
2070 5254
7399 2113
915 3171
3911 1334
2133 7128
1422 3527
7217 5161
10 1929
1519 4999
4206 5173
6600 7733
5624 6452
7715 4286
2664 3157
6271 6227
5731 848
7970 5121
2794 6680
156 6091
6874 5774
5569 180
7013 499
6659 3575
38 7848
5207 1510
3688 5237
3045 5229
4877 1412
2420 5779
4924 5981
7274 5316
995 5886
1580 7794
894 719
1039 7685
2185 547
6057 6454
5891 4656
2043 1844
2265 2323
2881 6461
787 3643
5648 5724
658 7761
6351 3339
6786 2217
551 6484
5028 5320
6769 2812
5904 3562
2856 2422
3112 2289
6904 4401
7637 697
1941 6818
6332 6763
3130 5436
390 3500
6591 69
2584 2095
7380 3635
5967 3346
1552 7758
5464 1748
287 6093
4745 3910
493 7154
718 4955
24 694
4627 718
3044 1586
4866 6916
3332 5151
5790 1273
7654 2376
215 6849
3752 856
3996 1001
3655 5397
7164 5212
7808 5781
7400 7000
3885 4600
1593 498
6294 5118
6926 6956
3170 7489
5130 1942
4755 7244
4366 7186
93 91
3408 997
5682 4859
6958 6882
1730 5636
5871 7148
5767 7900
3072 3725
5006 5466
6512 2037
5606 4712
7974 5463
157 3874
6883 6856
5675 4260
241 578
2343 5791
2048 4572
339 1481
657 2744
5552 4018
3796 3186
7790 1116
4226 7019
346 7664
7523 4944
7810 2357
282 6942
6084 3939
7336 50
4279 519
7212 4892
46 5705
3434 5994
6669 1621
531 3960
3546 4052
1888 5615
3774 4665
7854 1837
2009 132
1322 7653
6353 6712
7456 5943
7007 1129
5878 746
2237 833
2051 90
6687 7825
1068 4609
5579 4578
3712 5166
4544 1195
4208 783
7052 5446
7581 6938
6518 2910
769 6397
2103 5005
7764 4932
3689 6618
743 6051
7612 3505
2536 5081
2295 155
707 994
7295 5419
3550 3146
7291 5672
3343 3054
3147 2224
6872 3940
7227 3037
861 1407
122 593
462 6740
4625 3238
6150 6738
4932 4891
7414 671
2903 2437
400 148
7524 5722
1608 978
4140 4982
2902 3116
7846 5249
7746 3684
2076 1258
7381 1659
2555 7111
702 2754
7615 7497
6320 4465
3621 3820
3017 5832
4376 4126
7016 6866
3673 2555
571 694
2639 2521
7324 2508
7794 2827
4336 4950
3611 3831
7166 3885
3208 2326
7511 6478
7098 2695
2024 4470
5634 3472
7889 2636
628 678
1259 6953
5188 404
1893 1160
6041 6045
7244 1381
6761 5829
4787 2291
6658 7132
3659 263
6343 5021
5829 4673
1899 7208
6895 5402
27 4612
7780 3340
6746 4873
4684 117
5620 1223
4442 1133
6897 3484
3437 6160
5163 3964
5797 6612
2592 112
4064 7833
2710 2088
844 7928
3706 6380
3105 439
4073 6414
6670 5799
3765 4227
3317 2528
6292 1696
6063 4622
4354 1479
382 175
3413 6919
6481 3209
760 4503
186 1388
4906 5097
7240 3571
4661 5398
1150 590
2428 3510
755 1884
6401 2449
1490 6141
889 5492
6927 4965
3069 6246
1902 5877
1414 7024
5015 6795
4333 67
2782 5846
5580 3413
717 3049
1461 1957
7691 6372
380 7174
7640 2255
3187 4414
7704 3494
5402 2646
5892 5286
2197 677
2604 1782
6812 1099
348 397
4891 6102
6382 193
7642 4773
3480 7993
147 1382
648 6996
2093 5358
2767 2181
5517 820
3931 4381
7767 4657
3923 7884
7797 5542
1237 4204
2937 2776
5376 3246
1858 2369
4690 7998
2934 2199
5362 7048
1508 844
4654 3791
3504 2781
6686 4285
4476 2599
4953 5341
6054 2847
3334 7717
3078 153
4416 7482
3429 6995
4447 6390
231 7241
2082 4114
1188 4790
6541 7696
1938 2332
1861 1956
7863 750
4900 7352
7955 450
6886 7990
3254 6085
6969 4342
1126 885
1523 741
4631 6279
1051 6792
7990 7805
6924 657
2316 6619
3132 1438
2949 5275
900 3682
2720 4496
7921 6123
5453 3174
3186 5543
5589 2392
2239 4456
5965 6805
3296 3156
4862 4072
2816 2722
818 6222
1686 342
6703 2432
4548 3460
7534 7613
5042 4432
5984 2312
596 6361
7536 3024
1531 329
570 7479
6831 580
42 4489
1949 7779
6674 5009
6946 2124
7683 1071
6499 6521
4823 595
1123 5488
2119 4077
6626 4139
6263 1062
2637 6449
1691 6082
4257 3441
573 4831
422 6987
1553 3959
6142 2935
7584 1672
5213 6883
3571 7123
2658 1098
5643 371
7816 2210
3982 3498
4247 7710
2549 7691
6329 5838
2699 5635
4723 5116
6765 1585
3125 1617
5237 1044
5803 3290
4133 4202
7950 908
1596 4518
7888 4968
3084 177
2059 5856
7728 1397
108 3633
1789 798
2971 5793
6598 6159
2434 2239
989 5959
7215 4425
6802 5092
6363 3329
525 6331
7301 5171
5500 3564
3068 612
378 6077
2990 5580
5727 3297
6966 1700
1891 5783
6719 5975
163 7756
1008 907
2291 4937
3858 6055
1263 5527
5492 464
4168 4177
7193 2614
5739 4325
6101 7958
5025 289
3179 2687
2523 4272
2635 7413
1344 6735
6019 1432
7129 1396
5584 4728
7766 570
7411 2792
6720 883
5139 751
6051 4509
4032 3335
6390 714
3877 2758
4191 2896
2993 7119
1146 6682
2518 3720
4734 1165
2325 7455
1594 2576
6546 4383
4993 2637
3974 2588
650 2941
5666 1398
4773 3736
4633 2653
811 2873
7017 2272
2663 2322
6280 7345
5314 919
7117 1979
3348 1096
994 6008
4243 6617
5290 4143
4263 2690
98 5019
6034 3871
3398 6104
4112 6038
4528 4802
3698 1399
248 1630
3986 5978
4214 4816
6733 5668
7686 7645
2049 686
6415 7232
3470 3563
5295 7144
152 5218
963 1809
2323 5703
1794 1307
3096 4878
6097 1179
3802 4410
6984 5950
7891 4722
7669 6825
6177 980
3820 7172
6307 259
4533 1639
2921 850
5754 6171
7575 3434
5511 7776
1762 1719
5490 7646
2958 5509
467 2899
5432 7117
196 382
1892 6921
1171 130
1352 3852
330 3307
591 3832
5692 2073
4259 355
7288 4898
5243 3613
3400 842
7910 6585
7690 7868
3247 7788
6616 6624
5112 7293
7293 6115
1375 84
2411 2962
2406 6228
5963 6587
318 3796
6533 131
6693 324
2797 1442
6673 3973
2042 4630
6694 6669
4756 2079
3513 7011
4792 3532
2094 2373
2231 3192
5275 2045
6022 6439
4404 6603
1737 5389
6681 7321
2368 4507
1962 3199
1202 2635
5340 6949
4074 3666
465 4037
2864 6426
4081 4537
7029 6798
6352 3497
4342 6961
6611 6566
3168 7460
7701 6208
6381 510
5231 5769
6228 383
3744 7587
1698 407
775 5028
4175 2648
7636 5240
1132 2949
4402 5951
7506 3644
6558 3240
3683 7683
7438 469
6797 2606
1069 2634
1995 7992
6267 3786
3269 1703
4603 6725
7416 343
6842 4067
797 4534
3823 6349
4209 6293
7566 1754
4386 7177
6281 5839
7609 1601
1781 1968
7679 1327
723 1347
2595 4073
6520 752
2207 2585
4665 6689
5301 1878
4102 5475
2543 1255
5834 6181
2342 6528
5145 1353
3390 3745
3331 7035
3083 7157
7947 942
137 1021
7449 739
2308 6049
5639 7103
123 743
5332 94
2446 2387
5016 6108
3630 5801
5136 3190
7145 4851
2139 7626
1049 7594
7791 6415
1469 2091
2015 1436
5284 7823
5244 1797
7647 7972
7260 6433
3196 7278
1683 3396
3807 79
1026 2195
4205 2408
6362 7914
3028 6525
3514 3696
5032 6971
3454 3849
4941 3448
5485 3602
6443 7395
2410 3691
3555 5246
801 5033
4337 493
5354 7532
7542 1135
947 1975
3728 7234
4075 5660
6497 7874
5537 4435
4137 551
2102 5792
7932 3917
6820 1587
6347 5941
2183 1656
3944 3880
4651 2556
2443 5390
2755 4883
7997 3873
4401 6424
5771 973
6450 2042
2527 1269
1177 1506
2899 7262
860 6340
817 1448
7306 5880
757 2321
4292 1925
5780 1542
3742 4171
2267 1012
7379 3784
3763 6965
2989 5454
1687 4280
1018 3805
4902 7483
7510 6378
1284 1890
7773 2186
2253 3312
7058 7257
1821 6043
5506 5919
4219 3673
5918 5713
2627 7378
1053 1108
90 3371
2235 886
719 2488
7119 6765
7897 7727
6793 3812
85 3615
5420 4998
2686 6070
1407 2388
4782 843
2972 4355
5567 7506
2758 486
7036 860
5538 1608
3308 3274
74 3935
4426 6483
1491 340
2703 2612
3094 2506
1264 693
1496 2086
2177 278
5157 6755
7044 7722
6464 6369
1270 3816
7431 936
3994 5859
4397 7829
7617 413
112 5749
6994 143
1940 805
4880 2067
2917 6113
4554 5072
249 1313
6043 6914
441 6622
6715 3637
992 3331
2138 2354
5944 6094
6503 4781
5206 3461
5218 6954
7462 158
1880 6705
4713 3851
5395 4178
7266 2640
6361 7301
7374 5649
6795 7039
3008 3770
2814 6944
6938 4480
1389 418
89 7742
5557 1868
4519 5044
2981 2761
5268 4733
6934 1302
3451 526
266 1825
3047 233
884 5160
2248 4557
1634 7487
6867 1296
4492 5730
2012 2995
5931 4288
4988 3979
1842 5192
2960 5318
7682 5681
1013 2525
6371 6665
1122 3380
4471 4185
4128 5603
2278 4570
3392 1286
2603 6926
7364 7568
2763 2345
5461 1265
536 1373
6042 3254
4629 5352
6441 4228
1817 1875
1392 1089
411 2725
4984 3394
4082 5753
5216 527
2806 1341
169 3125
1062 2633
3190 940
6509 555
4884 7467
2399 2365
5111 2039
3566 376
4320 5809
2407 5376
6530 674
3605 7027
905 4005
6442 7110
1254 569
716 7049
420 5133
65 6625
288 5459
