9000
7263 2414
1906 7203
2157 3255
1756 8826
6724 7004
869 4689
8543 3487
7356 3005
5374 3455
8720 8846
5864 2753
6975 4377
455 563
5629 3474
4180 5999
6390 884
8868 2489
369 720
4716 1085
8427 3604
7055 2030
4506 1136
6507 3024
8938 2141
8817 1003
5367 1843
4056 3572
4044 1214
3839 971
4604 5796
1727 885
6768 5598
7577 1833
1964 4819
3384 2299
6594 8400
488 1022
8071 6171
3530 273
8906 3686
4012 1978
5265 8151
1761 8149
2377 7607
923 3228
8622 5909
8975 443
4183 2215
3904 1698
334 6264
2091 2417
4116 911
3621 6247
5421 5157
4156 2058
8676 434
5803 3175
8274 1149
8700 1105
313 7113
4698 6495
4307 5029
4051 8005
8319 4015
4533 7189
2213 2846
8795 6553
4798 2990
4317 4590
4191 4421
1952 2440
7499 6413
4072 2085
7080 7509
5117 4174
8220 8486
3398 865
8190 6695
3719 7096
2865 1841
7255 612
5329 379
2283 741
5655 6625
1679 3749
400 4432
2829 146
5753 192
5150 4345
8664 928
5041 6203
6429 1590
7972 2984
1907 5836
6971 3919
191 6418
4979 2314
3737 5420
4195 1616
2392 4479
8084 3298
3631 4895
1343 4325
6555 6889
1266 8195
2022 2291
254 3355
275 3040
1441 4967
8199 5837
3620 8827
4913 1926
75 3306
7669 3164
4848 4640
1495 3399
842 4609
234 4391
1060 6924
848 4998
5259 4549
5598 5630
8827 3913
4050 7573
3947 2459
2244 5397
3787 5647
5034 6832
1985 4436
1497 5414
1686 6473
528 42
688 807
2217 6628
8897 7279
5631 2856
7980 8707
4962 511
58 7074
4065 3374
7932 4734
3223 185
8813 8058
7594 1507
6595 28
4392 5231
8970 7062
7310 1512
3789 4069
8066 330
3414 8206
4926 8532
5377 7835
6743 2966
2092 7285
6145 2032
2179 2146
6234 3745
2585 2403
3045 112
5548 5219
4181 6353
3275 8810
3161 5069
6165 2981
1435 8336
4620 3548
4769 8905
2835 5064
175 2482
4038 7868
2768 3026
8810 7585
6862 8128
611 4633
4423 6743
3584 4900
5464 8051
4578 6920
7707 7875
2635 3085
736 3724
6827 177
7066 5818
3146 7302
1957 4437
2707 967
4787 194
2867 6827
380 3970
4048 8822
4728 8241
1802 8661
2438 7489
94 8906
4959 2379
6585 318
2236 6049
5891 3553
5858 6306
1401 8319
5316 2586
3548 5248
3654 573
3967 6793
3698 6479
6916 315
2781 8561
4153 3180
3292 4272
4199 272
8879 2252
5343 7359
5434 231
729 8923
2746 4273
7967 3062
2534 5778
2626 6798
1166 6618
6659 7819
3248 8890
7743 6172
3245 2090
3125 122
2927 3142
692 6268
1367 3032
5602 3342
5361 7956
6948 454
8573 3469
4063 1824
3489 1968
4797 6718
2260 2925
2713 5580
625 3876
2007 5941
8041 797
5545 6389
3793 1657
5581 5849
926 1232
691 677
8028 5832
382 58
2384 3522
4575 1395
8997 2556
7350 2223
1271 5573
6638 6152
551 7989
2659 5975
7943 8804
7543 6045
4137 3592
3478 2646
5668 6659
1316 5211
2566 7993
2453 6607
7497 1015
5453 2276
1524 2641
5747 2796
8579 1428
1561 2717
2437 7413
4641 6100
4311 4539
2875 6835
4394 3203
2100 8501
408 7136
300 7555
5065 7267
2699 6730
6010 977
5948 1717
1445 4893
3866 5116
8382 295
5398 6506
4627 7764
8024 6557
6701 2765
5404 2668
7671 3450
7910 2521
2323 1628
979 6193
4084 5560
5566 8452
4405 1357
2974 1650
8537 927
3505 2448
2024 1594
2079 3760
8490 4119
7634 8264
6665 8511
6075 2716
6545 2557
6577 2380
2532 3081
5935 164
3925 6502
4711 5132
103 652
6688 1367
1714 4190
7900 6236
6534 6913
1609 1432
433 3533
4662 5119
1023 2389
367 2698
8896 4425
707 4121
7441 8420
1058 5072
5318 6868
1762 5894
7270 6166
1176 7465
8436 1376
3191 7735
8936 8925
8385 4312
4326 5330
7572 5714
5105 1303
2681 3856
7084 5089
2487 7197
316 2648
7281 8441
6629 4786
7776 4236
7349 550
8742 6375
200 1580
6470 2503
4825 405
4291 6597
6582 1230
8423 2721
1015 2754
6578 2426
5833 6769
4237 4225
344 3792
1581 5783
3794 1257
3707 5318
8699 1588
3915 6231
1900 340
1743 3088
2760 337
1659 4368
4837 1006
5755 3148
7278 2601
3043 7353
531 8745
932 5853
8718 6839
1628 1360
4494 8835
8218 2229
5887 285
6123 3404
7030 8537
5606 3626
2023 2298
7970 4613
5890 7858
5871 1730
5943 308
2191 1583
2805 7923
6455 1353
2000 8040
1705 1739
6635 5294
8603 5861
1221 4830
5253 2331
1410 3172
8843 1910
7072 1093
2310 1948
5326 8851
6970 1494
453 143
3501 5512
3823 89
3064 380
1190 8218
6110 5027
8010 2078
3585 3725
7595 8258
7286 5183
3613 988
4500 474
5327 8121
5479 1138
7517 8428
2524 1146
1344 2611
7944 1791
96 6511
7136 1364
7088 8450
5988 2857
6502 6691
1232 10
8973 7613
599 774
1504 606
4549 5277
7674 3097
513 8311
1937 6671
2952 7754
7448 402
3321 1515
5095 724
4203 8543
4840 8782
2594 6975
8219 8843
8529 2234
3138 5238
3824 8815
5418 8553
2529 4770
132 6882
1105 8174
5721 1324
7867 6796
2907 8139
71 1120
5829 129
8849 6789
5386 7152
1158 2817
11 4104
600 2029
2164 5814
2102 7183
2562 3435
6911 3570
7357 8061
1390 6677
4216 6644
3413 6427
1102 21
6703 5555
7257 8226
8967 5368
2184 3819
5531 5965
1548 6936
4854 5452
8692 5920
8189 8538
1813 8541
980 4327
4889 4517
3060 6050
7027 3667
193 3722
685 1518
7507 2544
4082 4340
5552 4591
2982 3482
4784 8023
1500 546
8447 7859
4847 1360
2641 4872
5509 4453
7233 3714
8271 6853
4372 6468
3309 497
1108 6810
8359 5207
2369 3899
2991 7007
463 1602
5483 3804
4346 8665
5896 2898
5011 6275
7935 1071
3061 3448
2701 1009
2104 4478
3411 7143
3730 8752
473 2580
2417 5596
7046 3907
2450 6981
1631 766
5491 7296
8621 6041
636 7897
1028 3358
2812 5843
4715 1380
5751 5334
361 2133
2502 7168
3940 5951
8715 1832
887 1921
7320 5244
939 990
6089 186
387 3267
7326 3357
7237 8583
6805 7319
3717 6957
8137 1519
7942 7725
4863 8566
8307 6364
6693 5509
4800 8115
280 375
24 7711
6144 8202
3250 7187
650 2279
5466 6686
7872 6633
7295 2650
4133 8817
3360 6829
6859 3922
8166 6616
797 6845
6575 7147
3334 6325
3872 3320
8960 1858
6976 4710
2759 6674
1420 3631
4880 2368
3898 7426
3540 2288
7010 3369
1603 347
2623 1374
2230 7241
7338 4220
695 4769
7081 4857
8885 8430
4149 5632
5944 7740
8135 5537
5163 6977
8144 4854
1474 3882
6521 2997
4280 8455
7379 248
8280 7901
1670 7024
7404 4492
663 1707
3174 3742
597 8171
6467 3464
3796 4008
3282 6788
8721 5583
1214 1436
1385 8297
8773 932
703 2535
3647 5434
985 3271
6891 516
3025 5591
3541 8357
2411 3144
2853 3643
7652 2719
738 6124
6695 5575
5818 1607
4939 1243
7073 8866
3460 3732
93 2419
1768 341
325 5495
1346 5390
1238 4676
7919 2674
1437 6990
2455 4604
6294 36
7574 8273
1716 69
2194 6472
4147 2456
2263 5017
6039 339
8400 1225
3467 5449
6199 5361
1317 8401
6883 1033
1185 2619
6081 1292
7155 3437
4129 5777
436 1426
2414 5676
6509 6747
1752 3744
7792 294
6689 2519
1446 7643
8994 8936
6462 356
3948 6935
5455 2566
8984 4246
3978 1593
1713 3833
1281 7673
323 2026
3386 7049
5342 8439
7312 7639
8625 3176
1154 131
8614 7225
5925 5338
6674 5633
1840 3192
134 2037
3274 8076
4014 3890
4730 7053
799 5041
7159 1375
830 7235
540 5378
2755 2533
6442 764
7896 4362
8129 8103
7133 207
203 1513
5296 7580
5563 5053
1254 5034
8751 6574
7168 7893
4937 561
4526 6559
694 8886
5121 371
8734 3637
1487 3675
2683 151
1175 979
7251 8919
6954 7662
3887 536
4339 5769
7639 4376
6115 2018
6501 6958
571 8279
4238 7440
2336 165
5457 4918
8768 2803
5981 5615
1348 7883
8901 6424
4128 232
6800 1435
4699 1179
6024 3982
42 2397
838 6589
7846 5104
7876 6528
62 8966
9000 1206
3861 1273
8964 3841
3623 389
1531 2637
1198 8396
1056 3013
5396 3493
8236 1171
6285 4984
808 7915
8226 4832
6219 1688
886 5319
7643 2128
2609 7948
5519 1204
2658 8321
4205 4594
6745 2598
8346 432
156 3783
4830 4070
7703 4901
5615 7265
7199 8931
879 2752
3701 940
5980 1854
4697 5304
7220 2086
1481 7121
8559 944
6134 5202
2025 2308
7738 5209
3038 7979
774 1244
3551 1517
7745 1868
6401 914
5707 970
4954 197
1753 6872
267 7574
7367 7177
5745 6909
7176 5455
6639 210
5816 2919
4064 5431
123 858
392 4512
1541 3855
4764 5821
3881 3875
1876 4707
682 4428
1895 4963
8565 889
7895 691
6457 1040
5168 5476
769 8593
412 6467
6095 633
7409 920
6752 1401
464 1700
6842 7333
3819 3334
333 4048
2378 557
6801 7064
3996 2581
3100 6733
7991 8064
3740 2051
8847 8740
8925 7263
435 7788
2202 7741
8327 8398
4504 6795
2431 8700
1926 329
4460 7829
4046 6099
5233 690
1269 7486
4586 4574
1860 4017
2715 5188
196 7616
5942 2975
7886 3109
762 2537
8996 5133
1109 5822
6527 5366
3129 6775
7755 8833
7040 5380
2614 155
5690 1589
3764 5493
4808 7069
8256 626
7316 5698
914 7308
5006 1306
6700 836
8202 4983
4363 6590
7523 8377
2311 5804
4145 1554
6834 7666
4706 8801
5344 906
1731 8356
8593 1454
1329 5608
8002 7968
5560 1621
8650 2776
3804 138
8842 3597
4747 2104
3312 4333
7283 3344
6266 1861
8854 986
6359 6584
3869 5242
5138 403
7428 1603
8430 1029
451 8029
1268 2416
8913 3373
8086 5291
1967 3361
4150 6089
8289 1473
4431 8360
8474 3770
1806 3447
970 1379
6560 5363
2697 1835
8124 6559
6062 1790
1035 7797
6174 6219
4636 5233
4079 2433
8413 2319
8313 4185
944 7617
3897 7176
5884 8531
2081 8043
1707 2036
2761 7724
6662 792
8602 4863
5611 2626
6833 458
3203 8126
4524 8431
8343 6002
1719 281
8156 6603
622 6127
6643 4210
889 3603
7723 597
4940 5131
2385 5679
2301 6207
2146 3542
8009 5079
6422 6335
4047 115
5026 7833
2624 1983
3015 264
8143 3857
8062 5651
8134 6890
2574 4329
3744 5557
5669 8560
5317 1600
7151 5457
4211 778
8153 8365
4301 213
4923 1643
2980 6402
7098 7468
5420 6383
654 7065
1485 7083
763 4638
3036 1492
8933 6620
505 5819
8035 1315
2338 86
4029 8692
3845 2112
8345 4735
1921 3993
6007 5886
3355 2786
5042 6156
6636 8613
7814 3201
1956 1652
6773 5515
6022 7087
4892 2553
2684 7435
1771 7734
2720 824
273 2350
8225 4538
7361 5477
6129 8997
6245 5942
8207 4947
7005 4042
7628 3052
6750 6600
7050 813
5266 4498
1394 470
6510 7174
6386 5263
7317 1694
4778 1247
5300 1203
4571 6255
5614 7684
8883 1268
801 3230
6483 3861
5059 6739
3741 8393
2208 6568
5431 2603
3466 4256
4389 2011
5772 6271
5664 368
2645 5276
3103 620
7596 381
7363 8690
5141 1577
3760 6457
4439 1308
1161 5052
1011 7060
5523 879
6241 3098
2625 1862
3192 816
1886 5432
3792 8302
4508 4001
4693 2127
7557 3050
4446 2681
4152 5688
3458 4351
7303 1310
4612 7524
862 5790
2668 3100
3990 6011
4270 4673
1730 7821
4511 8475
1935 8315
3075 8899
3852 8188
3774 5307
317 2500
8972 6187
3024 4004
3030 1137
4006 5264
4775 6109
8452 8500
8772 3055
5798 189
6411 727
3685 8106
329 1648
5436 4572
452 5471
3512 3562
8384 543
4297 4695
1349 975
7329 3154
8362 1037
5103 88
8496 6962
7915 1209
4076 6815
1511 6168
7696 307
2801 3229
4602 5980
1379 6489
3232 191
3401 8521
7024 3550
1661 4309
3770 1582
6273 3677
1090 6062
3709 7119
5438 6129
3781 5222
2964 1139
4701 3975
4163 7896
1310 4677
1139 2844
2880 8215
4581 1437
8150 3335
250 3249
6900 7817
6799 2453
8265 3992
3173 425
7331 6090
2004 2931
2464 5002
8932 3458
4412 7703
84 6765
7645 5059
5520 8156
1076 43
5239 3586
6691 7232
718 3923
671 1550
6318 3719
4246 7950
8139 7558
1803 8946
1739 2516
8212 2938
7240 8572
2159 8066
5539 5400
3186 4654
5156 5895
8088 8378
5983 1041
4719 6071
626 2623
8416 8528
1911 7777
8577 5984
5823 6960
519 8173
2243 8947
3104 1052
3771 2596
3568 2213
5417 1413
4774 746
3227 3600
3340 4608
7206 8034
2044 4490
4727 3940
953 769
7887 6822
6316 5396
6102 4261
6808 4907
4157 1514
3468 1045
5442 1180
7460 5169
6932 158
7182 1528
1252 845
4580 5035
4864 6421
4535 998
7532 3132
2530 1570
7337 6854
6570 6148
8945 3869
8463 2329
7949 5649
3057 1155
1516 2929
5290 7874
3258 1902
4896 336
8652 4771
2330 2983
1638 7294
5742 1338
3216 6806
2291 5969
4777 3151
8637 1406
1987 8545
6464 4908
3901 7571
1438 183
6892 5576
7678 5125
5685 5327
4244 8127
4502 2531
8517 5568
8965 8504
2225 2203
1829 3082
8473 8418
6623 8214
631 4692
5872 2941
5613 7603
619 5384
2019 6198
6337 420
3667 4038
3758 7441
3096 2463
1567 323
4573 3075
4977 8915
246 6760
4417 758
8462 5938
7544 5719
7528 4444
4566 8131
7842 3139
5295 5644
3726 2663
4110 3094
7427 1248
4759 3684
2861 3057
6580 1237
1117 5065
8012 1470
2915 6030
5415 2306
292 7737
7832 6394
8626 8233
7578 7091
5499 1543
8174 3795
2680 1801
3381 2348
6871 8026
3286 334
6231 1259
2967 6033
1409 7100
5101 157
2893 8070
6335 7178
8671 4384
4449 8328
7300 5118
5914 4097
8727 4456
4515 7911
6374 4203
3922 6490
5586 7186
2620 8542
6271 2694
5395 5468
4927 7022
8396 8876
4032 1024
8476 572
97 8230
4387 6199
5630 5827
7602 342
6437 4809
6314 5516
4464 24
5609 7731
143 945
5796 5538
6765 5841
1579 3709
4209 8255
1207 2647
1883 7369
5879 6184
1282 8290
6821 4002
542 4629
7888 1011
5811 3758
935 2336
7392 5259
2051 1745
6179 6555
5165 6026
6542 7432
4332 3048
137 8773
6961 1069
4370 5165
1305 8517
8851 6194
4658 3004
7222 8495
7948 2707
7028 1653
5817 2669
6074 1369
2576 5723
4207 668
2269 6748
5601 8055
1300 3551
3960 5949
6522 8577
6770 1048
5123 4292
83 5138
1136 8959
2908 2022
6573 4573
4969 593
6899 4655
2174 2889
4590 3768
7683 4925
1766 1805
7804 7217
5813 2579
1920 3064
487 5652
8381 2613
4177 3900
8099 7598
3420 6228
8263 4955
8680 1320
4815 2013
906 2699
1724 5198
318 32
1003 1758
3797 3808
7681 4374
6999 635
7626 5467
6421 5227
8743 4484
6598 1160
6615 7769
3564 3658
8903 2685
929 5482
5853 5230
5623 8704
5201 5129
5733 4508
4756 7945
4109 8516
5182 3946
2346 8514
6310 2594
8604 6291
4832 4624
7196 7980
1632 5427
3465 3093
2511 7902
8231 3408
7463 7354
197 6646
8678 5145
1862 1343
328 2126
4444 7647
5883 8030
3307 54
7826 483
6797 168
1267 6987
8910 2993
3016 1246
4418 643
5670 1219
6188 3616
1927 8284
8870 7277
2222 570
6908 7442
4175 4526
6741 8944
5699 4314
1479 6206
6166 2258
4922 1853
3848 4540
3193 7487
8449 948
2390 4500
5689 7964
3 8971
8076 5958
5024 2126
5027 5506
2836 7166
2550 4709
1986 7846
6740 2813
4304 4731
5409 2979
3377 306
850 7436
7955 799
1436 2505
8954 7003
4980 3854
4055 8781
557 5349
5741 3813
1938 6522
8655 8865
8802 2244
7247 3557
2734 8065
822 8960
1082 4123
5197 4524
4737 3168
1669 7257
1968 1562
4288 1744
5202 5678
3471 4306
4448 3245
5951 1295
95 7787
1940 160
8534 5888
3198 8938
570 4098
6726 7020
2806 4956
3302 4496
5828 1196
4468 4990
1559 7708
1851 3133
1592 3532
4358 6632
1637 3734
6169 4617
1797 479
3426 6666
6124 4838
783 3535
168 828
1206 5341
3425 8590
8288 8444
4473 488
7765 4693
2719 4578
2093 6381
5522 7933
8133 7312
3338 688
2775 7548
827 3037
7668 6736
8336 3288
4138 7272
2682 2355
8115 8373
969 837
4458 4488
3533 5335
5029 4067
37 2588
8108 2653
3394 8898
5715 6629
4455 6635
8776 5771
8155 1452
8631 8244
1226 1924
4031 3030
6987 8604
6539 7841
854 3806
7092 7610
4385 6072
1079 5005
1519 1431
5091 7358
3849 744
3672 8713
146 5314
4442 2625
5033 529
4907 6145
2605 3844
5793 726
7250 1087
7928 7102
2158 8530
8402 462
1393 2471
1854 3325
2937 1734
3354 7749
6942 7630
7484 3828
4639 136
353 1822
5836 4441
605 3540
4396 4975
5093 3960
8698 4129
3854 2725
3536 2006
753 7023
4068 3483
4661 5611
1264 7339
6215 731
2934 6056
4424 7804
7979 8042
3090 7606
1693 7550
6780 4527
5657 6186
7067 3034
6959 2708
7246 6262
375 288
2297 5149
2864 4460
241 1859
7692 4535
1623 6902
3086 7237
3702 2297
3731 1064
7789 8352
1751 5636
1124 5571
4805 2187
2767 4276
4319 704
4994 4461
2615 732
4532 1348
2209 2793
546 2733
897 6727
6875 8673
6896 1491
7354 5673
8448 3543
8320 7706
114 5379
7248 8589
7315 3721
4020 2679
6952 5986
6083 7356
6858 2248
1819 2366
2766 6135
431 8540
1688 7547
7449 8464
1831 8821
609 4811
8709 1016
2488 4439
7726 3104
2322 521
2928 7986
6964 5398
8168 1765
3593 7216
7839 7667
4763 387
8486 4248
668 6785
8167 1499
3419 8736
5754 804
6380 352
948 4082
6301 1319
5746 1972
6082 7926
8021 1908
2479 4644
7679 5246
5208 1170
8368 4989
6520 2783
2632 3704
7650 2832
2639 7973
1790 7342
1657 1416
2332 7931
195 5031
1684 3648
2873 3124
6043 6042
7941 2584
1022 39
3035 8546
8902 1205
8645 5016
8424 8939
2181 6501
4872 7226
6764 638
1993 1297
139 1107
1315 1400
8363 1655
2926 2241
4974 8150
8571 5160
4898 3442
5428 8376
2247 8860
3570 7625
4589 4039
1285 1100
7284 1999
1356 3862
8957 6413
4890 6816
5196 2307
7925 2361
8227 7767
7434 1186
142 3809
6922 6787
8461 7930
6009 4871
1050 4335
6597 8253
3053 8595
3412 2026
3390 1141
8037 4579
6431 1890
3971 8141
1426 7669
3363 7011
6822 1846
5790 6581
3442 7680
7305 5660
7443 6434
8918 7447
4378 2008
2823 4932
1496 7125
6637 6946
8458 6891
1132 5779
7386 8136
653 8993
2482 8481
1072 7917
5185 6121
1241 5892
3251 6750
7818 6345
4097 2057
441 448
4891 2154
662 6687
3342 6976
1381 2445
2811 1691
5705 5046
1757 5747
5529 7716
6565 8996
5498 678
2646 8083
2885 8293
7656 5030
6879 6385
8956 2050
60 5409
3545 4528
6478 3509
2498 3994
1782 4087
7065 2885
6430 6051
8377 5978
992 5946
1046 3046
3195 8848
558 5383
5501 7537
3042 6191
8479 2768
7581 6407
2034 1323
5315 399
7103 5716
8412 1876
8419 1597
6141 333
5340 7814
3809 7618
3504 619
8793 8977
7411 5596
57 7899
6804 6605
8941 4659
7064 2080
5819 6514
7561 2087
8025 7739
1220 6104
6786 4987
223 8916
7724 3479
6947 8961
1955 2882
4594 6699
6586 5511
1403 73
420 5311
967 6378
162 4943
5698 1936
5696 8788
6524 5163
7491 7420
4277 8592
6107 933
264 2310
3433 5323
845 1585
3820 5269
5478 7531
8710 1776
2274 5800
3244 1797
8491 6670
2586 631
3574 8902
4268 6874
6845 7390
2485 8180
4868 2053
2065 2407
4514 4923
3691 4189
3943 6399
4528 5066
5262 7165
3607 5232
4414 6209
4041 2404
3977 7372
7947 6673
2860 3885
2186 6453
7334 2149
8501 8784
6748 6458
1784 7362
1458 2443
7052 6689
7126 7516
6391 1220
4941 1043
5971 7561
7213 2915
285 8664
5649 4194
8616 2937
981 7492
1640 3699
6718 3260
5211 2569
341 5631
8771 1820
1681 3044
490 8223
4855 3238
3332 5732
8120 2303
2003 148
4616 4196
228 8020
2732 8738
5681 4491
3107 8458
6108 566
1585 7476
757 6147
3858 5549
405 2406
3383 5799
1405 2749
3712 7936
8968 8684
1204 4635
6910 5825
4251 5312
1341 789
6257 1086
7718 2096
8935 4957
8357 7637
3164 8561
2630 3812
1489 1229
8674 6279
3673 4954
3945 8749
2527 322
676 7746
1576 531
2021 3191
7487 2088
3370 7663
3600 4941
8635 1168
7477 8168
3905 4162
6209 7971
4637 8340
6790 8757
3704 6173
4499 596
210 8711
6101 1208
7769 6483
2838 582
3301 3872
3421 3
1042 4199
8364 5088
3208 2662
3997 2163
5654 2009
2992 8314
69 5350
5130 3233
6205 34
4132 4755
6476 3772
4668 5616
6348 2862
6715 278
5178 7519
5771 2168
1363 5717
8845 1753
4587 1025
1249 2583
2825 8471
411 7239
582 3935
68 7925
7812 2799
2874 6015
5917 876
7302 7421
4433 5021
4652 8994
2069 7443
1292 6055
4302 2741
5137 4728
4001 1987
5619 1631
807 2792
4893 3113
7074 5326
4422 3945
3490 4555
2295 2082
6878 5351
1104 3131
3055 2873
3752 6830
158 4107
1932 1683
2607 5833
1099 7496
4342 8440
5424 4546
2470 68
3240 3160
3315 903
6326 3565
8290 4332
2553 3839
5351 4745
3538 5558
7492 6312
2854 1976
1196 2809
5407 8362
1002 4743
7467 697
3241 1453
6836 7314
1653 3538
4058 2998
184 1641
1350 3326
927 1954
8707 4905
8178 5290
3689 6143
127 8656
5159 6561
7529 6186
8351 230
4975 6182
7023 4657
8971 6983
8159 33
1605 3628
3350 8383
8981 6205
8980 8364
3561 1803
7617 2413
8308 4842
4560 7935
5166 7227
3184 8467
1197 7482
153 1476
4541 6582
578 5961
6389 6283
6742 3584
6113 7309
4773 8748
7318 7089
5258 2140
467 8908
2055 8334
4453 8342
5517 3954
6244 6932
6898 1931
256 1848
6732 2357
6547 3634
721 2386
1234 4910
6293 7871
279 312
1488 7552
3131 1738
6201 1398
4204 3640
98 7061
1245 8717
4465 7711
2904 1117
2156 5867
5014 6313
8093 5112
8181 3286
5936 2696
8784 3232
6640 2100
346 1166
8376 698
1075 444
4518 8460
332 5025
291 7665
910 7033
2154 3496
4107 5200
381 7768
7022 7269
7555 2692
2132 3019
8481 5884
7624 3007
3494 1081
4094 1992
8657 3222
2041 2353
6581 8853
7992 1183
6000 7624
5450 2411
8863 2574
6733 1823
1832 4214
6576 1807
2925 614
3725 373
2426 1971
5918 3645
3279 3513
8696 6343
2828 1788
1373 6367
2082 721
7365 6573
3375 8257
438 325
2513 7758
8576 4334
673 8697
684 542
3830 3520
604 4036
2228 8017
3004 2968
5952 5597
4274 5337
6058 8651
7194 114
5899 3416
8203 7031
4852 6321
5246 3847
6913 7623
4624 7988
4762 5534
163 6227
8561 8372
2356 1404
3844 7161
240 3837
7890 3831
5907 3958
767 6759
8824 1217
170 1108
3957 7340
3581 1804
5572 5581
1066 5915
8145 4170
1717 4088
7400 433
5484 4962
1965 5878
5826 3796
4484 3380
7819 4873
2061 1296
8874 4641
4028 82
5432 2110
6230 7466
4512 7593
8018 4773
7258 4193
3457 7905
6950 5408
4073 7529
7432 6904
5610 3767
5456 8368
7742 1834
8369 2007
3297 1964
3776 8373
2693 4992
6606 4706
2166 4175
958 7480
3385 1783
5769 5702
3836 8409
128 6534
2214 6821
6993 3051
5053 6278
6034 955
2461 478
1089 1191
7076 860
7772 5186
5567 8108
4517 7208
6611 1221
1915 7783
7973 2267
6065 5388
3371 2671
7579 6900
6494 3078
5440 1508
4113 3990
7827 4320
7430 8316
3680 763
7169 3982
5350 4993
4692 1422
3694 2548
4388 3441
4096 6498
3984 8830
6240 18
2432 3474
1507 5514
1494 6405
7757 1116
1683 3393
4993 5703
4333 65
7958 553
1469 2162
2463 2040
4179 8155
4432 2714
508 5690
3345 8522
4383 3214
3368 3972
5019 7518
1711 665
6563 7536
8350 8018
3766 6004
3048 7501
6778 3354
8016 586
384 957
8439 7609
6583 7828
6225 4525
2771 3920
418 2617
1195 1074
4695 6588
3657 8509
1847 5385
3430 2811
7981 7857
4945 3506
2280 3434
4347 2000
1701 5805
8748 7299
5057 1275
2868 302
6155 4701
7056 772
4670 5524
4551 1242
6854 3501
4140 2800
3917 8836
7112 1733
8122 8662
7866 6895
3555 8794
7509 2176
6553 7005
3761 8239
3472 8246
6135 8922
4827 6039
5279 1014
6584 4954
715 4514
7060 2072
7266 6631
2965 2385
6973 3002
7389 3729
7120 8940
2452 5734
855 965
1113 5184
1106 3008
6912 3640
8871 6320
2740 4811
5587 7163
3218 1729
1728 3494
6874 2054
895 7981
145 8519
8760 4291
2514 1626
5251 4976
2809 2003
5915 6441
231 3101
6684 7577
7551 8503
3596 2371
1873 7179
5605 8529
4193 266
4256 3475
5155 8329
1040 5610
7323 7490
8185 4060
1155 2243
8581 49
1388 8526
1981 5040
2564 6095
4419 3310
3873 6728
3454 8262
5637 4032
330 8559
6937 908
6031 7642
4821 5286
974 4935
214 8532
4935 5309
5847 5741
6667 5768
3768 5489
4501 8799
5591 3385
7382 7462
2993 3156
2112 788
2657 4637
7032 6919
8438 3547
7374 6439
1055 5098
327 2198
6469 2420
2536 1647
1736 3701
778 1870
3374 7978
5877 709
7129 3003
5107 5313
8380 1174
8464 394
6025 2394
608 3207
7590 4597
1337 8631
2549 5639
7162 4070
4124 1462
5098 761
7878 2393
6848 1668
4233 6543
5092 8660
6661 2010
3285 1386
5058 8496
7413 7879
1620 562
5794 7568
6092 55
3649 8274
8884 44
5886 3983
5471 3873
5216 8229
8919 1878
1948 4516
8638 6429
8176 4046
5427 3219
3369 2152
2058 6662
6333 8867
8326 1667
3183 8829
5073 2201
2596 5930
4585 1358
6815 8322
7166 7118
4351 7792
8806 7092
6281 6770
8312 1112
6709 953
5401 3068
3348 8986
1064 3248
6277 1458
6223 6980
5502 7729
7097 8552
1917 392
2750 5987
8299 2620
3686 6803
642 7067
4492 7588
8229 4241
2233 417
6727 8276
6978 2055
7658 4909
6929 4372
5248 7894
6508 8177
106 2490
5192 3239
6249 6696
1431 7984
4682 2207
4734 7294
2633 143
4077 1584
1112 2940
7790 94
5894 7472
4101 1606
2721 2184
4112 7719
5510 4012
6003 3011
2304 8242
991 8109
3265 5648
6288 6811
1200 7461
5356 5928
1452 3063
7959 7641
187 6426
5399 1904
1928 1662
2924 4775
1014 3424
5608 8652
5814 900
5868 222
1228 4631
3362 5502
4080 1252
1502 1829
2727 3103
3308 8391
6260 2957
7548 466
3651 6901
2360 119
7311 2772
1100 7244
5492 5083
7197 110
8003 3206
1574 5057
2148 8222
3326 2294
4582 1368
2519 4171
6321 3123
34 676
1240 1872
7953 3396
730 4879
1815 8641
3006 3966
108 2427
4631 256
1767 5675
1384 7795
1821 2447
423 8024
3553 2117
6137 5988
8852 5857
2747 2806
2941 3390
2475 888
6319 5224
3987 1844
6290 3305
7170 1813
5750 5940
5124 5737
419 2281
1251 1181
4316 2501
2939 8129
5357 8184
5565 1144
35 8803
8969 3662
2850 3999
4921 964
5446 918
878 1775
4386 4081
5261 5786
1629 2986
775 8134
628 6630
8735 7120
8687 5746
2779 6477
8987 5130
7927 5423
6203 6257
5661 8639
6361 8840
6909 8310
2053 2405
8876 4397
1611 8574
522 2372
1978 7626
8697 7612
5763 3356
4929 1810
8140 5860
5449 5600
4963 6850
2474 2136
8857 326
6094 3443
4673 2918
5919 4348
3803 6462
1157 7671
8917 1542
4684 2963
1334 8388
7013 4302
2789 8937
1168 3789
8597 2402
1098 583
86 4737
5218 7809
6686 1420
3233 1679
3448 5172
8352 4223
6905 507
4625 6014
1778 6772
7889 3942
8898 8741
860 691
4803 1001
5004 3108
6902 2554
2718 3624
820 4569
7999 3295
3875 4009
157 5904
4007 1408
2478 7755
4622 1322
3304 3750
5459 5305
8005 3236
6200 2559
6664 4242
8822 4827
5723 8682
1191 4945
8131 3117
7319 3274
4283 2890
5617 5976
7306 8057
4190 1027
8924 7766
7640 134
2178 3338
4178 1257
2318 7995
5628 5570
3252 8706
1680 1283
7586 1313
5080 987
1839 283
8808 2591
2192 1581
67 2073
5376 8897
6979 2587
8770 5496
6085 460
3894 233
1347 8084
3808 7876
812 4559
5571 8211
8667 6344
5714 5561
3705 6380
8890 1
2787 6223
4409 2125
1934 124
4879 3576
2124 5465
6744 4883
3715 5731
7821 2666
4162 6154
1434 6715
8992 4217
987 3710
5854 2016
4136 4679
501 4099
5636 5551
5589 97
2467 8181
5254 7247
5087 3290
53 1855
811 2025
8241 1176
2807 1381
4681 1932
7615 6961
5770 7393
3283 5925
2108 7477
40 5845
4920 6992
3754 1059
3281 4888
3991 4407
8371 2755
7675 3766
3399 5935
553 4571
1396 7848
3456 7728
6998 7401
7877 6497
6167 1696
410 3520
2391 8859
1525 53
839 6183
737 8547
4091 3365
8679 615
5291 5018
834 170
3017 303
7425 2756
1179 5820
1720 8091
2647 1771
7573 1875
5477 7559
988 1741
7142 7111
4231 7248
2955 8576
8858 2634
1128 6834
6949 142
3158 4005
5413 6190
4060 7131
6193 4650
6655 1882
2692 7678
4642 3461
2400 5761
7242 2304
2374 4402
8214 954
7422 2638
3447 3084
6591 6825
7800 791
3663 1224
5762 3009
6038 6487
1760 711
2547 6438
1236 6694
8483 3805
1799 431
2763 7513
1370 8619
6362 3782
8701 8759
6186 6849
708 5967
5264 4111
4004 8806
4853 8672
1706 6443
8512 5127
7539 5624
2298 6128
1118 8089
6914 2571
7481 203
3670 6098
6366 4787
7271 7442
6956 1495
112 1496
5226 6800
8916 7396
8914 2570
8797 5802
2246 972
3857 1377
945 5848
32 4142
7424 3145
4915 6608
1600 512
2858 843
3900 4089
4362 735
4883 2436
2457 6481
7035 2114
2103 2701
3906 7483
986 6566
8937 2838
298 8727
182 4304
1456 1737
6163 8824
6798 781
6675 5121
5703 8600
1884 4050
1676 3672
7108 3341
1633 3523
717 960
7174 6910
7531 6610
4272 4140
5063 3687
7787 1637
976 58
5955 3353
3118 3892
3661 1618
1626 7154
6536 8114
2355 6070
2751 7035
3697 4201
2198 4921
1233 8403
4099 8147
8334 4000
1634 5513
2782 5863
8287 2837
2960 1201
8277 535
8826 6782
8466 2335
5097 8059
3955 5553
5821 1480
3486 8841
8920 2835
754 6198
2344 2836
8998 3394
5822 1385
4626 7344
1781 1618
2535 1482
1899 7052
8480 4793
5766 3061
5230 195
4461 7055
5716 6224
2883 2151
3608 2346
5805 2260
1278 8350
7095 4091
773 942
2231 11
4714 4398
4818 3578
8409 4894
7644 2825
450 4726
2372 6409
5299 3107
8151 4229
6503 7151
3358 1949
6210 2132
576 8477
6943 7582
8904 2271
1597 3959
8232 7010
3938 5668
2170 7760
7638 5699
8963 365
2286 3300
4037 1104
6456 3593
8348 8739
4255 3969
2686 6538
6044 5839
4330 8055
2744 2119
5280 3889
8649 2524
4024 8813
7736 2737
6906 3200
8834 6972
786 5136
1763 128
3720 3099
5408 1828
1966 4317
4865 8120
2397 1500
5113 4308
3085 3257
2288 3331
5530 1115
6672 4153
2902 4639
5393 6408
3212 2944
6405 2326
54 594
3802 527
5542 2424
7148 1263
7399 3412
6825 1539
4480 6879
536 6518
8554 485
4911 1002
8411 1748
5777 1463
7570 7937
4796 1579
8318 1537
2495 1615
7134 5623
6666 6609
1097 2872
930 6290
1748 7116
6152 7721
8855 8564
564 3878
8495 5098
5133 6985
7553 4156
3441 1944
5694 7659
2109 3566
1263 4435
5302 657
3019 16
3228 7475
2149 2778
2919 2640
8081 1704
1976 6655
2584 3874
7059 2245
2677 3916
8040 1979
5109 6081
7807 1487
3609 7464
2834 8981
1721 6965
1085 1354
1704 5510
7045 6592
6855 2218
6826 2517
4365 8607
2212 8380
7916 492
532 6419
1476 7099
8276 7713
7993 1982
99 803
8506 1161
2447 3590
7353 7088
2221 6301
1655 956
751 5725
2770 4796
1974 2214
4027 5625
8662 8524
699 6126
4295 6880
8566 5154
6633 1917
3084 2272
777 1792
4104 7975
7882 1023
2084 37
3681 3001
3598 1638
6803 4971
7125 3897
4074 92
1889 374
4402 7454
7646 4254
2155 2961
3120 4189
4966 1849
941 4486
3956 5101
1786 2912
8164 5666
5792 338
864 5667
6777 894
7036 4147
1988 1869
8489 8476
5257 4173
5830 6080
7107 4754
414 2333
4908 8013
6806 6558
479 7180
7017 4100
8429 5763
3902 901
3039 2775
6229 3120
947 4890
5787 3828
7123 5377
7562 8267
5341 7972
3636 6541
8188 4301
1077 271
3328 6508
4300 7395
1018 5085
7583 1576
7287 2635
8792 7862
46 2878
4166 1359
7048 8436
6375 1573
6668 1993
2087 8272
5429 602
2292 4389
2691 1654
6157 3197
8766 1460
3594 6267
4780 1430
4702 589
3891 3259
8250 1212
4354 3599
6713 6396
750 4544
4901 4715
7494 4106
3439 5175
6692 5461
2476 1675
2725 3791
8632 4167
6716 936
2579 2761
3813 7865
3207 2048
5461 5701
4253 5481
4218 3016
7480 3552
7537 8048
891 5535
2798 4243
1562 1434
8026 5106
1134 2295
8786 4595
8260 3147
8739 7213
1288 1651
5939 127
833 2034
8893 2510
4143 5232
2830 913
5702 5403
5797 571
4887 1767
3073 1632
8675 5488
8198 1761
7796 840
3523 5764
8846 5622
4223 5084
1931 7672
7533 7960
7226 133
5992 1222
7797 3858
2412 5809
7920 5117
4144 5329
2973 1511
8211 6426
5857 4219
6286 6809
3690 1383
2042 4891
648 1842
8717 2722
5373 3773
7611 1586
5304 5653
3247 3077
7099 5505
1554 2138
2795 1130
8451 4094
7410 5864
5293 8140
8038 3580
2063 6523
6067 575
3928 4480
7598 3559
1977 4218
4202 7505
6172 4705
4036 692
8515 7827
1555 6159
272 5111
6419 5924
5370 2876
1144 4370
2387 2004
7623 319
6208 3301
4562 7195
1484 1190
7037 4283
5061 5315
5954 8980
4801 6048
5037 5740
5665 6524
7527 5253
8719 6579
4034 1057
4634 5556
3841 623
7378 1608
5319 8842
903 7364
5933 1697
115 5028
4820 3820
7259 6240
5659 8094
2403 2795
4404 4913
2116 7017
1169 7747
4897 4587
5671 6034
4871 404
2469 4299
7456 3516
920 7021
5380 3737
5781 1782
7690 4700
8958 2962
6678 8265
5612 7575
31 7423
5488 4463
5114 1449
8268 6791
3603 1501
3415 1558
876 1736
6514 3275
510 834
7803 1995
7003 2576
5653 818
3403 3406
539 5003
8027 7813
1287 1873
4139 6185
7426 2429
3114 3012
2433 6724
6014 6551
8046 6028
8205 2226
984 1279
2634 8560
8750 4792
6681 4698
7068 6114
690 3321
458 6160
7791 8510
975 8723
7715 6074
2402 7976
6546 939
4723 4281
7297 8725
5555 1575
1919 1555
6104 8306
3291 1863
7001 4810
4876 3432
5243 1635
2887 320
2678 5670
1538 8009
1010 1457
3464 6843
116 227
5513 4928
8243 3439
1810 8086
7472 1392
4623 8964
8433 3798
2413 5695
6027 3539
1068 4430
1415 2730
427 3543
6841 7351
4570 3865
5704 2732
6968 2976
4400 5212
3479 1658
702 4610
7879 305
6036 3864
4481 6643
7740 683
3423 4697
4609 3195
3618 4260
7541 5835
1697 8116
3453 6258
7113 8907
360 8585
7754 8015
5083 8176
4657 471
2234 2911
4877 5896
7706 2820
331 5282
678 6622
2242 1291
1614 2684
144 4607
7070 4322
569 4860
2252 1073
2841 891
2979 719
1644 3996
190 645
1475 8093
4228 4601
3427 4537
7731 862
7966 2667
1677 6401
3579 6272
4755 6391
3805 3508
5824 5140
6415 8667
374 5908
7090 8686
5928 2352
2249 3947
33 7249
8658 7907
817 8016
7855 4263
8428 6925
8281 6265
1119 129
2382 5015
4075 7720
3008 5331
485 4548
5607 7283
8761 2195
526 4756
6551 3079
1009 6693
7515 327
207 4041
8013 6989
5663 7654
520 275
5364 6146
5336 5081
977 1182
3890 1772
2138 5754
3639 5541
1801 7463
5354 8165
7277 3223
2133 1865
8974 5866
661 6249
5991 5925
6413 7214
4956 6701
7362 6792
3911 1900
3210 715
3359 3801
498 7306
295 4596
4713 523
3054 8212
7309 6459
2039 6241
8111 8609
5870 6824
7673 5704
3710 5875
7630 6308
2370 5270
7838 8780
1823 4503
8711 4318
3659 2166
8484 8563
4186 4685
1792 5898
4522 5518
3477 7775
1912 8407
2552 6155
7521 7008
3483 6723
5940 491
8031 426
2379 5751
1744 8183
4119 8533
3152 439
2368 8423
2855 2137
3714 6061
503 2585
2195 6654
5353 8629
790 7037
8057 938
6543 2858
5495 1569
5072 3806
3604 4367
6363 4506
5930 5113
2947 7077
6756 7693
4678 1701
5989 7583
8248 8019
3300 6844
1307 350
4869 7784
6213 401
5535 5759
4596 6768
4371 5221
1170 3827
3885 1340
6685 6979
2299 1963
2365 4552
151 622
1313 7261
4429 5527
6714 8601
4459 358
8106 6560
4736 2956
1127 7222
8370 6714
4026 304
6837 1642
911 8270
4495 8670
5791 7090
2 3387
3144 5700
7764 2709
7606 2945
4851 7301
5056 7707
7139 313
4902 4688
2182 3183
2652 8382
4327 4231
2961 2249
5090 8088
2664 7098
88 4389
2636 7181
4503 6324
2989 6509
1417 983
4829 587
2724 2631
6938 7562
6657 7363
4973 7792
3074 8159
6620 4972
3769 3460
1942 7371
6533 1619
4724 3459
213 7586
2241 8405
966 942
3747 7167
3926 6319
3296 3559
6138 7495
3081 3299
7996 2217
3037 84
5454 4648
761 7794
336 5300
101 1883
6440 534
1419 8690
8788 369
6426 5360
2016 1527
6096 6602
5031 8900
7209 9
217 6790
4379 154
5411 1634
7417 1361
6445 7767
4130 7055
7380 4575
3816 1847
3298 8869
3846 1091
8781 6777
8926 7429
4210 1004
2147 2871
8844 2568
7351 6447
6589 5412
8467 7916
3416 997
3565 1409
6150 8763
8942 8493
7542 3427
4671 1097
3635 8216
8330 6021
7396 4347
8993 3863
4990 2855
4161 6208
2245 7938
6499 5752
4748 3654
2176 8982
1430 1497
3190 7532
4267 5729
5247 8847
5183 8397
5524 6741
637 1411
8465 7434
8862 2995
3402 6139
4478 2822
5348 8941
710 6158
3515 2450
7423 6838
5639 6507
8070 2364
1054 2895
8067 7145
390 4782
2201 8909
1192 4939
3877 6057
481 5143
6030 5124
3124 7449
3319 4564
8450 8133
6086 6282
7863 2011
1774 2139
5977 4714
2987 6323
1418 1387
2054 2205
7859 605
3487 3877
2804 6995
8215 160
4665 1919
7901 3859
8292 8855
1327 1020
1573 6926
6175 5091
5865 5177
5388 3740
3261 4158
3329 351
8354 2211
8125 4630
3072 8187
7603 3229
645 4003
1872 107
2839 3462
5677 7376
5018 6685
1227 3263
6173 6525
4988 1572
2206 2939
8109 3528
7727 132
1007 241
6535 604
1121 1912
3699 6596
8304 1762
1209 188
477 2758
1982 8201
2510 8435
6731 3433
1053 1198
8656 5574
2449 1210
1745 1249
6682 3932
2351 5268
6610 2782
1181 1459
2119 8793
130 7517
8170 1163
752 2101
6865 5743
8186 969
8661 8344
4867 4765
1174 8113
3028 5603
8118 1255
4308 1114
3936 4433
6377 5090
1837 1307
5624 1417
4348 5142
8303 6318
1996 324
3157 4224
4248 7455
1057 2340
4252 1640
3829 2028
4376 1605
5906 8025
2537 3137
5134 4255
1980 6753
2207 6051
679 5445
2027 7234
1276 5020
2913 6366
5153 5533
7039 7395
2667 6521
1182 8874
5126 8355
6341 7334
3168 1578
4946 3810
3795 5460
5143 6232
6969 4226
8014 8734
4952 5779
5970 8232
8036 7885
5032 7820
8864 6740
1589 1153
4227 961
4328 7043
7012 7347
5234 1901
52 5715
3160 4293
6151 2398
8193 7640
8722 4829
5903 7840
2333 8243
8686 4399
4217 3505
7147 7207
5778 6887
2389 6363
1905 689
3353 4390
3070 8209
1399 6361
4306 660
5472 2374
1308 3096
620 5296
7636 8466
3888 7470
711 2041
6001 2171
5776 2726
8562 7640
4134 8305
3171 8153
826 2922
6093 6702
8341 8235
7203 3039
3759 3790
3729 5487
2619 2824
3732 2178
7661 7215
7146 385
7479 3143
3884 6442
5496 3105
6052 6941
4314 5451
5780 7892
1331 6295
7653 3779
6258 2627
3682 3234
5846 2791
5744 3262
2139 6660
3110 6910
4917 6254
399 1032
809 5255
6246 1442
4998 728
1545 4723
2381 187
3166 4347
7662 4103
3455 8260
1279 6326
2325 1056
82 3056
6320 1264
7419 773
4984 2978
7344 8624
1922 6140
1939 3294
5838 3178
4875 3429
7387 2860
7375 926
515 3717
7907 7539
8259 5926
7161 5727
2512 1378
5039 1159
1547 4497
8976 6105
1807 839
1224 412
6792 5682
5627 2942
5297 8237
1320 2823
1575 7884
3535 5347
5497 3561
4093 8621
3867 3846
8541 8718
7691 5258
5859 1613
8605 3896
4753 5541
2443 5960
6811 1541
1471 7685
6531 6138
3137 6717
2223 8143
6412 7274
7179 2177
3696 4906
472 5336
4739 4114
7486 1258
5204 2285
8180 67
6190 8278
2394 2702
4743 4532
8882 5196
7041 4875
5287 2840
5493 2238
7163 6950
4428 6856
6069 1473
7165 5235
4410 2682
4380 8608
5402 6520
1947 5992
681 3025
4035 4007
6532 8930
8690 6013
2481 3786
4318 2476
806 66
4928 204
627 3612
2994 245
2423 6713
1413 5010
6402 6088
4745 6123
6860 5528
5934 8249
7096 4862
5622 7337
1135 5708
6272 6322
3514 1681
2593 4259
7850 4589
4489 5637
4235 6911
1506 790
301 6526
4795 3187
3676 5045
1535 7998
5323 1021
5564 451
5487 4999
2095 4182
1689 7534
7062 8596
6491 436
5799 2724
6604 6952
306 4092
8744 3692
6070 5629
2984 6420
2935 2274
918 7776
268 8910
4184 4151
1326 5526
7612 905
5900 5721
4729 4553
2954 934
8531 3307
5405 630
5929 5319
5588 48
6251 5681
1897 6734
3101 2492
4173 4341
7699 8047
722 8761
2361 8170
6012 3466
2261 1329
4226 8888
4845 8849
174 7276
8187 8137
6396 4108
8435 4408
3529 1661
1203 75
3432 5824
3156 7717
5626 8943
4789 1678
6112 3047
4934 4719
7621 8680
4914 5554
8714 5082
2648 685
669 3609
8103 2552
7296 3251
5333 6784
4010 4495
5963 2700
6334 6031
521 7250
3826 5991
8754 6110
3591 4505
345 5530
8928 5279
4989 5218
7149 3834
4593 541
7185 7530
8127 1414
5544 565
8097 4682
6170 6260
4577 3395
1959 5044
5128 2046
2756 3386
1588 3774
8705 8079
8068 8753
5558 2659
4688 1664
3526 3785
3650 8075
2612 4055
41 4014
5979 7650
401 3422
1913 2461
3389 3485
1617 4866
3931 6273
1975 8491
5937 1534
1954 2363
8508 7939
6156 2575
2085 3949
547 5628
4930 4758
7835 743
3930 1789
6511 1819
2748 3125
8157 6382
3229 3708
8695 7556
4770 8863
2572 5293
3234 130
1910 4475
5267 4566
7607 1213
7799 8427
4108 1933
7034 2861
6889 2002
6406 8698
3876 7370
1086 4586
5003 3995
238 7785
6404 1752
6250 4336
3968 3028
2518 2827
5594 4484
4783 1384
48 6486
888 6115
3509 6387
5045 1740
7198 5995
6029 1523
2581 1299
7729 2316
7393 3472
6940 6690
1635 6368
4850 8622
1025 6450
4912 6008
7083 4095
6782 6624
8550 5646
6656 5763
8599 8695
4208 7307
4905 4164
7546 1134
7111 3146
4680 5812
3855 4063
5181 2549
8177 8056
635 239
8511 5490
8951 4754
7470 311
7109 7457
7232 7388
3435 6261
5965 3666
8468 3860
4619 4122
3221 2628
5878 1750
2998 7653
8630 145
6722 8805
7914 3170
3009 2161
4635 740
8516 2253
3942 5641
6122 2849
2072 801
6441 787
1333 5540
3364 2845
2256 6452
1325 8146
6160 7233
6463 4661
5557 3606
8756 5123
5381 3986
3178 8954
8798 2851
5686 6841
7445 3573
28 7135
180 4761
792 7675
6869 796
5562 8347
2033 2418
4269 5706
3491 3488
664 4342
2797 1674
7502 8979
5285 2750
7405 7242
1650 7323
8889 2712
5931 8798
1580 429
1858 5073
2386 4603
1616 6707
772 8896
6989 1690
109 7944
5982 5968
2428 3445
38 4882
7261 510
7622 7909
3595 6881
3619 4543
8264 6097
8558 1634
8022 8497
5726 6248
2671 6092
4059 1520
2598 5959
1465 2233
7201 3220
7676 3587
8244 7506
74 5450
4213 7545
7057 7880
7210 7958
8478 3092
2049 7374
7000 5815
4547 8578
7280 2293
2557 4380
7225 3787
5240 5876
3827 5842
7860 706
1375 2105
5272 8685
8179 8073
3044 5201
6977 1881
4804 7941
3734 1760
7632 3036
928 5068
7418 7056
4165 6606
2348 8010
3544 2814
7591 1325
6644 4180
7923 4020
6439 3888
4367 3850
3482 7018
3832 3840
4098 7924
242 4366
529 7983
6227 8544
5485 8237
4563 1895
7273 2657
1318 916
2940 3793
4215 1199
8162 4840
1855 7156
7455 3247
8082 4469
5985 2060
3376 5299
1301 3350
6206 1502
3249 8032
1647 3733
4135 3988
434 8976
8019 2902
6568 8412
45 8224
3079 3297
4843 3826
8825 1770
1787 2754
8119 4148
870 847
7466 6348
1256 8502
768 6636
7806 8786
448 3467
6154 5957
6479 321
1165 1680
533 538
8459 7255
8136 2693
3366 7546
4779 618
4679 5891
6851 8152
5701 1795
8651 6859
3588 1942
4159 7977
4924 4794
5205 6118
3010 2563
2240 286
1734 5325
1455 7786
2891 15
989 4577
7514 2068
2526 1533
4490 2221
1546 6475
3882 6912
7988 2083
6315 8457
7495 1727
4814 6307
8353 5164
5895 6639
1215 1763
6758 7681
3700 4464
6218 296
7998 1559
3259 8234
3583 2739
1586 2317
1338 6871
875 74
6480 3320
2454 937
424 7170
239 6478
5104 1914
5984 4062
3346 44
3317 6356
5869 1747
3163 8911
1453 2344
5171 5223
2764 849
4785 5993
8840 4839
583 6831
287 8953
8454 819
6297 174
8778 3129
2409 1553
2712 1714
3196 6828
1843 3244
6517 7957
8302 879
5136 6066
3716 7540
6176 5208
7921 3901
8141 5750
3711 3095
4013 1686
3592 2107
936 4467
3927 8819
1477 6118
7195 1897
2275 8317
4373 1121
2506 2970
3069 3902
602 7853
1328 2883
5375 2787
7298 4779
724 4343
6021 178
6116 6505
8684 3963
7549 3266
3566 489
3112 1785
2881 4788
1030 6808
8044 6464
1764 6226
5047 902
8659 7194
2014 2312
220 3227
900 2395
4360 3682
1532 4880
8349 1429
2587 3150
7974 8175
8783 7646
789 422
6178 989
2319 3651
946 7303
4925 8000
4705 8069
1239 2584
1180 3409
6921 3155
5673 805
5998 7320
265 1129
3812 4369
4683 1060
655 4232
2235 3279
3179 3149
1400 221
1690 7094
1265 6575
8548 4774
5953 3667
3937 282
1210 4825
4615 4916
8912 1612
6838 2673
1864 6169
5590 152
8911 1544
1651 2515
2726 3304
8393 2387
1429 8643
8872 1969
3238 4804
5578 7836
4249 8696
1995 2818
5667 4934
3149 5943
8601 7816
2621 589
8061 4172
4187 943
2473 1879
1894 2342
5482 2449
1963 7511
6450 1282
2923 7160
8223 2771
497 3697
8102 2108
7963 856
7 2996
3224 6959
2802 402
2702 8676
8161 5977
7698 3312
1702 2688
4440 949
3380 3169
5505 3158
5082 7648
2001 5444
5997 4339
7813 8463
5730 3519
5224 4404
1480 2185
7177 467
3986 7838
7908 5192
646 3480
1594 7722
3167 1148
7205 1625
349 7636
2753 1390
5722 414
3200 3360
8569 7352
3638 5108
8959 4008
2871 6046
5831 800
2342 1337
2427 1757
6435 2605
8469 7134
3170 3741
2950 386
1330 7644
304 6997
1125 1732
4542 1241
3880 7142
1710 4831
1509 1876
4633 662
6309 1016
6313 8570
4095 1092
1478 3430
2757 4395
5160 5161
6183 7196
4595 6893
3393 3218
5481 4668
1156 8755
1861 4354
8426 3318
6342 7300
5075 1735
3605 6712
7328 2325
804 8913
7868 6359
6518 3402
44 7831
7330 973
6813 8060
5215 7498
5727 874
5403 5776
8850 5337
4437 461
1624 574
7154 3635
1486 7765
1842 2480
8673 3209
8606 7883
2610 7914
7014 2562
2531 6065
7016 6316
6861 935
1553 6494
4399 5529
968 8729
7069 2716
499 7224
7459 5177
3337 2475
4070 4483
5573 8479
4023 3226
4603 5453
7648 5147
5180 6189
1449 8282
8989 5543
8373 1703
4601 6256
7929 1887
4718 663
6184 3898
6893 4471
4809 2743
3534 2903
6966 1980
4841 1471
7858 7632
8272 6710
3913 8160
623 7900
2629 1630
5761 8287
3407 280
7002 7819
614 8873
199 7019
3612 4059
5596 4529
8032 7211
2856 8205
7077 7657
3260 6466
6004 2609
5553 5491
8867 7137
727 4915
7406 8998
5198 1138
2345 255
1111 4897
6982 2868
512 1924
3343 408
1039 3473
2676 525
5346 7012
8414 7149
1933 2904
1833 4678
4198 2375
3497 3713
8154 4824
160 4011
1671 3883
8374 8135
2110 8163
640 2011
2942 5229
56 3114
8001 242
1893 1240
8586 7192
1755 4966
355 6531
4873 2477
1738 4051
8283 1049
5863 3073
3109 5092
4011 6627
5941 5906
4477 5775
3290 1601
3810 1867
937 8688
7720 7389
5217 4793
1664 4144
7758 907
6239 1152
4531 1124
1297 5446
4709 4884
1800 4396
4655 3865
1534 5343
263 1464
5084 6823
5099 2821
2918 6548
8666 8904
5569 8933
6474 233
7830 5823
4536 8132
8113 547
720 5144
8764 244
4443 2943
7977 3527
5439 7085
281 3000
5888 3287
4146 4612
2803 5910
3756 1545
2135 7727
658 4168
66 4019
6091 5356
209 31
3262 3669
4106 1447
5809 8769
8417 5748
1572 3454
7564 5236
8077 4777
3569 223
4441 4029
3481 35
7815 6521
607 694
5532 3314
993 6063
447 8060
8191 469
3683 7085
8567 1973
1788 1110
7033 4622
6519 6107
6289 1524
982 4417
1675 8679
3451 218
1062 3224
2780 5254
4782 1915
8921 6220
2270 4245
1302 3465
587 2270
1460 7664
580 6647
1645 7175
6325 4195
6566 646
2857 3627
289 6269
8533 3351
2603 6328
1395 8429
6561 2784
6957 5203
2416 2905
76 6297
4222 3227
3883 6078
6530 2250
1618 6802
5962 19
5695 2747
5430 3284
4212 5707
2929 8082
5724 8857
7961 5730
8434 8731
8588 8394
4835 7779
8418 697
3199 655
5022 5679
5242 1967
2278 383
6504 2043
8536 4435
1258 5405
3264 1339
202 2381
5738 3161
7903 8555
5978 5137
4556 5466
354 6833
154 7417
6008 2697
5338 6218
1049 6863
8538 6404
2583 3977
7773 8002
1255 2508
3400 4346
6550 6415
1146 6346
7181 4818
7811 5850
2098 1641
2968 5868
606 243
7828 4951
5330 4187
1259 3976
5358 1034
1230 2648
5995 8965
4245 7095
8488 2988
4250 7205
1468 7888
4833 4316
6614 430
245 501
1397 4006
7522 776
3091 1119
5874 6556
288 925
726 7114
1083 1356
343 7133
5732 3581
1875 3486
7420 1778
4182 5847
465 7378
2373 3515
7770 1660
5543 4030
4336 1665
8073 2785
7215 8887
6287 7688
2618 7823
5081 7206
8173 1777
308 5500
1816 1975
6259 1684
5584 3589
1148 5620
3294 5228
4408 1207
6187 4426
6329 4918
8757 1327
6282 7805
4860 7837
1194 6896
2264 386
7823 5923
6625 249
5209 3349
165 8620
5862 6612
6253 3240
1261 2066
5999 867
5044 8221
560 1439
3154 2318
6133 1289
1725 5994
2059 1928
2484 6103
1448 1274
4765 3690
1183 1935
2451 3235
2499 8092
7654 1433
5486 7656
7619 1054
6243 289
320 2131
7937 1896
159 7419
8833 7199
4416 7847
7130 6006
7327 4116
829 1762
2879 3219
4802 2622
940 7360
294 4903
6041 4852
6673 7756
6574 883
745 7270
3213 1044
6939 1078
577 2439
2833 7510
7751 6003
3658 4848
5131 982
5913 1067
7983 6371
1946 7834
7089 3423
2608 4382
417 4651
1498 7414
7224 1659
8836 6617
5236 6929
1989 3653
8961 509
3571 5658
5274 1332
824 6132
2056 5284
1578 4686
3202 6999
5579 852
756 4736
3952 2012
4289 8648
8314 5470
4513 1211
6829 8080
7301 5672
3755 7070
4598 3276
2136 2170
5973 5063
468 3159
4257 1474
8295 7046
764 5508
7853 6130
3446 2776
3499 6612
221 4474
3143 4598
657 1393
3532 6357
3236 5858
7474 394
1043 5472
4842 6725
1260 999
7299 5874
3556 4749
6907 5266
6317 8303
6559 8144
5017 6144
2649 5195
5996 7781
8510 4208
1131 4364
4811 7271
6143 2866
1451 8433
5115 8361
1493 359
5387 5036
255 106
6549 2654
6725 3556
1164 6663
4040 5588
269 6640
2985 7332
8681 4343
3311 7101
4118 8988
3992 6711
8504 518
5489 8917
7249 8732
1536 1808
8105 7560
4944 8247
2029 1722
617 4375
4281 8254
874 7013
6844 6649
853 7959
6121 6073
3204 4126
8881 7148
2717 8644
4588 7622
8962 4412
6660 5190
4344 3950
8594 235
2897 6214
3524 8353
7924 7611
2711 7128
5511 5733
8055 4328
6005 5432
8306 1061
7254 1754
5779 3043
1463 6188
7293 820
3331 19
8672 4917
1865 4502
3492 6317
8383 4572
486 3511
858 8591
7786 5562
813 3853
2284 827
6162 6576
5385 5094
5987 5241
1081 2676
3914 3498
4200 488
836 5358
8736 3503
7256 5789
6641 5134
924 600
1528 5051
3365 6456
3134 8182
1184 6204
2316 6947
6192 4249
7501 7903
6687 4040
4483 7071
1902 2067
2205 7712
6119 8256
4292 3923
7267 83
1450 4031
4088 1892
1590 7818
6403 2224
7730 3363
8110 3881
6697 5345
6564 1800
27 8052
4239 8588
8278 6397
7802 2980
899 7045
3388 7467
6485 3707
766 6512
5841 4371
2884 7793
5468 8178
3738 4628
5145 56
118 4914
7881 7001
5116 3595
6505 1227
8648 4406
6322 4588
3378 8309
2094 7652
4932 1905
2821 7399
890 8928
7862 1035
3748 7886
585 5840
5176 7614
5844 1133
4918 8275
4995 2479
4510 3657
7693 366
4350 1362
2936 6949
7825 1028
2799 2498
5927 5100
8526 8950
6037 5397
2754 4271
6072 3378
2784 1189
8683 5416
3727 6939
728 6866
3126 7079
7584 5947
1501 7628
1879 1373
2554 2305
7510 4753
6307 3076
760 1549
5920 4531
2616 7030
8422 6111
3868 4683
5958 841
3749 7926
1747 8558
6784 8011
5324 3398
2742 6239
6356 6341
6276 1486
377 549
7816 4078
5976 1443
6370 2469
4638 6583
8729 6700
4021 6615
4525 180
8831 4387
3506 7009
2064 1731
3098 2892
8293 6818
5684 4177
4196 2391
4618 3886
901 3852
3306 7212
6817 359
2589 8027
8192 1671
8724 5014
340 3196
3558 8021
1551 4207
3172 4084
4315 4409
7794 3362
6142 1412
963 5097
7753 2412
4168 1318
2490 2199
5397 4618
4981 8374
2843 6842
6063 7736
8528 8872
422 6938
4947 6120
120 5692
6073 1877
2921 5990
6042 3951
8758 1026
3675 4034
3488 8307
7268 1546
3563 5687
6917 117
3341 7889
7031 6554
6444 335
8829 8416
1970 674
3014 8330
3295 8970
7285 1194
8732 2852
1909 4136
5352 407
8183 5907
6925 861
2976 7014
8065 3659
6856 7569
284 3315
7006 5288
4337 2388
2226 8814
3547 4547
5503 7325
5516 7953
5856 785
1016 1287
8048 7908
3557 795
7954 3366
2663 5404
823 3693
3357 6820
3525 1989
4605 1746
3974 397
6866 8461
1005 8625
1357 8469
8182 7927
478 4950
4471 1126
3886 6835
3117 8179
598 4415
904 2550
831 4887
1735 6023
2160 3217
6648 1215
3459 2909
6079 4493
6291 8567
2509 4781
3616 3568
1732 4924
2144 1843
6658 4828
8900 1261
5207 6077
4816 3440
8121 8730
6738 3059
6394 5911
1836 4772
4369 7660
7780 2121
6114 1723
1850 6732
7450 4554
8101 4035
2501 2715
7771 7106
6991 8107
7101 8764
6840 5912
7697 5359
632 4452
1598 5498
3519 8203
6819 2438
7717 2493
6275 7567
3182 7839
3222 2514
739 6577
5945 997
7504 3800
3879 4808
8175 5074
4767 5252
6698 1468
8497 1918
1172 2320
1365 8313
7086 7851
5147 4422
719 8956
3954 2656
4647 4545
1765 5694
1120 7409
665 475
7616 3679
368 2084
2313 812
5170 5148
1772 4501
1482 7990
2456 80
5620 8551
2736 7594
1529 7597
1929 4066
4447 5877
4401 2555
7686 4447
3874 4581
6256 2545
5839 4869
555 274
1286 4457
5837 7127
5691 5810
8820 2632
7439 5120
2900 2362
5500 5469
321 1962
1685 421
2758 2094
1991 7881
5713 5497
6017 3258
3288 8768
1275 995
2705 2521
8796 1857
674 4440
8583 3716
3632 5271
6608 2309
5834 8992
7749 8579
5785 4161
7191 8049
6679 5781
5638 4150
1425 4239
4293 2952
7465 647
5028 3712
1147 4874
3791 7601
3443 4865
4491 5897
2073 2338
1284 6403
8988 4163
6814 8877
2895 4454
3445 51
867 3656
7854 6758
898 8507
7782 2389
7178 6395
3092 419
3083 8217
1231 3905
7894 3139
4986 1326
5108 2311
2962 4154
2528 3585
689 2777
7216 5110
7343 1456
5908 7932
3573 8008
4669 6675
8983 6679
5764 2269
78 435
8079 8004
2043 4216
5066 5391
3021 7345
861 4799
1398 4075
243 2261
5812 3348
8653 8404
538 8694
6513 8296
8415 5749
6962 1089
1052 7346
5012 2593
7588 2373
8169 279
595 6745
8929 3752
3257 3266
4264 4855
2183 3491
6132 1749
8 3347
3239 7375
7978 8465
5693 299
1382 8068
7325 6513
7785 2049
5756 5795
2320 6778
1892 6259
7221 1466
8785 7608
4323 6274
1805 2751
5288 2079
5827 2573
4403 2360
290 2031
4643 6179
7324 748
5849 2059
4936 1884
4548 6245
2872 8062
3012 7796
7689 4072
7158 5046
5051 6117
6958 3419
1461 1388
6197 2560
612 6851
3299 29
6237 8370
3798 1617
2077 5189
2906 1627
1515 4767
4720 6083
6506 705
6720 4764
8089 393
1137 2089
7385 8343
1513 3908
8233 4976
1549 4878
5228 8337
2163 6032
1386 7153
6523 3221
1096 4500
6928 376
6946 6805
2031 2470
5314 3115
2898 5797
2314 5844
7520 3345
1517 7430
5784 8655
6262 8630
6772 5080
7110 3705
8859 1072
8404 61
2570 760
7291 4660
4232 4712
8054 6826
6951 8208
1630 2396
5850 2377
3040 2532
8171 6720
7049 8164
16 2994
4572 947
6381 3428
2366 156
7498 5295
6106 8110
4286 6552
7235 1943
2558 7954
8613 3020
4089 6289
5515 4930
5507 7150
5898 3193
1848 6969
2172 1446
6352 423
1667 1281
403 3818
2067 2263
734 2399
5349 7398
2465 7821
1691 6374
7971 291
7186 2005
311 1981
4505 250
7360 498
1071 4102
8532 5011
7429 4105
3475 2540
7897 6017
912 1827
1126 8891
1796 4297
3095 4920
3777 6951
6918 8190
4987 5009
5270 8081
1673 4361
1565 2577
8444 2558
3115 7407
7127 1
6423 1682
7892 6864
6078 4560
4430 6757
972 4359
6400 5972
432 3165
7496 1945
4127 651
7694 7046
5256 7502
1698 5982
2848 4155
6941 4431
2831 6637
1570 2485
459 79
5169 416
6379 712
7193 214
6392 3759
8644 6040
456 4604
236 2973
5371 124
4158 6234
3502 2441
4003 7368
4761 5638
6490 6578
1571 5606
4030 1974
1491 6294
5697 1365
5993 832
2772 2064
3322 6598
5390 6133
8895 2230
6261 896
8628 4197
8194 2181
6766 560
2071 5181
6367 6954
5782 7083
1217 3182
2852 3574
3496 6417
5788 4940
5310 8597
7121 6672
7631 6431
1923 2347
6707 4117
480 1889
310 8864
3424 3199
5268 8650
6125 710
5616 8098
5127 1548
1248 4522
147 3652
1824 8889
5345 3152
6214 2174
1088 7726
8146 1988
5924 3106
6049 4747
5309 4593
1306 6433
6354 480
4999 6688
3409 7753
7452 1538
5223 8346
5187 5429
6747 1154
5193 7801
4799 2339
20 1755
1903 5
7519 6451
6346 1270
4322 4985
1530 4442
2309 6298
3226 3625
5518 5947
4185 5067
3197 6879
4607 7473
4544 8771
293 978
6140 6988
8094 7627
113 2154
5106 7326
3993 3510
2651 464
7716 6767
4390 5773
659 736
704 642
7569 3294
8572 6593
5000 427
2420 310
4771 4257
92 2322
1758 8774
5069 7236
1777 3646
43 7631
6734 767
5712 2507
779 8880
8222 3649
8442 3633
965 5787
1953 3269
2177 4268
7613 2578
5173 3756
7321 4944
7695 6737
5926 362
6242 346
908 2200
6153 2595
8339 5584
3396 5501
2075 1469
218 5592
8096 1063
6417 8199
7018 3173
6461 6045
629 3340
6130 2145
4654 8870
2933 309
2406 1526
4005 5685
6647 4018
8741 198
5893 7861
4374 8610
2248 931
3219 661
1013 5683
7582 5438
6247 2916
2074 5852
3838 2757
1020 3911
7394 5194
7322 3953
326 7974
7238 7825
3102 5655
4411 5441
8878 7748
4345 6281
2196 6613
3688 4365
6383 3617
4953 700
270 2881
3627 1278
2404 8044
1150 2484
4933 3727
8485 5012
1422 5156
872 452
1342 6658
8492 1799
4241 2748
6601 2242
4100 5342
3215 99
7893 3642
7274 7061
5009 3453
8006 473
6983 904
461 293
8590 5386
572 252
3916 2880
6299 1806
2688 1894
4970 7117
8740 8756
2986 7942
7211 7591
5875 7934
4599 4798
7358 7676
6216 592
933 5426
5281 833
7020 2180
3428 2047
251 5757
7918 2435
3606 472
2590 4101
4341 6428
2741 3536
1998 3246
1994 5354
2704 176
1798 2867
3828 6250
2859 4867
2285 2953
8058 4077
2932 893
740 8699
4303 7997
6002 1008
3722 5306
4475 6196
1950 6187
6343 6895
8123 1591
3046 4696
8746 6942
1034 3681
5974 2232
2796 3554
3147 6237
3351 3739
6300 5102
915 4717
535 2630
1205 8883
1612 8990
8769 3851
1696 4886
124 57
1916 7292
5666 2949
1775 7856
1887 7960
4948 6876
6195 3748
440 5954
4746 6040
7986 7188
8978 846
3327 1332
8812 742
8595 2197
337 102
1352 2451
742 2946
7568 2794
3655 251
2971 1461
6721 5937
8600 1839
7667 1127
5911 6342
6100 6837
5536 6966
2694 747
5905 172
1958 5401
3999 6869
4090 6653
483 4013
6651 5425
8075 4146
2640 4530
8830 6754
4282 5677
6487 522
2819 8744
2173 7919
3047 4738
846 8894
8083 7535
7150 8194
2130 4601
7565 5462
8347 5974
6068 3893
1216 109
3995 2235
3485 6970
4559 1076
6395 4936
6458 6358
7849 431
4498 3602
5158 8687
2708 500
8242 8623
2520 6535
363 4736
3871 682
454 8722
5679 499
6482 5407
5711 440
8441 4027
8899 2888
1754 4137
7665 515
1069 6883
6711 3915
959 7807
6710 5056
4722 3208
4738 5548
152 2246
791 8975
4740 1786
3185 708
667 7743
3324 3797
7482 3069
4377 6150
588 253
6349 4691
1643 3256
4022 7297
840 8286
1270 8518
507 3411
7227 1238
5561 4264
2824 4791
7124 6658
5708 5324
2289 5576
7091 4197
2687 3607
4122 267
6944 3245
3963 1396
3018 3318
5676 5944
6006 2225
5222 7991
4529 2602
6809 7428
3765 7655
6111 41
652 1984
8525 777
4910 8875
2238 3781
1087 8225
5030 4681
4617 4183
7865 2723
303 7355
6544 857
3440 77
8927 4568
2026 6338
4904 8090
4220 3111
379 4133
3628 5916
8745 2290
1411 159
7659 7373
4675 1821
516 3736
4539 8668
7609 108
3640 6848
8216 6131
8611 7451
3779 4541
7909 8074
2271 7566
4008 1465
7094 1891
4942 6436
3422 137
7713 6212
7332 237
3775 8494
7087 7763
2790 6287
8317 3364
5527 1251
7820 5265
7824 8716
4839 7587
1687 648
4407 6197
5445 6351
3637 1535
7063 7992
8285 2934
5078 5522
2272 8653
1114 5517
2083 7380
7043 2442
4885 664
6603 2854
6619 8796
8147 4401
3162 5372
7025 6537
1133 5710
5576 3978
5842 3868
3969 7245
4862 8760
2909 5834
8209 1448
5964 3610
173 526
4279 751
8305 4296
4591 2606
7734 6122
2009 6086
8575 6496
7851 5395
500 3762
4677 3660
4192 1039
2505 713
1652 3957
4259 6756
65 5454
4967 8733
7244 6862
7864 7702
8837 3541
7857 30
1323 7260
2468 2208
6448 1629
3333 6729
3721 6091
5775 8186
2354 4337
6055 8300
244 261
6336 3063
5476 1312
4592 1845
3271 6504
1622 2829
1070 3083
6026 6752
6835 1173
3020 4653
8948 2773
7627 3588
1852 7522
2339 4141
6399 4448
6759 4353
7352 5055
4666 2400
5534 7058
6105 2853
7647 4250
3339 5810
5305 2212
6760 4319
2946 878
2983 7764
1219 8111
8047 8406
1508 3943
1036 7158
7421 8816
6538 7802
647 8295
3148 513
6103 1236
307 2618
396 5439
2105 1065
4172 4563
4434 2512
6292 1467
7082 6661
6972 7920
955 1815
2282 2422
1749 6280
2662 5569
6571 6905
5184 6323
8487 4181
309 2509
5840 8366
7600 3495
4102 4303
7525 7767
4751 7943
563 8800
136 1106
198 4028
4983 8580
2036 4284
4565 2052
8252 2690
476 3490
8922 5320
6323 8818
7217 5278
8668 3611
6028 3925
3516 3545
7442 3368
6572 7446
6751 3569
7708 2596
6408 5665
104 6885
2281 4720
7471 3743
2169 1013
6717 5126
6011 6516
4909 7951
8098 8807
271 3253
907 3534
4167 4655
3507 3676
6347 1135
1065 1977
3082 7629
4273 1724
8522 5948
235 3991
4530 212
530 331
5151 7231
3964 8955
1969 4385
3373 6369
6997 7287
4813 160
8654 7697
6990 616
6652 3242
3235 8263
1512 3333
1311 7303
6775 1172
6919 2612
3724 20
8753 981
5959 8647
4858 8045
7313 3241
5855 1177
6735 7084
3818 3384
6690 8617
6117 1961
6360 6865
261 1266
3801 1253
3408 5348
4340 7412
208 2065
305 3359
1564 4727
4469 1557
7831 930
8814 5684
6663 1245
1924 2652
7911 2392
4629 1913
1733 5788
7946 2488
6436 6812
2675 4405
3108 7928
1779 3903
8642 1646
3150 4058
7985 8007
6953 2870
5876 984
8321 650
6600 8762
5007 1623
3750 3571
2546 3282
3757 7295
8549 4261
2035 5292
7214 4130
5512 6510
3391 4759
5709 8912
2357 2847
2999 484
7026 1294
1709 7431
8530 8039
8011 4240
2188 2992
4154 8363
8643 3273
4151 7315
5422 3194
1510 4037
7160 4429
233 4812
1945 6454
5412 6222
705 6540
2350 8934
2114 3621
9 5971
6839 7324
6488 611
997 7890
2892 7109
5391 7112
7704 5494
6881 6151
7114 7830
6267 5054
6327 1893
122 3497
4352 8422
2113 5536
4265 6612
6338 1536
852 46
2204 7444
201 3503
185 992
7117 1031
6194 5674
8660 979
1809 8097
6269 7541
2563 4383
6168 3830
2489 4665
1462 3189
8074 125
3335 6697
413 155
6084 3888
1454 2530
1080 7726
1225 5883
2660 5659
2826 3316
286 8473
8999 1622
1340 8442
3410 4462
2674 6698
1742 922
1770 7284
818 7078
117 3927
8117 2382
5142 276
8340 4209
3806 8252
7304 287
781 5322
8610 6888
1904 3906
6880 8324
3664 3929
4171 3761
1208 6840
1201 4922
8237 520
5362 4459
6045 4286
995 2153
802 3066
350 4780
6719 7122
2303 3372
6236 4816
7534 193
8570 8666
554 72
2395 7361
4170 915
1936 794
7750 4433
7276 8193
5074 8747
2903 8952
8472 3811
7912 5289
4120 4960
5328 5204
8777 7164
567 2705
2917 1938
2171 3871
2358 6210
1173 5728
6776 2284
1990 4481
2827 6940
3870 5191
6196 6567
212 2886
741 7738
4806 3456
3132 5609
1073 5519
7762 3549
4976 5428
7377 6937
4398 2710
8104 481
5802 2033
666 2779
3687 6721
5337 3752
3093 3038
6516 4074
8208 2062
1421 2551
7545 6858
3431 1488
2808 1689
2597 1302
4313 1066
2352 1178
8752 5838
5832 3352
3106 2536
30 2038
2211 7316
4781 5000
2996 3955
407 7097
5301 6163
3001 3397
5179 5024
188 4358
6704 297
2393 3045
4219 2401
4276 1198
2472 4986
5729 217
1470 4858
489 7016
429 5973
1171 923
4689 8766
7478 6412
511 5784
8060 6162
8749 409
4296 3382
3474 76
2515 7579
5957 116
2606 4064
3531 3478
3088 6642
3188 1349
8908 8359
1253 1676
6118 8446
1951 554
2600 7507
4561 5899
4451 8743
5938 8823
7684 7200
6706 1715
445 687
6609 5486
4812 6549
765 3215
4234 6657
6365 6370
4368 7994
2340 4083
8107 4675
1868 2121
1795 1693
1695 7605
4650 8714
2331 6894
8085 8605
5378 2183
5506 7066
2569 8100
4768 1164
4611 5917
3087 6349
8072 2838
8839 2664
550 343
5921 672
8455 3186
2020 8804
1026 8861
4019 6814
1246 58
4066 909
5554 2130
7054 2798
8331 4599
7485 1812
7366 4290
342 5492
3080 8571
8789 7686
8221 7453
8296 2044
7469 2474
3263 6847
3293 7696
7732 6797
1619 5852
5662 5240
1235 7243
7336 8515
6369 7185
2175 8454
7381 5686
4856 3619
748 2762
1703 6645
224 4724
6466 2722
8064 3917
660 2313
7880 564
4537 7330
297 5424
1888 7318
6767 2920
7840 8505
1750 8901
5642 2045
8008 8041
7105 2256
3586 3601
1368 2487
2294 2921
2911 390
4888 5182
1115 7
2190 2926
7917 220
2877 6915
6136 912
3811 8447
5444 7029
5025 5985
2415 8791
6812 4980
7700 5136
3856 1504
2698 8893
3214 6022
4916 5572
8665 7751
8372 3567
4 3451
2383 6744
8546 1816
6252 921
3320 4713
2410 4636
6737 1952
2521 1639
496 8265
5425 4658
8574 4766
3646 4238
7899 1047
5129 4378
7373 2069
1362 7578
4597 418
6364 8277
6935 7683
8309 775
1729 6749
6816 406
7368 699
7475 4778
7451 8063
579 1405
5071 7127
3652 4258
6264 3647
633 8395
4045 6536
7793 1336
5303 1677
7079 8750
2224 7485
1769 4198
4861 1300
2870 37
5255 5869
6048 1090
8694 1118
2577 5037
6171 8288
3549 3939
8995 8492
6863 4725
1345 7496
7975 4134
8403 835
7844 3480
2710 5261
3059 8128
1229 1531
3693 3530
8580 6141
714 5417
3270 4132
7933 6435
2945 7921
3587 5785
8873 5093
1433 1522
8142 7967
5749 8414
1856 8586
8328 7704
2602 6746
3753 8158
1371 216
881 6971
8130 8783
8991 7825
683 6229
1943 4616
2088 6563
1878 6213
4614 3416
5521 1836
6158 1098
6460 5981
2595 449
7355 4748
6446 1156
7737 2706
7140 4718
1849 2841
3962 6067
999 7410
3517 2529
2353 1102
1406 8046
6622 441
7559 2359
3097 4253
3113 4373
378 4912
6185 4821
2493 6996
3723 3784
1971 8663
2604 4152
7011 8914
4086 2513
2943 2865
4564 4540
5700 6392
6872 6873
8946 1550
4919 3323
743 3204
3325 5887
5383 5663
3050 7811
7642 1490
8172 3413
8050 5855
7269 717
6924 6339
514 1021
7575 5075
603 1025
6339 3867
3136 503
2690 2830
2752 1193
237 2106
7157 2466
2401 1560
2193 5441
4726 5499
2165 8942
6331 7443
6076 6601
800 7059
249 1950
3634 1455
6618 7742
919 3880
5277 6604
3542 1840
5112 5007
6204 2881
2008 3033
4878 3583
6306 7877
6350 3764
4690 1184
6562 8802
4691 4621
871 8067
3522 2486
8894 7348
6235 4611
1537 5956
7552 8837
6526 6
2944 5936
3840 2147
544 1254
3062 3665
4754 4443
8258 7108
2931 3167
884 851
2327 4899
7253 6221
7592 4772
795 7471
7550 5693
8706 3921
8775 584
7457 2924
2773 483
2791 6742
5363 2999
1979 4929
5049 4802
3892 890
2440 7600
2592 8812
5379 6474
755 6244
7801 8028
7403 2759
5808 2923
1533 1673
3919 5879
670 8683
6131 4949
2471 1403
2813 701
5885 1702
8251 7528
3032 2092
12 26
339 1123
7680 1672
6303 8035
5070 2670
3633 270
8592 7386
8267 162
8799 6861
828 8811
3966 2810
4667 7447
4261 3184
3122 598
4470 4729
6992 8369
5250 6998
406 8434
2167 2982
3692 7906
8514 3688
2972 6614
2293 2345
952 7051
8708 6113
6593 2675
7666 3563
4538 6764
3493 6360
6753 1798
1243 8014
6807 4024
1061 777
4312 2541
5213 6142
8646 2728
1084 3323
2723 4615
7672 2720
3176 6217
8821 1483
5278 5720
7223 7966
7968 2378
6397 7596
2153 6025
5843 1425
7359 6064
8273 8301
2492 6053
36 7860
3273 4561
7930 6024
6599 3158
7473 120
1794 1565
1773 5459
6353 1825
1366 3254
6220 3041
7145 6157
5932 4115
179 6650
1141 6463
1130 7184
8039 607
1880 4124
5473 7132
5335 8703
3575 1564
6148 1503
8759 5590
698 2686
3656 3537
4356 8053
6628 2790
3929 2173
5458 5808
397 2135
1059 2464
6459 7310
2792 7329
6304 4542
8325 4178
8030 5934
3653 3512
7926 2906
4349 3782
4262 4576
960 3517
7506 3119
6274 7406
2840 5807
1602 917
6061 8758
2017 2985
4978 2434
59 7878
4838 2431
949 5881
4194 1147
7781 6744
4540 1574
8907 8445
8545 8777
81 2766
6279 4113
3903 5274
2062 1346
4176 8484
3155 1571
5040 2165
749 5413
1101 7649
5023 396
5426 8189
6512 831
2267 3463
8880 8154
4788 552
6558 4562
3641 6340
7913 6263
4382 6235
1663 7140
7282 4230
8639 8961
4961 3336
7610 5153
2644 4275
2302 4996
6013 3825
3909 1130
2307 1317
386 4363
1273 6491
2434 8765
6557 8087
3268 2826
590 2564
6642 7904
4242 7504
5574 5287
8585 4599
383 5607
1492 8123
6832 4841
5372 8838
5525 8
8869 5355
8217 4904
135 6075
1027 7350
2957 1143
1359 3324
8818 7515
7047 6119
2815 4619
7682 5169
7847 4515
2922 4350
6212 750
2040 6682
389 1424
4496 4093
2814 7038
3511 4135
7822 5770
7538 2169
4659 6779
7252 2155
3318 1260
3159 7521
492 6916
2599 432
3624 6286
3133 2689
1587 3329
3266 1445
2257 1510
2876 1604
744 8616
3336 8654
416 8645
3175 4280
3518 655
5923 2665
404 7416
712 2728
2349 8721
91 8323
961 1904
25 62
3404 5357
7289 952
1280 8573
1093 2592
2408 6180
4225 4864
5068 8659
1949 3027
4391 2913
747 8245
7848 4191
882 5406
8931 6484
973 7304
1811 2027
8905 7918
8807 2415
3510 7034
1187 3702
5021 4801
2442 3698
3276 7557
3981 437
8420 1215
2436 3843
8045 866
1776 357
1882 6422
5592 2473
8607 6852
7511 1335
7560 6665
7891 7803
2523 5636
4438 962
5 2367
2844 5139
1997 4817
6960 6974
3361 219
943 8227
7845 2547
5820 5963
2462 3924
6791 4068
2435 1489
7115 6033
7138 5217
2305 7218
5308 1113
2388 2462
4131 5760
6646 2736
8636 3122
4454 7268
1167 1382
3543 2738
2545 8281
437 5564
2118 3121
6454 4789
1808 5215
3859 7564
370 641
5062 6681
5231 447
8544 2446
3833 6550
259 3006
3313 6564
8578 1965
491 6530
4435 2639
4826 4446
3537 3211
706 1699
372 3174
150 4565
849 716
6424 1719
7547 7157
6372 2956
3031 6299
8294 8715
8801 2636
1660 3407
8228 1899
6788 5722
3674 2194
4298 2969
1376 8240
5892 6533
1726 4388
5656 8749
5132 3671
1092 3418
8204 5155
6060 4221
4516 4244
2460 3135
8247 7854
148 377
5149 2076
8475 6414
575 8292
3630 2511
4567 567
6985 4863
4078 6930
8682 5070
5276 229
7593 1947
2990 8892
282 7280
4406 4445
6995 4927
994 1101
978 1909
7952 3670
1804 629
2125 2167
2788 4499
8213 2651
8726 7590
7156 2122
7009 3558
1582 755
6552 3981
610 4751
6590 3524
2738 477
7635 8291
2818 5931
8239 6807
1335 1930
5294 780
5734 6485
3205 468
5710 2247
8985 7204
7488 8649
7524 215
3434 8554
3243 292
2556 1774
3003 3272
2399 52
4114 4511
1890 6060
8816 2324
2070 8106
7567 2365
2367 7955
7763 2645
3733 6776
314 8737
1672 7514
2539 2763
8713 4298
3330 8795
1291 2927
2180 4125
2429 5180
6263 7771
4824 6918
524 7050
6147 2947
4329 4974
5221 5859
7833 7451
4545 8077
3989 4885
3461 7338
3567 6437
4700 3514
362 6176
1871 6058
2080 4826
1444 3041
3983 6492
4731 7392
2145 4602
2396 1293
1844 1743
6627 6562
803 6722
6876 5173
5111 3375
7219 8871
3418 762
443 2933
4436 8261
2407 6716
3935 8677
8966 7379
3889 6425
716 4043
3473 1645
6810 5302
5800 5174
7200 5589
4733 5440
1095 7124
798 4186
2689 298
6525 5828
7960 3042
5392 4957
4649 5645
111 2332
3508 7313
2126 1164
192 8834
4117 2936
6920 4795
5451 1218
1142 8501
5452 3683
6779 6857
140 8392
4155 3718
5389 7182
5652 7645
8888 2960
8275 3778
7415 5746
7122 4326
1636 6102
161 7261
3500 4
8360 1766
3527 2491
4985 842
7135 1328
8386 995
5949 877
3256 8927
2832 5170
693 5422
644 3116
5541 2597
1218 2520
4335 679
7852 7963
1312 2097
3068 4847
4696 5448
6540 4667
3436 4623
3972 8689
8235 3401
8042 8196
7144 2677
7798 1458
1615 7254
6098 6708
8730 378
1503 7869
4201 5806
4224 1079
8279 8693
725 4898
7007 5718
7605 3956
5897 135
3767 4450
7856 1012
2218 8523
8210 3730
1885 2649
8763 7633
6605 4970
3853 1706
5320 8632
1621 7563
7053 7403
4857 6390
2571 1670
2503 8379
1244 5922
4299 3163
6774 5283
5882 8951
8234 2023
79 4991
8389 1402
426 4403
5739 1946
6669 8038
5077 3270
8017 8138
877 3950
2866 2833
2398 6527
8838 2341
7905 8298
5706 3876
2733 8050
2215 6542
5538 8330
1466 8661
7566 3618
1682 175
23 7382
70 4138
348 5831
8230 5284
6312 6547
6224 438
5783 919
1019 6731
687 754
229 3630
1740 3952
537 7947
8184 8499
4621 1185
3946 1769
6097 4263
6736 5854
556 7987
2458 5159
1116 2236
723 4047
2643 8627
4456 7282
3713 2528
3615 1780
5950 715
4938 3754
8598 4053
469 4424
562 6982
1186 7086
1199 6532
5347 4843
8584 4277
1817 5604
7085 7503
5767 3623
2938 5735
4009 4672
2731 5433
1129 8547
2013 3575
4057 2428
4674 4742
4742 3529
6283 4805
814 5713
39 2745
672 3492
4895 5918
4749 1451
8165 2370
3127 5076
7535 2536
1642 398
6077 7946
7875 5650
7230 7072
8787 6442
5269 3317
2963 7478
7513 3421
6853 1131
7982 7565
2380 8345
3643 3564
1378 7790
5736 6780
5786 8169
4487 6047
1138 1599
3206 7914
1380 4584
1151 4445
8059 505
2483 4507
1881 2421
4071 4282
5052 5846
1416 5171
5549 6786
8765 887
5195 1394
6890 4708
4121 344
523 4716
5271 5301
3560 7159
1440 4145
4579 50
844 962
8114 5889
592 6623
3745 1649
2290 2971
3736 8001
1557 6719
2714 4556
1159 6544
129 519
1648 5128
1662 6819
938 4455
1583 2254
8909 6539
709 8161
5909 8594
7874 5060
3347 5387
6434 8751
5167 5362
4900 5586
5889 6142
964 3904
8112 4300
4359 2120
5214 1418
8539 3205
8952 1620
2161 8678
2575 3444
8943 7288
8421 3198
7493 2227
7335 5525
7229 5447
732 5013
8298 4938
8702 3405
8332 7433
8471 258
3772 5882
1407 2289
1610 3553
7438 7336
527 1051
1383 8415
5020 869
4606 1407
5556 45
6496 4982
3437 745
2901 8408
873 1960
3666 4663
4271 6907
181 6519
4221 1713
3780 4016
8767 2600
3703 7399
7171 4381
759 5457
6729 8702
8502 5141
1853 1197
3939 8832
6340 5220
2046 770
1591 1125
2265 8557
3231 5176
6099 6951
8408 8425
1242 5989
7234 4969
3973 3997
6255 3930
2253 3891
6537 810
7809 872
1447 4662
6828 8657
2847 8858
3831 7028
6418 8438
2371 798
8856 8969
5674 7044
4721 3879
398 3689
7437 6174
2580 3560
3269 4288
1601 8312
502 2034
3998 1158
6051 6761
5010 7604
8254 7144
1017 2582
2735 5109
3289 5559
6481 3507
5737 4202
351 2534
194 4978
247 4981
8286 5026
8261 1708
3644 3765
230 5605
2445 4472
5400 2734
6867 45
1432 8308
5190 8778
3078 487
7710 6503
6705 1481
5008 6664
4645 2526
2889 993
1841 1997
675 5635
7685 5352
6847 7040
7660 8489
5494 2819
8535 5421
3111 445
4704 2859
5005 6595
5174 1985
1354 2950
8624 8599
6414 8995
2794 871
3230 6945
8953 8587
4558 3431
601 7450
125 4558
51 1192
215 895
141 6487
7709 8830
7051 7129
8338 1636
7131 6211
6330 4844
1961 4487
302 5214
1178 8618
1918 495
4015 7439
4017 1363
913 3278
3580 5047
8986 2893
3907 4494
1012 6469
3582 7091
3961 1768
121 4959
2140 259
5475 6020
1222 889
7461 4010
1045 6460
4452 3700
3994 5726
5504 64
6015 6897
5956 1075
7739 1598
1584 6684
5067 3695
8663 7273
5687 8598
894 1929
2430 8036
7207 991
373 247
2099 3311
7994 4674
8509 2525
8049 6112
7106 1838
7058 3070
2568 370
4996 7394
4846 4823
5382 3636
8716 8797
1826 8125
8779 7228
3950 3171
1898 2760
2326 171
3625 6572
6159 4877
7761 537
3277 4023
3800 599
2497 644
7204 5585
1211 5542
3094 2124
5717 345
1188 1018
430 636
4866 7123
6388 1195
1838 6771
6980 6705
421 8985
6730 8351
6955 3895
5640 5939
3449 4071
6177 3212
2777 497
2405 7433
3825 811
6302 1710
8555 2884
2424 817
4822 3668
3071 4285
8457 2704
6763 4052
3578 8999
3773 8335
916 4418
5013 1711
8315 284
639 4889
6904 6019
805 6703
4791 301
7834 1478
3141 8776
5774 6251
3007 6448
7408 2518
4240 802
4105 1010
925 5816
8043 5734
4069 7527
8297 4096
2107 4485
3679 7082
7934 5736
2037 4295
2002 2711
4427 7054
5881 548
8033 8569
8004 675
5368 4128
1303 6388
6903 7891
2776 6591
7307 3210
4849 5483
4334 6136
2769 13
449 91
3912 6116
1999 4235
5825 7015
8195 63
3843 8575
6739 7812
4906 2118
6046 2273
3356 708
3254 8402
5688 7311
5692 6009
3476 2948
248 4521
8887 3814
2737 985
2914 8320
5582 3471
1006 737
3165 1994
8688 6000
2276 1479
8819 4859
6087 2779
3799 4118
4686 8987
6626 7026
2101 4234
1149 8381
7015 3022
376 1809
6475 1941
4169 5199
1257 8118
4772 5851
8316 7076
3601 1959
5603 6914
4534 6755
6588 4233
6059 4646
6368 7576
825 2478
4305 7264
7265 4995
6831 2908
4951 8157
7714 4338
2785 7110
7741 4073
2078 7139
6541 486
5810 4583
2047 1314
2783 4582
2254 7845
4903 8854
5125 559
4964 1334
2555 3500
8955 3928
5593 1095
7843 1332
6182 5008
7078 7969
2863 2091
4644 5613
2168 929
2890 5168
5474 5419
6931 3510
1063 8957
3552 269
1654 2354
2187 2991
1414 7867
2418 6799
2324 696
8892 7336
442 263
7618 5146
8633 8881
1283 7427
4457 3757
2542 6651
6515 2460
5551 4536
7687 2899
5678 3141
5144 4112
226 5475
7372 5955
5334 1188
2057 6922
471 7762
2793 90
3878 8895
8641 4853
1387 348
4660 6181
7483 8945
6427 4160
7571 881
3718 4356
8564 118
7950 8326
7883 2015
5462 5151
167 5435
296 3072
4790 3481
6357 7093
7462 8742
1143 428
1123 2262
545 3023
6554 2769
1869 8468
5244 3371
4741 179
6587 4049
5643 254
2362 2257
1464 4252
5331 6332
2820 5267
7663 2643
4958 6446
8747 7408
2227 3417
4672 4892
996 7952
8556 977
8947 1753
902 2896
6416 4393
7701 6167
5369 6347
6927 1096
1646 2275
1785 3031
7402 7553
5720 6303
1289 8879
1189 4148
6473 2349
5514 6973
7391 7070
7601 7730
4325 4509
5283 4294
7766 3823
649 6855
4557 3622
358 1347
5967 8974
8540 8637
1863 6311
3344 7824
3049 5474
3029 3400
6607 703
6621 4022
2846 78
3503 5243
8342 6546
3934 3090
1038 2098
6332 5507
5728 4213
4258 5565
7202 457
917 6934
2997 1228
5559 6580
6830 7367
388 246
6613 7047
7243 2472
618 3250
5140 5225
5447 5998
7898 1532
549 5303
8358 7341
205 6052
5054 508
4817 3017
457 202
5994 1068
2582 7733
5286 2523
7173 5150
7369 411
385 6875
6936 6252
6843 6482
47 1685
2312 6012
189 1265
6066 6386
6783 2767
8520 6570
7870 2910
835 3938
1668 6027
2121 7418
5731 5520
5765 8414
5743 8691
643 7589
6238 1169
8979 1187
4972 7789
1625 6766
8737 5595
3807 8361
7604 1366
3067 5021
2969 1372
3590 4278
6180 4626
956 2111
7341 5709
7447 173
7902 8172
2910 5696
4474 5689
8685 8266
2729 6762
6762 8197
4294 5872
169 4783
8443 5458
8794 6877
5758 7714
7940 6811
7314 1000
2477 361
7651 3381
8329 7405
7873 5597
6696 3521
8619 4836
1827 3961
8387 3328
2123 8204
7633 5873
7208 729
4613 8868
6486 6096
7347 6309
6824 1922
2617 1837
5148 2731
1296 1285
6650 2869
4081 753
1212 5905
5096 2323
1402 6846
821 225
5191 1288
6278 2672
1160 8283
1566 3420
5848 1427
6295 544
6358 2607
1700 5023
8940 632
110 1893
100 6499
6670 2907
5235 5539
2315 5197
2975 7493
5416 4684
517 482
5423 5933
2337 5901
8923 7852
107 8142
6265 3280
2661 8726
3979 2843
7141 6238
6500 2144
3145 1595
1518 7705
1309 8831
2739 2629
7664 8710
2637 863
3211 7698
5768 332
1563 1128
277 3319
1001 355
3669 6377
1560 7488
6489 551
3863 7799
3284 1624
6149 4458
8249 6461
4707 533
29 6928
2977 5369
7308 7191
6324 8932
415 1262
3153 6376
2958 4669
638 4205
5046 4632
6746 4165
5658 5099
3220 2900
21 1333
5200 4044
2425 5640
2522 5381
1483 6964
470 579
2956 1235
3180 4649
4807 1094
1867 7456
1521 4520
1250 8303
2706 3815
4991 8862
8335 96
7239 528
7401 8099
2321 7491
4834 627
1914 4834
2849 1907
2837 673
2978 6134
8557 7424
5448 3261
6653 70
2335 2495
857 1866
6984 7263
347 6101
6433 8973
7722 5039
8774 6068
1834 7718
5880 4438
484 8248
7279 2423
8835 1530
1295 8185
677 7520
7228 1440
402 1306
6945 2283
2966 3126
7446 5546
7071 3118
5851 4054
1828 5780
206 6500
7407 1592
6683 2682
6708 200
26 2797
4708 2458
8446 637
8152 3720
1074 4423
6631 3746
5312 5996
6268 3112
2486 7620
6654 634
4656 5913
3851 1614
2774 1387
6161 3605
7061 1773
866 7025
3056 8102
8551 25
815 2189
2920 4311
5740 4851
4142 2457
6191 314
8470 5107
2199 5766
983 1286
735 5298
4395 2259
8456 2113
2559 6440
7260 3980
6981 4321
1540 3091
8915 5480
2845 1991
2220 7806
3051 2158
7705 4169
1021 4482
1110 7251
4324 1256
4687 2660
8805 1951
7746 8419
5660 3216
5873 4813
5969 4215
6785 5382
2200 2504
7241 6302
8691 1103
2459 6044
8866 8250
2653 3591
6894 1663
3225 7081
63 3177
10 5206
7931 2063
8000 3661
322 1856
2591 7752
149 3457
4415 8989
2018 5903
8051 1216
7589 7305
8738 1438
4052 506
8282 4733
6818 2255
3944 6906
6877 5062
6409 6986
8407 7982
7102 7384
8395 40
126 7253
4630 5001
7990 8674
3105 95
1044 2454
8401 3264
2131 1062
5961 1389
6794 3887
4085 8777
6228 2216
2743 8790
5646 8767
7464 733
6047 2209
5325 5919
1047 8304
1526 4800
6820 5178
2948 5521
366 2202
7187 5328
2765 6293
6796 234
2229 5332
6887 7115
1692 3531
5292 5983
7756 4307
1973 6963
3617 5545
6270 8626
3924 3035
6986 3967
4061 1042
2670 3291
6630 2802
6915 6569
2421 7105
7264 14
7180 4671
1694 941
1712 4620
3786 5994
2143 7887
6053 3998
3444 226
7922 540
5467 4763
3099 5415
5546 1077
4421 3910
6447 6943
7580 7335
6226 6702
1293 7512
1467 6270
2561 580
7458 2655
3959 5563
2189 4806
847 1484
4836 6801
8523 8105
2448 2182
7376 4310
5645 4416
1319 2850
2886 2001
509 4211
596 4273
7563 6398
4397 5794
3953 367
4554 6300
219 2539
8477 2123
8355 2337
5152 6517
7702 4580
324 1351
1048 2644
8291 4870
8669 2678
2273 8421
7398 4977
3708 7293
6596 6365
3865 3738
90 6310
4899 7436
13 882
7861 1609
493 7595
5490 5927
5719 2071
5966 8864
7836 8852
6846 5042
4111 3252
335 7810
4950 2894
6050 7223
4792 5216
733 4313
5537 730
1457 6794
8848 1943
8432 864
6761 7469
2306 3937
5410 2499
6443 5086
3778 7687
276 5921
7530 681
6385 4815
6579 4647
2048 2384
72 4080
1793 793
2097 1371
7132 6903
4103 5803
7956 4451
2496 1945
8865 2017
7655 5782
713 994
8499 757
8591 2658
7431 1304
2151 2237
2239 3999
2364 686
787 1007
8527 6016
8445 3984
6645 8882
315 3179
2869 8333
6468 7278
7414 4652
6857 7864
561 6201
990 1088
6702 5970
1983 3086
4364 2764
851 5096
4653 12
4361 1906
155 2807
2894 4642
1408 7695
6930 8251
8547 391
784 3775
5085 7286
6023 2228
8615 752
1908 1718
5540 3489
8990 8483
2277 8792
5043 3544
8224 2954
3181 7827
4760 4958
616 725
5212 5614
2038 951
6634 8847
2778 4330
3706 5272
865 5643
8500 7850
630 532
2120 3971
222 7912
7936 196
2422 8349
859 5038
4810 4942
4884 2186
2060 3080
893 6781
2745 6641
5604 4694
8160 6878
8949 5577
3539 2527
573 8095
4384 4355
581 5218
568 6314
3751 1316
283 8191
4568 3484
7808 6337
2817 8983
1608 2035
3684 1109
7871 5167
8379 1269
7021 1382
7290 1631
5122 1762
1641 8459
1606 8348
7333 1784
6676 3153
1031 5340
7614 8449
352 7220
6884 2148
8323 6284
4576 1234
3739 8384
4206 7538
8782 3379
8587 424
3462 4666
4260 5952
4651 8071
1423 4518
7997 1399
7468 277
6757 4965
5647 621
1298 3504
1658 3944
7435 3410
4485 855
7433 3425
131 558
8460 3293
7370 8574
5199 7638
260 7327
1595 859
8982 6994
3278 1830
2896 5531
7976 2219
3242 8037
1552 3161
474 38
4793 1516
1391 7836
3406 4149
5641 2955
6548 123
17 3186
883 968
3151 545
1814 8003
4794 3964
6495 4120
6616 4411
504 4551
5922 8724
4828 455
2185 5753
771 2897
7625 4513
8007 4079
55 2538
8582 8556
4164 2828
3000 8498
6870 2081
8939 5437
3899 5321
8828 3190
3822 8236
3013 144
4466 6464
7841 4386
8245 4968
6308 5402
6728 2834
8800 7209
4553 6860
2638 181
5139 2425
593 7621
1153 1644
4758 5813
6202 3832
651 2430
4776 5582
4628 199
2703 768
5048 3015
7490 7651
3089 4269
6897 8949
548 4592
7503 7357
7526 8122
1145 7076
5118 8926
7649 476
8482 8006
7444 4776
4752 2935
5229 6956
1360 8054
1358 4533
6425 8728
8886 7526
8128 6948
3140 4400
3864 2468
2800 1267
5001 5566
439 6955
6888 7193
2685 7073
7489 8638
4521 7262
4968 2268
4894 1898
957 2863
4574 4192
8693 5826
356 5680
1718 8640
365 5793
5088 5418
5904 4434
1780 8920
3026 8271
444 8658
4413 5210
1972 1552
475 3678
8333 569
4583 8719
8405 6007
2255 5275
6617 2103
7829 6773
4632 149
832 4473
8723 1397
3975 353
1656 5890
2111 2160
2444 3127
7348 8539
7945 644
1820 2687
3695 7542
8284 3816
566 8534
4943 6137
4426 6706
1290 459
8053 6774
3027 8162
4338 8671
6849 4919
4188 2040
1568 3613
5441 7400
6120 1475
4546 5373
2842 3824
8647 3436
1542 4323
6019 1860
8542 1030
5632 7459
446 7970
2334 1955
7505 3285
6789 5443
8453 1639
8524 4468
4290 6529
3169 2334
5289 8432
7599 3213
1032 1998
8092 3477
909 5856
4949 7146
3438 3340
119 8117
880 1276
7275 7643
3116 5870
2716 7252
4087 591
1361 3449
5238 853
4472 4952
5759 5762
2268 2190
7554 6978
6035 4458
5332 4265
8689 7691
7189 7635
1499 4076
7969 8785
1094 8614
3253 1957
1107 3763
8803 3596
696 3370
8507 5393
2237 8022
2011 821
2544 2683
7620 450
7629 5697
6885 2864
50 4394
3521 2301
18 8548
525 6455
7516 3934
8634 924
5339 3060
6355 1920
2127 7382
3139 6667
7778 8266
5547 8538
2507 3134
8755 4687
4462 5496
6795 7940
6850 1272
3988 4227
4381 6927
5175 7682
758 4470
3452 1889
164 5456
7188 7689
5867 4331
2642 8319
4955 1796
3397 7322
6895 6470
3372 5532
4275 3926
7500 2092
4694 3268
3835 4849
8163 7494
257 4814
1262 1850
3763 3817
7262 8584
2376 3391
3066 7190
8375 4750
8934 5929
934 6763
4229 3747
998 8231
7989 5333
8620 6704
2981 8411
584 4752
3562 6545
1835 6085
3314 5997
1412 5503
7292 7700
8493 2231
6217 446
6164 1070
7008 2142
8762 3608
2375 4045
4263 752
1678 1284
8860 5339
4600 5077
6393 1721
3323 6029
1789 738
6781 649
5465 6884
2631 2075
6181 6373
5648 2204
7397 6585
6189 8424
7190 2848
1783 739
409 7381
4002 3377
8087 5179
2786 5811
5360 4837
3577 2343
954 7551
3642 8775
6410 702
3918 1358
793 3065
1866 147
274 2191
6054 5214
7116 260
5795 7291
8324 825
8410 3330
7137 1162
3743 3706
8494 2351
2128 656
8149 5033
1857 3948
6088 7701
1613 7289
7019 4835
7768 4287
8100 4392
5146 707
8262 8535
6996 3751
4123 5050
7100 4179
3893 5410
5806 6393
3528 1529
615 6177
4957 5308
5968 4021
2538 2691
3255 2965
1152 1885
2627 5297
4882 7422
6071 4305
8366 5550
133 765
3834 4315
7784 5593
5960 3838
1202 95
1722 3414
278 2251
1213 609
3237 1904
1984 5484
2086 4822
5164 1370
8552 1415
3665 2481
3022 208
4786 6276
6749 4896
1639 1223
2142 4279
3814 8669
4648 6783
7795 3468
3392 5058
3850 6449
138 1321
5186 7679
613 4267
6933 5115
338 7397
3784 6036
1078 2887
4230 2565
2951 2172
227 290
2573 5814
2882 103
2232 5610
3023 5256
73 3277
6198 87
8440 153
7767 2188
258 814
3976 1352
7346 2727
4445 5599
2669 2842
5946 3845
6901 494
466 1472
951 4645
5635 1596
364 5627
211 7949
7906 2744
1272 6898
2329 5374
4141 4664
2673 3094
8930 2302
4287 3130
8617 8096
4375 6836
6471 2042
7670 3468
7608 873
2622 2437
6882 1001
5237 6783
7104 2
5752 1122
518 3437
4054 3655
6677 4721
2533 5772
1336 7690
4982 8192
4710 2077
3417 8568
8521 8720
1177 1716
1332 6087
4042 659
7711 2928
3287 5587
4043 2192
3554 4026
3041 3870
7339 2143
6569 6178
552 1871
4053 354
3303 7521
8519 658
4520 6167
6477 104
6923 5744
701 8634
495 3343
2141 101
1593 2179
7175 395
7184 3987
4640 680
2137 7377
7735 2282
8832 2624
5528 8443
5406 2376
7272 8948
2655 1036
3052 1301
1759 5882
6493 556
4757 3641
950 2409
2203 3302
64 1916
5577 2983
6373 3546
4025 5971
6465 2741
896 1852
8725 383
7760 5430
3463 5798
7288 3788
6371 613
4266 749
7752 6253
5110 1410
8704 5078
3645 8228
172 7913
5725 7240
8977 7198
1960 4702
22 5463
3011 1017
7556 2099
1193 2220
8238 6135
892 5245
1067 6079
8804 4744
6384 2277
5225 121
4569 5774
2749 624
962 8167
5284 6043
586 4352
2517 6416
3735 8581
788 5135
6472 4157
591 963
5634 5711
841 3202
810 6668
5064 5478
3209 6001
2650 3225
8780 2039
7029 7084
7236 5792
6378 2729
3982 3502
7508 590
1607 784
4482 6296
7128 6638
1000 2467
5526 875
1523 2901
3622 7479
2491 5061
1674 6870
2543 3620
3349 4964
8311 1759
5845 1064
5975 5226
7587 3021
2480 6726
3142 7317
8148 7103
931 7800
6498 6195
624 8705
1944 2522
5419 2156
780 6480
5154 8294
2930 2840
2494 2157
1247 2951
6793 1050
2439 5742
4703 5817
3932 7715
8809 7432
6771 5004
5650 2455
3815 8078
6967 415
7453 8259
8425 8371
3847 493
2341 6175
6671 3388
5321 1911
5414 5642
1569 6384
6451 6586
6864 1927
7805 105
1723 8828
8116 7068
5866 4427
7119 5902
6612 8488
3921 2444
7995 5664
8196 8437
8627 2240
3790 7599
7294 910
8841 6400
5036 7692
3762 5316
5804 8550
1558 496
8498 1556
7721 5346
6529 372
5307 5185
8378 5257
6016 1566
634 8341
1925 7800
3002 5310
7869 8844
3559 8562
8670 980
5986 5758
4067 8746
7536 2816
1033 5654
1459 7508
1024 6804
8388 1728
5102 5249
7364 4131
2343 3663
1527 8299
3076 1818
2540 6292
6040 577
7744 5920
5275 693
2953 1331
4823 2661
1649 5365
1741 8924
7962 6047
5835 6038
1374 3780
8126 5234
4049 4237
4509 4557
885 6333
7152 4166
796 2680
1666 8963
394 4790
2010 1139
4331 3941
5060 2718
5912 7458
2722 6680
4493 3389
6248 8268
4712 595
5311 5166
4486 1779
6351 1695
8503 7080
4859 6352
7984 1712
1223 4523
3267 2210
8640 1970
8891 3985
5469 2494
8861 5285
8344 1720
6207 4109
3246 7331
2134 1556
8568 5473
8240 8375
4254 6692
3034 8413
5807 5612
7885 524
5618 8885
4092 6315
5463 2116
5252 6059
2560 3054
5718 8377
7637 4868
393 8417
7454 4262
5135 5281
5157 4090
5076 6153
15 7772
2032 7238
5910 1470
1122 4176
8132 71
5801 4739
1846 7674
4870 7210
6222 7048
186 8856
1353 8031
6453 163
3352 3694
7004 5353
8356 568
391 238
1845 3803
5016 2129
462 8318
5861 4784
2700 3769
3498 8338
4507 5250
299 2932
4997 504
6328 3989
5086 6354
4610 1923
1364 364
7775 4850
6868 1341
5852 5755
2262 4139
1163 8269
460 1709
5172 205
5568 3415
3495 4997
3194 7658
6528 1986
7153 6993
6344 8354
1321 7036
8090 5885
7192 1666
5002 4057
425 7882
1277 3849
5094 2874
2030 3188
5437 8220
5249 4289
5241 8130
3788 4722
87 4379
2613 6411
1314 1864
7342 111
8790 601
559 5371
3933 3577
4115 5158
8589 4410
1870 93
4766 4757
3728 3644
77 3594
19 7366
1514 4489
3450 530
4284 6515
6127 2977
5206 7171
1539 1886
8518 8472
8623 8903
6965 167
656 8675
7340 8967
2122 8198
3920 5544
1901 2742
1472 8451
4033 3161
3782 3071
8322 7791
7416 7437
7390 3933
8246 8033
3119 779
1992 2972
1877 4127
6694 4988
8823 6334
3746 8513
2089 4476
4965 5370
7412 5280
5366 1344
2300 1683
494 268
5443 1498
1427 1742
8310 5871
6428 6493
4676 2567
3589 7202
8365 2958
3958 7383
6146 81
1708 3265
6020 6923
2656 5861
8301 1083
4467 7256
4971 1814
7075 7668
4881 1290
5625 5048
6567 6350
1140 2703
5384 669
1372 6444
7688 2572
4886 1046
5219 3715
359 6650
5651 1350
5682 3973
5298 8490
5757 3555
5683 1726
6769 3289
2359 2615
3305 5103
1162 7130
5470 8085
4450 6242
6497 3931
6802 3615
2419 6330
5273 3735
4148 3650
8712 8200
6449 6277
4000 3162
5760 3243
4608 6933
7345 1996
2888 734
7042 1880
3379 1450
3965 3579
5365 7141
534 1953
216 2265
1543 8984
1439 2815
2317 3884
4555 8646
7774 3962
8733 8506
4844 4760
2129 4911
7167 4656
5672 6215
3677 400
8815 1903
8728 8339
5245 1150
7436 5671
1091 6069
3910 3140
6886 5880
262 6094
2446 3426
2709 7870
3742 6243
819 4061
7884 47
863 3313
8270 1888
5177 7425
4353 5626
5533 8508
6624 684
2106 3979
2045 7872
2862 7581
6632 3322
8029 5801
3316 2877
1604 4251
2258 8343
5089 7723
3546 5043
1599 6652
8875 3383
8608 8635
1859 7266
1490 169
7172 4534
4214 4979
2250 413
785 257
1299 4184
680 5394
2197 8754
700 7258
4732 2901
183 3753
3310 453
7388 7750
4523 8389
4552 1441
4357 3626
3063 822
8877 5464
4355 4845
7212 349
3572 3136
6018 1164
7143 1305
7118 3965
2730 996
5079 8462
7576 2321
1930 8512
8703 5745
3576 3730
6254 6233
2912 5932
1941 7075
6280 2917
5038 209
6602 3914
2006 539
4062 5552
2347 7996
7779 1157
1008 1707
1544 3755
8078 2024
1237 1005
868 7398
8266 4948
3668 7999
6311 4086
3065 8512
8397 4703
6873 2590
3923 27
7957 6471
7728 880
6345 2974
1699 1705
395 7965
3895 897
14 2789
4160 1817
1505 7389
3985 517
5055 6260
61 7759
6 8112
2601 1656
922 1355
7093 6921
4519 4413
4125 4953
8391 7445
3177 3392
3484 6200
1037 2546
1324 578
1351 8701
6988 5474
2441 8582
166 4937
2565 899
8255 1851
4420 5268
1404 2206
3550 6676
2500 1669
5990 2780
2905 7985
8269 3339
2665 3525
4174 1794
5322 384
1818 809
1103 1831
7677 1233
2548 723
3980 5442
5972 4570
8618 463
2851 6587
3130 7661
6298 7221
5901 3053
7951 7402
1029 4680
3128 6682
6432 4833
5359 4159
5220 3332
2916 5504
5282 5087
3896 3912
6755 5095
6057 771
5916 4933
5902 3629
3382 2159
6080 848
8367 7011
319 3476
80 4606
4750 240
8505 4567
1825 7880
8944 1330
7748 4600
5050 8385
5227 1423
8629 360
1004 317
7371 5724
6232 190
3785 6669
3429 2735
3660 8935
2162 5770
3189 2196
8063 4704
3405 3102
8563 4477
2567 1271
8095 140
3135 6406
5773 4820
7218 5239
3597 9000
8394 5273
2578 5602
6407 3010
4463 8104
1962 4740
6852 5344
6994 3337
8853 388
6934 8145
1339 8325
5580 8642
7964 5032
5570 3821
641 898
5035 2608
1891 3726
7759 5830
3077 3308
7558 5317
837 5914
5583 8820
8406 7404
2005 4846
7747 3829
6592 722
8023 3770
8206 7929
3626 3728
3280 4349
4874 8470
594 5601
3217 8735
2551 7259
589 7922
6823 7808
5815 6202
2970 8387
6128 8968
5355 150
8253 7173
2066 4946
4717 3836
5313 1568
4309 8219
2279 892
2050 1540
5585 3089
7183 1966
4016 8398
6438 3531
8034 823
7440 1764
2810 211
543 7104
3970 8213
7245 1756
6754 4419
6420 6266
2728 8839
2052 4802
6387 7298
2296 1958
8437 4961
4285 4699
5595 2891
574 7677
7777 4711
506 3799
3602 5791
541 6621
4310 585
4819 6125
1392 59
3817 6192
1294 7365
89 8850
5600 1525
843 465
8513 5105
5860 126
2516 2804
5550 5375
1473 4585
3908 2286
5789 7619
5100 1493
6484 1165
7810 617
6033 815
856 3664
3862 2021
1822 1345
8015 4421
225 5662
1369 5162
4197 2616
4527 8808
971 8485
5675 7732
1041 1826
5161 228
4320 7836
7512 7554
3395 1082
6712 7761
5210 8978
357 5114
4550 974
7395 5376
1556 1682
8158 2914
1443 3680
3949 8772
2695 1990
5460 1311
4488 6305
178 5712
102 166
6233 5579
8201 4931
5508 959
3837 5900
3783 2266
3610 2061
4744 4807
7733 6035
5306 4525
2090 7246
3520 1551
8950 8280
6382 3974
770 1298
7038 653
1715 2812
5120 6488
5188 2280
905 8520
3480 5262
2878 262
6649 2070
3599 4690
4039 2788
5644 2102
6284 1309
4126 3711
776 7315
2696 442
2266 1058
3121 4065
2822 8633
8069 2109
4479 6108
312 6619
794 628
1596 4247
4278 4625
2150 6712
105 4414
1274 3376
7231 7387
7518 870
7540 4449
3614 2275
2308 5019
6126 7961
3470 5187
6680 1956
5162 2542
4425 2805
2588 3157
177 5634
7987 4762
3201 6355
8596 756
7044 8166
1051 7745
5575 2839
3058 2074
7725 206
8091 4797
8609 6165
6699 60
6974 576
1830 3231
7817 7634
3662 6565
5597 5756
7965 1421
1377 781
4476 8789
565 826
8138 5767
2525 7219
1355 224
3629 7230
6556 6626
8392 3598
4083 3632
5435 1563
7164 7328
171 7497
1812 8878
7837 6106
2466 7229
2287 3638
5015 830
3671 6076
8398 4670
4735 2770
7597 7602
7641 3292
2988 806
8052 3835
942 6886
4646 7321
1550 5205
266 7343
3611 838
8361 2543
2672 8487
1304 6991
2899 4881
253 7615
5947 4856
4664 6967
4931 4360
1522 4550
2654 2506
204 2561
5621 2604
1424 6594
6723 8410
4663 5567
4960 6432
3860 8636
3033 7572
2117 6230
7476 714
2363 1506
252 3822
782 2844
482 100
6926 3674
2328 1309
7383 5260
2076 2989
6056 2175
3005 5193
4543 2093
5232 7757
8560 1140
2096 8002
1746 1019
85 2062
5633 1200
2762 7770
6211 1811
3842 2095
1665 3526
5194 5979
1896 6246
4243 7544
3469 3074
7719 7898
4992 1633
3513 3866
621 8358
4189 6164
2028 1038
7904 2713
7384 3346
8080 490
8390 2358
7788 7710
2210 808
8300 5152
7585 2408
8553 4861
5735 3029
2504 6611
8056 2589
6787 2781
4247 7832
232 8779
1791 22
2949 2502
7783 2356
8399 2759
371 8207
8257 555
1874 6629
697 1280
3678 3087
5480 4324
5748 5739
2508 8148
1389 8712
5260 1793
8337 8825
7938 6968
8200 1937
2679 2327
6221 3802
2152 7452
6305 2369
2015 4634
4393 783
8612 6917
6452 4056
1520 8921
2259 588
2995 1111
3367 2399
1322 1231
746 3470
1577 5618
6398 639
6376 6410
2068 2409
2216 7481
2219 7281
4584 3657
2666 7138
3821 6571
6139 8612
2251 7042
6492 5389
2012 8478
5599 8708
5394 6953
7657 8426
3941 7032
6296 670
3123 6709
1737 7349
4497 1587
8431 4519
8020 3696
4685 1990
5119 4206
6109 8962
8677 7570
4366 8285
7712 2115
6963 7027
6032 4504
8197 1687
8811 300
3272 1277
1627 6216
4725 7126
3187 6285
7939 5621
4018 4270
5680 2483
3951 3403
731 5247
2628 7041
2816 3962
6064 654
4321 4605
5189 8456
686 2287
2541 139
5433 8527
49 7000
4236 4188
3387 2296
2611 2014
2115 1561
1442 608
921 3138
4343 2831
5263 5364
3648 6304
8731 5964
1428 7006
8791 4730
816 958
5203 3723
2959 466
428 1547
4831 3281
6090 8101
176 5707
