40
0000001010000000001000000000000000000000
0000000000000000000000100000000000000000
0000000000000000000000000000000000000000
1000000000000000000001000000000000000000
0000000000000000000000000000000000000000
0000000000000000000000000010100000000000
0000000000000000000000000000000000000000
0000000010100000000000000100010000100000
0000000000000000000000000000000000000000
0000000000000000000000000000000000000000
0001000000000100000110000000000000000000
0000000000000000000000100000000000000000
0000000000000000000001000000000000000000
0000000001000000000010000110000000000000
0000000000000000000000000000000000000000
0000000000000000000000000000000000000000
0000000000000000010000000000000000000000
0000000000000000000000000000100000000000
0000000000000000000001000000000000001000
0000000000000000000000000000000000000000
0000000000000000001000000000000000000000
0000000000000001000000000000000000000000
0000000000000000000000000000000100001000
0000001001000000000000000000000000000010
0000000000000000100000100000010000000000
0000000000000010001000000100010000000000
0000000000000000010000000000000000000000
0000010000000000000000000010000000100000
0000000100000000000000000000100000001000
0100001000100000100000000000000000000000
0000000010001000000000000000000000000000
0000000000000000000000000000000000110000
1000000000000000000000000000000010000000
0000000000000000000000100000000000001000
1000000000000000000000000000000000001000
0000000000000001000000000001000000000000
0000000000001100000000000000000000000000
0000001100000000000000000000000000000000
0000001000000000000000000000000000000000
