40
1111111100000000000000000000000000000000
0000000100000000000000000000000000000000
0000000100000000000000000000000000000000
0000000100000000000000000000000000000000
0000001100000000000000000000000000000000
0000001000000000000000000000000000000000
0000001000000000000000000000000000000000
0000001111111111111111111111000000000000
0000000000000000000000000001000000000000
0000000000000000000000000001000000000000
0000000000000000000000000001000000000000
0000000000000000000000000001000000000000
0000000000000000000000000001000000000000
0000000000000000000000000001000000000000
0000000000000000000000000001000000000000
0000000000000000000000000001000000000000
0000000000000000000000000001000000000000
0000000000000000000000000011000000000000
0000000000000000000000000010000000000000
0000000000000000000000000010000000000000
0000000000000000000000000010000000000000
0000000000000000000000000010000000000000
0000000000000000000000000010000000000000
0000000000000000000000000010000000000000
0000000000000000000000000010000000000000
0000000000000000000000000010000000000000
0000000000000000000000000110000000000000
0000000000000000000000000100000000000000
0000000000000000000000000100000000000000
0000000000000000000000000100000000000000
0000000000000000000000000100000000000000
0000000000000000000000000100000000000000
0000000000000000000000000100000000000000
0000000000000000000000000100000000000000
0000000000000000000000000100000000000000
0000000000000000000000000100000000000000
0000000000000000000000000100000000000000
0000000000000000000000000100000000000000
0000000000000000000000000111111111111111
