520 519
519 373
373 146
146 139
139 211
211 150
150 158
158 166
166 214
214 102
102 105
105 115
115 417
417 463
463 508
508 234
234 393
393 421
421 179
179 316
316 504
504 48
48 169
169 183
183 506
506 278
278 304
304 429
429 390
390 47
47 266
266 164
164 165
165 315
315 111
111 144
144 208
208 383
383 236
236 354
354 366
366 517
517 66
66 332
332 147
147 163
163 422
422 454
454 262
262 491
491 20
20 468
468 471
471 392
392 488
488 244
244 482
482 355
355 347
347 305
305 222
222 196
196 263
263 456
456 113
113 437
437 312
312 269
269 155
155 61
61 62
62 243
243 489
489 446
446 58
58 82
82 484
484 67
67 443
443 364
364 257
257 190
190 331
331 329
329 101
101 478
478 336
336 391
391 215
215 5
5 6
6 157
157 251
251 18
18 212
212 483
483 427
427 68
68 119
119 152
152 250
250 345
345 412
412 41
41 420
420 96
96 85
85 452
452 379
379 441
441 360
360 343
343 419
419 54
54 300
300 450
450 126
126 202
202 63
63 64
64 414
414 220
220 409
409 92
92 160
160 104
104 75
75 440
440 0
0 514
514 195
195 9
9 14
14 173
173 433
433 501
501 365
365 153
153 295
295 200
200 260
260 359
359 325
325 485
485 39
39 497
497 432
432 103
103 308
308 25
25 107
107 65
65 94
94 238
238 303
303 335
335 95
95 151
151 265
265 185
185 87
87 385
385 337
337 439
439 133
133 313
313 361
361 106
106 221
221 181
181 340
340 171
171 22
22 402
402 505
505 35
35 455
455 206
206 378
378 189
189 116
116 363
363 279
279 458
458 486
486 516
516 472
472 290
290 285
285 327
327 46
46 510
510 297
297 74
74 333
333 3
3 341
341 135
135 270
270 78
78 7
7 321
321 142
142 219
219 344
344 71
71 33
33 311
311 182
182 240
240 342
342 252
252 57
57 415
415 228
228 52
52 314
314 59
59 117
117 426
426 90
90 299
299 29
29 424
424 289
289 357
357 45
45 400
400 231
231 498
498 154
154 389
389 224
224 503
503 438
438 134
134 293
293 16
16 334
334 223
223 188
188 298
298 255
255 256
256 108
108 248
248 210
210 410
410 431
431 73
73 445
445 370
370 89
89 444
444 69
69 511
511 162
162 177
177 141
141 268
268 132
132 306
306 358
358 435
435 174
174 307
307 465
465 367
367 513
513 493
493 187
187 80
80 175
175 467
467 130
130 461
461 271
271 42
42 338
338 282
282 397
397 118
118 233
233 301
301 127
127 140
140 15
15 129
129 395
395 186
186 229
229 83
83 31
31 84
84 49
49 36
36 161
161 145
145 204
204 274
274 469
469 451
451 375
375 481
481 100
100 8
8 425
425 339
339 322
322 353
353 436
436 70
70 209
209 77
77 470
470 475
475 495
495 457
457 242
242 518
518 384
384 288
288 99
99 374
374 249
249 380
380 227
227 114
114 21
21 500
500 466
466 237
237 51
51 408
408 381
381 125
125 110
110 194
194 351
351 492
492 218
218 309
309 413
413 149
149 407
407 462
462 405
405 199
199 112
112 191
191 494
494 4
4 423
423 499
499 213
213 264
264 72
72 246
246 27
27 302
302 143
143 197
197 418
418 24
24 137
137 369
369 401
401 93
93 512
512 79
79 453
453 13
13 88
88 34
34 38
38 292
292 386
386 120
120 159
159 17
17 348
348 406
406 11
11 480
480 276
276 55
55 53
53 10
10 76
76 26
26 198
198 184
184 121
121 138
138 349
349 122
122 372
372 442
442 124
124 447
447 416
416 172
172 326
326 258
258 245
245 507
507 377
377 362
362 273
273 294
294 40
40 368
368 476
476 428
428 225
225 320
320 19
19 394
394 460
460 356
356 207
207 247
247 283
283 317
317 60
60 23
23 284
284 180
180 490
490 403
403 253
253 448
448 1
1 398
398 286
286 235
235 487
487 382
382 239
239 473
473 43
43 241
241 128
128 430
430 474
474 287
287 330
330 296
296 459
459 350
350 226
226 81
81 156
156 254
254 109
109 217
217 167
167 352
352 136
136 44
44 346
346 323
323 376
376 28
28 216
216 464
464 277
277 2
2 131
131 396
396 387
387 404
404 50
50 479
479 176
176 319
319 193
193 449
449 281
281 205
205 515
515 148
148 86
86 509
509 123
123 30
30 496
496 328
328 310
310 168
168 37
37 318
318 230
230 232
232 399
399 477
477 201
201 12
12 434
434 98
98 388
388 275
275 280
280 32
32 178
178 502
502 203
203 371
371 91
91 259
259 97
97 192
192 56
56 170
170 291
291 267
267 272
272 411
411 261
261 324
1
213 359
