805 804
688 467
467 457
457 189
189 505
505 721
721 752
752 456
456 39
39 240
240 218
218 378
378 782
782 686
686 169
169 151
151 326
326 589
589 640
640 453
453 186
186 249
249 613
613 404
404 486
486 282
282 194
194 442
442 377
377 522
522 313
313 59
59 123
123 635
635 99
99 56
56 68
68 682
682 734
734 342
342 11
11 154
154 786
786 155
155 197
197 551
551 498
498 38
38 206
206 594
594 369
369 111
111 724
724 464
464 472
472 460
460 463
463 284
284 175
175 95
95 228
228 310
310 771
771 567
567 414
414 61
61 519
519 683
683 328
328 223
223 690
690 387
387 646
646 462
462 227
227 87
87 449
449 515
515 770
770 714
714 285
285 14
14 72
72 706
706 566
566 276
276 767
767 140
140 592
592 250
250 416
416 324
324 346
346 673
673 762
762 120
120 554
554 799
799 281
281 399
399 538
538 403
403 775
775 670
670 618
618 469
469 549
549 763
763 358
358 698
698 679
679 156
156 689
689 741
741 152
152 160
160 755
755 444
444 610
610 725
725 470
470 535
535 66
66 777
777 179
179 370
370 333
333 728
728 383
383 643
643 301
301 652
652 747
747 423
423 425
425 268
268 429
429 258
258 623
623 64
64 570
570 136
136 296
296 455
455 167
167 418
418 174
174 397
397 655
655 273
273 730
730 60
60 701
701 625
625 547
547 597
597 372
372 102
102 141
141 67
67 601
601 384
384 528
528 434
434 488
488 772
772 389
389 630
630 476
476 742
742 494
494 106
106 517
517 183
183 145
145 558
558 711
711 727
727 262
262 365
365 468
468 746
746 270
270 311
311 603
603 393
393 672
672 352
352 757
757 84
84 402
402 50
50 57
57 491
491 263
263 289
289 666
666 422
422 171
171 90
90 329
329 100
100 314
314 96
96 204
204 114
114 355
355 585
585 272
272 3
3 691
691 318
318 481
481 738
738 401
401 674
674 606
606 676
676 716
716 237
237 720
720 241
241 339
339 415
415 474
474 609
609 524
524 357
357 710
710 492
492 749
749 330
330 159
159 400
400 260
260 525
525 349
349 115
115 428
428 382
382 754
754 18
18 447
447 684
684 77
77 366
366 144
144 172
172 253
253 7
7 545
545 501
501 499
499 580
580 299
299 608
608 88
88 502
502 376
376 598
598 104
104 587
587 791
791 36
36 562
562 226
226 110
110 591
591 142
142 713
713 445
445 493
493 55
55 774
774 385
385 134
134 620
620 802
802 222
222 94
94 45
45 624
624 300
300 137
137 198
198 331
331 185
185 105
105 704
704 705
705 759
759 615
615 388
388 408
408 188
188 561
561 244
244 128
128 10
10 28
28 395
395 251
251 292
292 343
343 229
229 47
47 781
781 255
255 290
290 124
124 21
21 190
190 256
256 375
375 323
323 54
54 4
4 443
443 83
83 277
277 20
20 261
261 9
9 607
607 340
340 31
31 12
12 92
92 614
614 163
163 348
348 164
164 269
269 216
216 733
733 209
209 199
199 703
703 143
143 599
599 717
717 540
540 108
108 735
735 15
15 523
523 644
644 351
351 745
745 63
63 798
798 334
334 465
465 448
448 473
473 135
135 215
215 677
677 254
254 483
483 656
656 29
29 433
433 602
602 784
784 495
495 487
487 252
252 637
637 718
718 758
758 605
605 386
386 322
322 247
247 157
157 394
394 280
280 773
773 302
302 541
541 729
729 479
479 731
731 22
22 41
41 392
392 748
748 511
511 148
148 150
150 559
559 133
133 628
628 793
793 421
421 475
475 24
24 121
121 435
435 792
792 504
504 800
800 354
354 804
804 780
780 788
788 360
360 312
312 740
740 220
220 48
48 127
127 294
294 743
743 477
477 668
668 19
19 308
308 246
246 513
513 411
411 27
27 202
202 636
636 69
69 478
478 631
631 436
436 664
664 548
548 709
709 509
509 732
732 544
544 51
51 178
178 149
149 700
700 507
507 794
794 671
671 43
43 639
639 30
30 485
485 712
712 450
450 663
663 512
512 225
225 230
230 633
633 647
647 437
437 420
420 431
431 439
439 648
648 692
692 371
371 658
658 307
307 279
279 158
158 787
787 531
531 586
586 368
368 350
350 275
275 196
196 298
298 521
521 766
766 761
761 699
699 361
361 568
568 374
374 212
212 557
557 583
583 441
441 527
527 16
16 181
181 396
396 125
125 278
278 53
53 81
81 297
297 756
756 101
101 80
80 98
98 367
367 265
265 500
500 571
571 398
398 70
70 529
529 627
627 17
17 166
166 480
480 305
305 678
678 520
520 321
321 611
611 49
49 654
654 82
82 579
579 146
146 176
176 177
177 409
409 153
153 46
46 23
23 288
288 6
6 503
503 232
232 337
337 764
764 461
461 578
578 626
626 132
132 506
506 107
107 113
113 783
783 267
267 489
489 778
778 97
97 410
410 118
118 129
129 573
573 214
214 769
769 796
796 319
319 803
803 131
131 65
65 661
661 539
539 667
667 797
797 25
25 207
207 391
391 634
634 649
649 320
320 723
723 622
622 341
341 103
103 660
660 577
577 669
669 584
584 335
335 239
239 440
440 510
510 327
327 751
751 675
675 13
13 490
490 496
496 345
345 200
200 593
593 537
537 665
665 590
590 235
235 182
182 760
760 26
26 563
563 612
612 413
413 776
776 315
315 553
553 694
694 138
138 34
34 231
231 165
165 696
696 93
93 641
641 619
619 406
406 245
245 195
195 737
737 454
454 719
719 645
645 126
126 1
1 471
471 353
353 693
693 381
381 236
236 542
542 8
8 75
75 238
238 234
234 58
58 564
564 651
651 550
550 722
722 264
264 543
543 364
364 162
162 139
139 217
217 552
552 76
76 801
801 74
74 452
452 187
187 243
243 526
526 744
744 662
662 785
785 363
363 514
514 697
697 161
161 317
317 205
205 595
595 306
306 753
753 293
293 291
291 325
325 266
266 316
316 438
438 71
71 779
779 116
116 295
295 642
642 707
707 40
40 451
451 702
702 91
91 581
581 193
193 233
233 582
582 344
344 572
572 565
565 2
2 638
638 304
304 109
109 482
482 616
616 287
287 726
726 336
336 659
659 379
379 112
112 430
430 534
534 458
458 259
259 274
274 85
85 224
224 560
560 78
78 653
653 768
768 332
332 412
412 575
575 576
576 0
0 600
600 219
219 73
73 556
556 309
309 604
604 681
681 248
248 680
680 89
89 180
180 533
533 407
407 362
362 657
657 147
147 286
286 650
650 466
466 37
37 424
424 283
283 210
210 617
617 52
52 715
715 380
380 373
373 130
130 432
432 708
708 271
271 173
173 518
518 588
588 5
5 516
516 765
765 555
555 596
596 629
629 484
484 685
685 338
338 736
736 426
426 119
119 201
201 170
170 122
122 86
86 621
621 789
789 790
790 405
405 739
739 632
632 446
446 574
574 168
168 221
221 192
192 35
35 257
257 750
750 191
191 427
427 546
546 417
417 32
32 359
359 117
117 532
532 390
390 211
211 184
184 79
79 44
44 536
536 497
497 356
356 530
530 347
347 795
795 569
569 508
508 203
203 213
213 33
33 42
42 419
419 687
687 242
242 459
459 62
62 208
208 303
303 695
1
179 69
