739 738
632 604
604 388
388 598
598 405
405 85
85 24
24 162
162 58
58 673
673 101
101 117
117 504
504 98
98 360
360 243
243 177
177 627
627 151
151 25
25 387
387 406
406 391
391 213
213 694
694 273
273 279
279 284
284 478
478 332
332 218
218 461
461 693
693 486
486 17
17 380
380 244
244 209
209 41
41 54
54 204
204 711
711 62
62 178
178 595
595 39
39 27
27 334
334 458
458 667
667 506
506 68
68 630
630 259
259 180
180 80
80 618
618 675
675 538
538 10
10 345
345 485
485 559
559 29
29 571
571 107
107 481
481 260
260 616
616 384
384 682
682 684
684 449
449 651
651 552
552 661
661 128
128 482
482 13
13 145
145 529
529 268
268 228
228 608
608 189
189 420
420 103
103 75
75 393
393 416
416 77
77 550
550 688
688 528
528 606
606 692
692 138
138 221
221 14
14 633
633 628
628 586
586 113
113 92
92 467
467 308
308 417
417 123
123 142
142 593
593 153
153 44
44 685
685 421
421 536
536 415
415 261
261 469
469 199
199 437
437 495
495 23
23 20
20 487
487 686
686 99
99 642
642 516
516 361
361 681
681 69
69 519
519 732
732 267
267 566
566 38
38 233
233 658
658 462
462 535
535 8
8 636
636 397
397 373
373 328
328 699
699 473
473 444
444 501
501 4
4 579
579 680
680 290
290 19
19 726
726 309
309 356
356 223
223 500
500 378
378 112
112 708
708 149
149 163
163 736
736 710
710 464
464 558
558 625
625 61
61 219
219 137
137 665
665 307
307 638
638 2
2 650
650 719
719 359
359 497
497 545
545 313
313 40
40 59
59 640
640 348
348 147
147 428
428 191
191 297
297 442
442 656
656 3
3 187
187 114
114 294
294 484
484 237
237 717
717 76
76 723
723 300
300 532
532 666
666 399
399 537
537 407
407 288
288 67
67 597
597 298
298 205
205 457
457 341
341 206
206 79
79 588
588 47
47 653
653 585
585 349
349 602
602 641
641 534
534 278
278 662
662 157
157 683
683 454
454 472
472 129
129 42
42 111
111 55
55 493
493 725
725 36
36 367
367 370
370 664
664 570
570 432
432 548
548 511
511 448
448 425
425 86
86 139
139 436
436 56
56 327
327 427
427 722
722 246
246 498
498 385
385 251
251 515
515 340
340 7
7 265
265 258
258 362
362 590
590 439
439 83
83 709
709 286
286 644
644 202
202 396
396 150
150 403
403 283
283 276
276 704
704 337
337 175
175 232
232 431
431 12
12 701
701 317
317 730
730 318
318 621
621 572
572 561
561 443
443 125
125 229
229 106
106 293
293 524
524 365
365 643
643 569
569 28
28 611
611 195
195 143
143 231
231 672
672 728
728 88
88 134
134 471
471 468
468 312
312 338
338 613
613 323
323 435
435 525
525 555
555 610
610 670
670 110
110 645
645 193
193 731
731 132
132 629
629 33
33 499
499 74
74 509
509 266
266 222
222 15
15 547
547 197
197 718
718 619
619 660
660 48
48 326
326 171
171 184
184 6
6 424
424 696
696 546
546 154
154 26
26 422
422 477
477 250
250 118
118 383
383 459
459 479
479 35
35 603
603 400
400 277
277 607
607 126
126 562
562 242
242 247
247 339
339 382
382 230
230 144
144 287
287 707
707 379
379 377
377 185
185 697
697 304
304 440
440 335
335 331
331 706
706 179
179 120
120 705
705 303
303 235
235 21
21 63
63 164
164 446
446 594
594 346
346 727
727 320
320 648
648 551
551 392
392 734
734 73
73 655
655 584
584 236
236 419
419 450
450 580
580 0
0 65
65 690
690 476
476 310
310 355
355 410
410 409
409 657
657 216
216 32
32 116
116 131
131 591
591 314
314 475
475 70
70 596
596 637
637 207
207 224
224 109
109 376
376 102
102 357
357 418
418 188
188 198
198 600
600 350
350 390
390 375
375 220
220 372
372 105
105 713
713 368
368 182
182 146
146 285
285 452
452 159
159 234
234 466
466 676
676 333
333 9
9 438
438 502
502 523
523 455
455 336
336 549
549 720
720 136
136 89
89 262
262 71
71 401
401 465
465 426
426 196
196 203
203 192
192 582
582 130
130 526
526 411
411 671
671 733
733 620
620 238
238 217
217 445
445 553
553 358
358 738
738 563
563 96
96 252
252 423
423 494
494 190
190 404
404 167
167 398
398 316
316 158
158 691
691 533
533 51
51 617
617 363
363 5
5 470
470 87
87 695
695 394
394 364
364 626
626 165
165 587
587 724
724 583
583 263
263 700
700 201
201 634
634 91
91 319
319 430
430 663
663 257
257 483
483 124
124 520
520 211
211 256
256 275
275 81
81 412
412 174
174 241
241 413
413 240
240 639
639 305
305 249
249 53
53 654
654 299
299 311
311 492
492 296
296 148
148 64
64 94
94 687
687 601
601 556
556 433
433 330
330 1
1 614
614 115
115 325
325 560
560 463
463 270
270 315
315 646
646 371
371 160
160 152
152 576
576 674
674 565
565 11
11 16
16 677
677 227
227 78
78 635
635 678
678 554
554 714
714 631
631 447
447 698
698 354
354 480
480 605
605 441
441 369
369 508
508 589
589 269
269 255
255 521
521 622
622 133
133 729
729 342
342 271
271 366
366 122
122 281
281 721
721 57
57 183
183 716
716 514
514 168
168 45
45 414
414 623
623 121
121 289
289 624
624 615
615 100
100 248
248 507
507 329
329 95
95 245
245 669
669 381
381 212
212 156
156 456
456 488
488 599
599 274
274 49
49 510
510 226
226 215
215 557
557 568
568 239
239 531
531 97
97 451
451 703
703 301
301 530
530 689
689 574
574 50
50 344
344 592
592 544
544 93
93 527
527 512
512 46
46 517
517 386
386 170
170 578
578 505
505 108
108 489
489 652
652 254
254 712
712 612
612 84
84 543
543 490
490 280
280 66
66 291
291 127
127 82
82 181
181 575
575 542
542 496
496 577
577 347
347 609
609 155
155 353
353 429
429 306
306 513
513 395
395 389
389 539
539 715
715 434
434 169
169 43
43 408
408 460
460 474
474 402
402 225
225 581
581 322
322 737
737 200
200 567
567 343
343 491
491 540
540 374
374 90
90 30
30 60
60 253
253 573
573 208
208 22
22 321
321 679
679 564
564 503
503 173
173 140
140 292
292 351
351 166
166 161
161 453
453 210
210 37
37 282
282 264
264 324
324 172
172 141
141 104
104 522
522 518
518 295
295 214
214 302
302 52
52 34
34 119
119 194
194 176
176 135
135 735
735 31
31 186
186 352
352 649
649 18
18 541
541 659
659 72
72 702
702 272
272 647
647 668
1
558 387
