309 308
21 191
191 29
29 49
49 308
308 206
206 193
193 142
142 105
105 90
90 48
48 261
261 204
204 238
238 15
15 125
125 212
212 148
148 195
195 128
128 97
97 244
244 70
70 93
93 28
28 220
220 176
176 271
271 18
18 144
144 295
295 140
140 87
87 127
127 287
287 89
89 150
150 115
115 131
131 31
31 136
136 81
81 288
288 40
40 62
62 158
158 192
192 202
202 225
225 298
298 235
235 155
155 55
55 101
101 30
30 194
194 107
107 7
7 217
217 233
233 248
248 157
157 160
160 291
291 3
3 45
45 185
185 227
227 198
198 188
188 153
153 170
170 253
253 133
133 269
269 61
61 219
219 119
119 159
159 43
43 182
182 32
32 300
300 41
41 47
47 277
277 132
132 306
306 169
169 14
14 199
199 279
279 69
69 285
285 229
229 301
301 213
213 161
161 216
216 272
272 60
60 117
117 164
164 162
162 79
79 245
245 297
297 251
251 56
56 126
126 209
209 106
106 143
143 59
59 4
4 187
187 200
200 121
121 292
292 254
254 86
86 20
20 175
175 196
196 302
302 163
163 118
118 280
280 211
211 52
52 135
135 57
57 151
151 114
114 239
239 205
205 99
99 268
268 208
208 36
36 307
307 103
103 264
264 53
53 139
139 167
167 42
42 64
64 293
293 201
201 168
168 265
265 222
222 2
2 230
230 228
228 23
23 141
141 215
215 0
0 286
286 180
180 259
259 134
134 236
236 54
54 66
66 137
137 104
104 258
258 82
82 11
11 77
77 171
171 108
108 37
37 283
283 92
92 189
189 25
25 304
304 39
39 26
26 44
44 203
203 78
78 303
303 130
130 33
33 65
65 250
250 172
172 174
174 102
102 109
109 24
24 88
88 46
46 10
10 257
257 50
50 231
231 17
17 263
263 275
275 240
240 80
80 218
218 166
166 145
145 75
75 67
67 72
72 100
100 147
147 267
267 284
284 221
221 138
138 273
273 226
226 95
95 146
146 260
260 112
112 123
123 184
184 91
91 96
96 5
5 19
19 84
84 278
278 68
68 186
186 276
276 16
16 173
173 256
256 27
27 122
122 243
243 63
63 224
224 94
94 305
305 178
178 179
179 22
22 249
249 252
252 113
113 76
76 110
110 1
1 35
35 274
274 12
12 34
34 289
289 190
190 282
282 241
241 183
183 156
156 165
165 255
255 71
71 262
262 83
83 116
116 232
232 266
266 73
73 129
129 154
154 270
270 74
74 9
9 299
299 38
38 234
234 8
8 214
214 246
246 197
197 111
111 124
124 242
242 294
294 6
6 181
181 85
85 51
51 290
290 223
223 58
58 207
207 13
13 237
237 296
296 177
177 149
149 210
210 247
247 281
281 98
98 152
152 120
1
88 300
