242 241
220 206
206 120
120 188
188 230
230 46
46 229
229 184
184 67
67 138
138 30
30 45
45 111
111 222
222 198
198 235
235 214
214 150
150 114
114 48
48 136
136 19
19 132
132 158
158 128
128 205
205 22
22 106
106 204
204 117
117 44
44 71
71 161
161 87
87 170
170 38
38 112
112 99
99 154
154 240
240 63
63 234
234 100
100 1
1 157
157 20
20 116
116 159
159 142
142 94
94 166
166 11
11 23
23 14
14 101
101 212
212 218
218 171
171 167
167 107
107 134
134 207
207 68
68 37
37 118
118 146
146 187
187 224
224 180
180 196
196 41
41 226
226 203
203 77
77 208
208 178
178 72
72 51
51 6
6 27
27 56
56 69
69 32
32 75
75 164
164 90
90 34
34 129
129 217
217 189
189 73
73 162
162 53
53 21
21 113
113 151
151 43
43 121
121 228
228 16
16 24
24 153
153 124
124 221
221 227
227 33
33 241
241 36
36 109
109 86
86 115
115 186
186 10
10 155
155 135
135 147
147 139
139 47
47 78
78 210
210 96
96 233
233 169
169 143
143 66
66 213
213 65
65 29
29 179
179 35
35 185
185 26
26 103
103 216
216 225
225 232
232 176
176 223
223 64
64 91
91 102
102 28
28 70
70 197
197 165
165 193
193 2
2 172
172 58
58 74
74 131
131 12
12 148
148 177
177 110
110 18
18 4
4 195
195 163
163 175
175 127
127 190
190 122
122 238
238 42
42 76
76 82
82 202
202 192
192 141
141 145
145 201
201 108
108 8
8 39
39 88
88 215
215 31
31 183
183 83
83 174
174 40
40 130
130 17
17 93
93 92
92 181
181 60
60 85
85 55
55 199
199 219
219 123
123 160
160 54
54 89
89 105
105 97
97 140
140 7
7 80
80 0
0 152
152 173
173 168
168 182
182 95
95 211
211 200
200 9
9 144
144 57
57 236
236 104
104 15
15 119
119 194
194 133
133 25
25 49
49 52
52 209
209 79
79 81
81 5
5 125
125 13
13 137
137 149
149 62
62 231
231 84
84 98
98 126
126 237
237 3
3 59
59 61
61 50
50 239
239 156
156 191
1
77 160
