528 527
481 304
304 522
522 389
389 61
61 169
169 7
7 198
198 406
406 462
462 132
132 216
216 22
22 341
341 483
483 476
476 259
259 99
99 399
399 24
24 509
509 267
267 302
302 37
37 89
89 330
330 110
110 512
512 189
189 102
102 109
109 73
73 300
300 261
261 390
390 191
191 215
215 165
165 424
424 437
437 446
446 433
433 58
58 418
418 428
428 430
430 342
342 35
35 177
177 409
409 123
123 88
88 320
320 502
502 361
361 503
503 160
160 251
251 197
197 30
30 252
252 224
224 335
335 386
386 374
374 84
84 277
277 43
43 46
46 127
127 173
173 469
469 416
416 326
326 145
145 188
188 460
460 352
352 518
518 3
3 82
82 493
493 39
39 429
429 420
420 65
65 20
20 112
112 143
143 290
290 328
328 472
472 86
86 98
98 200
200 504
504 501
501 150
150 236
236 202
202 354
354 223
223 515
515 356
356 377
377 107
107 4
4 274
274 151
151 62
62 314
314 489
489 369
369 255
255 466
466 294
294 68
68 53
53 456
456 526
526 412
412 436
436 470
470 362
362 421
421 74
74 276
276 139
139 348
348 439
439 381
381 319
319 316
316 459
459 106
106 523
523 398
398 159
159 315
315 217
217 318
318 54
54 284
284 137
137 116
116 220
220 299
299 57
57 487
487 432
432 408
408 310
310 34
34 201
201 96
96 479
479 392
392 253
253 154
154 129
129 178
178 193
193 329
329 140
140 513
513 505
505 219
219 343
343 47
47 405
405 77
77 357
357 78
78 237
237 296
296 67
67 81
81 258
258 353
353 172
172 163
163 305
305 75
75 291
291 211
211 423
423 278
278 492
492 379
379 270
270 497
497 12
12 97
97 138
138 119
119 120
120 378
378 351
351 519
519 380
380 133
133 126
126 269
269 312
312 327
327 283
283 450
450 350
350 306
306 524
524 28
28 427
427 144
144 64
64 36
36 317
317 1
1 121
121 18
18 309
309 396
396 490
490 0
0 155
155 498
498 322
322 321
321 234
234 203
203 336
336 14
14 167
167 514
514 480
480 507
507 128
128 63
63 264
264 500
500 517
517 44
44 285
285 218
218 417
417 179
179 113
113 411
411 402
402 384
384 247
247 467
467 521
521 250
250 376
376 33
33 358
358 147
147 434
434 31
31 184
184 118
118 414
414 212
212 313
313 371
371 333
333 452
452 331
331 359
359 95
95 134
134 187
187 338
338 231
231 464
464 80
80 214
214 175
175 182
182 235
235 447
447 282
282 393
393 248
248 83
83 204
204 131
131 9
9 337
337 185
185 262
262 245
245 394
394 372
372 465
465 108
108 508
508 115
115 225
225 404
404 440
440 388
388 458
458 153
153 260
260 391
391 419
419 29
29 181
181 444
444 244
244 332
332 124
124 114
114 13
13 105
105 438
438 41
41 171
171 50
50 295
295 435
435 146
146 482
482 176
176 190
190 164
164 158
158 49
49 21
21 263
263 226
226 2
2 339
339 349
349 104
104 287
287 307
307 275
275 525
525 445
445 87
87 70
70 92
92 279
279 166
166 365
365 473
473 266
266 180
180 27
27 375
375 94
94 48
48 162
162 130
130 496
496 363
363 457
457 240
240 90
90 527
527 40
40 8
8 91
91 478
478 210
210 257
257 468
468 60
60 373
373 208
208 407
407 196
196 355
355 186
186 157
157 303
303 368
368 56
56 516
516 161
161 192
192 227
227 243
243 272
272 451
451 271
271 268
268 395
395 288
288 11
11 280
280 6
6 474
474 256
256 403
403 195
195 347
347 301
301 443
443 298
298 397
397 239
239 442
442 232
232 340
340 111
111 209
209 52
52 69
69 344
344 152
152 174
174 194
194 383
383 183
183 488
488 286
286 51
51 385
385 229
229 221
221 364
364 273
273 156
156 170
170 207
207 453
453 233
233 345
345 265
265 55
55 76
76 66
66 425
425 85
85 441
441 297
297 241
241 325
325 367
367 15
15 25
25 45
45 149
149 142
142 71
71 199
199 72
72 5
5 413
413 401
401 103
103 510
510 205
205 238
238 10
10 382
382 311
311 491
491 213
213 346
346 122
122 17
17 59
59 246
246 422
422 168
168 323
323 249
249 387
387 471
471 366
366 16
16 475
475 228
228 410
410 79
79 506
506 461
461 400
400 308
308 26
26 463
463 42
42 230
230 254
254 293
293 141
141 324
324 206
206 148
148 32
32 431
431 454
454 486
486 100
100 485
485 360
360 415
415 426
426 455
455 484
484 292
292 19
19 370
370 125
125 449
449 477
477 499
499 511
511 520
520 334
334 135
135 23
23 93
93 289
289 242
242 494
494 448
448 101
101 222
222 281
281 38
38 117
117 136
136 495
1
115 491
