250 249
189 63
63 230
230 144
144 150
230 107
107 225
225 134
134 203
150 119
225 199
144 221
150 112
63 239
199 190
230 227
107 21
199 106
150 81
144 184
203 48
112 76
227 113
239 46
112 111
76 101
111 133
144 216
113 179
133 243
144 34
101 88
225 155
34 246
179 244
106 58
106 17
21 164
21 206
189 128
243 43
46 60
134 171
76 2
225 26
88 1
244 249
43 194
221 49
112 129
134 152
199 169
58 37
107 97
144 196
48 71
225 236
97 9
88 50
49 233
46 178
243 11
112 30
76 185
111 4
113 14
239 175
101 130
244 67
63 61
63 121
76 218
1 53
14 80
144 217
129 202
97 52
244 180
171 137
30 93
249 105
236 124
43 51
21 192
80 92
124 69
30 72
106 231
80 238
203 98
61 96
133 29
155 204
88 36
53 25
72 213
216 241
202 223
46 135
189 245
223 74
169 22
175 68
175 19
105 89
4 20
225 156
119 232
130 57
22 91
150 82
111 198
111 220
30 103
11 32
241 183
194 142
245 200
68 99
20 15
144 70
192 248
202 47
218 65
76 56
129 41
34 247
1 132
93 207
9 118
202 139
43 146
233 64
198 195
2 90
32 12
4 145
238 109
121 173
21 187
58 100
52 122
96 141
204 167
119 84
48 159
20 176
21 73
60 126
29 140
49 77
145 170
144 28
230 212
107 147
194 131
17 222
164 219
118 177
105 83
202 136
76 157
53 123
119 210
121 197
141 158
243 188
37 54
159 66
30 163
91 62
156 42
101 151
187 234
217 16
69 120
120 149
20 237
189 38
70 5
139 45
217 78
124 153
187 18
4 208
144 205
106 191
43 3
170 24
202 108
210 110
119 8
219 143
121 13
123 209
146 182
216 44
3 79
26 214
47 104
76 201
38 168
42 0
98 228
100 174
47 40
105 226
119 75
234 229
149 138
134 85
138 125
208 39
155 154
167 114
24 235
244 23
225 242
91 215
111 211
151 193
230 10
4 161
141 27
198 165
130 240
188 7
2 224
71 186
164 166
63 94
221 33
192 59
161 55
157 148
133 6
213 127
177 102
33 115
69 162
143 116
142 87
81 117
81 160
74 31
33 181
242 95
7 172
58 86
17 35
1
222 2
