536 535
178 209
209 177
178 274
209 396
396 260
274 440
440 403
177 238
396 329
260 241
238 522
440 117
274 518
260 338
260 448
403 370
329 523
177 330
329 208
260 374
440 249
374 520
329 454
374 149
454 227
518 150
454 290
329 404
227 138
208 400
274 129
329 450
260 446
440 217
238 346
238 304
177 146
150 213
178 161
523 335
150 501
374 407
523 412
304 277
208 331
138 463
518 300
501 445
117 179
374 272
400 31
304 373
370 203
374 285
138 87
274 61
374 221
227 280
300 466
463 105
396 482
105 41
149 121
117 139
179 100
304 511
501 425
338 494
440 86
149 90
330 254
203 495
511 246
139 207
179 360
121 411
331 68
146 34
370 471
448 420
280 379
87 515
379 391
482 477
329 27
515 109
177 75
411 89
34 239
466 426
346 352
100 449
178 53
31 393
254 6
477 395
75 325
121 214
254 192
117 225
522 332
290 172
31 386
41 12
277 383
277 108
146 18
217 410
374 135
178 210
210 73
135 222
178 297
203 2
335 133
192 67
383 436
109 462
138 201
177 47
477 265
27 388
239 317
522 137
214 469
388 189
440 296
331 262
396 321
379 353
518 180
227 76
370 32
75 228
272 380
138 252
133 526
129 491
135 111
208 181
138 19
207 456
76 56
213 480
480 14
285 126
480 229
501 432
511 215
446 291
6 509
68 341
353 298
221 33
304 398
298 39
300 257
76 253
181 10
225 69
291 60
298 59
149 451
126 226
410 385
400 406
352 496
285 423
272 244
121 292
403 366
398 399
27 283
137 190
379 493
471 30
335 98
210 134
448 220
432 429
161 118
449 128
59 7
280 71
262 324
172 506
300 307
226 40
203 29
462 279
353 21
254 532
209 230
370 444
477 99
203 375
262 43
227 182
444 293
338 378
75 529
285 218
31 1
14 310
43 326
18 343
370 64
98 110
121 502
300 394
529 359
482 140
444 303
189 115
32 148
338 377
18 433
244 521
471 487
395 96
230 415
227 16
407 4
293 166
87 327
477 194
18 24
491 356
300 35
451 361
388 237
180 153
2 408
491 170
59 350
213 131
4 5
86 284
203 418
373 204
338 486
408 187
283 48
75 478
32 286
203 336
307 261
346 435
40 158
523 124
213 299
487 28
412 524
109 224
477 288
249 405
432 499
321 474
59 527
418 302
388 25
30 8
128 259
336 427
224 211
2 452
386 120
373 143
440 367
502 248
399 438
76 372
522 282
515 174
331 333
218 154
148 250
521 157
462 363
377 198
19 498
33 458
148 364
356 481
146 512
259 441
203 306
182 184
60 191
261 459
14 473
429 92
456 51
290 287
211 242
502 416
411 464
400 234
2 193
487 81
239 95
325 22
224 442
326 130
126 457
253 504
47 470
326 162
515 263
261 413
426 42
282 256
532 20
352 275
378 97
333 82
174 78
128 267
352 113
418 23
310 309
442 392
182 308
32 169
361 91
377 347
487 513
309 17
399 185
30 465
325 72
405 173
56 365
372 195
365 175
331 421
486 390
195 171
449 273
153 381
256 200
504 314
117 3
173 123
506 349
39 251
494 479
420 45
381 355
291 340
113 54
495 101
185 528
16 315
477 38
253 409
131 212
3 467
263 88
398 505
198 500
138 268
433 216
274 57
444 231
526 142
494 483
51 197
275 530
381 37
469 437
268 50
60 80
56 94
261 11
224 382
248 144
61 468
494 455
297 255
239 85
524 258
68 13
529 49
436 489
307 401
448 151
225 104
524 74
90 472
451 422
189 351
521 58
307 337
324 533
504 476
118 519
170 156
505 516
513 497
131 0
170 312
518 122
67 245
360 323
493 77
85 83
153 417
124 389
85 424
121 240
201 434
341 414
153 15
244 52
284 397
89 141
57 376
515 107
282 345
307 402
458 205
107 136
494 233
330 490
395 183
22 66
121 168
465 116
433 266
331 36
77 514
208 525
367 503
198 79
350 311
38 223
336 219
45 313
434 431
401 419
7 63
522 165
153 163
501 9
212 145
173 65
504 270
268 247
415 485
380 167
209 235
512 155
175 132
378 488
405 271
129 269
325 164
272 387
226 320
171 357
412 264
386 322
419 119
431 176
8 114
417 318
6 319
493 517
351 447
468 369
41 202
403 46
73 354
238 199
37 44
35 160
89 439
406 295
200 62
410 342
364 102
251 93
373 484
378 281
521 152
424 106
4 316
488 531
151 475
431 103
354 301
133 186
477 368
356 371
43 84
183 507
237 26
257 55
471 232
17 70
29 534
457 188
146 196
160 535
422 159
140 358
523 125
175 453
223 460
323 289
369 243
250 276
51 339
335 206
161 328
320 461
497 344
272 305
3 492
479 384
384 127
246 278
452 428
417 236
424 443
368 334
402 510
236 112
48 348
417 508
382 147
452 362
345 430
259 294
1
278 223
