821 820
372 59
372 462
462 496
372 565
565 175
175 789
175 686
789 670
59 112
462 373
565 626
112 746
175 165
462 522
59 660
112 625
112 246
59 533
625 488
462 641
488 158
565 264
626 600
565 198
462 426
462 490
175 405
670 61
198 512
405 256
626 29
746 36
660 222
426 27
222 543
27 269
198 707
543 639
746 529
707 642
490 21
27 39
789 295
462 525
522 638
488 57
36 520
264 1
626 682
269 598
198 290
670 284
61 406
707 486
198 354
625 542
525 806
626 485
520 607
112 800
642 45
57 505
198 536
372 274
373 212
806 94
806 560
505 111
626 55
520 475
660 120
45 213
373 648
648 454
213 409
522 167
806 147
45 90
454 726
274 188
607 575
120 260
274 422
112 327
264 572
198 394
422 360
188 161
485 635
746 724
525 599
789 513
536 754
565 76
406 531
147 238
560 202
789 745
21 549
726 361
213 656
724 312
660 224
641 667
198 811
112 162
811 775
372 744
1 47
162 760
327 272
260 781
290 566
512 138
549 699
295 100
361 473
94 385
213 321
670 245
327 155
238 331
274 494
59 460
158 97
635 562
754 257
626 174
188 330
161 550
494 415
460 81
81 808
550 665
155 242
550 201
264 48
724 389
505 581
462 13
494 634
485 777
486 251
94 615
460 142
462 177
575 753
21 548
21 318
488 456
542 239
456 539
811 510
775 324
806 736
566 554
542 259
188 504
257 703
754 463
504 691
648 671
635 386
485 507
648 433
272 215
330 661
81 342
529 630
246 181
238 721
155 281
256 171
433 614
549 492
520 51
539 471
21 478
426 729
138 708
312 67
667 194
59 105
290 643
55 231
565 687
406 80
471 149
736 113
281 563
707 785
471 235
562 538
550 23
215 692
543 601
55 306
565 178
94 701
789 795
601 124
614 769
165 368
456 305
560 814
242 517
600 359
406 720
512 523
630 10
235 304
318 809
251 374
39 232
726 125
626 499
359 723
626 220
57 445
635 450
507 393
720 273
433 787
785 408
39 503
496 296
36 747
373 537
724 395
296 731
59 62
721 547
175 647
100 275
536 587
393 702
554 816
142 129
641 180
510 261
539 383
814 768
318 241
454 117
687 805
499 623
753 585
549 458
721 593
536 695
543 674
560 427
575 727
394 579
180 74
454 263
1 391
572 658
409 681
290 719
100 573
415 20
504 152
67 403
641 616
575 807
354 416
158 18
305 126
62 362
787 369
587 749
27 87
724 58
416 589
539 130
536 418
385 384
120 414
281 169
97 759
522 574
29 467
414 136
147 8
575 63
321 344
703 506
808 114
665 441
809 133
542 482
656 84
188 218
626 535
13 751
426 782
506 617
238 559
129 146
695 802
499 447
538 651
585 664
512 654
414 144
312 555
158 35
169 704
460 451
499 173
117 193
368 53
94 404
147 5
61 19
426 70
29 132
105 497
539 225
488 421
682 187
658 278
67 340
100 668
566 46
94 568
421 221
171 309
488 348
373 730
312 645
129 611
187 624
616 240
415 115
730 685
46 107
224 352
62 30
340 195
188 709
701 804
643 390
384 244
296 750
359 378
658 755
623 22
76 276
152 43
245 184
667 367
450 358
290 95
768 32
611 640
105 540
251 530
239 431
563 683
36 487
129 756
658 468
61 797
769 49
642 123
123 437
305 83
394 476
373 249
414 12
259 515
241 650
269 748
202 219
816 7
97 592
450 99
386 382
654 209
324 314
781 270
18 33
212 758
99 472
80 230
476 387
415 127
754 646
537 595
273 292
405 767
260 208
114 288
805 154
626 582
213 586
84 347
709 474
543 765
12 252
746 243
758 444
522 289
685 557
566 608
809 98
460 791
522 439
18 140
802 137
585 25
224 770
230 577
90 38
573 307
439 316
47 693
458 675
292 411
393 779
309 652
20 379
638 446
720 294
288 333
454 66
554 106
59 794
645 131
261 143
133 196
549 710
177 338
232 353
585 262
418 483
704 398
342 336
630 732
681 514
658 50
441 783
444 172
802 322
660 527
263 88
409 139
421 26
652 659
475 399
152 556
767 465
450 666
327 432
517 60
74 267
245 355
97 734
61 299
639 493
749 737
13 790
165 326
131 34
701 216
406 285
80 183
106 0
232 761
808 325
32 469
50 500
53 343
704 714
585 742
469 189
55 363
144 576
382 696
525 817
530 722
318 357
177 676
142 784
472 301
161 590
462 153
263 553
98 366
730 236
47 461
590 211
324 757
731 766
488 713
563 315
710 541
187 110
259 420
487 317
131 283
10 268
639 334
66 603
535 480
468 631
409 605
252 293
500 511
382 680
272 417
473 14
503 42
252 637
675 653
791 91
480 217
710 567
707 82
99 738
342 679
472 815
537 632
231 150
240 610
557 341
14 250
405 588
338 376
81 380
607 435
753 489
196 210
338 743
36 145
215 459
315 798
549 135
785 618
107 764
125 397
26 68
667 443
162 690
278 160
20 546
523 233
468 323
816 778
660 584
368 698
459 186
626 413
743 396
547 103
359 291
390 15
80 229
461 402
32 484
525 85
126 168
603 551
145 134
236 377
676 350
390 464
113 277
389 803
136 429
639 197
610 254
14 688
710 128
749 2
465 351
738 788
173 104
586 524
405 776
492 308
505 28
366 425
202 164
397 718
708 200
630 466
458 812
50 772
296 255
343 436
135 349
43 102
316 662
154 752
26 774
244 78
10 678
359 594
420 247
554 684
403 182
113 92
63 101
466 519
152 24
155 79
112 69
369 740
256 86
383 799
395 564
486 170
162 810
811 207
347 337
467 491
209 612
533 583
372 629
667 159
690 401
563 672
281 669
774 4
164 430
26 166
641 253
446 228
589 89
32 400
255 580
172 725
78 657
246 371
676 438
90 407
42 234
752 96
361 282
669 633
572 796
679 649
305 705
261 545
239 271
97 528
427 428
45 311
436 356
719 453
282 37
107 449
798 424
625 345
30 440
624 628
299 116
170 728
256 434
600 712
212 697
272 516
629 470
113 495
769 302
742 17
785 119
120 552
194 248
160 52
244 452
244 227
639 636
42 619
615 141
720 763
166 148
399 773
278 706
48 677
657 192
776 280
168 64
543 157
368 266
763 185
599 716
239 190
649 596
775 501
274 733
393 93
696 477
483 109
149 339
559 6
402 820
333 214
618 627
45 597
7 518
389 332
4 151
658 423
773 9
512 286
649 442
347 329
611 3
555 534
66 604
731 156
26 715
123 72
791 689
624 786
98 279
64 122
9 364
406 179
103 622
238 569
433 655
559 479
715 319
393 762
761 448
242 206
556 412
641 508
796 711
728 297
87 410
382 793
573 606
429 40
776 300
661 602
817 176
185 735
524 739
549 191
35 265
295 108
790 73
348 578
645 56
38 11
278 163
444 226
188 613
363 388
437 570
484 673
612 44
311 544
690 694
233 258
512 346
595 792
499 365
97 457
731 204
681 31
305 16
681 121
80 455
265 298
126 237
405 71
138 203
666 335
429 532
202 818
225 118
696 481
550 571
155 303
669 77
280 780
294 75
87 313
145 526
52 663
718 310
230 381
411 205
705 741
151 392
721 521
163 609
76 819
211 621
97 223
393 199
39 813
675 370
125 717
20 41
130 620
126 287
588 591
17 700
282 375
218 65
762 419
513 498
516 328
739 644
179 54
714 320
310 771
349 502
508 801
356 509
387 558
681 561
1
176 16
