106 105
36 65
36 34
65 100
100 84
36 98
34 3
100 102
34 18
36 13
65 9
13 75
18 101
102 79
75 92
101 5
75 55
18 41
65 10
36 23
75 1
79 87
13 15
79 51
1 68
3 83
41 48
83 40
102 74
51 70
84 59
1 104
55 17
51 81
100 50
68 43
83 47
13 44
70 73
101 6
41 76
40 28
84 69
34 67
101 35
13 94
92 33
98 24
23 22
75 80
80 4
10 14
81 54
23 25
36 82
81 66
101 57
101 20
82 85
24 11
83 64
92 72
70 42
40 12
54 78
43 31
79 105
3 45
69 21
20 99
79 97
25 89
25 37
75 61
11 26
37 90
83 96
21 103
3 58
70 52
81 19
72 56
100 30
33 49
30 88
58 53
94 95
21 63
49 38
6 86
34 2
25 16
6 32
59 27
103 71
73 0
99 77
24 60
16 91
79 29
27 39
105 46
14 7
36 93
34 8
98 62
1
79 86
