325 324
286 158
286 115
158 243
286 77
115 213
158 94
115 10
115 175
77 103
10 231
10 207
158 78
286 259
77 287
77 122
122 42
10 225
42 13
103 252
213 102
102 166
252 314
42 282
78 318
207 212
282 279
286 40
166 253
259 269
40 173
94 73
314 235
175 164
279 294
213 177
314 11
158 104
231 139
318 135
279 268
173 271
253 200
139 203
10 83
83 8
8 17
83 74
17 75
231 145
173 232
235 296
94 178
200 44
232 12
104 41
314 185
77 22
294 205
74 60
243 302
212 66
158 202
235 81
269 233
166 58
60 133
314 16
115 114
16 34
60 219
42 297
34 95
269 76
243 146
166 1
202 169
287 183
44 195
271 52
243 80
81 128
294 53
259 92
202 247
252 263
122 265
74 246
115 244
282 26
177 134
225 116
44 182
81 258
175 194
213 3
282 46
135 137
146 320
41 245
1 69
246 278
1 28
44 306
219 285
194 276
53 187
42 189
69 289
268 79
296 204
94 162
92 241
187 117
265 9
74 254
134 111
115 255
287 256
92 242
78 56
263 67
10 218
256 236
194 89
133 127
9 136
3 2
11 23
203 86
187 208
75 87
246 308
92 301
2 61
58 98
212 38
115 4
73 264
102 188
194 284
236 97
297 163
235 309
98 113
66 248
188 201
136 93
38 172
285 292
127 55
265 171
92 148
41 214
187 229
236 290
171 130
263 311
246 198
169 107
38 322
28 129
231 316
314 35
236 249
114 112
9 295
311 324
253 157
235 262
232 119
198 0
324 144
295 21
89 120
79 186
23 304
264 68
287 228
58 15
111 48
78 155
231 20
77 160
95 84
314 150
195 31
254 299
172 106
26 124
163 174
84 65
162 19
60 168
248 161
40 140
9 25
301 216
248 57
285 237
98 147
144 36
3 319
233 121
295 267
265 99
173 62
83 310
225 143
189 190
235 142
324 32
0 240
319 59
188 197
264 109
109 307
95 257
245 153
236 72
153 270
121 43
113 105
57 85
10 288
213 230
142 272
263 273
73 315
214 71
148 181
69 29
16 234
163 170
214 7
157 149
44 300
65 125
279 192
129 199
109 126
59 250
236 191
19 18
268 221
278 54
178 165
270 321
320 176
143 220
137 159
59 293
199 260
254 266
246 224
161 193
29 70
308 49
32 90
316 215
115 108
252 91
90 275
276 154
260 211
186 312
134 118
130 277
25 261
109 238
85 39
130 222
129 227
28 141
149 123
204 298
89 179
87 50
299 217
240 305
271 63
36 27
129 239
83 131
16 226
10 167
263 156
222 100
207 138
75 88
202 37
26 64
167 6
174 151
27 291
38 251
181 303
119 152
228 281
183 30
69 24
29 110
227 223
169 209
282 33
88 5
173 14
141 210
265 96
186 51
31 82
226 274
131 206
56 280
123 283
166 180
170 317
154 132
197 313
126 101
252 184
144 196
224 45
185 47
73 323
1
97 86
