610 609
415 412
415 168
168 87
168 73
168 424
424 157
168 423
157 156
87 300
73 334
412 486
415 225
168 265
265 422
423 86
412 187
423 103
187 15
187 65
87 42
225 123
87 117
15 600
73 465
265 163
225 355
123 516
156 2
225 118
424 110
422 205
355 207
187 192
73 239
205 446
225 203
465 501
65 116
203 584
157 511
110 340
511 466
446 505
103 495
584 135
511 452
103 329
516 189
334 475
495 88
355 120
423 268
192 100
265 279
192 461
65 381
2 476
65 114
329 563
516 186
186 204
329 293
446 537
103 385
329 326
187 372
116 51
88 324
505 549
163 322
265 111
424 72
110 376
385 471
123 274
72 520
163 317
475 375
42 21
268 149
326 416
88 564
375 119
120 57
520 327
446 343
192 170
157 84
73 390
163 596
355 161
343 574
110 351
416 153
564 575
86 308
42 417
103 162
163 178
596 482
329 82
203 361
501 590
2 414
471 229
452 548
135 606
51 514
57 572
329 488
161 130
381 228
505 526
293 145
596 30
355 545
145 503
545 312
423 190
334 66
343 388
15 544
351 353
57 98
30 19
564 467
381 275
168 559
130 339
130 536
2 449
279 402
51 547
343 81
412 160
467 321
118 303
449 445
526 310
375 91
520 129
461 357
376 224
42 59
192 58
170 182
537 579
321 94
21 546
225 332
329 468
424 169
381 184
168 426
59 573
228 183
153 171
390 297
293 447
536 395
322 61
574 527
501 93
446 282
192 16
30 241
2 277
229 562
123 74
73 451
274 287
19 380
228 40
415 459
559 557
308 507
376 144
353 148
274 174
81 568
297 260
117 258
516 269
372 441
94 252
16 455
544 55
527 28
168 433
162 477
574 532
184 255
339 360
255 470
507 89
91 165
471 517
98 500
415 569
149 483
149 479
265 607
355 508
287 403
61 92
476 363
88 25
123 341
376 460
111 105
447 194
329 244
258 159
461 226
57 576
194 64
380 109
447 437
596 75
105 62
40 396
229 50
162 47
575 399
135 115
559 494
546 221
449 45
165 97
576 603
105 389
30 154
192 587
449 80
412 235
154 571
98 134
590 53
339 551
274 345
130 430
575 580
74 401
516 270
168 442
576 366
260 350
162 425
477 152
340 336
105 556
170 346
551 46
170 106
50 5
2 69
207 23
241 261
274 150
471 393
265 347
244 458
416 20
28 597
363 14
476 513
514 243
16 246
5 36
341 3
154 309
303 219
19 383
270 480
105 487
30 524
5 589
170 439
16 76
439 371
516 227
123 496
224 558
503 577
452 155
477 386
88 202
482 499
42 444
551 478
573 543
527 141
549 302
584 529
148 208
372 306
190 595
94 530
114 254
66 63
357 448
596 301
86 323
88 392
380 233
600 146
557 325
105 344
478 379
537 291
178 188
106 286
351 131
152 427
244 400
301 352
449 44
303 124
265 267
346 337
344 250
415 272
545 384
21 8
344 56
471 35
422 391
272 519
559 428
88 335
250 474
272 489
168 338
513 358
157 278
75 407
519 420
56 374
183 464
129 533
192 328
74 498
287 195
309 211
254 450
447 434
344 108
487 139
118 538
384 126
187 311
425 143
529 583
508 251
388 11
600 199
80 431
332 242
464 314
239 214
72 484
25 555
583 588
269 281
332 200
97 493
14 32
322 112
88 541
2 331
358 394
44 397
111 593
600 201
588 604
50 367
2 271
86 502
484 104
555 127
355 362
92 137
396 497
169 230
600 167
162 71
590 553
2 128
235 136
189 29
351 95
332 599
340 586
381 567
549 443
87 102
444 90
574 1
2 512
268 609
590 523
111 522
347 354
422 147
202 49
374 436
211 185
118 413
335 365
360 70
76 67
401 330
118 411
571 509
583 521
265 364
51 210
189 121
170 54
524 608
397 9
609 453
568 12
386 288
227 359
389 469
407 535
452 463
476 473
86 289
135 582
501 276
149 510
577 518
203 4
413 382
139 405
124 96
558 284
50 525
53 10
392 598
150 377
339 578
471 585
210 315
324 560
461 166
382 409
503 133
103 101
214 18
148 13
560 259
603 176
56 528
86 492
376 212
523 307
595 27
545 531
265 191
600 245
84 491
133 138
282 419
208 418
103 206
571 534
557 125
516 552
144 398
300 429
366 41
572 592
386 348
451 34
499 218
143 223
553 240
501 52
268 506
475 220
128 378
330 472
30 304
478 285
496 257
470 0
150 238
589 305
380 283
57 256
471 602
393 554
305 232
137 60
243 292
243 7
134 48
506 299
257 550
66 6
3 408
233 197
395 515
380 290
106 570
489 318
128 591
386 370
86 457
290 594
455 540
86 462
499 17
393 542
482 196
407 78
486 122
584 38
0 142
206 432
206 605
370 173
163 175
103 172
156 209
468 601
532 249
431 456
62 247
208 387
162 263
526 158
434 198
511 273
5 404
267 222
300 248
288 253
367 440
430 83
569 234
378 320
462 231
338 280
230 217
517 316
533 485
231 177
603 107
214 24
229 22
357 435
385 215
98 37
171 236
160 216
62 39
267 349
268 504
57 179
34 368
165 77
4 565
177 294
548 193
529 151
590 561
172 369
330 454
154 438
109 313
450 140
553 421
278 237
379 262
217 356
476 113
162 99
50 342
339 180
137 213
391 164
109 295
483 333
177 181
271 539
292 79
592 481
337 68
556 264
138 490
148 33
213 296
253 298
25 581
580 373
271 406
131 85
546 319
510 410
98 43
6 26
397 566
269 31
301 132
457 266
1
426 393
