333 332
102 267
267 291
291 169
169 286
286 108
108 134
134 215
215 327
327 263
263 97
97 255
255 231
231 226
226 78
78 185
185 224
224 297
297 312
312 251
251 318
318 54
54 119
119 320
320 326
326 127
127 158
158 159
159 76
76 284
284 38
38 177
177 92
92 166
166 298
298 29
29 199
199 22
22 51
51 75
75 223
223 161
161 221
221 96
96 270
270 95
95 85
85 317
317 70
70 282
282 41
41 6
6 94
94 252
252 33
33 47
47 217
217 293
293 113
113 285
285 257
257 99
99 274
274 180
180 162
162 227
227 105
105 32
32 245
245 237
237 93
93 17
17 20
20 182
182 330
330 39
39 65
65 40
40 83
83 168
168 295
295 212
212 79
79 234
234 150
150 46
46 1
1 198
198 167
167 208
208 218
218 84
84 222
222 254
254 42
42 152
152 287
287 315
315 155
155 271
271 98
98 260
260 163
163 304
304 219
219 77
77 31
31 256
256 283
283 67
67 58
58 35
35 71
71 232
232 101
101 115
115 12
12 147
147 175
175 153
153 34
34 170
170 310
310 238
238 73
73 21
21 299
299 156
156 292
292 157
157 188
188 114
114 120
120 244
244 130
130 2
2 266
266 202
202 325
325 53
53 48
48 201
201 225
225 49
49 191
191 148
148 265
265 197
197 7
7 87
87 203
203 5
5 26
26 52
52 24
24 235
235 280
280 154
154 30
30 109
109 328
328 332
332 126
126 139
139 55
55 0
0 72
72 45
45 136
136 59
59 311
311 86
86 151
151 243
243 91
91 204
204 301
301 122
122 18
18 272
272 25
25 178
178 110
110 209
209 278
278 132
132 187
187 179
179 160
160 140
140 135
135 4
4 56
56 302
302 207
207 303
303 36
36 103
103 261
261 259
259 279
279 211
211 210
210 196
196 250
250 236
236 190
190 264
264 242
242 107
107 324
324 60
60 112
112 100
100 322
322 253
253 50
50 194
194 173
173 288
288 88
88 289
289 16
16 82
82 246
246 176
176 8
8 305
305 241
241 125
125 69
69 313
313 220
220 213
213 239
239 14
14 195
195 138
138 111
111 9
9 277
277 172
172 27
27 200
200 3
3 62
62 205
205 104
104 68
68 321
321 233
233 323
323 314
314 124
124 240
240 171
171 249
249 117
117 15
15 229
229 308
308 90
90 141
141 300
300 316
316 37
37 19
19 133
133 186
186 118
118 43
43 11
11 307
307 144
144 258
258 192
192 193
193 80
80 63
63 121
121 81
81 61
61 131
131 262
262 181
181 268
268 164
164 57
57 64
64 28
28 106
106 281
281 306
306 123
123 331
331 23
23 273
273 146
146 174
174 214
214 143
143 216
216 296
296 230
230 228
228 189
189 184
184 116
116 290
290 319
319 206
206 275
275 183
183 247
247 248
248 142
142 89
89 129
129 44
44 137
137 74
74 294
294 66
66 149
149 309
309 10
10 165
165 269
269 128
128 145
145 276
276 329
329 13
40
237 291
233 214
103 125
276 156
73 81
221 242
127 37
310 93
238 281
199 257
178 10
296 287
126 137
66 91
103 151
281 124
330 81
81 101
78 312
131 178
2 131
177 136
150 18
270 202
192 44
239 85
28 305
325 195
90 156
330 37
98 323
315 86
252 279
140 262
132 74
189 273
295 145
73 317
151 97
246 234
