618 617
23 132
132 99
99 564
564 406
406 422
422 322
322 498
498 597
597 189
189 6
6 612
612 257
257 60
60 366
366 107
107 258
258 192
192 327
327 407
407 178
178 476
476 585
585 97
97 549
549 598
598 541
541 615
615 449
449 50
50 120
120 238
238 144
144 552
552 462
462 145
145 94
94 340
340 437
437 345
345 447
447 512
512 574
574 330
330 4
4 543
543 607
607 332
332 53
53 74
74 109
109 61
61 231
231 592
592 202
202 219
219 110
110 526
526 583
583 11
11 502
502 482
482 343
343 355
355 283
283 179
179 342
342 475
475 81
81 266
266 163
163 310
310 410
410 68
68 291
291 428
428 582
582 119
119 246
246 398
398 255
255 347
347 601
601 39
39 419
419 547
547 508
508 571
571 304
304 401
401 164
164 539
539 152
152 45
45 523
523 28
28 614
614 64
64 445
445 451
451 427
427 30
30 450
450 602
602 177
177 557
557 331
331 439
439 180
180 285
285 378
378 284
284 204
204 528
528 16
16 403
403 311
311 491
491 123
123 489
489 605
605 376
376 534
534 461
461 104
104 160
160 413
413 187
187 169
169 112
112 314
314 172
172 580
580 227
227 496
496 548
548 569
569 47
47 527
527 600
600 415
415 105
105 313
313 411
411 209
209 510
510 554
554 277
277 431
431 155
155 143
143 234
234 48
48 95
95 603
603 341
341 272
272 542
542 367
367 516
516 102
102 191
191 8
8 481
481 420
420 79
79 495
495 596
596 302
302 46
46 66
66 344
344 282
282 77
77 199
199 388
388 58
58 587
587 247
247 261
261 464
464 418
418 162
162 287
287 3
3 579
579 396
396 455
455 88
88 87
87 318
318 269
269 518
518 116
116 608
608 562
562 290
290 511
511 442
442 183
183 122
122 197
197 368
368 82
82 51
51 312
312 216
216 264
264 335
335 127
127 487
487 134
134 513
513 54
54 438
438 426
426 421
421 31
31 44
44 320
320 507
507 196
196 555
555 307
307 117
117 20
20 375
375 301
301 556
556 235
235 306
306 57
57 497
497 12
12 190
190 218
218 278
278 41
41 357
357 551
551 395
395 559
559 56
56 245
245 575
575 96
96 374
374 43
43 492
492 460
460 594
594 161
161 141
141 194
194 393
393 390
390 40
40 268
268 174
174 448
448 111
111 389
389 151
151 147
147 273
273 537
537 260
260 349
349 315
315 485
485 140
140 226
226 317
317 188
188 430
430 125
125 484
484 239
239 250
250 165
165 92
92 471
471 224
224 351
351 458
458 62
62 200
200 361
361 91
91 42
42 500
500 561
561 470
470 486
486 424
424 130
130 297
297 488
488 118
118 113
113 391
391 550
550 139
139 25
25 359
359 581
581 399
399 325
325 193
193 229
229 101
101 271
271 454
454 423
423 588
588 379
379 158
158 0
0 159
159 544
544 103
103 324
324 506
506 201
201 380
380 354
354 531
531 417
417 576
576 167
167 577
577 237
237 182
182 432
432 545
545 26
26 138
138 468
468 319
319 616
616 136
136 249
249 546
546 240
240 414
414 499
499 532
532 75
75 233
233 14
14 69
69 156
156 466
466 377
377 274
274 339
339 566
566 553
553 173
173 195
195 286
286 505
505 382
382 572
572 288
288 402
402 71
71 73
73 586
586 129
129 536
536 392
392 477
477 611
611 10
10 400
400 457
457 205
205 334
334 573
573 472
472 568
568 606
606 329
329 294
294 154
154 383
383 166
166 280
280 441
441 259
259 262
262 469
469 362
362 443
443 530
530 591
591 63
63 321
321 459
459 435
435 230
230 404
404 292
292 114
114 381
381 387
387 467
467 440
440 434
434 480
480 121
121 503
503 70
70 124
124 525
525 589
589 176
176 593
593 198
198 242
242 521
521 520
520 298
298 425
425 515
515 386
386 232
232 228
228 328
328 309
309 175
175 453
453 478
478 225
225 148
148 213
213 115
115 85
85 22
22 299
299 276
276 533
533 535
535 522
522 100
100 184
184 21
21 65
65 567
567 316
316 584
584 37
37 494
494 78
78 128
128 617
617 270
270 509
509 149
149 33
33 363
363 38
38 412
412 408
408 504
504 244
244 296
296 146
146 49
49 206
206 337
337 372
372 610
610 397
397 289
289 490
490 210
210 473
473 540
540 36
36 364
364 570
570 279
279 5
5 369
369 243
243 221
221 305
305 131
131 55
55 565
565 613
613 248
248 263
263 265
265 599
599 303
303 13
13 86
86 34
34 338
338 346
346 360
360 604
604 15
15 358
358 90
90 24
24 126
126 267
267 211
211 212
212 80
80 529
529 185
185 578
578 295
295 9
9 501
501 93
93 514
514 416
416 370
370 590
590 463
463 433
433 18
18 241
241 76
76 89
89 385
385 326
326 563
563 2
2 275
275 72
72 17
17 1
1 7
7 371
371 215
215 168
168 236
236 465
465 353
353 84
84 142
142 153
153 52
52 560
560 98
98 223
223 444
444 293
293 483
483 207
207 384
384 35
35 217
217 595
595 19
19 365
365 479
479 352
352 106
106 436
436 373
373 336
336 456
456 186
186 519
519 137
137 308
308 59
59 32
32 538
538 452
452 253
253 517
517 108
108 300
300 171
171 348
348 222
222 203
203 252
252 333
333 356
356 409
409 429
429 524
524 135
135 214
214 170
170 350
350 67
67 83
83 254
254 208
208 558
558 394
394 474
474 133
133 220
220 150
150 29
29 323
323 281
281 493
493 405
405 256
256 181
181 446
446 609
609 251
251 157
157 27
50
14 205
307 333
355 433
436 244
399 157
471 276
118 337
428 465
563 5
526 265
392 91
122 572
598 74
97 206
329 76
519 500
168 601
242 290
341 471
63 414
3 89
11 582
294 387
26 441
19 581
523 77
513 62
582 38
318 244
269 365
109 492
393 146
519 379
168 472
468 84
481 269
244 54
143 324
19 423
306 102
302 399
92 511
502 526
347 116
549 287
34 508
318 182
582 417
569 184
151 47
