551 550
150 396
396 529
529 456
456 41
41 516
516 18
18 211
211 385
385 521
521 64
64 419
419 370
370 212
212 314
314 17
17 411
411 40
40 43
43 285
285 216
216 220
220 549
549 25
25 244
244 455
455 292
292 217
217 132
132 446
446 441
441 507
507 16
16 369
369 26
26 79
79 107
107 110
110 448
448 188
188 482
482 293
293 151
151 59
59 400
400 351
351 374
374 164
164 228
228 497
497 49
49 53
53 205
205 538
538 495
495 1
1 270
270 67
67 143
143 137
137 145
145 379
379 279
279 266
266 267
267 461
461 44
44 451
451 196
196 414
414 36
36 511
511 537
537 294
294 160
160 133
133 99
99 508
508 177
177 258
258 323
323 89
89 208
208 512
512 95
95 480
480 172
172 386
386 306
306 232
232 245
245 330
330 146
146 100
100 352
352 483
483 102
102 165
165 522
522 383
383 168
168 546
546 186
186 127
127 387
387 307
307 224
224 422
422 155
155 305
305 75
75 418
418 541
541 543
543 355
355 346
346 304
304 324
324 496
496 45
45 420
420 388
388 148
148 437
437 550
550 139
139 241
241 269
269 204
204 195
195 357
357 520
520 366
366 128
128 350
350 251
251 69
69 218
218 457
457 465
465 505
505 504
504 347
347 103
103 445
445 491
491 215
215 91
91 243
243 35
35 310
310 408
408 114
114 494
494 415
415 197
197 248
248 58
58 389
389 368
368 73
73 112
112 375
375 349
349 436
436 490
490 300
300 254
254 540
540 80
80 149
149 223
223 71
71 363
363 264
264 429
429 528
528 72
72 539
539 290
290 178
178 98
98 325
325 531
531 193
193 413
413 247
247 502
502 84
84 297
297 81
81 356
356 163
163 104
104 14
14 284
284 320
320 280
280 488
488 487
487 361
361 298
298 74
74 138
138 250
250 265
265 544
544 93
93 547
547 90
90 140
140 136
136 130
130 282
282 377
377 86
86 167
167 434
434 183
183 15
15 19
19 392
392 395
395 372
372 179
179 295
295 313
313 443
443 417
417 468
468 141
141 430
430 394
394 460
460 57
57 530
530 121
121 534
534 442
442 276
276 283
283 327
327 397
397 123
123 291
291 56
56 513
513 509
509 288
288 27
27 106
106 326
326 108
108 523
523 226
226 412
412 230
230 492
492 200
200 439
439 124
124 268
268 493
493 109
109 206
206 393
393 506
506 317
317 174
174 289
289 470
470 185
185 94
94 476
476 51
51 142
142 234
234 11
11 255
255 63
63 524
524 358
358 403
403 322
322 533
533 542
542 336
336 129
129 484
484 410
410 238
238 214
214 199
199 348
348 209
209 378
378 50
50 287
287 272
272 192
192 210
210 182
182 37
37 503
503 407
407 207
207 367
367 535
535 334
334 30
30 402
402 32
32 376
376 275
275 144
144 152
152 312
312 472
472 22
22 10
10 156
156 319
319 198
198 391
391 364
364 92
92 333
333 263
263 82
82 296
296 181
181 463
463 118
118 257
257 339
339 62
62 7
7 342
342 161
161 105
105 354
354 235
235 122
122 464
464 21
21 345
345 474
474 479
479 227
227 70
70 510
510 97
97 231
231 473
473 428
428 126
126 278
278 8
8 2
2 435
435 489
489 52
52 147
147 96
96 405
405 39
39 433
433 54
54 299
299 481
481 125
125 423
423 222
222 34
34 302
302 134
134 12
12 340
340 335
335 42
42 190
190 416
416 499
499 425
425 85
85 239
239 501
501 382
382 249
249 454
454 359
359 450
450 486
486 3
3 365
365 23
23 60
60 311
311 253
253 498
498 246
246 469
469 331
331 338
338 399
399 203
203 187
187 28
28 380
380 135
135 398
398 440
440 277
277 517
517 111
111 477
477 5
5 237
237 459
459 229
229 115
115 240
240 184
184 427
427 0
0 438
438 55
55 162
162 536
536 449
449 274
274 213
213 119
119 500
500 9
9 66
66 271
271 47
47 33
33 24
24 242
242 20
20 458
458 68
68 409
409 525
525 328
328 61
61 169
169 153
153 158
158 175
175 373
373 527
527 526
526 332
332 309
309 88
88 13
13 478
478 519
519 166
166 113
113 31
31 514
514 157
157 78
78 424
424 545
545 173
173 426
426 286
286 6
6 201
201 256
256 308
308 76
76 371
371 273
273 120
120 344
344 180
180 221
221 303
303 485
485 262
262 202
202 259
259 225
225 329
329 260
260 281
281 131
131 353
353 159
159 4
4 337
337 341
341 404
404 471
471 171
171 233
233 360
360 189
189 117
117 462
462 315
315 46
46 401
401 191
191 101
101 515
515 154
154 170
170 236
236 475
475 381
381 467
467 301
301 65
65 48
48 362
362 318
318 343
343 432
432 252
252 261
261 316
316 518
518 87
87 29
29 219
219 431
431 466
466 38
38 453
453 452
452 116
116 447
447 384
384 532
532 321
321 421
421 406
406 194
194 83
83 548
548 77
77 390
390 444
444 176
60
111 361
271 95
471 435
370 127
127 350
202 8
343 340
81 244
315 247
117 137
182 491
486 275
415 401
10 126
10 549
190 69
150 183
341 6
465 303
436 25
427 244
461 14
391 1
12 550
56 392
450 399
396 294
168 144
79 279
204 207
404 144
131 437
381 42
437 136
219 60
234 430
502 474
537 83
335 312
335 438
142 179
134 269
165 272
327 487
140 436
55 125
413 231
175 524
501 224
416 485
268 486
22 436
547 407
279 220
357 8
192 368
21 449
135 517
83 195
222 333
