836 835
817 583
583 477
477 46
46 559
559 679
679 613
613 153
153 716
716 797
797 529
529 363
363 131
131 68
68 329
329 553
553 157
157 758
758 252
252 586
586 191
191 795
795 445
445 184
184 674
674 540
540 397
397 33
33 125
125 810
810 710
710 656
656 547
547 352
352 29
29 476
476 150
150 431
431 590
590 399
399 766
766 546
546 323
323 350
350 109
109 260
260 439
439 97
97 148
148 683
683 461
461 404
404 446
446 764
764 374
374 36
36 798
798 50
50 654
654 65
65 454
454 317
317 491
491 551
551 518
518 119
119 136
136 496
496 118
118 53
53 34
34 830
830 265
265 455
455 154
154 437
437 649
649 605
605 366
366 301
301 499
499 459
459 711
711 151
151 107
107 232
232 187
187 94
94 20
20 3
3 588
588 378
378 297
297 728
728 433
433 807
807 740
740 243
243 45
45 111
111 762
762 708
708 292
292 247
247 678
678 400
400 64
64 503
503 671
671 582
582 80
80 579
579 314
314 626
626 616
616 497
497 528
528 253
253 290
290 54
54 147
147 458
458 188
188 502
502 736
736 457
457 93
93 718
718 8
8 835
835 163
163 742
742 452
452 6
6 204
204 791
791 480
480 515
515 41
41 650
650 665
665 244
244 62
62 382
382 22
22 640
640 335
335 326
326 719
719 434
434 284
284 517
517 5
5 733
733 500
500 248
248 554
554 177
177 138
138 141
141 425
425 152
152 190
190 219
219 814
814 607
607 779
779 466
466 700
700 300
300 124
124 302
302 309
309 171
171 246
246 819
819 731
731 313
313 197
197 43
43 351
351 429
429 519
519 596
596 180
180 210
210 510
510 88
88 704
704 11
11 523
523 465
465 235
235 488
488 170
170 230
230 647
647 682
682 821
821 589
589 692
692 360
360 367
367 825
825 769
769 729
729 361
361 668
668 183
183 727
727 319
319 308
308 415
415 420
420 117
117 622
622 721
721 346
346 333
333 168
168 239
239 481
481 160
160 343
343 717
717 759
759 531
531 453
453 349
349 390
390 591
591 557
557 74
74 105
105 336
336 71
71 595
595 393
393 214
214 285
285 703
703 293
293 802
802 820
820 726
726 438
438 100
100 662
662 98
98 784
784 145
145 673
673 23
23 774
774 414
414 78
78 508
508 426
426 15
15 272
272 231
231 101
101 167
167 108
108 730
730 467
467 395
395 720
720 37
37 744
744 169
169 199
199 258
258 753
753 571
571 83
83 442
442 724
724 469
469 276
276 543
543 606
606 372
372 642
642 550
550 749
749 487
487 783
783 356
356 113
113 655
655 479
479 312
312 755
755 637
637 633
633 424
424 440
440 778
778 17
17 643
643 303
303 42
42 61
61 373
373 699
699 387
387 220
220 358
358 695
695 608
608 436
436 377
377 615
615 25
25 630
630 527
527 532
532 752
752 60
60 805
805 522
522 114
114 384
384 344
344 222
222 407
407 780
780 282
282 541
541 89
89 90
90 555
555 443
443 2
2 627
627 705
705 357
357 205
205 48
48 684
684 570
570 208
208 832
832 676
676 12
12 175
175 834
834 75
75 218
218 602
602 666
666 316
316 751
751 556
556 651
651 809
809 600
600 492
492 304
304 745
745 274
274 127
127 594
594 430
430 99
99 166
166 398
398 212
212 714
714 236
236 545
545 833
833 18
18 501
501 686
686 827
827 38
38 471
471 698
698 213
213 195
195 84
84 761
761 389
389 765
765 681
681 143
143 338
338 92
92 380
380 587
587 474
474 669
669 660
660 379
379 295
295 478
478 463
463 598
598 413
413 35
35 14
14 423
423 542
542 215
215 354
354 142
142 229
229 535
535 135
135 52
52 262
262 192
192 706
706 735
735 337
337 572
572 327
327 824
824 209
209 328
328 275
275 286
286 104
104 712
712 715
715 408
408 796
796 133
133 223
223 4
4 635
635 159
159 310
310 505
505 486
486 181
181 811
811 799
799 353
353 417
417 112
112 362
362 59
59 306
306 620
620 661
661 421
421 623
623 287
287 483
483 410
410 418
418 772
772 269
269 409
409 525
525 524
524 294
294 26
26 375
375 91
91 813
813 278
278 621
621 7
7 490
490 193
193 750
750 709
709 544
544 534
534 28
28 548
548 63
63 311
311 281
281 321
321 520
520 722
722 176
176 330
330 263
263 601
601 815
815 325
325 808
808 790
790 340
340 401
401 444
444 388
388 196
196 385
385 242
242 533
533 507
507 87
87 49
49 16
16 612
612 221
221 342
342 763
763 793
793 123
123 156
156 178
178 348
348 24
24 106
106 536
536 254
254 691
691 334
334 162
162 648
648 803
803 631
631 641
641 560
560 122
122 82
82 55
55 57
57 428
428 592
592 509
509 776
776 447
447 345
345 27
27 580
580 680
680 693
693 511
511 81
81 675
675 128
128 563
563 831
831 495
495 291
291 261
261 137
137 494
494 185
185 634
634 259
259 370
370 206
206 687
687 526
526 739
739 427
427 574
574 234
234 645
645 70
70 734
734 697
697 707
707 618
618 659
659 140
140 76
76 450
450 416
416 521
521 619
619 702
702 689
689 748
748 460
460 79
79 228
228 419
419 201
201 10
10 768
768 307
307 493
493 237
237 498
498 624
624 95
95 804
804 603
603 277
277 121
121 568
568 130
130 567
567 800
800 690
690 561
561 747
747 320
320 489
489 364
364 227
227 194
194 264
264 369
369 179
179 386
386 182
182 754
754 485
485 216
216 611
611 773
773 581
581 396
396 512
512 298
298 102
102 200
200 506
506 663
663 318
318 165
165 240
240 462
462 13
13 828
828 725
725 268
268 58
58 826
826 30
30 103
103 694
694 677
677 723
723 514
514 644
644 451
451 628
628 504
504 31
31 1
1 743
743 324
324 530
530 788
788 115
115 597
597 562
562 0
0 267
267 816
816 685
685 19
19 781
781 801
801 129
129 347
347 604
604 569
569 652
652 305
305 785
785 639
639 441
441 664
664 593
593 73
73 32
32 771
771 786
786 280
280 482
482 552
552 573
573 144
144 158
158 746
746 829
829 341
341 69
69 688
688 537
537 584
584 792
792 713
713 288
288 636
636 782
782 539
539 245
245 775
775 51
51 794
794 299
299 271
271 456
456 86
86 371
371 279
279 189
189 238
238 21
21 207
207 202
202 625
625 538
538 565
565 381
381 251
251 657
657 172
172 44
44 39
39 233
233 701
701 470
470 575
575 516
516 392
392 139
139 576
576 134
134 146
146 9
9 315
315 110
110 391
391 126
126 186
186 737
737 411
411 549
549 77
77 155
155 368
368 787
787 614
614 473
473 513
513 339
339 646
646 226
226 365
365 472
472 422
422 376
376 475
475 241
241 56
56 757
757 585
585 812
812 120
120 789
789 732
732 273
273 577
577 270
270 566
566 116
116 777
777 72
72 283
283 558
558 203
203 402
402 741
741 484
484 806
806 225
225 217
217 331
331 383
383 670
670 174
174 412
412 578
578 653
653 449
449 822
822 405
405 767
767 332
332 617
617 394
394 672
672 738
738 756
756 289
289 667
667 149
149 435
435 198
198 96
96 161
161 818
818 67
67 47
47 464
464 770
770 823
823 250
250 599
599 359
359 658
658 132
132 256
256 322
322 432
432 696
696 249
249 629
629 296
296 173
173 85
85 66
66 760
760 632
632 610
610 448
448 211
211 257
257 564
564 266
266 403
403 609
609 255
255 638
638 406
406 224
224 468
468 40
40 355
355 164
70
611 115
10 61
636 810
530 343
547 14
695 474
314 65
678 60
502 141
114 466
441 107
658 423
238 598
246 504
184 124
168 452
710 75
425 160
722 548
302 60
650 494
590 775
138 605
336 503
572 574
535 367
503 595
631 270
534 192
758 540
640 100
294 20
178 74
625 488
504 719
47 182
807 48
45 806
510 25
781 465
473 541
377 78
62 657
802 582
16 429
183 301
308 468
20 835
153 617
229 764
266 230
280 714
127 373
108 362
6 767
19 233
751 482
580 594
381 798
680 122
566 104
514 671
462 59
192 261
361 733
807 185
575 522
315 800
829 742
431 273
