122 121
106 115
115 9
9 113
113 114
114 48
48 75
75 118
118 16
16 28
28 78
78 117
117 101
101 80
80 58
58 65
65 86
86 120
120 1
1 12
12 92
92 4
4 57
57 37
37 72
72 43
43 74
74 17
17 7
7 66
66 54
54 29
29 61
61 21
21 41
41 82
82 119
119 96
96 84
84 109
109 77
77 102
102 83
83 45
45 70
70 49
49 20
20 6
6 100
100 98
98 40
40 50
50 25
25 23
23 14
14 8
8 35
35 19
19 81
81 15
15 5
5 108
108 76
76 88
88 59
59 73
73 105
105 85
85 64
64 0
0 110
110 67
67 47
47 46
46 71
71 68
68 97
97 56
56 63
63 90
90 104
104 121
121 3
3 103
103 11
11 22
22 107
107 94
94 53
53 33
33 93
93 26
26 32
32 24
24 116
116 31
31 91
91 89
89 79
79 38
38 55
55 95
95 10
10 18
18 52
52 60
60 13
13 111
111 42
42 34
34 44
44 39
39 87
87 51
51 36
36 2
2 30
30 27
27 99
99 69
69 62
62 112
80
74 10
9 108
25 11
17 26
65 67
10 90
101 108
58 33
88 77
86 90
85 46
7 111
74 35
15 81
6 28
120 95
60 16
10 26
37 76
28 119
77 41
88 73
60 101
101 93
2 30
68 26
80 73
44 39
61 76
41 93
10 121
51 42
80 54
11 88
104 28
116 63
112 41
63 99
110 29
120 23
31 84
21 8
105 19
28 24
60 89
98 14
117 102
23 29
44 108
29 17
92 41
107 10
73 62
71 21
41 82
45 11
54 12
103 115
99 70
97 113
20 90
35 36
32 100
2 119
87 101
10 25
1 79
108 9
103 70
79 0
101 74
96 121
112 120
27 115
121 28
92 102
52 65
85 100
66 107
92 64
