55 54
17 47
47 25
25 41
41 12
12 24
24 32
32 51
51 26
26 42
42 28
28 45
45 11
11 49
49 15
15 27
27 43
43 34
34 21
21 48
48 18
18 35
35 38
38 8
8 52
52 2
2 39
39 31
31 13
13 23
23 53
53 7
7 29
29 1
1 6
6 16
16 3
3 30
30 4
4 5
5 46
46 0
0 44
44 40
40 22
22 37
37 54
54 20
20 50
50 10
10 14
14 33
33 19
19 36
36 9
138
32 36
20 48
14 38
38 47
23 11
49 7
16 12
11 1
18 6
7 47
40 32
36 33
53 39
9 49
46 31
43 9
21 51
35 29
52 8
16 15
32 30
38 17
40 8
2 8
36 39
3 43
18 8
54 41
12 5
18 27
43 21
11 15
5 12
47 18
54 6
49 30
17 13
11 51
42 18
16 41
32 24
42 19
6 18
24 2
49 26
1 20
17 0
28 45
1 0
50 27
12 52
53 38
48 35
54 0
3 10
23 47
2 27
8 10
7 54
24 20
3 42
53 52
8 9
5 30
38 16
22 48
25 5
41 20
48 31
4 31
53 13
21 11
37 51
16 1
6 25
19 48
39 0
14 3
21 26
43 13
23 29
7 5
39 53
20 16
8 21
8 19
38 51
25 37
36 41
40 5
20 12
6 13
18 33
18 13
4 44
35 25
5 34
19 54
35 48
16 9
5 43
46 4
18 28
44 15
8 49
25 8
18 15
48 1
1 36
28 19
48 30
37 46
52 18
14 44
26 14
8 33
42 6
33 17
48 9
40 52
11 13
15 27
45 49
34 36
35 18
2 5
24 32
49 50
45 27
29 25
48 45
17 2
8 5
18 9
25 40
27 35
4 14
9 54
