340 339
65 89
89 188
188 13
13 11
11 327
327 200
200 60
60 47
47 300
300 48
48 74
74 125
125 273
273 261
261 189
189 329
329 258
258 256
256 204
204 207
207 275
275 94
94 71
71 224
224 54
54 106
106 109
109 168
168 105
105 304
304 307
307 235
235 142
142 99
99 64
64 242
242 46
46 191
191 276
276 272
272 32
32 103
103 155
155 312
312 24
24 176
176 279
279 221
221 262
262 309
309 19
19 57
57 70
70 59
59 319
319 228
228 102
102 90
90 111
111 337
337 281
281 160
160 190
190 173
173 291
291 156
156 75
75 264
264 223
223 37
37 9
9 31
31 333
333 159
159 30
30 86
86 222
222 38
38 123
123 177
177 297
297 40
40 225
225 208
208 305
305 219
219 25
25 84
84 41
41 83
83 326
326 56
56 29
29 334
334 87
87 98
98 170
170 53
53 58
58 195
195 92
92 15
15 39
39 96
96 166
166 72
72 139
139 284
284 318
318 147
147 253
253 113
113 233
233 112
112 238
238 230
230 153
153 117
117 295
295 178
178 197
197 136
136 213
213 66
66 299
299 325
325 163
163 287
287 192
192 63
63 73
73 193
193 249
249 165
165 252
252 67
67 321
321 45
45 194
194 3
3 320
320 330
330 201
201 265
265 61
61 211
211 251
251 296
296 26
26 314
314 339
339 22
22 124
124 82
82 118
118 322
322 179
179 209
209 234
234 298
298 21
21 286
286 290
290 328
328 268
268 282
282 158
158 280
280 91
91 138
138 145
145 85
85 237
237 121
121 126
126 69
69 308
308 271
271 294
294 114
114 231
231 151
151 133
133 247
247 140
140 285
285 316
316 241
241 162
162 101
101 172
172 212
212 269
269 150
150 236
236 302
302 8
8 77
77 127
127 248
248 214
214 143
143 43
43 244
244 35
35 289
289 28
28 196
196 122
122 274
274 174
174 187
187 134
134 313
313 186
186 288
288 239
239 183
183 161
161 10
10 250
250 16
16 18
18 154
154 148
148 129
129 255
255 2
2 310
310 206
206 210
210 0
0 34
34 270
270 259
259 254
254 292
292 23
23 141
141 79
79 245
245 146
146 104
104 44
44 182
182 317
317 115
115 332
332 51
51 144
144 62
62 137
137 95
95 88
88 93
93 128
128 293
293 277
277 315
315 55
55 266
266 232
232 52
52 76
76 42
42 181
181 169
169 152
152 7
7 20
20 202
202 311
311 306
306 50
50 120
120 180
180 27
27 331
331 226
226 217
217 5
5 110
110 240
240 205
205 100
100 301
301 164
164 171
171 243
243 36
36 12
12 267
267 68
68 257
257 107
107 33
33 278
278 336
336 80
80 17
17 108
108 220
220 81
81 49
49 167
167 1
1 157
157 184
184 130
130 78
78 199
199 215
215 175
175 303
303 263
263 229
229 4
4 216
216 116
116 203
203 14
14 97
97 135
135 185
185 283
283 218
218 246
246 198
198 227
227 324
324 131
131 119
119 6
6 335
335 149
149 260
260 338
338 323
323 132
148
175 67
141 140
188 202
21 161
6 30
164 89
274 44
193 111
273 250
39 4
138 222
242 146
326 187
166 156
254 54
8 249
0 262
31 178
115 227
322 1
236 44
312 62
90 37
40 269
196 156
188 44
335 326
238 151
56 48
232 212
55 203
155 292
245 270
111 305
95 116
2 231
71 37
146 49
56 77
162 212
105 230
99 245
305 22
61 86
15 68
63 144
75 150
68 26
176 220
264 301
337 197
212 79
258 203
194 13
126 133
162 337
337 6
261 267
186 92
297 168
141 32
16 327
279 308
163 167
337 28
214 263
5 69
184 280
121 256
278 263
226 206
149 134
138 330
298 266
177 34
205 141
336 294
46 87
207 148
225 137
308 269
266 270
339 300
328 143
182 312
234 126
99 253
306 164
32 229
166 90
208 225
111 49
333 145
0 68
238 256
262 145
245 125
56 42
205 295
236 0
189 221
63 274
234 148
146 214
31 255
213 51
42 232
286 273
107 148
102 46
10 175
9 178
17 132
230 47
201 78
192 104
157 310
4 98
12 177
318 26
28 20
150 290
13 199
301 24
311 48
226 246
9 320
310 96
253 297
101 125
69 49
321 181
305 26
29 8
103 205
265 172
159 14
291 40
318 43
233 10
321 245
282 285
22 96
148 155
253 101
332 160
143 191
135 145
