415 414
215 219
219 199
199 409
409 105
199 343
215 352
352 2
105 21
2 266
199 292
352 12
215 178
105 250
21 276
215 320
409 58
21 407
409 46
409 197
178 43
2 281
407 234
178 336
105 228
250 4
336 140
2 193
43 68
281 299
140 258
4 403
276 60
140 144
219 342
43 112
320 44
336 117
407 200
320 331
320 159
352 245
403 128
342 216
342 169
299 74
299 81
2 351
403 109
292 224
193 49
21 33
109 152
266 271
21 395
12 153
144 165
199 355
395 138
49 414
74 279
234 285
138 408
292 79
43 83
105 214
128 125
74 134
343 45
178 264
140 73
44 123
276 142
178 370
370 328
79 87
46 188
152 154
68 62
250 382
199 363
165 0
395 120
109 354
152 330
60 63
46 341
336 280
408 273
152 371
159 82
120 27
82 327
327 350
165 127
266 129
140 64
4 156
414 124
408 19
280 97
81 119
124 405
214 220
414 340
407 86
140 113
193 213
159 25
73 317
124 384
105 96
363 223
96 170
0 78
105 11
350 362
49 40
73 37
219 14
193 404
144 356
134 246
280 161
86 315
223 126
33 94
83 191
327 287
215 182
328 323
200 365
81 302
97 383
68 76
76 147
37 13
371 110
370 381
154 88
371 196
4 91
120 390
395 26
381 32
191 218
13 392
129 312
330 283
405 222
144 385
352 31
13 195
371 108
81 257
362 399
343 135
355 411
197 261
109 400
330 121
0 349
222 80
327 114
68 324
292 77
245 185
81 375
273 387
342 410
14 24
283 360
185 236
88 202
12 374
45 143
156 373
213 318
49 66
124 163
384 98
112 190
365 95
264 72
105 398
350 294
214 406
126 378
109 207
218 132
27 298
124 9
404 151
223 353
356 177
26 166
112 297
327 368
292 364
79 155
77 335
404 70
318 238
40 39
215 332
323 290
88 263
178 179
395 67
159 289
381 239
220 171
64 194
409 260
113 322
220 242
40 130
403 232
214 308
352 278
112 337
318 7
132 38
400 167
353 148
123 160
163 61
335 52
400 394
349 372
200 393
126 149
11 141
283 295
260 282
4 107
138 225
182 101
24 59
341 379
76 189
406 183
88 339
409 198
382 106
108 71
171 316
67 286
200 89
317 157
170 104
337 412
77 41
234 22
330 301
4 376
119 284
127 307
198 253
198 268
77 57
156 3
58 240
271 319
341 367
246 229
37 172
33 386
179 53
154 136
393 173
278 203
26 361
155 304
340 244
370 6
404 137
216 1
33 8
319 338
386 34
172 212
191 262
336 347
356 306
234 100
161 300
173 357
165 36
167 325
62 209
412 396
58 211
190 254
410 380
323 389
153 118
396 158
398 270
179 69
270 413
261 181
132 133
178 47
7 23
365 359
236 230
121 146
132 15
207 231
343 252
308 51
77 241
62 377
331 255
246 103
147 180
332 164
234 122
382 102
250 402
103 30
332 251
180 291
23 221
97 311
316 5
102 277
400 321
215 29
86 204
189 303
300 145
398 210
128 139
241 48
399 42
47 168
122 65
281 92
161 348
225 208
410 235
231 93
3 309
76 274
156 35
215 248
48 265
263 84
151 329
223 314
286 305
164 226
32 85
19 293
138 18
166 50
315 99
298 175
147 56
381 206
262 116
175 369
12 267
97 391
263 346
127 358
85 90
260 186
386 20
21 184
97 28
59 275
66 131
297 401
204 10
138 187
330 75
208 333
335 150
264 345
267 366
244 388
5 111
59 55
62 397
195 227
260 243
138 162
55 344
184 272
250 201
124 247
63 174
343 205
336 176
261 237
84 17
131 192
82 326
149 217
370 54
282 233
260 269
50 313
405 334
239 288
186 310
112 296
273 249
6 16
388 256
262 259
85 115
46
220 35
20 197
302 376
71 126
217 228
91 293
107 82
138 380
253 67
320 267
379 377
284 126
375 242
294 134
49 155
106 262
74 253
383 99
267 325
65 400
133 302
229 132
90 273
101 173
79 295
289 198
357 17
285 11
322 1
45 216
47 226
274 130
297 50
389 141
75 96
240 136
414 121
334 221
251 86
309 59
183 298
314 242
351 166
128 185
161 285
282 77
