348 347
267 236
236 220
267 93
220 34
220 76
236 177
34 296
296 12
177 279
236 140
267 225
93 75
177 199
76 249
225 193
76 307
12 131
236 310
279 53
279 163
163 324
163 48
249 101
75 125
193 253
75 278
267 299
53 184
163 227
225 340
236 291
310 258
236 10
75 25
225 218
324 210
12 213
278 316
193 64
218 306
296 238
236 120
48 245
53 332
125 52
125 92
299 13
184 68
140 263
245 303
184 36
163 44
163 219
253 28
163 192
92 269
299 95
68 242
303 50
12 206
242 143
120 57
199 181
12 38
291 41
41 327
143 27
219 346
310 58
263 159
220 262
177 6
199 266
12 265
181 86
227 247
181 288
36 328
92 234
36 56
95 222
346 274
10 85
267 91
52 49
316 305
131 207
41 232
10 315
274 252
267 43
291 186
50 116
279 229
305 171
53 208
213 248
220 342
25 82
220 138
177 197
50 337
303 174
238 14
163 62
248 261
171 286
177 100
342 325
229 5
315 333
219 158
263 284
269 289
181 268
227 123
52 37
303 119
332 290
253 133
10 89
328 112
62 204
171 179
210 300
131 152
253 102
242 121
58 205
222 244
225 151
247 241
85 115
262 74
159 32
85 285
74 164
241 239
56 72
266 16
290 106
327 183
229 128
177 329
286 293
49 191
247 185
91 90
247 169
310 19
119 71
242 80
38 270
342 132
164 166
112 65
27 136
324 63
325 223
288 317
263 149
49 203
136 109
14 215
6 273
120 334
91 175
273 87
48 196
266 150
41 275
179 233
49 142
219 139
181 103
41 264
120 212
317 195
100 226
121 79
342 190
128 23
43 3
316 201
175 144
80 343
241 187
143 298
204 336
329 347
76 167
25 281
3 130
87 161
208 250
143 0
10 341
336 339
63 255
63 24
184 97
171 4
234 137
76 33
267 282
334 331
53 156
242 124
285 104
195 114
171 322
144 231
273 17
48 83
263 230
284 127
244 1
300 81
167 302
299 66
185 295
19 251
50 129
95 198
242 126
342 292
213 214
193 297
282 60
337 47
177 318
215 221
306 170
347 216
149 172
267 217
57 111
12 235
28 188
216 30
85 154
333 146
136 141
327 240
331 326
102 22
87 105
316 84
43 148
63 259
1 180
199 272
206 135
49 29
79 70
132 344
180 31
255 40
65 165
217 55
43 155
221 94
13 73
324 309
144 8
72 20
84 294
264 145
119 157
83 9
253 107
119 67
288 2
284 312
324 113
333 209
175 21
120 237
127 283
198 69
259 42
9 7
112 51
151 304
143 35
297 243
196 224
131 335
250 162
105 18
299 88
144 330
206 54
8 200
233 311
7 122
30 182
329 256
269 260
131 77
131 45
76 153
29 147
84 26
199 39
54 160
106 277
177 228
328 78
281 254
228 118
285 108
36 211
193 176
211 96
137 117
262 11
336 168
150 308
22 246
244 178
67 189
219 46
299 320
78 301
183 338
265 99
317 276
26 202
21 194
71 345
241 110
283 61
186 323
240 314
154 15
269 257
118 313
258 173
112 271
84 59
157 134
206 321
62 319
292 287
175 98
16 280
56
165 112
311 34
40 316
89 1
139 236
254 317
144 343
299 13
286 216
204 144
310 174
247 217
252 284
229 144
180 168
338 304
62 346
156 114
222 62
137 234
224 61
343 184
36 208
183 281
285 249
341 209
154 120
276 235
61 62
141 198
108 159
261 283
174 205
46 76
105 107
60 305
41 179
80 11
52 54
60 47
27 211
327 198
329 72
193 290
309 310
18 227
204 212
179 158
309 96
134 295
314 110
143 344
98 23
19 3
254 156
135 64
