633 632
584 374
374 136
136 160
584 82
584 525
525 597
160 96
160 432
82 454
432 477
96 81
136 533
432 93
584 106
106 141
96 617
96 429
374 627
617 143
597 178
106 284
160 526
617 399
82 412
143 14
374 273
454 359
597 163
143 232
143 217
432 382
284 493
454 281
412 103
374 482
533 440
217 504
440 7
359 625
399 430
96 154
141 150
143 63
232 244
143 169
106 190
190 388
477 286
454 59
597 443
526 65
284 468
81 518
150 13
141 609
63 340
65 220
103 236
443 426
399 460
493 257
163 100
141 145
460 122
609 79
284 610
460 76
281 161
145 474
141 116
116 58
106 554
217 419
474 90
145 573
340 22
573 49
90 296
14 620
178 587
426 77
160 450
141 278
554 8
426 521
610 212
136 266
474 304
93 588
419 10
454 21
122 456
232 99
450 146
58 283
22 310
429 84
63 421
82 351
474 489
76 527
178 206
106 200
200 592
374 262
232 3
617 130
77 107
103 363
10 564
145 137
359 508
130 391
493 539
96 188
588 405
65 567
103 420
266 630
493 488
103 199
304 618
587 105
521 94
521 303
137 235
391 623
412 307
617 345
212 56
199 179
63 334
76 34
188 577
597 311
286 223
412 241
99 368
281 157
169 417
584 342
59 386
311 125
103 52
212 118
281 555
93 616
493 410
154 1
340 378
49 550
179 530
79 600
410 102
235 318
450 559
244 441
623 70
310 478
206 264
220 239
525 395
477 16
617 500
7 581
105 263
482 15
573 606
81 242
359 549
368 68
450 418
559 27
200 183
450 396
118 579
70 629
21 545
136 129
146 252
145 437
102 509
27 595
493 328
130 194
13 164
252 237
573 170
440 355
432 534
303 171
417 445
539 61
526 473
545 211
63 231
627 593
549 67
217 72
206 583
368 162
252 19
154 4
477 348
573 330
61 406
14 624
386 632
526 435
588 255
212 607
257 153
539 152
597 289
435 589
363 507
106 622
194 35
163 17
178 117
567 250
508 112
595 423
555 594
190 325
617 480
355 24
421 316
289 615
281 603
188 537
348 524
500 138
15 198
615 486
595 176
307 302
8 413
284 205
283 78
363 447
8 481
577 357
629 329
106 309
255 475
307 611
7 434
357 516
348 501
378 364
391 552
328 259
521 356
620 585
406 224
526 485
318 515
474 192
579 612
597 40
237 297
399 393
250 321
589 158
3 23
583 312
118 449
388 366
302 483
527 159
146 621
351 392
199 74
357 494
527 379
157 453
117 230
549 317
252 619
486 208
179 41
100 492
509 541
67 195
190 540
486 319
3 298
15 409
235 497
99 568
49 265
627 575
412 336
152 332
152 196
355 274
592 101
7 210
588 335
615 66
235 168
445 322
568 37
162 503
540 403
63 185
56 75
473 251
474 323
94 402
3 308
399 148
37 282
257 390
621 245
224 520
7 358
600 547
319 314
533 519
627 46
539 608
21 32
473 180
304 39
611 193
264 346
403 9
488 337
122 292
323 51
154 268
342 131
396 271
193 436
577 225
322 5
244 174
434 189
40 280
150 479
434 535
66 132
520 496
302 288
317 327
535 487
621 389
537 411
174 586
535 542
250 570
223 226
577 172
273 222
612 467
169 233
374 531
345 375
192 511
170 31
474 458
559 191
334 532
17 324
7 538
577 165
314 123
620 147
518 464
630 598
603 361
388 184
418 272
617 512
292 387
21 119
629 548
210 605
199 221
170 83
148 229
348 69
622 574
179 88
564 562
262 202
348 560
606 471
107 197
575 305
107 45
148 301
374 349
489 139
152 397
434 213
447 590
199 536
615 556
210 248
23 71
487 85
430 240
178 203
329 367
90 155
278 109
629 381
497 569
172 89
27 439
292 142
296 126
23 565
82 269
191 369
129 415
512 80
346 115
530 256
150 64
41 580
40 528
488 243
107 446
526 0
531 546
296 407
244 502
386 561
289 36
552 175
255 365
458 91
280 43
486 320
317 234
272 87
292 376
211 299
402 279
244 177
305 372
407 62
206 57
169 604
488 601
518 228
508 12
66 360
434 384
205 510
468 495
382 354
320 124
521 455
152 108
228 470
471 416
123 6
420 499
604 53
325 247
511 313
176 218
224 602
606 398
592 431
386 60
617 187
584 563
36 128
128 466
384 258
199 506
471 343
546 414
562 42
157 522
177 505
475 111
23 216
590 461
4 44
211 95
101 55
236 438
313 277
545 86
554 404
90 133
608 394
376 626
183 144
598 551
364 135
502 253
493 383
170 491
131 295
369 156
111 400
626 544
612 462
221 30
30 276
27 422
45 371
328 214
528 54
170 459
133 219
480 582
440 490
307 33
146 104
496 576
231 92
312 469
403 182
417 463
393 167
486 523
138 385
224 596
598 50
264 300
83 362
137 380
219 201
497 513
511 293
357 452
187 275
231 291
300 20
32 572
228 127
485 476
379 350
564 514
546 209
308 614
102 204
231 425
158 448
497 306
226 2
142 114
355 260
106 261
563 207
124 267
222 151
284 451
330 47
59 38
357 140
400 341
394 11
393 18
226 599
24 543
300 631
83 428
147 442
388 29
489 347
83 315
3 294
244 285
35 166
161 484
47 215
343 338
474 48
175 424
598 333
127 287
146 498
471 290
206 331
71 134
632 227
464 238
603 517
398 73
624 113
338 444
134 377
588 110
117 457
385 553
73 352
340 529
299 28
299 401
262 121
221 120
464 25
526 566
425 373
310 557
354 26
453 339
540 97
300 628
629 558
391 571
302 427
267 173
455 98
104 408
179 149
269 472
569 591
71 326
362 246
278 433
281 186
510 465
95 578
581 181
459 344
573 254
452 249
90 613
166 270
610 353
239 370
66
267 102
123 543
87 164
543 165
150 197
87 121
424 242
487 248
151 125
279 433
326 496
626 615
352 201
594 99
251 598
603 217
117 324
90 230
612 146
75 67
70 465
278 124
102 137
379 164
417 431
43 57
182 291
481 210
596 527
376 509
605 399
158 481
402 302
458 288
238 624
434 128
625 617
183 74
67 220
157 474
203 226
227 561
630 143
275 32
608 295
130 265
487 610
629 509
444 178
473 119
77 531
186 162
211 481
109 147
399 58
158 299
354 425
452 569
576 374
179 581
387 272
281 153
177 124
242 288
317 163
442 525
