919 918
566 672
672 392
672 368
368 1
566 362
566 631
368 490
490 500
368 828
490 887
566 220
362 807
807 703
887 459
887 664
828 95
490 606
566 756
566 13
664 380
631 636
828 468
756 613
807 876
613 86
95 841
392 117
362 409
756 165
117 296
756 20
876 347
13 548
828 506
117 38
392 267
95 125
296 427
117 871
368 702
887 119
117 622
95 704
871 175
459 446
828 448
13 287
871 554
828 618
468 865
95 123
446 759
613 875
362 770
876 712
702 911
756 239
13 316
865 242
287 321
490 215
459 251
756 522
618 339
606 172
175 229
828 331
703 367
367 775
427 726
267 312
468 460
20 303
1 600
220 439
229 502
828 297
380 307
242 137
636 403
321 534
606 491
403 408
636 758
296 794
828 422
439 39
460 449
408 300
522 9
712 264
362 503
503 272
321 184
875 819
775 599
819 669
408 688
439 687
758 684
117 81
408 706
706 452
794 122
422 883
687 605
758 332
287 655
215 810
422 666
125 785
599 7
446 505
876 488
331 133
86 796
239 695
459 805
220 572
296 821
172 317
687 898
687 908
439 773
20 48
502 719
600 639
695 47
503 478
503 135
184 112
828 211
122 343
876 862
297 607
703 699
775 188
459 61
48 89
165 6
184 907
607 540
911 111
522 814
172 626
639 155
907 577
347 411
95 438
119 75
267 675
775 825
702 322
175 823
411 914
704 793
770 526
135 457
491 483
819 433
86 156
422 62
86 647
703 333
1 341
773 585
600 632
825 569
569 579
675 2
712 108
702 190
81 36
814 611
307 371
505 743
272 139
613 629
439 855
7 663
719 51
585 374
703 200
86 376
287 651
89 37
566 866
449 31
459 619
215 498
548 29
770 313
448 884
699 210
211 164
775 786
914 203
675 247
773 363
184 354
448 573
688 417
368 5
664 633
75 206
506 665
347 130
756 3
805 237
478 19
307 671
805 535
251 835
607 617
647 444
883 723
7 388
117 15
835 771
807 149
449 904
48 538
408 499
887 284
548 163
156 455
86 327
51 742
409 158
599 118
163 586
380 589
712 836
626 127
135 399
719 788
215 90
156 674
742 295
786 241
631 416
911 76
446 799
333 870
331 708
639 634
506 909
706 529
163 558
577 166
577 470
794 523
712 724
794 378
332 872
368 832
865 691
785 370
312 696
529 710
566 741
540 445
566 541
526 745
634 888
639 562
825 21
488 466
449 733
538 106
825 183
775 462
898 513
558 423
29 218
503 750
541 238
821 582
48 492
745 787
215 394
513 690
156 678
836 99
90 309
675 623
862 407
164 816
61 627
362 892
483 730
634 389
106 323
502 780
872 12
626 638
89 384
600 53
866 340
655 515
449 721
870 686
112 285
703 837
758 783
81 652
876 747
378 471
408 77
331 160
166 711
206 481
471 738
909 379
724 219
788 174
773 268
206 257
708 209
354 714
411 917
422 854
611 777
61 180
137 72
711 182
184 116
433 401
471 461
323 245
471 82
502 69
866 790
29 553
605 57
309 350
284 727
638 68
522 74
909 840
513 120
540 278
272 169
322 894
62 25
696 518
460 746
611 874
629 290
182 282
678 682
871 596
86 391
135 195
81 705
666 269
269 591
719 335
884 511
378 351
579 83
272 162
264 725
448 676
82 901
704 514
746 281
130 900
569 760
814 804
502 138
149 121
793 848
619 539
350 857
788 574
384 425
483 140
461 191
290 646
727 795
666 432
874 882
664 728
459 838
425 916
690 800
574 212
491 667
498 893
190 809
667 833
160 326
3 91
816 494
427 102
180 509
77 753
371 486
651 249
117 88
267 100
888 873
795 648
728 568
374 501
89 517
553 146
281 668
904 30
408 318
773 559
432 308
417 234
211 863
91 845
139 143
318 107
206 552
682 653
505 642
264 709
857 377
759 834
816 881
836 846
354 806
833 803
391 447
515 487
82 294
517 428
875 58
403 10
367 429
278 204
836 153
562 292
241 299
112 78
725 813
183 521
133 847
706 830
77 594
857 744
589 192
847 584
690 60
823 656
884 868
804 716
742 261
3 348
460 902
219 328
914 136
238 56
99 781
492 289
759 54
676 431
488 735
577 543
868 897
339 207
841 45
444 301
663 253
907 615
60 42
209 820
408 126
730 467
783 325
745 598
339 64
1 551
446 43
682 497
30 755
206 217
515 330
676 228
894 168
292 536
108 849
622 240
814 762
376 150
626 142
642 199
367 412
836 778
900 34
183 458
735 18
892 315
237 369
377 560
606 342
847 621
699 293
825 722
239 718
53 24
142 886
195 473
709 360
118 85
733 201
553 547
871 80
268 767
30 660
486 484
449 226
122 442
678 692
623 700
64 344
293 35
432 148
882 171
712 0
872 827
191 752
642 654
438 286
585 8
711 905
106 575
534 141
39 434
308 424
744 255
606 260
810 274
626 248
368 610
735 843
642 831
153 405
292 707
218 593
821 358
30 415
491 298
536 899
407 556
155 223
804 352
461 49
449 414
600 443
674 477
380 885
770 510
448 66
470 104
917 533
43 154
663 643
457 661
220 314
74 145
534 736
800 673
77 304
24 896
215 151
736 602
122 476
916 465
821 659
647 508
215 839
422 385
501 225
2 812
896 641
391 387
39 55
498 355
529 310
15 698
745 580
341 670
153 271
916 224
481 842
816 73
31 818
298 59
385 493
332 608
688 603
432 677
838 811
399 197
517 587
355 336
95 189
623 616
88 420
830 109
773 451
255 772
321 110
478 915
840 243
813 11
139 259
379 895
553 761
59 802
758 464
242 516
150 474
513 590
351 472
30 578
610 221
514 581
36 283
155 256
172 817
771 597
434 650
142 679
750 637
166 181
562 570
621 186
313 530
342 406
579 754
66 463
461 792
643 400
451 193
355 98
64 620
608 311
308 252
371 525
74 469
876 258
543 689
218 129
728 364
210 194
328 685
691 23
326 393
77 604
158 537
606 390
158 764
529 563
704 701
800 731
664 850
529 824
615 177
770 386
755 791
560 254
667 84
204 576
719 592
676 159
45 507
121 768
405 179
136 475
200 375
387 222
484 877
730 891
371 571
221 71
89 649
745 230
701 306
702 132
370 426
812 912
191 454
912 609
873 441
608 114
215 196
493 101
547 170
292 338
325 910
13 280
584 44
23 279
530 244
674 402
823 157
74 381
171 658
241 383
392 861
462 202
323 92
158 208
427 366
455 103
654 410
513 359
684 717
500 694
603 645
656 565
427 480
543 644
348 729
744 273
497 33
695 41
832 395
803 173
472 913
196 398
552 397
299 152
267 27
547 93
593 319
895 334
780 185
648 740
191 851
704 798
481 524
659 213
391 867
689 450
24 482
93 40
526 769
770 479
886 625
723 250
146 681
571 864
400 404
258 697
710 601
38 235
810 542
848 852
798 365
137 187
833 134
868 430
871 97
77 22
388 214
599 305
8 555
229 890
533 105
799 858
287 357
371 46
365 231
303 232
652 198
540 128
514 815
896 889
101 853
653 880
295 356
488 453
819 233
509 869
692 52
223 262
11 50
795 774
907 732
244 612
285 291
334 856
901 630
681 561
62 713
696 531
617 288
794 734
326 614
462 822
778 265
34 739
325 683
298 382
408 549
160 178
642 437
713 320
129 789
444 26
159 337
412 532
327 527
830 205
27 270
34 28
806 167
785 418
426 372
695 879
538 757
454 324
615 657
755 595
508 564
580 829
641 144
771 70
836 776
12 277
569 878
367 567
581 808
739 124
775 583
320 797
823 918
201 227
752 628
231 715
412 528
469 635
44 662
785 216
110 903
112 801
912 485
417 495
378 766
184 860
868 17
590 32
253 720
149 361
254 4
321 346
256 749
539 504
406 546
22 784
389 236
88 413
126 65
483 737
258 588
481 176
712 329
917 16
594 520
670 751
586 67
555 436
331 113
193 421
12 512
896 456
864 302
568 161
631 765
724 550
164 266
887 131
566 115
568 440
354 435
421 748
548 859
857 87
143 693
76 519
574 63
857 345
821 349
370 489
593 373
341 147
864 353
46 396
70 545
524 276
173 624
631 826
72 640
317 544
365 246
893 844
564 419
612 94
293 96
93 496
880 557
434 779
320 79
741 263
236 782
617 275
274 14
393 906
341 763
412 680
76
706 903
787 214
435 51
13 2
854 853
548 544
828 590
823 653
600 351
13 639
102 615
787 162
734 338
291 271
265 616
32 787
9 60
170 778
486 845
902 882
313 667
868 6
165 262
579 335
214 345
892 411
394 890
872 76
393 864
231 591
580 561
563 883
295 500
868 593
328 420
425 30
478 635
640 516
151 276
42 837
653 124
406 678
532 48
789 528
805 33
471 0
172 147
825 465
463 485
333 550
324 696
875 309
876 446
250 562
516 656
249 121
671 769
452 828
475 467
149 767
225 165
5 686
222 498
725 236
528 705
351 679
32 441
518 413
669 664
649 414
306 426
862 218
281 535
738 192
175 564
153 116
