852 851
720 476
476 523
523 316
476 541
720 166
541 576
523 202
316 603
720 291
541 645
166 638
202 556
476 834
202 157
166 102
638 111
576 580
111 401
576 240
556 466
720 269
157 619
157 506
541 171
720 642
166 621
619 116
466 255
291 141
556 589
642 808
116 539
116 538
269 831
580 752
255 176
506 351
476 742
720 270
506 294
645 289
270 734
556 699
642 123
523 546
541 178
742 328
176 280
291 312
351 504
176 743
178 93
834 125
619 47
240 174
351 626
699 342
166 247
504 511
523 392
699 462
462 259
466 261
351 34
123 483
483 402
642 542
462 154
166 252
462 650
538 143
589 590
280 844
834 217
638 820
476 257
269 28
102 273
742 825
650 44
259 395
538 4
259 461
125 563
699 499
141 681
154 490
257 237
34 549
102 527
34 161
742 315
511 839
834 553
742 282
462 557
291 238
650 807
328 757
757 652
237 104
123 283
490 433
542 190
542 179
34 770
576 25
157 592
549 340
270 753
638 503
252 378
557 350
720 849
638 128
499 262
261 727
128 136
47 151
141 187
402 525
753 147
727 764
34 811
44 780
123 371
752 798
461 296
808 429
238 50
844 660
592 528
237 806
154 566
834 81
849 430
557 641
350 327
296 747
834 92
328 600
151 805
238 175
161 564
123 331
257 817
273 610
539 417
92 667
116 728
417 341
175 689
102 501
557 797
157 46
541 529
261 745
528 833
175 700
187 677
797 267
576 744
527 311
549 227
81 195
371 644
378 824
259 278
745 260
179 672
296 738
672 42
328 579
556 614
557 165
395 6
255 135
528 349
417 389
273 220
161 343
135 41
553 434
240 391
187 680
289 369
202 193
538 94
343 14
580 773
501 464
677 673
262 357
434 266
499 612
557 647
557 575
50 790
647 794
490 685
46 581
111 842
278 359
269 414
466 31
462 801
270 210
619 167
563 530
289 526
252 326
801 662
638 791
151 536
592 445
104 43
791 830
490 48
504 646
529 628
369 73
681 836
315 706
807 565
269 491
825 103
135 838
125 524
590 537
116 347
179 218
392 274
6 712
524 36
808 416
844 124
218 368
368 717
612 173
626 702
331 467
141 20
619 632
539 649
536 324
526 737
20 666
104 344
296 318
357 119
564 53
680 106
839 82
681 5
202 0
174 130
28 114
542 346
20 206
193 432
0 221
238 732
130 630
315 739
699 436
553 676
190 387
563 453
296 448
801 332
537 775
546 722
331 11
346 544
747 846
4 754
416 95
753 322
273 250
73 243
546 534
566 622
206 76
632 1
754 422
130 323
685 88
745 627
753 573
41 635
612 774
147 756
667 479
296 410
476 399
257 440
237 596
831 317
260 763
389 789
789 423
462 329
650 692
294 455
775 633
836 120
712 287
650 186
622 795
5 191
483 675
165 263
576 516
836 458
429 705
633 96
795 3
47 360
524 786
350 459
76 532
797 398
36 126
842 449
635 397
210 309
453 792
677 735
76 741
430 383
646 117
5 690
622 290
459 443
47 452
752 815
423 330
627 352
217 424
831 407
323 113
346 802
94 115
113 762
82 599
741 148
326 812
541 201
352 474
332 8
445 487
490 758
797 204
798 162
154 118
266 796
557 183
210 406
116 385
119 415
466 595
282 180
378 468
789 782
195 713
340 83
786 419
342 356
511 245
530 79
690 733
327 60
689 441
573 51
667 314
825 746
838 122
758 572
283 704
240 505
42 604
638 714
476 421
4 819
647 56
434 38
154 847
346 721
8 618
407 623
124 49
290 766
151 450
433 804
766 508
135 616
797 65
610 535
340 264
685 77
838 509
614 639
44 155
737 769
491 772
433 625
831 69
369 809
467 89
387 593
88 800
309 465
34 515
844 374
193 80
36 16
789 182
792 169
190 338
309 39
360 239
589 814
590 582
322 587
96 751
599 404
479 198
639 578
389 533
563 485
94 236
114 139
397 703
599 607
245 562
374 68
811 570
824 212
581 207
309 142
331 418
48 358
180 657
677 498
838 783
326 222
487 631
450 112
498 513
842 208
589 442
222 272
210 146
676 216
628 615
700 409
383 336
562 446
162 363
702 851
359 594
796 560
76 78
191 658
326 86
537 246
1 203
614 724
673 281
737 701
1 818
623 304
703 684
667 150
81 72
359 310
4 411
618 90
198 492
94 597
685 109
112 679
516 26
191 471
635 35
83 231
817 197
508 295
389 297
125 163
350 335
790 750
259 767
175 835
399 375
455 761
626 33
741 760
231 29
644 636
652 381
849 19
732 460
397 225
811 832
815 708
553 696
357 75
681 254
154 540
352 519
20 54
38 205
805 292
825 787
717 160
280 219
350 52
836 138
746 303
824 84
595 403
104 694
460 21
122 567
754 258
381 480
772 62
641 555
112 777
352 244
621 512
69 18
309 302
312 27
154 637
825 591
103 715
225 172
772 547
756 99
171 823
764 382
808 665
73 810
681 669
747 366
792 158
291 785
542 249
700 781
720 559
315 308
114 428
324 284
187 611
324 674
363 30
706 199
206 17
641 153
462 759
523 307
258 470
385 486
674 788
465 149
783 648
287 574
802 659
263 653
409 59
600 605
428 184
775 711
818 518
836 12
433 771
122 609
172 522
401 137
589 710
419 132
322 393
839 482
524 552
529 121
652 98
769 320
807 749
523 687
237 339
88 107
461 709
460 152
628 776
727 813
532 606
161 481
834 571
607 473
612 57
645 447
397 651
104 730
647 229
572 726
246 71
794 276
395 299
149 507
538 740
465 361
284 234
728 170
107 586
315 472
781 133
645 15
31 100
363 475
842 373
541 388
649 568
41 420
498 394
369 697
777 293
461 477
809 736
197 601
124 400
566 755
677 827
594 765
41 602
480 63
537 2
789 226
672 682
88 456
694 438
605 181
684 495
662 230
662 719
137 412
468 74
80 285
344 66
1 40
516 105
571 370
830 194
687 228
730 298
685 778
581 828
284 707
765 177
527 691
518 543
587 489
361 620
8 725
704 189
572 337
699 502
501 200
412 279
721 799
200 355
385 70
287 779
786 23
279 32
774 463
827 624
591 61
406 634
102 386
534 55
393 583
590 45
255 248
245 693
93 821
409 301
679 784
186 384
659 668
572 826
343 251
556 362
476 496
719 67
665 500
766 829
753 275
459 24
391 364
807 550
309 348
105 640
393 850
206 224
546 425
734 101
711 97
430 585
668 127
609 265
98 145
765 437
763 214
776 654
436 661
810 683
482 325
631 377
473 233
745 319
764 569
298 134
319 723
206 584
804 431
753 241
259 396
120 718
418 510
805 313
673 469
399 10
693 521
344 577
745 37
123 390
116 663
26 494
600 372
61 837
224 188
57 588
363 140
823 321
248 613
311 405
233 22
430 426
230 617
775 131
267 213
806 345
575 816
145 531
262 333
35 517
562 9
67 608
409 554
52 655
835 408
789 729
269 365
419 268
4 439
685 520
327 380
97 748
143 288
458 379
249 211
578 848
49 427
74 58
498 232
387 561
179 144
628 306
570 242
259 843
26 110
69 367
586 454
348 493
441 334
391 209
474 192
247 545
554 277
838 768
22 300
301 484
195 215
329 223
34 305
218 185
426 87
449 558
667 64
604 488
281 671
434 256
412 664
799 514
493 413
45 13
121 91
848 845
703 376
17 686
566 497
70 716
266 451
207 841
134 731
781 353
485 551
306 822
664 656
777 670
348 695
576 159
807 840
476 168
682 444
614 803
811 435
580 7
649 457
637 598
277 253
779 196
794 643
181 354
190 85
696 108
361 678
568 793
357 629
543 478
803 698
427 129
47 271
616 156
572 548
576 286
646 235
215 164
192 688
86
394 203
429 186
131 455
799 741
97 25
627 387
174 532
669 489
334 368
431 104
771 459
437 159
436 452
188 341
821 565
491 139
424 298
491 178
699 525
634 191
457 448
93 838
387 241
320 22
557 99
633 114
681 733
328 609
57 380
664 82
146 5
70 596
837 469
156 52
555 780
89 149
658 159
59 433
102 630
319 76
792 405
758 243
792 121
32 342
734 414
584 644
236 757
246 96
123 330
492 844
799 251
184 376
101 685
269 760
167 221
160 471
715 66
712 181
631 709
207 199
799 90
185 134
57 689
334 364
416 318
180 289
268 519
675 323
89 561
271 677
389 381
583 644
741 189
117 489
807 357
34 726
436 153
185 530
298 31
725 316
139 805
763 448
445 354
412 650
727 522
305 466
