137 136
130 69
69 108
69 15
130 23
108 109
109 70
108 62
62 112
112 98
15 103
103 54
70 53
15 55
108 35
69 133
55 125
70 58
125 44
53 41
103 18
55 59
41 65
133 106
53 8
23 0
59 117
23 5
41 79
112 104
18 75
23 86
86 95
23 84
95 24
112 113
113 81
112 63
54 123
130 64
54 47
54 67
103 119
98 50
24 36
119 78
47 136
54 110
58 89
98 73
69 72
75 25
44 99
0 93
69 76
79 57
72 102
103 71
71 60
72 107
0 97
44 121
78 132
106 21
0 100
15 38
65 31
119 26
119 28
103 131
5 39
130 33
123 118
73 34
34 129
54 101
5 122
95 115
64 68
58 127
64 49
21 91
89 120
78 51
67 74
35 56
71 43
76 94
127 66
26 80
70 85
34 134
41 10
104 16
43 77
18 2
65 20
94 111
55 13
58 37
38 32
89 83
91 82
99 105
89 92
110 3
82 12
24 17
66 46
0 128
113 42
63 7
5 52
67 9
85 1
39 40
59 87
60 22
37 4
111 90
113 11
31 45
90 96
53 61
76 48
23 124
103 116
96 30
73 88
17 27
92 126
136 29
129 135
118 14
7 114
74 6
127 19
144
3 49
111 20
36 75
52 37
43 87
91 41
88 41
30 67
120 25
113 123
12 113
8 120
45 29
14 93
122 70
66 115
115 107
62 67
71 125
54 120
32 88
34 27
84 127
109 121
79 6
70 38
135 58
96 89
16 98
47 19
89 47
46 36
98 103
105 60
127 41
94 21
101 119
4 96
70 46
35 13
133 39
85 20
13 104
97 53
28 94
1 121
107 51
58 23
114 20
35 126
9 57
45 41
97 117
0 81
41 62
111 130
51 11
42 7
16 57
124 24
39 8
86 65
35 72
49 74
95 91
124 96
108 79
131 54
17 109
25 126
55 31
71 2
112 119
36 45
42 83
6 87
5 82
77 4
33 45
118 131
85 67
53 56
7 49
7 131
95 5
15 81
82 119
111 36
101 83
111 64
79 43
2 120
0 89
36 64
54 12
49 86
38 103
136 124
28 60
69 94
6 51
101 18
18 98
60 116
86 112
45 59
42 100
77 109
68 132
17 46
108 82
42 44
78 104
52 132
60 107
40 114
80 29
53 15
55 41
4 35
119 117
95 58
67 116
83 84
97 62
50 17
9 133
2 34
102 7
102 81
131 9
126 104
125 108
37 44
62 102
45 109
129 101
122 68
87 15
10 133
23 16
101 110
54 45
127 111
