423 422
14 379
379 322
322 191
191 420
322 346
191 402
379 154
191 3
402 42
14 327
420 297
42 26
346 129
129 109
26 217
217 221
402 342
217 260
221 318
154 86
154 263
322 180
342 11
86 113
402 233
327 323
233 38
402 49
154 1
402 55
297 249
322 61
26 152
327 235
297 98
233 319
55 134
86 398
26 171
249 303
297 67
180 280
303 149
14 142
134 114
98 232
327 246
217 311
3 40
221 147
113 282
149 341
134 321
342 371
113 72
246 401
98 312
280 307
147 87
67 279
321 160
249 331
233 59
129 53
55 6
142 34
307 121
180 143
72 137
147 302
143 91
55 167
147 148
3 25
235 376
398 252
149 264
331 403
282 416
3 194
6 100
53 313
38 350
25 28
38 135
403 170
171 296
350 393
311 255
170 339
313 272
341 125
272 294
171 418
346 115
217 267
121 60
321 161
296 45
194 326
3 275
280 208
319 201
402 308
49 4
34 373
208 287
72 409
321 10
249 5
26 238
14 410
125 155
6 164
217 139
148 193
53 347
416 386
180 82
235 258
34 357
3 225
5 63
142 104
321 186
201 239
350 123
217 325
246 124
10 372
323 212
67 162
72 43
263 395
307 343
142 190
311 300
294 112
350 46
357 320
418 337
232 156
98 37
162 58
320 310
386 146
156 333
61 242
255 365
242 151
143 188
112 356
37 360
149 210
307 85
100 106
313 165
300 138
249 361
373 132
372 377
11 277
357 178
403 419
34 285
325 48
263 8
311 353
395 268
129 66
347 243
296 175
410 228
201 334
238 158
342 364
416 202
228 405
341 39
164 196
319 295
167 30
46 344
402 209
379 257
38 179
86 22
87 51
167 352
104 383
138 83
196 93
175 385
188 291
357 369
242 185
180 88
125 366
178 266
113 328
228 126
318 78
272 363
287 105
268 107
193 79
321 408
5 7
34 141
78 289
341 240
243 195
225 103
419 244
244 213
403 89
185 2
408 332
167 276
337 145
123 17
42 182
139 62
405 102
17 400
156 283
403 412
276 306
186 222
180 116
294 68
242 382
93 199
344 340
14 396
266 219
267 290
280 234
372 358
260 20
121 64
89 274
360 388
402 218
376 245
141 74
409 133
275 13
129 54
235 250
112 390
162 176
191 370
170 101
331 271
132 181
346 362
290 336
143 119
266 298
388 33
154 197
141 368
306 288
190 292
313 354
370 215
180 12
161 173
244 95
135 183
215 397
383 168
379 247
179 97
11 187
72 394
51 305
354 355
43 414
129 241
302 18
334 349
263 248
8 226
39 378
285 314
408 220
371 84
68 172
319 56
344 177
34 150
394 259
362 94
396 315
349 122
197 404
14 27
95 387
302 120
387 392
390 262
294 237
171 108
138 413
193 99
297 211
314 422
154 21
154 231
193 270
288 227
228 29
88 214
239 286
245 110
302 117
272 157
121 216
120 293
3 415
94 236
122 70
160 111
147 351
220 284
377 96
33 309
350 229
142 163
366 384
112 76
135 273
390 278
416 73
212 224
392 32
60 140
361 136
270 69
162 281
145 375
142 301
272 15
225 399
152 131
26 269
151 417
238 184
208 380
30 330
312 166
82 374
201 324
178 338
377 57
325 205
88 9
218 411
126 359
379 230
210 16
100 52
88 381
225 80
368 174
107 329
48 41
86 127
402 316
165 406
58 317
328 223
186 90
337 198
361 389
396 77
38 254
386 31
68 407
89 304
171 203
375 24
158 144
219 348
233 200
11 118
99 253
63 367
179 256
17 204
63 19
314 159
158 35
101 206
418 265
12 251
90 71
68 335
122 189
335 128
122 65
407 421
346 75
263 169
143 345
318 81
251 207
338 261
226 153
394 23
329 299
147 50
142 0
126 92
412 130
322 192
165 391
187 44
420 36
163 47
154
316 133
175 13
266 14
14 286
269 248
375 91
35 281
419 117
205 93
103 302
148 255
219 140
38 415
256 330
293 249
344 349
384 146
353 365
67 311
240 400
422 20
5 186
336 410
261 210
209 296
30 106
276 351
36 302
182 377
57 334
35 103
26 290
359 259
253 379
136 58
231 2
206 217
6 8
332 35
167 127
237 233
153 147
326 219
101 133
31 159
255 75
363 243
226 168
285 390
278 104
398 115
323 16
350 293
366 21
199 407
166 354
353 293
31 79
14 403
114 402
192 282
232 17
252 78
53 92
370 201
34 105
23 48
370 109
337 160
363 356
53 346
303 358
421 360
407 228
332 181
72 324
287 293
201 220
180 51
172 123
140 152
156 41
294 317
154 62
133 402
226 348
409 420
53 156
275 229
345 301
413 268
122 49
381 272
421 52
345 358
69 58
354 1
254 304
3 194
182 20
294 119
89 222
270 339
288 31
122 265
53 4
75 361
332 125
40 257
157 91
60 41
185 81
154 181
379 404
244 321
148 123
225 189
144 108
257 242
368 159
393 247
103 262
231 157
377 225
147 208
93 53
223 377
342 412
111 352
378 94
384 10
126 113
9 240
253 319
225 136
145 59
362 410
198 261
244 114
145 84
299 419
207 412
151 102
236 2
343 251
361 157
257 365
224 213
178 316
0 107
80 386
38 341
113 8
140 329
