145 6852
65 73
73 128
65 79
128 2
79 60
2 107
60 122
107 28
60 74
73 119
122 88
65 24
60 105
74 9
28 46
128 101
79 99
99 126
73 75
46 143
28 123
46 51
9 134
46 23
79 135
9 0
9 140
46 29
24 25
23 72
79 10
24 18
135 78
79 113
46 132
25 91
51 47
0 115
25 63
75 43
24 108
108 12
75 61
24 49
135 92
119 142
91 124
63 59
24 137
119 121
10 94
43 86
128 93
74 13
60 58
119 133
74 54
92 22
60 136
78 11
93 6
18 50
142 19
78 45
2 4
54 14
74 116
0 129
129 144
18 118
75 66
137 32
54 87
24 34
59 70
126 37
115 27
93 35
46 131
28 109
131 139
75 26
66 112
108 127
143 7
6 21
126 69
45 96
54 5
93 138
140 71
91 125
136 95
116 62
139 111
139 102
47 38
87 80
96 89
137 103
92 68
131 114
74 42
139 1
21 39
38 85
10 84
46 31
69 3
94 76
70 8
9 77
39 30
7 117
125 64
75 53
92 83
27 20
75 57
65 82
38 104
142 44
21 90
127 48
26 36
68 120
4 55
80 130
34 17
84 106
120 98
28 16
39 40
63 33
13 100
16 15
104 97
82 67
108 141
96 110
70 52
50 56
83 41
105 81
16 42
144 13
137 47
70 21
110 2
131 9
106 25
127 37
76 115
133 23
78 96
1 53
122 59
71 34
8 3
116 67
31 7
87 129
46 129
116 82
134 133
113 136
125 84
96 36
59 2
120 107
33 103
39 76
116 9
138 110
97 51
0 78
141 90
48 137
124 50
56 108
53 67
35 5
55 19
62 85
132 57
132 77
138 21
94 116
133 139
11 82
79 97
135 119
93 10
16 138
74 131
90 31
143 116
88 77
45 132
29 27
45 87
121 96
72 74
21 78
21 16
129 6
38 9
67 73
89 81
33 122
92 11
132 120
121 24
31 71
40 10
144 28
76 71
116 4
112 122
74 111
103 117
55 100
4 139
62 116
88 133
125 43
20 95
50 44
0 52
81 103
52 73
40 93
75 132
14 135
31 44
19 1
28 83
32 76
67 11
142 83
112 70
143 14
87 84
94 139
89 85
110 118
19 135
28 143
127 91
18 84
117 91
143 114
122 100
29 9
59 20
72 142
144 18
118 9
127 44
1 107
143 136
10 73
73 75
13 28
131 88
60 35
16 108
66 53
49 82
2 111
17 124
70 34
144 68
51 70
5 122
54 98
12 130
129 22
56 46
10 135
88 38
67 136
120 35
75 104
23 33
141 132
86 69
101 106
21 26
115 57
125 37
95 5
65 128
32 52
51 43
127 38
2 61
33 104
50 99
73 110
22 86
135 117
121 144
52 121
35 54
5 103
86 68
111 42
62 128
83 58
141 27
5 13
3 4
8 21
104 10
97 137
38 46
70 90
36 30
109 23
46 15
54 7
140 95
114 80
115 66
117 38
99 139
15 63
98 84
36 74
132 117
2 137
76 6
77 118
129 21
73 112
119 53
23 99
7 98
78 64
45 34
127 5
86 13
141 29
138 38
6 25
112 115
33 56
124 141
18 106
65 6
56 101
47 123
100 119
67 59
72 56
42 140
80 16
129 82
105 126
112 10
23 58
140 15
52 129
137 12
42 73
88 53
143 74
95 51
140 13
129 91
59 106
73 117
75 43
29 68
35 129
94 54
43 116
20 144
10 129
74 57
15 89
105 140
130 96
41 10
68 50
71 97
49 18
46 22
134 49
43 128
77 117
24 114
103 18
119 17
120 69
6 139
101 140
76 10
53 133
24 68
143 10
106 114
50 126
141 14
0 7
14 63
33 36
55 137
15 94
90 21
53 32
131 81
138 113
100 109
51 110
80 116
45 57
44 118
142 45
61 58
70 103
15 55
99 97
30 25
118 5
70 3
82 66
98 109
88 15
108 112
73 63
26 110
104 70
101 61
84 119
37 70
109 129
84 76
100 83
118 127
78 57
77 12
99 4
71 51
28 43
22 54
10 36
29 137
82 13
87 106
70 99
134 67
73 54
5 15
144 42
65 28
95 135
30 126
140 46
1 97
23 130
143 7
90 106
143 12
110 114
109 25
17 82
30 98
19 7
105 85
143 29
1 63
70 13
74 69
90 113
37 10
31 84
61 19
51 92
94 143
28 136
32 46
17 26
83 57
18 69
38 142
93 60
142 51
108 34
82 71
5 82
5 17
132 63
113 0
139 45
78 47
132 5
132 53
133 57
28 102
89 69
100 142
144 87
29 119
44 83
56 21
80 122
139 89
143 91
24 7
123 55
67 15
90 72
108 129
17 21
94 91
90 89
72 144
99 125
4 130
15 14
140 19
21 55
25 80
124 91
54 87
38 121
53 28
144 143
141 120
129 104
92 3
80 34
119 48
97 44
104 79
39 119
96 128
82 40
97 21
16 135
139 39
36 0
79 96
22 29
20 129
126 134
40 103
90 65
88 72
87 27
82 70
123 87
35 80
3 125
47 16
71 140
17 136
108 3
73 60
60 115
13 48
137 131
14 1
79 88
4 95
125 76
25 40
98 0
141 102
81 95
51 109
15 91
134 32
123 102
39 127
138 88
123 128
42 6
12 87
72 39
108 49
105 72
40 115
125 49
136 144
66 34
33 31
144 54
52 84
69 88
55 112
86 89
5 30
52 107
60 8
99 96
134 63
1 90
0 138
1 44
45 75
109 8
0 84
101 30
138 78
87 3
8 84
10 142
65 140
22 111
51 79
59 0
7 39
102 129
51 116
94 87
23 129
100 91
45 103
5 106
90 104
8 106
21 87
41 33
11 88
64 76
81 7
106 108
38 17
49 86
62 88
56 35
71 93
8 110
111 68
46 119
138 114
48 18
22 25
107 32
47 73
12 69
44 20
102 67
125 107
77 27
138 95
85 80
115 104
13 112
60 98
68 60
98 125
142 16
104 96
13 42
135 127
56 121
132 100
112 107
81 137
64 80
121 123
117 17
95 108
142 43
139 129
59 17
48 9
97 23
28 98
7 10
7 27
131 31
97 39
85 18
64 116
62 72
66 106
74 99
31 76
144 94
13 53
144 135
135 80
41 91
35 55
71 116
140 113
23 139
8 33
99 3
132 14
3 20
7 84
52 74
105 36
47 79
83 76
27 128
99 112
73 20
52 123
143 112
72 93
24 32
4 8
3 9
0 108
29 114
18 138
12 110
15 104
34 78
85 4
109 10
139 92
68 46
39 52
125 8
1 101
129 53
112 59
127 18
81 130
104 19
55 120
120 93
53 56
125 113
83 138
30 19
111 136
84 121
107 68
28 113
25 52
97 126
69 40
47 11
72 80
118 53
40 68
71 107
112 30
53 120
5 79
9 61
115 123
64 12
15 90
35 15
65 102
14 78
141 37
76 111
31 97
120 56
109 64
50 77
80 102
57 139
61 137
5 24
36 124
80 140
74 104
87 105
1 22
120 45
106 124
83 105
48 63
49 15
137 95
30 110
85 78
54 82
64 112
30 57
104 72
4 143
28 33
30 113
73 34
56 97
142 9
42 102
59 40
41 104
28 46
8 9
144 59
48 5
107 49
82 131
89 124
50 15
22 105
127 108
138 39
101 118
67 49
18 120
44 0
18 121
55 95
79 15
139 144
123 37
95 82
92 81
1 30
44 84
118 124
120 74
92 97
118 121
127 30
42 137
106 83
121 2
25 66
68 16
56 99
59 66
83 16
142 21
1 47
35 94
7 65
116 115
48 38
29 54
48 23
142 13
2 112
0 141
123 60
2 41
32 15
87 117
9 20
72 73
122 121
42 11
105 55
51 40
85 46
93 140
72 114
62 39
21 34
109 125
10 131
49 101
33 54
59 46
33 105
31 57
73 106
39 105
56 133
125 70
83 71
135 114
2 76
69 109
66 38
144 132
125 67
110 58
43 80
15 123
73 137
100 38
83 13
123 14
86 130
44 80
64 103
98 88
129 88
76 67
74 73
1 8
12 39
70 74
71 50
27 123
103 132
63 105
128 143
132 72
12 45
142 139
46 39
111 30
125 9
48 143
58 88
42 107
124 80
138 117
113 18
39 54
107 34
22 87
86 84
133 109
142 104
121 124
123 110
87 91
24 107
12 66
112 133
45 101
66 86
73 25
107 36
98 85
34 100
144 91
58 137
118 59
120 57
58 35
43 42
67 81
49 6
48 8
80 89
9 96
113 65
39 101
54 4
134 132
74 10
52 71
129 116
18 11
135 46
67 16
16 19
0 124
42 83
9 84
142 3
26 141
82 31
100 58
52 118
34 29
95 86
109 40
24 124
116 132
78 134
65 118
33 87
78 28
111 0
14 118
10 48
119 106
55 10
4 76
34 84
141 117
136 42
138 128
118 123
72 133
54 141
100 56
78 129
65 84
143 15
120 29
97 91
54 40
113 31
11 115
51 138
80 49
78 76
12 9
100 112
24 88
137 120
80 141
129 136
58 33
90 68
5 1
122 26
3 106
97 105
96 25
105 40
10 39
74 49
38 37
42 82
143 47
133 21
99 40
30 49
42 34
127 138
96 61
35 143
122 15
104 69
52 35
87 79
56 142
84 89
88 96
64 117
116 128
33 123
122 55
129 5
69 129
89 51
136 16
35 123
98 108
140 84
72 10
127 54
129 60
44 88
15 83
125 103
90 129
36 58
131 30
72 70
74 88
3 21
122 16
32 115
97 121
130 24
23 115
59 88
106 88
16 18
83 54
9 132
13 52
47 113
138 105
139 85
120 100
84 33
41 134
93 64
137 15
43 48
32 138
124 26
107 5
86 70
24 112
3 84
111 18
108 31
102 49
94 36
110 3
16 144
117 112
60 92
127 64
3 128
47 70
12 10
79 94
55 102
44 15
133 35
32 125
103 96
120 42
36 38
3 107
61 14
14 130
132 121
74 17
6 138
78 27
66 103
115 0
141 5
104 140
83 99
35 24
60 31
109 81
57 86
83 131
142 105
89 8
54 103
53 27
53 90
30 63
48 117
69 4
115 18
75 29
100 40
95 136
73 126
36 45
91 50
10 86
52 29
86 134
53 47
52 97
108 90
32 30
73 3
113 2
91 27
139 141
134 15
9 106
30 15
22 98
128 12
60 124
130 120
119 34
131 141
33 128
124 79
7 140
75 12
105 80
97 48
46 21
117 84
63 28
51 59
109 88
78 103
118 93
85 124
20 61
73 82
79 7
112 35
47 136
12 135
137 38
138 121
65 46
87 37
139 48
45 88
32 28
61 131
101 121
113 97
35 105
47 66
46 137
99 52
29 4
63 118
94 83
19 139
57 32
126 85
112 43
64 71
7 141
68 124
93 76
70 67
139 20
91 105
137 144
104 119
38 44
71 44
1 117
56 64
38 102
131 3
103 73
82 64
102 1
8 55
92 86
109 49
105 136
58 69
83 12
44 66
71 16
56 135
58 76
120 97
56 112
37 28
5 113
102 101
92 1
105 79
127 99
87 141
78 137
25 99
98 11
66 0
106 51
50 75
15 62
47 124
45 52
88 91
131 28
12 7
80 10
85 25
31 133
48 66
42 5
93 27
13 20
123 88
16 97
79 61
89 109
44 130
50 141
59 7
20 125
140 68
23 14
14 76
79 35
100 143
50 82
51 85
22 138
91 43
89 112
75 90
106 22
101 20
48 46
11 143
48 4
110 139
1 4
68 123
88 97
16 76
126 131
68 70
93 22
91 123
21 7
125 42
115 106
110 46
90 38
66 131
63 91
137 86
27 83
6 103
107 80
38 49
93 44
120 63
1 45
130 88
33 5
57 8
139 64
98 78
141 110
108 126
111 124
69 136
144 79
109 5
89 27
93 56
118 89
19 56
69 55
101 88
130 143
120 44
39 143
140 122
82 36
88 25
89 43
121 44
117 108
33 98
18 99
113 134
84 118
123 23
15 28
8 97
66 108
42 99
42 48
46 99
144 138
23 9
115 50
97 40
103 55
67 137
140 18
16 20
142 20
134 25
122 36
46 54
91 119
65 2
144 75
85 14
70 66
39 74
133 8
143 72
45 116
57 134
54 67
92 72
47 94
37 105
140 73
6 142
42 32
109 96
106 95
112 31
28 91
16 12
101 108
96 1
137 30
85 61
22 23
63 11
37 107
100 90
41 89
36 59
46 23
18 61
5 102
128 29
88 0
123 5
66 119
136 132
1 111
142 41
74 80
58 122
32 65
96 14
111 134
79 81
45 31
63 122
56 63
68 143
86 7
32 69
74 68
39 17
111 61
3 97
12 136
0 72
139 79
28 56
135 86
15 26
144 23
70 14
115 96
137 129
140 31
93 32
39 128
89 61
78 93
102 40
124 7
23 75
53 84
144 61
20 1
11 133
68 55
125 51
30 95
57 51
82 97
96 38
68 53
57 98
57 127
50 85
71 95
89 0
122 89
102 77
130 95
94 86
86 129
15 85
58 131
64 19
29 74
78 16
111 63
121 119
62 100
31 54
59 124
15 120
32 105
122 136
11 108
37 36
7 40
135 88
126 106
8 7
34 99
62 14
54 28
7 73
13 119
2 1
77 67
88 19
33 106
11 2
102 0
13 69
57 44
70 129
78 68
71 5
74 20
56 139
100 113
32 1
14 139
17 48
70 1
80 28
25 81
144 56
66 4
132 67
29 100
57 130
39 23
74 64
33 35
65 55
55 109
3 30
52 4
100 114
47 91
4 114
44 70
26 36
135 25
38 57
66 118
118 142
63 78
4 11
19 33
110 21
33 32
0 29
136 57
138 118
134 60
112 65
11 7
56 66
129 93
65 10
132 43
109 130
128 22
117 15
138 7
50 127
40 106
109 105
53 76
102 112
30 27
91 101
98 36
106 99
24 57
96 113
13 11
17 88
98 115
113 11
29 73
84 126
9 59
137 70
38 0
131 42
126 139
69 33
68 13
77 54
40 45
52 132
11 29
45 62
38 16
81 38
60 120
37 75
49 126
129 77
69 51
140 83
1 11
21 0
105 53
99 81
3 100
73 45
36 99
20 88
72 50
62 109
96 57
64 131
46 130
116 28
16 35
92 124
124 1
65 96
34 41
73 81
69 132
78 15
65 73
85 66
74 97
11 12
117 140
116 134
26 135
75 84
13 67
99 123
87 47
138 136
21 118
131 135
17 31
27 101
79 34
140 107
26 48
19 143
27 46
4 21
1 36
116 95
130 108
79 38
121 60
21 20
18 8
46 47
17 40
94 93
144 69
53 89
136 80
102 109
38 52
41 22
128 66
62 1
136 46
113 54
72 32
70 133
53 79
111 43
70 94
75 128
87 76
42 106
70 85
58 89
136 31
89 31
39 125
127 6
25 119
22 15
96 100
15 9
34 54
48 103
14 25
137 6
26 115
6 98
89 37
15 100
37 17
12 81
80 138
142 7
119 101
129 107
143 53
126 79
101 70
1 75
71 142
114 11
25 72
36 6
54 49
49 130
139 125
112 6
92 131
74 102
29 94
7 64
22 112
46 89
68 64
122 11
13 72
109 27
50 81
58 27
38 14
0 62
101 25
144 131
134 130
118 47
21 131
100 128
103 38
59 102
134 121
5 116
127 16
105 103
20 33
74 75
129 11
40 121
14 142
79 118
129 101
61 60
107 126
25 141
22 72
68 3
72 84
80 23
132 95
68 100
14 136
109 21
12 106
45 94
65 41
23 85
109 111
45 10
79 11
33 59
118 2
20 17
2 3
53 55
52 18
99 5
27 122
106 53
35 0
36 62
114 7
26 144
33 37
25 28
36 83
139 123
51 117
13 98
94 41
116 29
7 4
102 143
62 64
65 49
22 137
83 4
14 45
99 144
20 48
54 23
135 55
136 98
82 89
65 27
92 10
52 63
124 16
121 104
109 43
66 143
74 134
39 8
19 50
134 129
94 124
14 93
30 73
22 36
132 71
100 27
134 82
141 101
93 4
143 58
43 134
60 20
85 81
132 98
126 99
109 118
61 138
49 1
92 85
18 124
24 39
59 125
88 90
0 116
111 104
131 123
139 18
135 72
17 69
137 34
100 125
12 60
33 129
101 63
57 125
62 75
46 103
120 81
70 36
111 91
92 40
119 35
70 138
0 56
116 102
113 34
89 59
35 95
81 20
143 89
45 124
57 62
138 13
117 70
54 125
24 104
126 11
124 119
18 6
76 68
6 89
69 19
34 52
91 116
37 60
79 137
56 62
21 40
95 7
57 35
135 27
49 12
94 137
77 19
115 143
129 79
16 112
67 69
50 117
2 33
110 40
7 2
72 136
37 27
111 48
69 141
19 125
100 141
138 124
84 71
22 0
96 105
84 49
18 135
108 65
86 19
76 99
28 79
111 110
28 40
108 80
139 59
6 97
124 63
67 32
88 49
127 125
83 108
48 50
135 59
59 73
53 8
3 23
39 136
10 3
53 122
38 51
82 109
60 90
55 34
86 67
81 44
69 56
37 126
53 87
129 24
69 27
100 135
111 85
139 116
140 75
124 37
115 141
84 96
48 126
21 59
30 14
28 99
124 39
87 66
128 84
6 1
42 9
63 50
127 70
39 129
79 135
39 115
110 120
93 81
83 52
42 108
93 107
87 134
36 25
91 49
77 127
23 73
103 34
27 79
141 72
113 139
106 38
41 78
31 66
100 106
96 101
117 85
85 123
130 91
89 88
31 83
122 20
140 11
144 39
84 105
9 128
92 6
39 88
89 23
39 108
107 43
104 7
84 59
88 78
38 104
57 29
53 86
51 105
31 125
40 66
78 74
143 108
133 48
48 30
38 73
118 122
20 41
2 63
126 91
38 135
118 80
8 136
0 43
118 97
50 61
43 44
14 102
68 114
44 73
38 120
102 133
42 88
86 123
125 80
80 88
0 67
106 76
53 24
108 71
101 82
65 101
37 138
85 76
22 13
140 26
18 53
111 16
50 13
126 104
16 82
30 104
45 27
9 80
138 59
135 112
69 131
61 142
73 86
90 42
80 133
133 74
133 44
119 107
96 116
56 52
94 92
52 94
56 115
33 45
89 116
133 41
68 30
6 28
34 95
95 56
29 65
108 133
38 109
25 10
12 71
20 89
81 5
26 131
13 77
64 92
22 38
128 125
132 44
31 68
95 128
17 90
131 41
124 8
83 114
14 120
77 109
39 122
37 122
23 40
51 45
104 42
67 63
94 9
42 115
94 120
83 125
116 12
105 89
34 46
69 122
121 113
29 24
49 106
35 38
93 51
39 16
1 123
59 35
96 50
67 104
9 75
16 14
31 14
102 33
23 119
111 125
41 124
127 12
9 14
98 16
46 77
42 139
16 27
23 15
34 102
110 126
100 17
43 113
85 40
48 127
2 25
8 114
15 96
77 96
10 114
0 91
88 139
6 23
135 36
37 106
81 128
68 0
71 128
23 125
128 55
56 89
19 132
21 65
114 99
42 135
142 11
30 90
131 105
125 63
25 74
68 10
82 78
12 108
135 105
85 5
44 61
59 137
130 20
54 121
42 58
63 83
16 85
139 95
43 110
9 64
73 13
117 9
132 28
119 95
104 73
102 20
74 37
121 99
139 66
82 121
86 25
56 79
44 77
80 81
41 141
143 75
80 111
112 139
14 128
63 4
69 68
130 39
121 15
29 106
106 135
59 128
23 113
87 56
25 43
143 38
99 134
41 67
83 8
47 90
2 130
111 132
100 32
73 28
67 1
124 139
101 55
122 88
105 13
97 98
54 2
121 130
80 0
94 12
39 47
23 72
131 114
77 51
66 60
51 15
86 4
52 9
111 25
98 47
73 100
26 90
77 21
109 108
4 119
138 33
122 94
87 121
76 30
110 63
66 17
70 8
72 1
21 60
61 70
7 75
21 41
70 27
56 50
116 21
47 34
23 84
26 68
99 38
34 28
129 92
30 12
84 106
34 114
49 36
140 136
121 5
101 52
17 79
7 22
52 48
132 49
19 91
65 5
56 17
82 103
75 135
131 43
66 83
117 97
76 15
76 133
41 101
3 75
43 59
68 93
132 68
23 67
18 92
57 36
54 100
123 58
110 143
101 42
5 8
132 112
85 94
74 132
8 12
120 28
20 85
50 64
40 113
42 27
35 134
0 12
22 30
49 104
20 63
97 7
60 122
73 138
116 13
10 43
94 50
119 87
90 109
112 101
112 4
137 40
30 0
83 43
89 24
105 94
53 116
113 55
114 35
20 12
92 41
61 127
52 81
24 77
110 75
21 35
81 101
27 117
6 59
129 15
132 55
44 17
44 101
103 36
25 83
114 105
111 14
90 143
26 72
38 84
115 12
121 48
85 100
133 18
91 7
80 128
138 130
62 34
112 103
136 110
2 39
89 83
131 63
41 77
91 59
77 10
117 20
119 22
42 52
116 133
39 60
13 63
64 125
21 25
76 60
58 66
67 55
16 5
66 94
103 52
92 22
140 97
55 36
43 72
10 139
29 87
27 92
115 58
29 61
89 72
112 26
67 50
76 47
60 130
141 36
68 105
21 117
1 119
19 65
56 106
103 65
138 52
1 137
127 94
6 115
141 52
36 5
92 58
29 110
37 78
115 28
15 97
4 59
56 43
134 128
3 79
132 4
80 36
62 32
57 142
3 134
10 27
6 44
133 82
80 14
76 140
135 99
51 0
140 142
5 117
76 23
32 44
43 50
139 35
30 67
75 16
34 135
65 59
48 49
48 86
134 104
69 39
130 106
108 100
92 42
27 1
62 13
72 66
105 130
125 68
30 103
54 111
88 26
47 18
109 50
17 62
51 48
70 71
124 74
80 144
26 55
115 33
55 133
128 136
83 113
94 13
14 24
103 129
17 92
61 59
136 13
28 71
28 103
87 50
2 101
77 34
57 23
17 54
4 58
130 129
66 91
105 64
59 44
28 127
126 109
66 141
144 119
13 101
114 67
140 94
42 143
105 21
120 59
114 77
70 107
32 12
50 66
138 36
21 92
59 54
8 56
114 71
128 129
112 41
98 113
101 48
39 49
129 99
116 112
121 6
64 122
47 108
11 0
79 63
33 73
129 76
43 1
118 117
2 70
75 33
25 90
42 138
34 6
115 36
10 79
36 27
57 143
74 89
79 95
94 112
54 101
140 70
94 101
113 29
77 104
44 79
29 14
18 117
47 30
9 65
46 88
16 50
30 122
51 12
29 60
48 120
40 4
22 45
35 86
28 60
116 70
56 44
78 11
67 128
119 20
4 100
44 54
53 23
34 87
13 93
39 53
33 74
18 131
75 64
119 127
41 105
115 135
47 130
119 38
29 125
15 7
60 81
93 117
38 85
139 62
89 38
80 71
81 33
12 61
25 45
97 142
24 78
133 98
72 34
111 59
41 143
104 144
44 11
55 93
110 98
8 27
55 142
126 59
22 48
12 5
42 98
56 122
20 11
114 93
107 7
101 93
140 77
10 127
107 16
5 11
82 19
34 75
52 113
78 125
121 88
79 66
121 114
56 41
135 35
71 45
71 139
0 144
100 44
101 46
74 91
19 54
12 74
21 31
21 102
76 110
137 63
85 27
23 65
133 113
78 66
13 65
113 69
2 15
70 11
21 135
131 56
39 21
97 24
72 31
74 125
32 50
63 65
43 140
69 65
78 119
44 94
89 7
63 103
122 91
70 73
67 106
20 133
80 42
142 138
0 119
2 92
32 23
108 13
116 105
26 78
83 30
31 37
48 34
117 100
45 109
20 66
64 58
65 11
14 125
40 116
137 41
21 91
32 16
46 92
142 44
35 140
69 16
29 95
54 137
37 83
65 1
37 43
8 13
3 18
115 53
77 108
112 36
18 23
91 85
126 61
128 1
68 122
115 74
83 97
99 29
130 100
99 108
32 98
6 85
140 37
12 119
64 0
87 137
28 123
89 126
39 38
76 55
41 132
91 25
17 34
122 19
25 133
139 68
11 69
12 53
98 40
100 35
96 75
97 87
101 110
28 75
143 33
95 3
85 13
127 97
85 97
71 21
29 90
70 96
135 84
84 79
64 81
63 37
39 37
51 120
26 117
50 136
46 131
124 66
117 12
62 6
40 79
130 116
42 62
109 86
102 12
82 8
3 39
99 115
29 102
36 48
18 67
131 107
104 123
121 66
8 46
2 84
64 89
0 90
6 10
70 30
111 99
52 79
90 8
126 8
116 46
31 109
57 126
133 78
6 7
49 45
113 81
109 3
123 57
62 87
71 124
74 71
132 135
20 49
28 61
93 104
47 64
5 112
11 9
115 49
8 37
135 109
127 56
93 41
126 144
55 66
34 64
138 96
30 119
64 65
106 138
139 115
124 13
42 119
75 32
92 107
30 51
17 7
82 144
24 23
121 13
94 75
16 7
29 89
69 97
6 66
66 89
45 63
130 30
95 66
59 129
13 14
101 19
57 95
73 90
93 83
107 141
62 19
88 144
83 11
63 17
96 23
127 105
95 114
93 139
69 87
95 92
105 44
77 116
30 21
0 73
136 48
88 140
125 10
27 111
36 64
18 78
2 66
67 144
42 37
36 67
142 80
34 23
32 14
137 139
75 139
68 5
88 31
50 51
118 115
45 11
48 75
83 111
58 116
50 31
82 136
69 25
133 135
112 47
11 17
56 1
8 111
2 4
125 5
83 39
132 37
74 6
0 40
116 113
34 57
30 77
100 80
35 19
73 105
74 142
17 127
90 136
96 58
116 99
139 114
79 75
78 97
24 75
28 2
12 15
95 39
27 66
51 67
94 48
76 48
115 97
93 137
75 40
116 52
107 78
107 75
42 25
109 70
115 65
21 80
87 28
115 120
7 82
34 105
121 29
28 130
73 136
57 141
92 130
106 65
113 64
99 75
82 77
141 97
100 19
132 92
122 128
0 24
2 5
37 16
68 4
50 143
123 34
51 78
24 103
27 138
128 50
48 107
77 110
55 54
85 132
93 115
90 13
130 65
36 110
25 105
60 72
124 131
63 21
65 72
143 105
51 24
72 108
47 21
93 50
37 65
23 116
72 87
134 76
16 2
143 81
69 57
129 45
67 139
107 11
31 135
68 97
64 29
63 25
131 109
96 37
116 69
10 90
57 22
118 13
7 14
62 50
0 16
105 14
72 97
8 127
78 127
133 45
133 13
42 65
115 43
1 52
121 14
65 16
46 4
15 24
23 52
38 34
64 95
39 113
70 78
134 105
118 73
138 85
58 82
11 87
130 63
114 17
102 79
61 21
91 45
85 125
20 29
97 112
76 20
10 35
63 19
83 72
66 92
24 134
92 128
111 55
69 115
139 105
15 45
111 78
69 15
106 137
39 40
50 18
44 19
28 126
21 113
73 62
62 2
85 31
100 101
2 105
86 138
13 120
36 7
40 38
119 90
8 130
67 109
61 48
42 81
42 24
140 99
41 9
126 44
72 127
17 97
69 81
78 20
117 72
60 27
65 31
107 127
13 106
88 105
49 128
110 34
26 50
123 101
50 120
132 58
19 80
82 29
107 27
69 135
34 24
58 47
117 55
26 30
65 67
10 60
0 46
122 142
84 47
64 32
13 23
31 114
57 39
144 63
2 83
14 89
114 130
68 9
118 12
59 56
109 75
121 8
18 137
65 18
77 72
88 33
85 82
119 136
61 119
133 39
112 69
54 122
4 128
140 82
92 113
1 142
37 117
6 72
23 106
87 48
74 38
81 140
40 36
49 142
119 82
87 136
80 91
72 38
105 118
135 2
94 114
61 5
4 49
94 57
42 22
120 105
22 104
105 62
55 116
116 104
117 113
85 56
101 11
125 91
118 139
29 144
61 68
41 113
116 109
120 6
53 127
7 99
102 121
73 76
137 64
138 109
81 17
126 113
100 11
48 7
72 126
76 19
13 114
134 2
33 97
109 58
140 10
137 134
109 19
71 123
144 31
39 56
87 59
129 19
109 57
17 24
65 85
62 107
94 111
51 41
112 121
36 29
43 137
1 100
143 85
135 92
27 6
63 136
136 65
138 9
83 136
89 138
137 101
114 66
144 133
111 33
6 81
11 85
2 132
60 96
101 90
43 122
114 78
84 40
110 131
111 65
19 51
136 5
122 144
47 42
78 52
118 35
31 22
35 88
142 93
70 10
35 96
86 59
140 21
119 137
86 105
89 25
4 6
10 118
62 120
71 85
136 44
37 25
13 107
85 129
1 41
79 46
74 123
114 41
60 15
115 14
100 36
135 41
99 77
28 49
127 29
55 63
141 39
41 120
8 66
35 102
28 39
139 69
131 45
72 69
93 69
95 120
87 103
20 134
7 9
30 43
87 65
39 27
47 55
111 53
61 46
74 85
117 29
103 143
91 53
41 108
84 68
120 122
74 137
8 78
120 92
127 102
108 32
54 16
126 120
135 116
91 110
86 77
3 60
64 128
82 44
97 144
82 18
46 108
93 65
117 16
99 69
0 33
91 83
139 16
135 43
27 90
1 58
103 12
30 16
33 52
89 1
1 51
129 17
1 59
33 113
22 102
126 23
103 93
110 60
11 75
92 56
90 122
7 29
80 8
78 65
124 65
37 11
92 73
21 114
80 59
115 13
37 69
30 41
10 62
1 94
77 3
108 84
132 27
121 120
41 19
62 77
103 27
12 104
120 2
22 59
101 59
116 83
114 56
99 136
54 11
134 36
46 81
27 126
104 106
123 41
121 85
69 80
27 64
77 2
101 80
123 3
76 107
15 86
117 105
22 66
115 128
31 102
36 111
137 123
99 17
140 61
139 44
11 134
94 84
48 93
96 4
114 28
66 16
44 92
88 128
142 127
21 93
103 115
33 107
93 17
27 68
89 26
70 65
74 114
94 7
72 98
136 4
57 46
101 66
112 118
85 86
28 105
76 90
86 5
1 3
126 5
33 24
110 104
144 65
68 73
45 19
83 10
121 39
51 26
66 90
105 102
37 142
6 130
108 62
15 20
43 27
28 125
110 20
110 87
15 139
111 135
113 19
119 47
35 31
109 63
124 144
40 124
113 51
91 40
53 5
106 93
12 27
98 76
129 61
114 43
48 72
74 117
94 89
34 116
119 21
73 18
94 126
114 97
64 21
84 54
34 11
130 76
87 92
68 54
78 116
57 102
39 80
141 67
109 71
3 88
1 60
67 9
102 16
75 121
0 28
32 43
113 142
62 134
99 142
87 2
101 17
135 65
133 65
138 137
6 24
27 120
60 106
14 48
34 4
27 50
57 53
49 23
123 93
68 95
66 110
84 48
27 41
111 44
137 126
19 133
108 69
74 67
45 114
93 47
110 31
31 8
44 104
99 95
3 135
12 34
24 8
106 118
93 92
14 64
47 44
91 31
121 22
104 35
4 32
40 53
62 126
37 85
109 112
25 62
82 23
18 14
95 124
70 102
87 127
3 19
20 82
1 93
21 75
85 9
3 137
125 34
19 0
52 47
12 46
26 133
53 26
128 48
143 107
144 118
53 85
50 40
133 137
55 104
27 13
131 23
22 140
111 73
124 113
59 127
43 74
41 62
42 49
18 126
82 61
111 144
70 111
56 88
124 56
31 106
46 128
61 123
100 6
26 125
108 36
83 130
121 117
122 143
85 39
43 123
123 53
123 89
24 10
86 44
100 26
97 73
132 26
143 22
101 105
119 126
16 120
55 89
71 57
83 21
72 37
138 28
131 84
63 74
86 78
8 99
28 8
40 104
62 38
17 13
19 114
52 122
66 51
68 141
140 56
91 72
128 60
50 2
131 24
115 90
6 2
58 24
124 31
66 117
54 48
76 24
140 133
42 127
90 105
65 43
43 69
82 41
50 30
93 8
131 96
43 45
42 3
106 94
127 34
99 119
102 24
27 3
61 63
59 45
42 96
28 88
36 123
10 108
43 24
132 73
84 42
49 27
13 31
104 0
114 48
30 74
100 116
109 119
99 63
75 39
55 62
79 101
130 136
73 26
5 49
51 118
85 52
69 21
20 141
77 57
25 79
138 74
107 79
84 120
135 138
111 21
83 56
97 133
13 18
78 19
21 74
42 61
18 45
31 49
14 99
121 19
58 29
30 115
41 98
22 88
50 122
33 70
10 103
35 3
1 125
102 69
36 92
44 140
10 64
122 9
105 15
52 27
89 71
107 117
77 107
100 107
9 141
19 10
93 9
91 108
57 33
124 53
72 53
130 38
50 100
5 105
5 43
72 102
101 122
109 32
88 32
64 102
14 53
127 132
57 43
50 22
98 10
48 79
114 75
81 94
5 104
73 108
77 143
90 125
80 99
142 102
138 66
103 88
64 111
81 1
20 90
112 75
48 69
2 35
41 85
98 83
87 32
107 21
98 45
143 52
1 7
42 30
43 40
58 16
77 73
38 132
25 143
72 140
138 23
97 80
91 8
131 33
8 35
54 43
31 123
138 126
98 63
53 64
24 46
71 38
64 90
140 55
115 61
104 91
32 11
59 60
62 136
58 135
113 144
2 90
139 7
3 5
75 41
10 106
106 81
33 11
107 35
100 13
46 120
113 12
51 83
36 50
101 113
28 90
79 111
24 74
112 38
50 41
16 45
43 63
122 75
84 113
126 98
41 83
28 70
25 137
144 110
95 36
125 104
57 99
69 34
129 138
143 84
131 108
65 142
11 135
111 15
116 25
29 93
122 82
13 75
138 132
25 136
95 91
26 71
109 139
85 95
63 27
61 6
26 42
74 112
17 58
92 63
13 39
24 50
17 80
57 124
75 51
121 105
19 29
38 42
12 126
33 91
132 60
144 47
8 11
140 89
15 3
141 23
44 125
133 117
93 6
117 123
30 121
17 46
41 36
10 42
26 87
120 125
123 12
48 123
87 44
41 107
100 72
70 48
129 118
99 31
81 90
108 33
0 109
142 33
124 43
89 34
47 25
107 91
93 77
39 100
17 32
123 103
1 113
99 113
47 19
33 119
141 123
12 132
126 34
32 116
98 74
136 97
106 70
32 3
19 70
80 30
127 76
28 89
107 50
99 94
101 12
15 77
36 39
70 84
91 58
134 135
0 74
128 126
53 25
129 74
117 23
122 22
68 25
74 59
133 17
67 126
71 73
134 72
40 131
69 14
30 6
5 78
136 7
74 18
103 75
39 22
131 143
133 118
11 61
25 54
30 86
120 1
30 55
95 49
72 99
121 81
130 135
62 91
7 56
77 125
46 104
80 79
39 126
137 33
17 61
30 143
45 66
67 93
82 21
76 92
86 34
129 73
105 137
35 128
98 43
94 39
37 131
144 58
128 37
132 130
41 109
63 49
42 20
97 75
51 112
111 29
122 38
68 34
78 84
102 108
42 114
51 136
79 69
95 97
21 143
97 96
118 36
2 60
35 6
83 78
61 41
96 21
7 45
54 8
54 93
88 114
69 105
36 113
38 75
110 11
12 3
67 7
32 25
28 122
94 118
105 12
34 138
88 81
70 9
52 91
49 75
91 13
134 19
48 71
55 51
32 13
144 25
38 110
117 6
27 15
56 102
80 92
132 80
30 59
51 37
95 17
112 57
9 27
105 57
80 78
134 53
125 22
22 127
97 28
36 35
102 37
2 82
10 4
78 135
138 25
104 39
59 105
19 15
89 12
76 75
23 124
35 12
119 96
1 40
43 23
133 12
6 122
120 91
82 83
134 114
7 44
30 45
103 1
12 38
130 15
44 124
39 63
125 81
141 30
20 52
29 21
115 71
81 87
77 26
103 86
46 72
23 62
111 90
70 60
18 93
95 31
102 91
58 8
11 30
16 13
57 21
114 40
51 8
110 0
113 68
107 118
102 119
96 28
105 122
21 136
115 87
118 29
19 58
102 100
76 77
59 28
98 114
14 81
98 118
114 132
70 135
46 126
103 137
69 3
83 69
140 4
129 112
4 51
76 100
45 50
75 70
116 87
9 53
135 143
29 76
84 102
74 7
83 67
119 9
47 74
4 56
86 76
134 83
88 132
88 82
128 28
31 29
43 143
72 58
74 95
122 4
97 19
41 69
121 100
62 140
126 135
5 98
79 58
15 39
115 113
2 144
39 20
71 100
134 30
19 53
62 22
37 44
10 101
83 92
132 115
38 65
61 88
33 112
35 39
49 14
94 129
87 86
66 133
84 15
20 97
86 71
61 23
21 141
80 113
79 32
27 131
90 78
32 142
75 80
12 18
71 27
140 118
138 50
62 43
139 98
20 62
134 98
112 50
45 77
67 95
38 140
122 17
3 143
22 90
62 141
34 60
134 54
16 81
143 64
137 121
60 143
36 90
111 19
139 107
71 53
101 16
53 16
30 117
71 10
17 33
51 11
123 124
133 68
95 102
136 120
126 71
3 91
135 28
103 44
25 102
35 98
40 107
121 107
43 39
50 113
65 51
91 16
81 9
140 92
10 136
95 112
61 64
109 97
22 82
128 20
91 106
47 17
144 141
141 34
66 5
49 92
115 142
133 69
63 72
73 16
116 66
18 39
62 83
54 115
136 71
2 20
86 60
13 134
20 107
118 120
75 58
23 90
13 103
41 68
0 4
26 129
59 23
103 56
48 88
5 63
19 110
108 14
27 104
80 73
19 21
8 29
57 128
34 2
9 21
64 106
14 107
3 45
89 141
8 100
58 73
138 112
132 59
37 4
94 53
57 50
96 137
19 42
86 83
28 133
51 28
34 15
9 86
2 117
15 82
26 85
43 102
139 26
112 8
42 72
95 28
67 66
141 129
49 113
62 90
52 133
124 99
56 119
43 118
78 117
15 37
37 64
40 33
95 21
130 85
45 141
139 127
138 64
55 52
140 63
136 66
79 59
89 11
38 53
41 59
71 35
36 2
94 104
41 139
20 98
49 0
82 132
88 13
50 46
77 32
7 53
104 80
61 87
32 118
52 134
89 110
90 126
129 84
111 114
52 92
24 12
40 90
70 88
32 0
109 121
19 127
137 88
77 142
49 136
48 118
144 7
136 2
66 81
75 17
142 18
73 6
30 133
31 92
81 76
25 131
68 71
118 86
43 35
58 139
79 123
116 140
23 128
62 117
143 23
78 53
118 3
87 108
92 59
75 30
126 35
66 61
120 64
17 137
47 57
108 94
132 123
11 117
117 43
24 80
16 96
114 50
44 42
76 91
46 75
61 3
119 67
85 119
77 7
17 8
17 130
27 125
111 130
26 97
4 107
0 128
124 102
101 111
26 143
50 140
81 49
93 52
114 6
101 97
132 122
90 67
35 61
129 83
99 92
98 61
99 54
138 26
25 5
112 106
37 26
41 79
38 47
40 111
37 109
73 123
111 117
136 74
72 2
15 41
89 9
138 98
86 6
86 81
134 115
139 46
130 52
31 51
55 144
75 10
76 88
35 65
17 55
10 100
126 53
68 15
48 134
15 33
100 5
6 88
52 65
128 13
16 86
87 68
53 95
42 122
131 89
25 44
59 48
22 28
138 30
54 38
60 41
114 33
93 131
40 2
6 70
103 0
55 141
110 81
55 131
22 51
133 67
71 60
97 43
40 81
27 40
55 9
142 92
108 119
89 137
79 72
128 42
117 125
104 133
141 95
20 99
90 80
125 110
49 72
96 144
61 27
50 88
72 78
73 88
92 75
63 75
83 14
46 122
125 114
112 141
104 85
48 58
92 47
141 92
137 85
61 49
122 78
57 7
117 127
37 2
108 75
37 133
95 118
25 95
62 65
42 86
133 0
134 69
25 59
49 105
93 98
48 82
83 132
93 11
63 89
9 37
110 102
127 130
111 71
112 54
85 49
70 23
19 119
141 119
93 15
21 88
33 126
5 45
0 17
71 3
83 24
121 90
129 64
53 51
103 95
72 138
106 97
10 15
61 133
60 43
110 97
93 23
98 101
124 136
54 136
55 29
88 41
32 71
54 26
13 37
97 93
109 15
96 56
107 134
60 85
76 42
92 123
120 139
71 110
112 28
126 122
110 108
43 88
93 20
54 117
8 123
103 134
142 130
122 124
144 60
50 11
67 105
87 18
124 32
112 130
24 48
34 19
19 99
79 1
11 58
25 113
43 79
118 11
66 11
75 52
77 25
40 127
58 134
31 132
137 60
96 141
86 75
9 19
47 81
141 81
76 144
91 118
26 33
102 23
43 4
81 58
24 113
4 60
97 10
52 62
49 37
117 59
42 91
69 91
70 132
23 135
52 82
140 58
45 74
36 76
92 77
62 51
124 75
136 68
118 113
38 50
61 112
80 2
137 37
123 135
100 105
115 88
107 38
33 96
113 20
107 25
134 51
78 60
69 123
6 134
63 44
100 33
61 94
44 72
19 59
89 92
122 95
103 124
23 105
25 31
130 67
10 82
79 57
105 74
86 110
51 23
9 34
6 107
57 101
32 97
140 79
60 13
24 141
50 111
90 12
65 95
2 129
131 62
89 108
136 18
98 23
105 26
62 118
43 70
88 55
75 54
94 77
29 56
52 24
144 98
34 142
19 73
82 118
106 125
89 54
126 65
91 90
107 89
4 57
52 96
81 29
104 45
136 84
26 136
127 14
19 43
16 79
116 85
61 99
42 68
107 8
3 28
28 57
6 43
110 57
52 2
91 84
16 49
135 7
86 21
6 95
107 111
45 17
137 39
60 64
91 133
113 88
66 80
67 121
32 120
14 82
23 11
1 118
40 37
47 8
109 128
124 55
92 0
99 6
26 19
16 90
73 125
51 123
125 112
1 55
103 98
133 3
76 52
139 102
122 139
6 83
118 78
24 79
61 136
141 8
79 73
35 91
92 143
54 30
73 134
90 94
46 7
138 63
119 26
128 16
15 11
1 21
110 17
113 26
83 128
81 51
132 30
143 49
35 32
72 54
123 97
117 69
103 22
13 35
87 67
121 93
2 32
0 27
37 82
59 143
94 71
104 21
26 126
125 132
14 17
118 132
122 86
121 126
103 4
76 21
56 12
131 60
139 31
0 121
102 47
112 19
97 104
125 72
60 6
139 38
94 28
23 77
142 27
63 68
133 40
89 67
4 123
50 121
64 70
88 27
54 20
36 24
88 23
72 121
0 139
46 82
75 115
26 0
116 30
3 74
143 134
82 130
2 57
98 105
116 38
77 120
127 86
114 129
98 71
44 112
24 96
77 136
93 111
102 131
107 82
36 28
56 11
48 73
23 37
9 76
128 104
24 118
20 108
62 142
1 73
21 124
71 121
111 103
75 120
16 8
19 74
39 68
124 14
57 108
133 9
33 38
57 117
32 7
142 106
84 116
83 135
95 62
70 98
128 106
108 68
80 40
82 112
10 21
45 127
141 88
21 121
95 69
41 45
110 47
109 47
40 108
123 70
59 39
68 89
104 34
129 125
30 8
112 113
31 59
96 62
42 69
1 66
113 17
76 79
48 29
45 140
122 130
104 53
115 4
112 71
107 115
134 8
114 25
88 112
138 67
64 33
35 124
21 99
66 76
26 95
92 106
15 107
56 51
138 19
11 124
105 61
13 78
24 101
51 17
54 24
6 131
114 115
68 20
49 138
77 130
16 56
84 115
56 30
114 65
98 137
113 141
9 105
43 108
42 39
85 42
143 137
8 6
97 27
31 16
114 82
59 32
143 27
51 141
25 18
129 135
3 132
58 22
76 25
22 89
117 47
20 51
102 53
8 45
102 96
132 6
58 43
28 12
138 119
90 49
81 24
100 49
103 90
126 63
96 31
93 130
68 138
32 104
30 20
39 142
129 140
46 52
105 47
22 40
123 138
134 68
15 136
76 59
81 37
0 79
28 26
102 76
44 3
67 6
44 99
92 121
44 46
25 38
101 5
52 87
26 38
119 59
28 45
110 124
108 22
57 56
64 83
88 111
55 143
86 90
127 140
72 111
132 97
6 38
73 37
105 78
53 103
68 52
104 9
108 114
7 60
33 77
40 86
99 71
35 22
115 47
140 64
64 17
77 14
72 41
55 58
124 49
121 9
36 116
67 118
68 51
38 5
18 90
25 57
67 29
91 14
40 76
140 110
24 44
136 78
123 20
123 76
103 91
2 107
11 76
29 16
10 53
4 144
104 3
11 86
110 105
95 142
125 45
61 15
121 43
43 67
114 141
78 30
11 39
2 98
141 137
128 21
128 140
54 108
4 109
76 132
77 48
117 102
58 68
40 120
126 36
79 142
87 60
7 49
80 61
49 78
33 135
90 92
113 6
93 31
95 24
104 66
95 105
97 35
8 44
34 120
51 114
133 136
14 12
62 35
101 6
79 4
141 109
83 1
42 126
60 94
4 27
9 36
131 2
42 100
52 19
115 100
6 91
20 47
36 133
65 141
100 9
94 46
38 128
33 109
60 107
56 134
93 5
30 108
137 13
134 23
112 91
95 126
128 32
117 129
31 77
18 66
91 121
78 29
54 13
113 32
21 52
9 112
40 24
94 123
84 60
54 58
102 62
111 46
58 31
115 44
8 81
95 127
28 93
63 53
79 60
20 79
62 130
77 74
90 71
61 34
5 137
73 64
131 4
144 45
96 134
25 26
45 32
125 61
82 47
45 64
93 82
55 0
52 41
14 8
26 86
91 39
104 114
44 114
3 48
10 141
85 45
43 53
90 44
139 73
106 129
48 122
36 14
0 75
124 30
55 11
105 65
107 54
52 105
81 72
85 67
136 59
25 19
92 43
86 136
38 8
71 54
32 41
135 74
19 94
141 70
5 20
39 6
17 84
82 12
87 42
98 62
35 18
63 71
51 10
19 12
25 125
138 84
116 27
69 53
132 46
67 35
128 82
129 9
33 140
33 86
16 34
96 89
24 90
20 35
1 109
99 130
24 47
100 0
105 128
96 3
61 57
16 100
55 90
64 30
24 18
10 110
135 118
44 39
10 17
37 115
130 5
99 37
87 130
142 108
85 96
81 63
42 23
103 142
132 48
70 17
79 132
56 94
49 76
65 15
71 135
97 25
41 119
43 61
80 86
14 140
84 4
5 56
15 81
0 101
82 80
96 71
69 20
22 124
121 125
36 125
134 97
113 37
17 71
36 101
115 110
13 10
144 128
90 63
41 116
74 48
60 83
40 56
5 135
53 93
124 129
103 128
77 81
26 70
38 58
118 114
80 76
84 37
100 45
62 63
87 36
48 109
7 25
80 11
137 111
131 103
24 128
139 2
99 43
53 135
93 127
95 77
9 60
20 23
0 118
62 29
94 136
144 51
46 142
40 134
70 5
110 94
60 77
82 6
23 91
107 95
38 29
123 81
58 85
137 107
133 47
105 43
143 98
107 138
53 137
12 141
6 0
119 111
81 43
18 104
89 121
137 92
35 93
122 76
76 41
27 108
61 122
22 14
105 58
9 6
65 83
60 108
48 140
31 9
71 129
53 35
77 128
95 110
74 46
99 84
94 21
0 54
119 5
119 40
12 122
88 71
122 114
115 94
94 59
131 67
68 77
57 63
62 4
140 25
99 87
144 83
9 107
62 80
126 55
52 140
142 2
44 12
96 6
97 63
44 26
101 38
93 143
96 120
106 17
134 91
99 107
33 85
14 46
16 104
0 3
87 96
37 119
102 107
19 120
122 62
23 36
38 86
47 22
131 95
43 126
50 28
100 126
98 128
107 31
38 134
55 110
129 13
73 15
40 61
13 58
26 52
40 123
45 122
139 106
58 124
0 112
49 62
84 137
3 6
63 135
108 38
56 75
84 46
34 91
82 137
63 142
96 92
70 15
82 115
11 102
31 55
58 7
62 119
92 53
100 52
138 75
11 127
69 5
132 89
46 9
89 33
97 138
18 100
55 60
134 110
118 49
126 116
78 75
20 37
98 24
46 121
7 76
23 31
44 123
29 92
80 4
26 34
1 77
59 8
14 131
137 142
83 95
94 33
91 61
117 95
34 59
18 17
44 98
110 78
104 98
71 130
36 16
21 18
119 55
33 27
89 120
104 1
90 58
116 92
75 5
31 20
36 129
63 47
86 124
108 25
57 118
92 45
49 73
54 3
46 16
9 51
82 75
139 134
40 129
90 54
22 52
82 30
18 2
72 96
60 97
30 135
126 32
60 22
41 86
33 6
64 130
129 67
17 60
137 14
40 42
122 125
87 124
82 123
128 130
33 30
122 18
117 56
79 67
47 2
118 61
1 121
137 66
87 19
18 64
128 18
20 111
85 22
49 41
132 29
26 114
25 129
80 67
67 58
67 21
30 91
128 30
18 97
123 142
38 144
3 111
31 67
101 72
43 38
134 10
79 109
81 34
139 121
81 105
114 113
50 135
34 118
142 143
128 41
67 124
85 141
18 28
60 32
45 44
47 128
11 27
121 42
138 31
139 50
127 123
11 52
24 3
96 48
59 69
14 87
16 99
17 68
101 21
59 62
28 47
49 71
104 60
37 29
78 128
132 20
57 13
41 66
22 118
44 137
23 132
98 46
93 95
72 28
78 92
138 46
127 15
101 77
12 78
83 3
49 127
115 29
26 82
95 43
62 138
99 59
58 62
11 36
67 94
84 93
111 118
106 78
56 49
104 52
131 5
130 68
51 121
20 46
141 136
70 114
100 93
22 113
32 47
132 39
45 118
0 76
66 24
102 126
126 22
113 111
119 52
42 46
121 57
83 26
66 132
46 19
137 16
57 85
134 88
100 23
35 17
61 4
60 56
71 22
120 108
0 70
73 35
67 28
8 138
13 38
90 35
10 57
102 6
99 41
7 96
125 30
69 73
81 71
89 135
125 71
98 19
79 31
31 130
119 125
24 140
24 117
9 95
4 15
22 109
48 99
80 96
41 7
81 82
44 65
38 87
2 85
21 112
100 144
137 110
140 30
29 2
32 18
3 85
12 88
99 68
14 67
104 118
44 68
80 48
137 91
45 108
104 64
59 10
128 119
43 90
5 32
18 72
77 80
1 16
75 44
4 81
134 70
98 112
118 25
14 27
144 120
143 61
126 0
0 48
17 128
49 110
24 86
96 10
46 124
32 26
85 102
88 143
102 60
20 19
43 136
26 47
70 69
41 64
138 120
134 34
129 41
36 91
57 140
19 11
103 89
110 84
139 77
122 31
63 116
58 87
140 49
117 99
62 125
80 87
26 4
18 79
34 32
39 29
47 134
13 89
14 97
134 81
120 47
125 48
48 56
38 68
17 9
129 111
17 140
102 128
31 117
28 107
77 121
7 92
128 91
35 136
11 48
105 108
34 82
73 78
16 141
0 61
128 36
1 115
121 12
15 54
142 85
56 136
8 135
69 52
132 94
10 130
42 18
79 141
85 75
45 130
122 119
102 66
39 110
134 123
44 58
142 112
62 16
111 105
31 56
115 9
25 94
40 135
112 11
107 86
61 130
113 57
97 30
6 136
18 114
30 96
48 40
41 38
128 72
116 10
35 131
61 16
5 26
50 47
91 10
81 119
42 28
74 144
12 55
139 131
47 127
120 33
120 66
79 55
108 17
135 22
129 122
20 116
86 8
76 61
84 92
106 32
24 105
142 94
14 134
46 11
62 12
85 21
7 20
18 63
74 141
126 118
87 41
142 132
140 29
65 57
59 85
72 67
26 11
85 77
137 116
86 46
56 55
89 134
0 123
137 35
133 105
50 25
78 121
63 31
136 38
114 79
49 32
144 19
74 42
33 9
92 61
8 19
143 118
142 120
46 13
71 117
137 32
2 38
23 64
71 134
67 78
99 82
99 15
12 67
74 35
81 23
55 91
40 71
30 58
116 107
105 45
75 69
18 37
112 105
119 18
109 114
24 16
113 129
72 24
79 30
30 66
104 47
95 75
54 110
28 58
0 18
116 16
99 98
125 38
45 6
50 132
104 84
47 45
60 117
142 126
134 95
88 66
90 46
104 56
17 121
102 125
70 79
41 42
102 97
65 12
59 3
87 82
121 3
86 100
43 18
32 21
112 37
115 79
125 24
52 127
144 71
121 116
98 4
9 134
25 46
24 138
46 36
14 112
46 18
15 71
56 14
89 144
45 38
63 141
89 5
9 90
20 121
17 143
80 126
61 128
96 2
0 60
43 130
44 60
37 144
141 111
23 112
106 132
81 91
42 54
25 84
33 44
124 77
63 128
94 0
45 60
94 76
88 68
27 56
57 16
125 130
110 62
50 23
70 50
112 81
65 8
116 1
129 43
38 59
67 52
134 119
92 70
38 111
107 142
60 100
94 22
9 56
19 79
119 83
93 144
106 7
26 59
19 67
25 20
3 43
135 13
114 63
2 31
66 42
120 87
31 98
64 22
58 56
125 96
27 35
133 126
33 121
1 131
17 49
107 47
25 104
21 81
40 64
10 113
84 61
144 73
82 102
116 7
109 120
88 65
139 3
87 142
60 69
87 126
4 111
49 116
15 113
24 108
114 15
37 88
14 65
47 0
84 36
12 139
54 69
76 141
25 65
64 28
91 38
101 85
44 129
32 123
88 136
51 52
79 68
105 75
58 25
76 121
53 52
26 102
109 107
97 62
85 127
85 83
55 5
16 4
110 52
130 75
67 38
48 1
4 67
102 4
75 100
46 55
53 109
106 71
11 137
25 0
67 111
133 33
31 115
120 124
101 87
102 61
78 101
4 38
115 111
14 50
126 101
78 132
72 118
143 133
16 11
74 81
29 112
86 52
56 65
143 95
82 39
21 42
72 33
144 115
138 11
38 115
2 124
6 48
44 35
12 73
27 136
43 101
49 35
91 82
22 79
99 118
108 115
4 135
97 94
138 71
111 89
134 44
6 80
32 27
140 134
58 80
11 62
127 96
49 13
101 69
2 100
94 98
43 20
140 36
129 63
127 82
19 85
61 55
51 99
81 126
57 18
110 22
24 92
50 110
88 86
16 77
103 74
122 32
123 7
100 53
59 107
83 18
5 143
91 113
130 41
130 34
93 110
127 62
45 69
129 3
81 68
12 114
52 137
137 9
27 74
113 61
103 121
116 144
32 51
139 24
119 140
135 121
120 102
63 42
108 44
64 84
115 2
19 103
127 92
17 25
117 122
52 144
47 59
50 83
131 113
102 68
140 102
94 138
134 80
81 144
78 87
31 64
25 93
113 94
13 21
12 70
85 108
99 13
67 57
11 84
119 44
21 84
143 70
96 41
41 90
52 40
119 6
58 59
0 99
57 81
68 96
29 69
69 137
105 144
78 40
105 30
91 135
74 26
126 141
19 68
106 44
97 34
15 128
48 81
130 56
103 29
73 130
54 143
70 119
73 2
15 126
22 21
78 141
94 72
68 35
38 124
49 40
22 78
19 93
50 137
2 49
99 143
22 61
82 56
51 49
30 40
82 94
68 21
129 110
35 69
112 32
84 90
114 107
109 137
138 56
36 109
72 112
118 74
16 129
133 130
66 21
138 15
61 8
6 94
29 138
125 86
127 4
6 109
83 141
26 1
144 62
26 41
91 140
24 1
33 118
111 13
16 87
47 83
27 98
43 47
69 92
58 93
110 69
94 2
117 22
98 111
121 65
25 75
138 48
38 11
52 98
107 97
61 69
136 22
48 144
2 42
32 19
21 51
61 26
28 30
97 64
39 140
88 107
0 93
90 45
82 74
54 57
37 95
100 61
41 121
70 45
17 77
117 34
95 109
128 58
119 14
76 113
88 104
48 141
141 106
129 12
3 67
130 110
67 62
26 96
66 135
9 13
106 39
8 72
126 47
138 35
61 78
36 93
111 122
93 46
115 101
3 37
13 40
12 125
93 99
55 39
18 30
111 17
26 64
89 106
9 140
131 79
95 104
127 84
60 75
52 131
75 98
15 132
55 114
97 13
80 95
64 124
8 20
30 81
34 44
7 23
85 63
8 137
96 86
69 100
104 124
50 118
129 132
108 8
94 40
99 91
95 14
77 71
103 101
106 62
120 128
124 83
127 71
19 106
13 26
99 60
24 41
139 87
103 77
84 141
3 50
135 24
119 76
68 23
26 14
126 143
51 139
50 130
134 142
24 94
137 115
142 129
6 41
51 2
8 96
59 83
83 55
0 140
84 5
124 5
143 9
31 81
38 63
79 78
38 70
95 0
89 130
83 117
101 37
77 75
117 19
16 44
12 120
74 56
43 77
27 114
73 8
101 127
13 59
108 144
106 121
89 70
89 52
55 6
109 110
25 139
128 142
141 105
110 135
109 44
63 33
5 60
86 112
75 66
68 131
113 102
144 36
18 36
72 137
77 91
120 103
85 55
90 107
99 102
2 75
89 49
89 93
54 91
124 105
138 141
44 4
115 130
80 3
144 85
21 106
41 58
35 99
50 52
77 36
56 105
53 46
82 139
9 39
141 130
101 73
14 72
89 39
20 87
57 87
125 60
25 115
12 54
135 113
131 17
46 133
54 62
82 135
42 51
76 34
135 60
55 18
97 143
59 57
35 110
15 80
115 109
111 62
43 119
13 45
133 89
104 26
133 71
110 25
67 47
92 67
90 11
65 137
19 95
74 58
13 41
139 128
128 118
77 79
68 57
62 3
20 24
61 107
119 15
121 7
102 32
61 97
42 60
102 118
134 79
52 49
93 37
43 64
122 115
24 136
129 31
128 112
66 10
94 16
96 27
100 77
40 5
15 98
25 3
123 136
116 81
55 77
81 104
79 23
135 20
2 56
17 115
96 114
122 99
140 132
77 4
137 104
94 34
68 104
75 106
49 133
119 112
119 86
47 140
18 26
58 120
19 81
32 56
127 124
98 141
20 106
22 17
73 36
39 67
76 104
135 136
138 2
115 91
134 85
92 126
86 3
60 26
44 53
143 37
3 122
53 41
5 108
131 99
49 64
36 132
75 18
19 105
7 70
10 126
74 55
53 99
32 36
72 122
90 139
75 88
1 54
95 61
117 136
18 112
65 58
121 45
2 123
11 144
80 54
127 115
9 35
140 135
74 11
52 112
69 90
84 103
23 114
12 92
129 37
19 89
103 144
61 52
19 13
99 2
66 127
58 50
1 12
88 67
66 52
13 29
10 2
119 10
49 144
56 23
115 86
133 103
112 7
97 9
142 24
51 76
72 123
86 140
25 132
21 100
93 74
26 45
139 30
2 30
47 10
9 124
96 73
8 140
35 4
138 125
111 131
77 58
68 98
125 15
54 140
109 73
112 63
99 138
131 73
35 101
118 141
144 50
133 138
50 35
115 19
104 14
76 38
128 54
141 46
32 83
125 118
35 81
125 135
38 77
85 48
102 83
46 143
81 56
126 38
97 130
7 50
75 118
51 96
122 7
65 24
131 20
111 60
94 27
137 26
61 135
34 132
15 17
18 44
88 1
36 121
74 110
143 79
17 105
27 75
34 88
125 17
7 115
14 20
122 24
123 90
60 46
112 12
82 143
51 140
89 48
93 61
31 94
22 100
43 9
66 33
53 80
46 105
76 135
134 39
95 98
112 127
99 105
138 93
107 144
85 131
29 124
127 36
4 39
75 126
100 65
62 68
22 5
141 28
93 125
126 70
79 90
12 43
107 66
7 78
126 40
47 65
15 141
20 55
2 140
73 40
46 41
13 80
7 5
52 5
22 130
19 96
37 1
142 135
14 101
60 36
47 89
123 39
120 114
85 34
4 113
44 51
80 84
86 50
117 58
43 68
126 123
124 140
35 116
107 104
131 77
50 17
8 67
104 130
57 119
82 45
109 74
123 80
82 92
57 0
103 8
129 54
119 80
10 81
67 82
28 129
31 47
91 96
90 3
125 95
52 125
25 87
144 3
56 98
109 34
31 1
56 76
60 38
83 77
47 49
100 139
55 45
52 72
63 6
48 130
104 2
81 83
65 98
64 55
120 24
56 91
44 91
6 40
129 8
119 68
141 134
39 48
57 72
59 134
28 81
126 41
127 33
20 26
103 23
56 90
18 15
113 87
35 45
105 119
109 56
74 65
108 74
111 81
43 41
15 42
142 35
5 37
111 34
83 7
80 94
73 89
11 132
118 20
15 133
74 130
72 107
51 34
4 120
46 43
115 92
87 23
112 85
137 136
127 106
94 128
37 118
51 35
40 63
113 127
60 47
95 113
141 38
78 32
26 94
129 95
3 33
137 117
143 31
72 47
68 109
134 66
84 43
25 92
90 48
103 17
33 139
22 75
59 141
118 92
53 101
7 113
39 98
115 72
70 108
78 9
22 27
109 35
95 33
62 114
101 120
2 17
55 59
122 66
47 106
77 87
26 79
60 119
115 16
102 2
38 98
136 52
28 82
129 68
107 17
21 132
51 103
53 0
120 61
28 20
104 101
124 70
106 123
16 109
97 100
113 107
87 89
98 119
110 48
92 114
85 133
11 25
125 140
134 17
101 15
84 95
18 60
97 103
56 86
50 106
125 65
53 29
32 141
109 76
49 50
144 30
67 99
30 107
8 128
71 143
10 87
108 21
28 108
45 48
51 64
106 36
131 36
127 121
35 122
89 102
14 98
52 6
6 108
136 89
30 123
44 96
103 61
42 89
25 60
95 60
11 14
127 120
71 24
138 17
22 56
33 76
143 73
37 58
28 31
42 57
6 110
40 34
48 27
6 111
109 11
64 114
23 19
21 27
37 121
68 112
45 96
137 24
84 111
139 54
109 142
44 107
100 110
0 71
30 53
28 68
1 18
142 52
18 134
138 79
86 120
101 60
99 86
126 54
112 53
125 69
34 35
25 16
14 74
114 112
109 24
120 112
132 126
62 81
117 139
100 134
105 93
82 76
53 142
78 99
42 17
123 46
91 4
27 110
64 136
136 37
4 110
110 99
47 122
64 16
128 2
24 31
122 107
105 42
52 115
139 52
41 70
132 8
128 114
44 21
129 100
100 43
82 108
138 45
33 67
22 53
77 141
27 76
139 43
15 103
2
42 138
109 4
