430 2662
202 325
325 58
58 317
58 47
202 147
202 427
202 275
202 216
275 361
427 396
325 269
275 342
202 13
396 231
325 94
13 213
231 288
325 179
13 240
147 343
213 401
231 385
202 41
58 56
343 39
231 234
13 64
39 330
41 262
401 107
56 310
342 185
202 413
64 411
56 375
64 279
396 81
240 177
342 398
288 378
310 247
177 150
330 126
413 248
361 9
150 355
126 124
58 196
185 79
41 106
310 227
413 313
248 135
317 249
94 1
248 77
56 190
378 170
361 142
142 120
126 92
124 217
342 382
47 5
355 320
135 151
288 238
310 363
170 96
196 162
13 57
378 110
1 26
398 198
162 418
1 73
262 379
92 373
26 134
411 336
313 329
198 409
107 347
106 334
310 341
5 105
162 31
190 309
375 422
325 24
330 128
336 255
126 377
238 307
385 241
373 67
363 111
234 55
202 306
120 37
238 304
329 416
309 406
217 384
79 218
275 312
373 66
336 403
198 346
94 417
382 243
310 215
427 348
375 311
147 293
106 70
110 232
177 99
312 140
304 10
92 259
135 76
240 164
234 236
334 394
47 12
341 29
384 414
403 295
24 71
67 345
295 252
361 374
310 160
312 383
379 211
385 338
81 321
341 169
336 386
345 381
41 178
334 25
310 302
418 109
231 380
386 51
241 376
394 408
213 33
401 226
375 357
317 237
94 333
252 30
190 206
217 95
196 121
403 399
329 296
309 69
334 387
306 400
380 421
384 290
343 93
414 266
304 284
380 127
213 132
383 228
135 191
377 335
336 91
310 138
248 268
312 205
227 246
373 146
363 171
377 364
198 426
57 113
376 390
96 45
170 184
160 261
240 371
1 42
151 48
150 28
373 187
284 192
57 63
93 152
364 182
109 97
47 425
383 300
247 407
334 159
140 7
348 62
1 282
232 44
62 118
418 242
376 6
234 11
169 65
147 17
348 21
42 149
30 358
320 199
12 301
110 43
279 351
334 148
182 289
413 32
11 389
57 235
398 145
69 167
377 210
164 166
113 101
416 372
333 244
302 359
385 195
381 256
150 324
401 85
357 183
416 214
64 52
348 365
338 175
30 219
12 102
10 349
190 254
235 130
107 303
324 356
55 388
238 131
62 122
256 283
341 250
303 19
307 161
43 49
304 50
101 23
69 108
161 402
249 59
216 83
58 125
120 87
256 139
282 251
385 157
371 189
161 84
279 193
408 207
380 265
243 8
178 339
57 344
148 38
295 75
359 40
113 223
159 291
387 74
409 225
411 233
121 423
11 172
167 208
25 141
52 278
234 0
69 308
195 46
249 354
62 332
58 322
215 220
390 203
427 370
206 229
240 318
17 224
110 72
196 221
208 315
161 429
215 194
170 188
134 299
19 319
130 270
206 119
193 337
25 168
113 112
219 397
70 90
423 53
65 3
231 257
40 391
365 271
309 200
324 89
400 209
26 326
150 204
381 419
87 98
318 369
378 412
338 258
1 360
374 60
399 292
128 294
335 115
236 153
388 393
69 353
336 197
343 104
243 253
71 405
209 420
251 82
417 352
72 100
215 264
200 327
91 285
127 368
227 331
110 277
341 280
408 27
234 158
53 263
214 297
291 61
269 78
412 273
343 154
112 428
28 54
126 136
386 88
87 392
216 328
379 117
26 323
104 367
324 20
57 362
402 316
376 239
295 4
166 80
316 116
25 424
400 245
3 18
193 176
192 68
75 276
406 287
169 286
300 86
208 340
308 272
228 143
396 14
57 298
101 133
64 155
416 201
255 15
193 281
108 180
133 415
51 186
160 314
177 410
393 16
29 156
303 129
257 173
208 163
273 165
379 260
140 22
269 144
405 305
214 222
373 34
318 137
280 2
304 181
122 114
365 103
89 35
205 404
372 395
34 123
362 36
168 366
375 267
367 274
173 174
117 230
361 212
88 350
170 328
151 402
348 63
11 162
202 401
147 388
77 260
275 423
382 137
92 113
98 210
143 145
240 139
428 348
367 382
406 370
291 33
179 320
50 80
90 35
46 14
346 364
249 393
174 275
392 136
367 378
262 284
375 347
88 226
34 225
216 325
60 293
392 31
330 205
220 262
183 144
329 173
17 212
212 39
6 339
194 323
390 248
246 83
28 99
319 79
328 8
258 92
170 382
217 49
103 151
380 139
84 166
101 98
124 311
332 408
237 69
413 55
337 353
116 305
378 383
214 252
224 67
63 371
165 394
159 381
274 194
321 273
159 70
200 177
295 247
30 149
387 261
300 204
196 406
188 207
249 75
257 226
329 112
39 336
340 119
92 238
160 398
87 332
248 330
250 188
325 191
239 35
222 124
184 280
388 24
420 76
180 218
250 266
53 353
356 247
136 304
318 69
166 115
30 9
259 96
274 189
309 416
257 353
42 147
218 258
96 421
59 55
45 54
295 218
179 204
179 12
426 400
130 324
397 173
35 102
164 326
396 79
271 359
412 113
266 39
25 120
363 104
96 281
22 0
311 287
369 295
145 47
223 301
185 269
291 86
1 34
273 259
106 227
342 299
227 0
179 357
20 339
53 303
155 21
344 120
126 211
46 345
171 203
300 406
419 67
326 402
295 130
411 202
291 425
422 218
157 264
105 231
107 382
307 2
316 385
195 93
108 168
273 142
199 91
309 27
286 351
15 22
213 122
345 390
142 42
126 84
185 151
1 41
363 367
31 267
93 184
100 265
318 306
42 335
142 224
221 370
93 264
82 364
127 176
377 279
5 381
351 338
410 264
176 15
7 64
240 132
37 383
357 271
133 368
157 26
103 235
159 297
414 64
122 264
420 241
208 78
26 37
94 272
277 46
261 349
22 165
52 338
33 317
77 249
381 190
161 168
255 82
103 396
69 61
376 248
383 297
286 379
289 263
31 317
183 321
10 138
412 262
227 367
415 305
119 71
427 27
42 193
308 166
400 246
368 338
172 396
307 343
210 283
410 218
201 230
373 332
359 12
210 205
345 384
112 11
165 363
82 357
31 227
125 149
42 84
8 195
165 402
133 157
166 307
78 362
59 406
339 258
271 50
168 6
290 254
163 285
311 26
224 277
210 227
240 120
175 36
228 72
232 285
211 395
117 262
182 21
135 16
80 55
341 195
97 386
422 319
180 77
39 388
166 118
294 367
400 170
351 148
81 83
218 230
54 328
180 292
337 286
265 414
168 240
219 212
347 251
113 187
415 55
153 381
130 31
301 239
37 420
362 184
306 231
193 153
290 12
397 42
27 89
102 221
169 238
290 292
29 299
187 212
221 360
98 75
376 228
106 422
23 182
371 75
133 293
146 292
201 221
37 90
235 322
196 395
89 3
224 160
173 16
332 253
187 26
374 271
78 414
335 47
136 291
77 313
107 353
385 420
296 48
394 197
390 275
36 62
291 222
101 117
34 377
316 116
72 316
179 29
362 187
213 314
192 349
409 259
155 264
103 410
383 80
382 63
195 192
25 238
280 358
6 12
375 407
338 26
15 421
128 288
30 213
339 370
413 268
285 37
37 62
28 268
240 284
26 134
317 345
179 65
176 203
214 273
205 181
8 324
141 121
429 399
25 252
30 262
305 322
134 352
105 139
363 373
177 123
72 36
424 263
48 56
274 405
12 351
104 397
324 414
421 388
402 162
5 175
26 375
171 188
90 25
54 281
233 35
137 106
213 295
413 131
344 119
87 34
409 419
80 270
358 59
164 379
208 234
208 367
300 337
296 80
167 13
168 15
238 321
75 400
347 367
96 278
322 214
259 44
247 111
290 1
184 281
327 310
382 364
167 199
222 280
47 210
414 128
1 202
150 251
261 6
388 414
86 248
205 402
293 296
145 402
376 189
251 415
179 358
362 417
36 237
149 278
125 385
53 428
295 152
294 6
145 370
9 115
49 128
412 183
387 427
325 214
212 313
348 410
13 209
325 60
125 235
159 378
76 345
210 198
72 359
210 5
20 163
103 315
401 84
99 166
303 154
77 254
220 366
426 311
370 51
308 364
276 392
371 396
393 65
92 57
277 68
105 30
67 131
333 288
352 13
52 328
195 263
119 277
295 146
270 303
24 212
64 261
124 336
257 287
22 279
126 54
290 274
379 274
41 86
287 178
308 123
116 300
46 351
147 48
304 421
300 327
213 408
54 247
273 132
227 221
142 77
332 232
359 215
404 382
165 86
332 282
421 338
184 40
32 19
265 110
79 196
352 313
9 265
338 144
83 17
385 315
347 420
124 117
310 330
193 156
217 317
263 3
121 80
194 259
197 313
219 351
351 15
68 157
218 411
309 40
152 317
324 405
334 226
43 426
68 148
358 219
428 151
176 247
2 66
336 326
344 274
192 108
367 422
94 379
411 50
380 191
28 13
296 392
162 25
150 125
136 58
160 352
108 1
221 180
49 381
224 244
233 173
311 383
411 136
138 243
60 43
28 163
6 417
311 2
404 285
400 103
323 185
51 289
112 361
384 371
1 203
375 363
200 124
396 136
332 351
16 326
281 330
218 28
422 228
392 422
330 63
364 314
387 267
62 9
169 417
83 391
307 202
10 109
296 11
367 388
78 91
138 343
185 42
5 144
376 216
193 303
400 19
418 100
47 80
34 11
181 130
337 366
315 12
375 71
331 165
423 364
247 330
97 189
217 185
357 93
37 334
398 129
379 403
137 336
232 345
266 307
199 397
218 268
84 359
269 375
218 18
11 165
61 144
336 177
313 208
174 112
40 394
43 373
303 235
251 90
89 16
11 221
325 122
8 193
3 390
271 355
192 111
227 341
156 272
153 410
77 328
310 70
65 280
322 166
39 227
59 419
209 384
276 170
324 241
387 32
175 130
79 153
364 88
78 156
395 409
380 68
121 56
287 126
325 313
415 273
15 12
365 408
83 355
50 329
83 216
50 419
386 264
270 35
114 386
356 139
427 211
127 394
179 150
324 118
85 399
136 371
312 168
81 358
236 295
115 107
149 157
367 354
179 23
149 18
385 132
134 127
16 245
239 268
336 130
390 193
103 76
366 26
233 257
411 73
146 327
411 156
293 36
102 250
180 413
300 255
394 139
221 297
205 187
393 348
382 381
80 142
304 281
183 392
80 184
239 425
126 246
129 262
68 219
295 203
42 28
193 308
104 79
385 107
362 69
169 247
89 38
205 198
292 128
120 123
410 203
306 174
69 321
289 60
16 250
328 326
315 163
343 178
132 417
367 90
16 286
151 220
47 281
282 36
231 232
428 253
215 214
102 266
169 34
132 183
384 382
346 404
69 290
405 276
182 180
76 367
146 231
186 80
205 163
293 306
319 277
280 118
14 377
163 108
397 177
247 293
336 405
162 58
313 145
290 359
146 360
286 281
226 50
83 255
274 38
113 428
181 5
98 107
16 86
369 275
32 255
278 156
388 354
298 368
49 138
158 235
90 45
160 300
409 305
85 235
331 428
110 16
55 355
51 293
110 13
348 221
317 274
77 307
179 28
90 105
418 289
415 277
267 84
221 116
397 345
366 365
175 202
67 58
428 396
113 94
175 369
166 164
85 217
194 377
137 261
354 322
146 183
93 108
427 265
372 335
422 192
227 378
264 163
223 174
191 201
352 375
330 251
316 400
208 403
113 306
413 196
332 116
415 318
126 334
170 288
206 110
297 299
217 239
188 255
324 1
66 335
404 146
429 8
350 269
321 23
326 10
19 286
399 209
111 114
182 266
184 330
88 377
170 6
148 35
309 149
309 84
285 300
29 263
379 212
234 253
55 222
401 86
251 271
218 87
3 351
40 413
47 149
182 224
43 92
340 241
424 102
32 8
194 133
169 215
346 24
125 257
37 120
64 265
237 66
122 292
43 306
400 224
67 17
233 153
381 43
356 137
346 2
276 239
428 168
97 412
395 146
401 329
364 116
283 411
425 168
162 109
147 241
172 225
9 28
280 137
306 408
21 213
302 76
55 320
63 60
7 278
146 256
95 314
357 47
161 349
292 125
51 4
367 181
250 192
341 211
282 258
153 259
235 51
101 329
271 412
71 429
47 386
160 239
51 120
152 128
95 68
349 107
108 393
312 189
344 135
204 36
178 160
65 91
232 18
192 30
272 143
110 104
146 191
159 61
59 265
379 266
384 133
97 143
39 60
85 48
91 258
124 288
265 254
41 361
287 115
114 21
162 123
217 258
373 284
73 48
22 110
163 425
39 318
128 124
1 153
16 204
110 92
283 122
225 116
332 337
212 302
129 210
41 220
176 76
82 72
284 110
422 19
200 39
10 40
241 288
198 151
321 353
138 100
407 357
344 181
399 311
390 255
4 187
178 376
11 396
416 125
263 16
101 331
231 161
205 428
0 429
310 200
137 337
66 68
326 293
34 334
92 411
198 423
382 311
94 116
331 157
87 406
256 21
282 147
8 223
390 208
47 57
120 47
89 225
143 404
71 3
350 267
256 281
240 395
145 377
237 137
379 246
263 39
82 382
160 323
224 334
338 116
73 406
318 109
55 132
91 324
132 95
64 161
34 190
361 133
337 68
274 129
24 221
74 9
63 285
115 241
223 35
16 280
314 247
149 324
147 219
86 224
350 101
280 102
297 244
135 15
99 187
148 345
203 142
47 399
410 35
73 198
315 419
357 398
192 338
169 205
233 78
265 81
132 144
168 163
151 407
263 252
333 168
68 401
325 359
240 316
284 150
62 197
219 125
355 203
310 425
47 427
364 320
309 276
261 221
12 88
362 280
36 428
339 204
385 77
376 53
405 344
146 275
70 179
77 27
274 371
253 423
272 112
311 252
425 211
64 214
223 394
64 154
75 51
310 300
89 392
417 419
367 235
75 30
51 258
134 146
116 56
158 23
317 216
314 207
385 214
325 27
405 106
340 123
258 61
13 279
93 113
360 11
127 187
260 8
353 268
86 88
122 72
114 306
21 27
113 191
180 167
172 321
72 47
341 410
108 362
146 394
137 372
89 226
361 90
304 306
34 374
153 312
368 42
63 400
11 316
91 180
179 343
63 189
181 299
162 204
248 271
140 47
429 125
105 293
241 24
136 39
162 67
371 176
359 181
246 146
360 8
319 233
427 214
277 289
280 293
47 186
34 274
291 147
187 60
327 288
54 319
50 343
45 329
367 372
343 362
76 100
138 107
359 389
358 74
273 291
231 409
301 201
49 288
337 212
281 220
335 16
164 69
52 185
206 113
120 43
218 105
278 130
295 107
189 291
264 412
192 429
350 345
273 122
152 142
366 392
101 359
393 362
353 168
309 213
362 310
332 39
369 248
370 3
70 63
200 38
168 121
298 395
51 205
50 47
25 416
229 9
236 46
427 87
65 397
326 407
9 188
89 399
149 59
421 423
362 256
292 362
347 25
24 150
268 29
118 173
269 383
199 36
297 36
162 315
87 310
273 134
71 54
270 406
317 279
425 104
268 71
219 263
428 316
307 96
427 113
329 160
244 59
278 337
72 334
358 199
411 52
124 140
226 389
163 86
329 190
40 379
337 119
284 267
361 147
253 258
313 253
245 31
81 3
414 316
132 269
36 380
66 87
227 238
396 37
0 183
12 241
156 61
281 282
211 9
72 290
113 91
316 409
210 257
158 230
31 113
267 410
399 413
224 367
406 384
394 150
246 195
359 126
289 426
408 141
23 323
126 153
347 58
309 28
329 372
167 416
95 378
245 269
60 96
44 374
11 189
137 343
114 384
342 18
114 211
369 341
364 157
275 158
112 153
9 217
161 164
58 147
325 142
2 51
357 151
148 29
364 407
208 144
285 324
395 181
165 120
121 11
258 392
328 272
248 94
354 26
236 108
149 217
256 351
32 285
38 289
98 366
178 357
418 118
242 25
19 103
301 253
293 32
390 84
69 133
354 135
389 146
203 22
264 127
273 347
285 343
425 226
41 144
10 222
350 295
83 113
151 46
17 425
381 185
27 253
49 6
1 308
99 391
133 328
236 306
194 378
414 237
346 128
78 230
337 377
126 11
126 14
397 389
158 361
86 94
222 23
102 8
72 390
87 337
219 87
28 170
403 160
244 212
410 422
419 274
34 182
230 108
318 377
425 419
30 11
105 44
387 75
272 384
14 417
294 342
398 214
18 179
257 381
341 260
137 67
384 38
34 322
249 363
126 356
149 64
356 215
67 373
421 358
428 289
167 371
75 268
167 330
353 254
422 205
314 252
110 378
253 85
355 149
261 389
214 108
119 267
7 80
269 363
399 294
97 250
426 127
170 78
150 31
417 316
393 198
192 78
80 185
249 284
38 235
197 345
301 158
247 71
305 363
21 405
384 179
2 306
349 420
139 214
291 236
11 176
401 207
178 264
321 275
251 373
411 313
403 416
121 35
263 293
218 367
33 53
285 88
16 304
177 278
202 161
212 297
177 157
67 327
271 146
160 373
308 185
394 125
69 352
94 7
212 417
246 63
328 233
314 160
113 292
305 338
266 188
336 200
367 409
410 90
368 21
42 66
149 105
371 285
395 249
270 266
123 175
43 101
220 211
394 86
4 392
85 131
36 162
323 380
388 236
296 317
326 241
39 79
386 5
197 246
338 16
361 414
236 279
207 64
401 222
411 162
248 217
217 188
29 193
302 247
397 403
235 425
39 97
156 30
306 5
67 307
191 226
377 236
246 92
10 226
421 420
246 115
391 49
219 265
290 224
414 100
196 335
398 262
129 253
397 368
66 23
77 225
185 178
355 161
90 264
117 282
11 116
426 26
77 267
93 106
118 152
243 59
336 8
318 320
198 306
122 179
333 202
381 101
319 37
203 160
161 280
286 47
285 400
218 365
141 97
355 200
174 127
48 210
374 59
10 238
263 123
429 11
404 162
420 157
185 136
390 60
248 133
333 70
88 32
22 128
340 304
393 382
126 357
421 424
408 359
261 276
404 369
70 44
178 235
201 276
298 176
39 63
333 300
273 128
286 300
48 248
257 54
209 416
330 144
291 298
223 362
386 49
152 323
212 338
310 32
338 328
312 69
42 150
285 429
217 140
143 372
141 85
60 387
192 329
26 194
86 194
276 151
210 103
352 338
391 87
143 398
416 397
286 244
304 324
36 360
268 343
72 345
233 246
365 289
356 259
402 398
7 119
280 339
380 16
308 24
120 391
395 212
174 45
287 46
224 151
258 60
362 374
87 400
272 53
275 342
384 325
207 71
97 342
137 115
127 68
268 90
61 310
283 307
416 71
53 350
140 222
428 261
158 279
125 168
42 106
302 424
175 119
365 352
93 62
236 113
365 410
254 359
247 7
106 326
342 101
153 121
258 66
35 386
292 226
298 308
117 392
144 217
246 393
147 247
58 333
7 13
78 198
24 180
191 130
45 354
429 248
107 409
157 277
199 227
346 162
50 306
22 101
390 339
191 420
247 320
143 87
240 13
143 261
192 158
387 257
103 83
83 273
133 341
119 49
387 282
378 114
187 193
159 353
228 91
266 62
273 4
277 246
409 331
269 81
247 224
408 50
392 293
24 2
61 20
331 366
415 140
79 373
249 165
226 147
351 164
425 85
180 366
223 193
315 345
176 357
278 49
52 92
79 156
354 343
219 273
403 149
279 276
376 25
356 19
121 122
268 107
67 294
171 247
403 80
208 286
296 93
210 68
335 62
391 72
46 310
130 80
123 241
247 50
93 37
207 199
231 167
289 366
18 367
274 364
304 284
144 357
174 153
378 300
273 276
368 285
271 31
17 55
232 114
197 329
362 295
136 25
17 418
76 69
56 255
336 32
365 345
35 169
353 103
119 76
422 176
139 111
51 62
168 366
172 419
315 233
235 86
138 245
364 222
252 35
56 290
143 0
102 220
305 46
85 158
273 230
40 165
321 160
360 284
397 31
6 183
130 269
38 333
224 266
266 85
105 292
425 124
18 372
393 35
272 392
158 339
380 241
45 100
294 57
140 181
92 153
221 211
268 132
372 136
346 390
63 235
137 224
320 242
68 386
5 229
10 327
363 262
0 153
169 51
285 21
6 318
48 183
5 69
144 113
381 38
205 177
289 166
92 38
294 198
375 187
157 94
380 356
424 136
109 373
150 361
383 216
217 131
404 391
183 84
348 260
129 225
109 5
79 59
281 80
123 23
318 110
298 211
126 328
3 161
66 392
311 358
342 25
390 271
130 226
389 5
65 421
8 213
299 195
172 118
325 303
105 37
73 409
341 429
46 241
1 102
194 302
398 31
196 170
74 360
6 184
65 25
261 410
39 122
251 365
322 329
389 350
186 50
428 333
403 102
416 130
313 309
398 116
299 136
167 16
129 44
277 261
116 392
113 190
285 240
151 424
362 388
84 301
368 33
209 154
93 309
151 355
213 33
336 242
302 235
260 124
386 229
322 407
401 166
247 210
219 172
2 162
268 406
281 384
303 4
230 32
58 97
222 204
204 242
269 90
304 88
83 56
217 171
102 294
352 197
238 396
35 429
9 365
381 329
283 161
295 31
174 152
271 422
239 313
257 154
20 98
202 39
191 173
279 80
185 314
401 361
100 60
198 422
250 20
226 224
260 132
50 122
168 42
428 123
194 301
264 332
290 122
341 298
80 314
104 173
6 370
185 313
171 30
280 317
235 215
85 112
428 109
187 345
338 183
167 77
80 249
211 42
424 309
184 58
143 414
135 209
219 252
429 330
413 92
128 396
329 161
251 420
297 289
251 108
153 298
312 70
263 334
263 313
176 107
65 215
308 184
258 96
305 411
186 225
345 262
121 50
115 305
217 410
334 385
155 153
204 324
244 312
100 274
29 314
11 416
147 103
11 46
381 193
8 171
369 309
248 134
86 306
45 306
121 356
249 211
343 419
122 354
263 13
294 420
63 393
144 88
426 212
423 368
403 113
301 157
241 117
379 372
155 178
360 190
286 41
30 63
429 254
10 186
305 14
67 129
233 200
3 131
275 22
131 322
145 132
59 157
382 288
359 89
263 206
22 109
353 243
48 150
373 5
170 219
306 15
160 140
246 210
353 299
240 71
26 387
295 388
0 353
251 17
40 421
118 146
420 91
369 130
99 52
136 420
55 156
146 88
270 246
236 183
214 272
99 115
407 99
77 359
182 27
128 160
219 355
23 133
126 79
351 354
76 21
68 143
58 317
335 10
121 67
210 267
201 327
383 139
32 81
111 287
332 166
131 417
404 307
96 179
209 95
388 80
155 287
134 92
372 214
269 303
215 412
69 248
58 326
388 211
349 354
313 88
331 262
125 162
358 384
21 51
366 425
393 411
346 133
361 67
317 309
284 322
287 369
192 98
256 55
192 306
134 39
220 378
313 36
32 410
200 33
307 298
18 100
379 110
222 72
48 20
341 11
94 167
255 88
106 174
288 47
129 254
286 404
251 172
178 103
39 95
155 201
12 129
412 269
88 307
206 152
209 395
344 287
412 376
347 394
61 93
251 268
41 193
218 364
407 216
382 196
101 108
415 361
189 138
323 189
58 43
181 230
50 300
327 220
400 236
418 188
260 408
52 333
381 212
116 39
145 262
22 284
18 289
345 204
199 171
51 220
290 327
304 334
26 319
338 154
15 298
214 100
88 259
198 272
20 0
348 80
4 148
414 126
142 159
183 7
309 130
425 4
75 22
390 77
409 32
124 119
239 354
6 203
4 287
37 207
253 143
176 122
249 353
142 7
82 272
290 208
147 72
220 278
329 422
399 131
34 147
327 78
275 401
281 313
52 374
275 300
122 205
144 260
285 203
240 155
260 157
214 56
130 315
102 127
270 150
305 148
159 133
387 340
208 292
349 286
208 335
331 380
120 206
245 71
254 416
176 213
132 141
64 268
78 318
138 302
422 33
84 59
49 337
165 272
278 202
132 118
165 412
39 11
100 35
223 335
85 16
225 268
213 173
257 36
92 391
355 238
176 231
221 134
351 185
429 118
279 339
211 22
181 73
106 196
96 385
341 388
307 112
385 245
113 147
148 77
50 283
108 366
55 315
395 223
18 64
227 41
389 238
1
5 189
