716 6472
588 353
588 673
673 422
422 679
679 118
588 117
422 106
422 700
353 539
422 350
679 555
673 94
555 240
555 136
673 434
106 113
700 470
422 195
117 678
422 324
118 577
240 254
700 580
118 13
539 592
136 231
240 618
254 622
240 643
350 198
136 92
240 258
700 28
470 308
555 120
592 677
577 550
240 207
580 183
117 340
700 132
207 169
207 450
350 352
198 687
618 167
422 430
167 261
679 513
183 126
198 19
126 642
28 536
19 402
94 56
577 86
254 180
169 372
700 644
231 115
198 497
588 96
183 81
207 164
580 29
642 199
592 568
622 383
700 418
642 237
550 184
434 425
207 409
199 688
383 63
258 307
324 185
169 15
618 75
94 156
13 457
430 130
184 707
115 323
132 125
63 201
618 624
618 111
457 116
207 333
643 385
258 202
622 633
199 401
644 305
450 626
673 2
28 160
555 674
254 441
116 505
180 208
164 171
199 292
94 456
2 691
86 259
577 614
687 504
116 300
19 36
29 34
324 607
323 155
513 704
457 26
441 41
41 492
164 320
688 112
13 482
497 355
307 170
622 325
504 519
120 223
2 71
504 602
240 80
409 235
29 394
41 296
505 710
688 213
580 107
254 428
115 194
296 209
235 217
409 587
704 58
201 347
19 699
513 32
213 533
492 680
624 203
533 140
63 264
550 669
353 692
618 484
539 376
409 546
692 186
383 277
704 512
156 281
546 153
112 257
513 543
32 690
577 135
441 620
325 177
177 404
543 419
111 377
308 621
513 334
126 270
34 103
125 175
450 148
691 694
352 166
707 127
324 436
404 586
148 17
402 327
324 665
223 623
350 408
587 306
195 361
568 262
505 510
107 287
117 507
117 599
687 553
510 57
669 380
418 655
17 39
320 661
699 701
117 290
160 53
614 51
56 407
543 646
669 121
194 518
550 578
646 515
376 397
397 133
376 511
208 393
372 689
235 652
457 663
202 396
231 285
164 263
482 598
306 114
148 69
355 60
2 467
290 229
259 403
231 336
602 390
57 215
614 535
308 556
155 368
292 440
533 33
533 666
642 451
13 49
185 342
259 228
186 567
642 413
292 233
678 38
372 524
240 454
402 570
28 488
355 101
518 530
180 134
404 523
413 91
353 0
513 303
368 162
2 157
543 501
677 653
300 576
602 429
307 630
673 584
290 230
185 318
688 714
543 362
643 123
26 508
318 460
140 698
578 715
195 11
689 388
642 343
404 137
155 444
155 284
524 196
592 182
60 9
704 68
655 341
666 472
482 309
258 420
674 506
578 146
653 187
155 386
171 212
592 70
457 18
111 251
677 314
436 150
393 348
199 662
355 573
662 627
261 414
626 44
687 331
26 221
306 66
714 525
221 50
598 629
2 329
644 374
691 313
177 575
518 656
653 495
567 448
229 572
118 286
386 328
313 560
586 266
53 463
313 110
231 90
32 216
361 358
467 273
407 503
166 685
467 232
153 617
624 27
70 289
309 193
167 345
393 625
106 571
674 253
348 606
501 93
699 102
533 242
440 124
571 585
307 615
207 604
655 537
680 639
698 304
428 147
704 139
533 683
536 410
525 85
673 417
115 609
639 211
571 437
385 278
160 465
13 168
49 205
683 541
217 479
254 351
643 346
685 189
351 589
479 332
75 616
185 498
121 197
690 375
266 363
121 468
401 603
467 151
578 255
80 389
694 709
36 67
305 423
407 239
404 600
692 452
556 446
186 382
556 359
113 219
287 98
196 529
67 411
492 299
504 641
621 545
358 141
641 142
411 43
618 78
230 338
2 502
451 46
502 681
444 509
529 671
504 260
592 667
215 204
437 220
278 302
691 176
135 493
448 54
674 298
290 693
307 45
9 416
176 335
624 561
661 52
51 12
111 145
673 369
425 89
556 538
502 381
67 25
180 391
667 579
28 297
620 439
567 218
202 634
146 471
156 234
324 319
656 310
621 246
420 649
80 179
701 542
302 59
145 293
180 339
470 421
492 105
669 427
32 97
137 650
362 483
334 37
348 245
25 442
362 265
2 30
353 432
626 62
452 395
687 595
471 275
118 712
683 108
176 367
643 5
394 496
145 637
586 526
34 473
710 173
343 249
589 244
382 540
346 280
228 379
634 172
355 521
172 365
353 520
257 466
355 224
603 360
223 163
194 188
123 486
350 276
244 24
130 312
555 532
372 640
692 64
533 294
146 400
454 149
298 243
693 55
184 619
168 21
423 100
689 563
187 200
340 35
100 364
19 7
507 138
422 478
600 61
157 392
180 291
700 477
644 433
91 431
389 122
255 267
427 72
679 453
508 119
34 557
470 95
361 399
267 316
278 610
656 528
427 226
75 295
299 23
24 10
320 562
228 42
595 272
157 522
501 317
69 104
436 591
641 311
231 384
166 181
42 668
343 636
637 435
421 476
37 658
572 282
630 161
518 590
348 268
324 659
2 20
622 241
35 143
397 458
54 657
509 315
358 566
155 517
157 713
196 647
540 461
658 344
525 159
116 158
314 485
698 288
50 87
557 6
209 83
92 77
194 387
689 684
160 494
623 99
448 109
580 544
666 271
485 398
518 269
361 283
282 247
61 47
667 554
688 628
344 475
130 651
308 214
435 702
122 593
353 322
431 274
239 675
522 128
232 152
623 4
398 337
557 356
712 256
322 547
104 76
600 516
341 631
172 40
324 514
679 279
714 449
189 531
208 455
614 664
528 638
266 192
135 443
435 79
169 424
497 569
161 594
586 252
641 405
115 248
360 489
66 670
458 301
180 551
136 660
606 82
183 371
448 165
660 16
471 415
212 48
57 608
233 696
379 326
106 464
493 3
664 481
67 705
294 129
531 373
163 559
283 490
428 706
669 558
403 672
246 84
373 65
631 250
103 695
135 330
78 574
458 686
555 1
4 462
39 227
319 499
46 564
255 191
408 632
165 8
80 22
44 611
396 654
19 31
138 210
332 534
87 445
567 349
562 645
516 178
550 474
394 459
385 366
356 238
489 708
441 14
476 154
472 527
261 565
637 582
540 548
179 131
508 469
556 438
638 225
662 88
529 613
445 190
515 412
122 581
140 596
371 378
104 635
72 321
175 612
479 549
573 406
10 370
369 711
412 601
710 552
150 222
278 597
267 357
213 174
163 583
195 648
516 73
14 703
615 144
163 447
416 697
219 487
431 426
7 354
392 605
539 236
213 682
272 500
527 480
441 491
634 74
9 206
594 676
708 62
342 179
380 438
112 676
590 657
406 462
85 8
75 199
559 186
506 79
274 392
356 186
249 674
578 634
467 64
430 692
677 215
438 75
152 0
429 203
268 406
697 51
511 346
577 444
329 624
460 504
237 342
145 684
357 156
540 671
698 554
309 334
620 160
78 380
317 225
223 108
443 622
697 588
566 260
248 363
174 68
692 385
334 585
519 464
559 295
532 29
138 581
412 281
624 39
658 172
64 291
85 331
210 701
482 442
398 640
7 572
702 600
213 503
126 409
329 165
424 462
278 656
307 406
343 296
388 104
151 180
152 291
122 694
589 394
224 335
161 42
594 148
105 280
200 217
290 207
684 205
607 271
422 686
468 658
470 497
482 592
432 147
217 342
527 484
8 458
221 524
476 405
710 102
220 494
80 575
126 351
147 256
29 330
372 47
522 534
707 449
299 34
495 581
131 325
690 257
492 268
33 489
406 479
517 383
45 448
454 473
366 368
633 689
440 346
418 503
350 574
27 696
332 511
76 708
107 536
35 293
456 683
197 323
163 542
280 582
385 86
690 204
259 104
461 398
668 515
417 528
21 506
500 590
124 221
710 637
129 310
234 302
585 93
674 359
462 185
571 547
45 99
606 310
309 666
597 214
617 156
238 409
484 511
239 31
400 201
369 86
167 507
157 590
318 480
305 641
144 451
279 179
696 379
161 687
367 613
685 572
103 483
72 710
707 252
434 312
123 398
179 249
436 610
8 15
289 326
470 200
626 516
488 631
470 450
355 693
600 348
616 502
565 440
438 214
683 595
650 273
715 678
290 636
165 548
88 588
80 562
550 181
670 32
472 316
314 120
200 282
276 609
619 313
22 471
350 125
80 572
3 126
519 451
671 288
461 660
526 120
6 549
58 663
261 629
278 697
673 104
426 679
659 645
64 15
189 182
96 259
705 412
439 688
482 655
384 172
426 118
672 141
65 227
502 518
188 111
545 56
585 451
75 128
671 88
262 690
143 447
636 334
665 562
479 540
391 220
199 636
649 79
3 395
537 523
599 91
131 312
461 207
302 297
191 363
477 116
16 310
418 578
614 188
412 101
658 52
326 270
431 516
551 405
248 573
356 173
595 300
588 596
105 65
353 183
491 714
470 577
88 453
127 110
339 581
130 574
389 81
452 263
38 671
333 195
518 3
698 331
473 375
465 698
52 523
145 268
486 449
160 669
320 41
502 646
340 239
643 245
529 513
426 181
77 558
605 706
501 101
209 518
315 176
529 55
620 151
590 163
76 391
357 400
261 94
219 166
223 68
324 561
441 133
555 324
495 504
542 517
79 486
241 103
252 600
171 182
687 707
44 53
532 194
45 78
166 389
399 629
73 654
659 667
376 3
309 19
59 250
563 320
654 259
253 198
35 674
345 680
105 434
327 323
497 399
655 111
430 488
384 514
326 222
315 335
289 683
348 148
309 664
690 412
471 194
552 497
349 248
506 619
549 66
395 82
529 129
438 149
22 323
664 242
635 59
430 324
468 286
375 178
590 661
288 489
707 393
553 406
446 169
84 276
476 513
51 218
501 511
81 209
231 394
79 584
133 132
36 612
378 110
498 409
204 43
353 123
281 692
155 216
326 203
333 205
85 221
394 581
8 117
197 158
676 40
135 558
510 261
64 344
318 359
145 210
432 293
309 705
118 66
508 436
166 418
95 32
69 482
85 280
458 352
276 165
201 123
471 645
459 404
506 683
175 83
153 678
290 345
555 386
326 695
251 16
154 477
23 415
148 602
483 573
291 618
555 128
471 92
338 140
90 7
574 596
307 275
536 445
472 176
619 583
156 286
600 603
581 136
711 654
323 69
294 328
133 22
222 281
241 428
249 275
501 295
697 583
24 122
276 307
582 48
255 208
82 642
354 679
159 15
601 316
480 652
711 377
47 590
324 91
214 527
465 178
203 614
78 405
424 138
206 298
184 380
507 292
467 510
75 84
633 46
641 224
149 703
439 434
332 703
462 442
545 668
557 596
166 507
67 601
264 392
640 556
0 111
172 221
544 57
622 370
382 427
231 130
95 119
686 360
575 243
433 308
530 321
242 553
4 215
134 116
354 492
178 152
462 124
523 560
168 211
522 19
166 464
511 399
424 707
544 179
459 486
551 25
452 73
667 315
495 315
651 31
644 59
585 499
81 348
0 296
438 294
441 174
351 646
357 20
35 134
355 634
690 641
364 400
712 50
191 590
231 530
316 673
375 168
537 539
104 131
542 520
322 175
573 159
120 318
285 121
589 83
50 363
210 82
43 226
116 395
383 570
31 471
500 290
323 437
63 75
129 229
619 296
16 583
595 216
349 539
111 83
653 146
382 208
351 49
616 103
339 557
452 655
647 626
517 528
643 138
713 671
326 658
237 409
503 652
317 76
312 518
80 702
549 145
143 538
435 555
597 612
351 321
236 204
123 651
422 239
338 663
419 79
666 125
608 67
714 123
584 83
392 120
146 186
345 54
592 318
583 212
212 332
714 426
255 687
457 483
6 510
488 301
669 487
349 334
180 662
707 420
306 189
627 207
59 590
698 544
215 272
339 176
131 144
262 91
168 132
164 403
95 530
372 641
382 381
139 353
555 540
285 203
55 456
429 261
434 398
494 501
543 345
185 381
148 200
16 167
320 429
471 105
38 113
333 499
630 123
377 187
600 456
141 621
585 529
28 118
294 704
685 329
299 369
662 15
365 196
121 175
300 122
49 117
311 146
694 229
543 500
157 301
686 608
143 95
411 134
327 329
583 131
689 202
353 418
632 361
617 510
514 371
13 638
270 218
549 613
617 400
628 493
497 92
659 370
412 469
381 259
638 122
147 653
48 510
434 172
134 311
553 463
623 660
683 422
555 566
134 512
568 31
588 480
562 352
243 306
159 514
485 634
155 103
667 241
303 113
194 305
358 325
273 146
168 612
445 366
242 118
357 374
312 45
41 348
714 567
145 591
289 701
609 372
101 682
511 67
446 592
279 333
505 415
264 702
301 103
628 61
531 327
429 625
115 424
171 153
275 583
74 19
490 514
668 354
253 225
29 598
608 3
638 7
320 513
174 233
617 77
153 41
587 239
378 30
342 358
134 483
689 541
61 38
614 270
609 465
357 323
490 174
614 345
223 226
178 531
286 513
80 96
447 28
649 350
63 480
246 543
105 482
167 1
213 229
539 212
636 434
637 367
186 80
16 171
45 489
0 30
236 57
468 372
339 132
635 23
28 488
137 315
707 276
668 173
218 169
99 194
248 193
33 570
246 432
659 556
707 90
425 667
268 542
547 47
445 462
146 299
557 468
459 700
556 502
528 55
248 488
104 250
497 156
388 154
313 599
56 319
316 170
251 709
546 586
251 105
30 119
85 81
683 371
640 451
263 25
50 329
440 526
489 671
257 275
589 255
109 384
708 663
361 228
625 335
530 63
703 611
602 297
692 103
415 410
51 558
85 472
632 389
157 249
60 10
485 671
282 511
55 43
669 232
651 247
386 601
366 299
531 651
243 60
599 39
367 71
293 398
12 7
87 448
654 349
483 712
138 388
194 51
46 623
486 534
48 397
14 236
250 637
445 148
154 488
702 683
454 151
549 598
323 263
12 400
513 301
541 47
364 317
656 202
421 188
118 333
148 197
529 583
683 361
613 507
40 158
116 632
353 94
417 248
218 702
432 654
221 287
361 434
236 281
275 654
214 147
672 245
20 228
477 281
515 697
214 567
154 354
290 533
195 464
389 178
13 469
46 34
703 36
538 3
609 277
195 430
491 496
370 501
578 24
27 73
478 236
248 685
3 116
183 528
377 281
654 586
557 617
610 359
521 418
317 697
633 247
350 500
524 484
250 262
433 273
564 96
405 487
81 114
585 124
417 611
263 327
604 171
434 264
22 373
239 367
202 294
710 493
9 296
64 509
273 420
43 251
95 178
256 336
615 113
88 118
313 201
614 468
699 257
298 671
260 684
248 352
66 502
604 421
453 519
376 262
180 306
441 293
251 616
217 86
168 324
437 528
528 438
238 576
343 695
152 430
218 386
700 534
291 211
216 421
0 418
341 273
560 650
116 30
307 592
19 411
281 181
431 517
377 112
285 561
389 707
342 664
49 251
25 40
627 202
585 319
697 188
117 630
202 31
579 548
454 279
483 10
640 634
674 393
598 217
664 538
696 700
529 31
204 362
632 611
72 577
599 69
64 706
47 239
668 214
69 612
269 693
236 632
374 398
53 159
714 675
20 388
113 554
241 226
303 324
296 267
432 267
421 64
319 207
128 255
524 244
689 218
674 120
270 106
672 244
43 424
96 649
586 398
509 320
341 278
317 618
490 435
597 235
204 702
6 44
358 391
327 634
290 18
168 286
510 484
359 173
261 706
306 36
102 182
634 486
679 576
78 368
374 216
451 329
598 28
71 202
526 577
33 360
440 714
574 272
301 204
567 548
657 625
418 212
632 680
437 27
34 518
315 567
171 563
367 403
288 33
623 186
96 632
177 582
274 529
342 130
629 696
628 560
95 610
632 239
32 626
82 406
381 331
162 14
310 133
247 329
584 103
409 162
533 113
388 9
95 52
417 85
282 653
92 603
57 345
299 660
445 587
673 286
39 210
43 605
355 619
87 622
504 509
154 407
167 31
90 310
520 101
33 637
255 282
423 418
53 124
82 269
640 709
5 497
13 217
344 301
233 2
241 700
229 658
60 57
640 450
451 53
415 162
1 195
470 482
532 700
637 668
200 426
21 177
407 550
665 245
285 392
352 164
56 127
460 710
618 170
22 202
577 101
534 42
293 670
285 386
293 212
625 585
168 299
641 345
132 336
377 363
421 459
107 226
395 366
234 81
126 554
360 270
129 462
455 589
543 305
562 113
185 40
673 235
656 251
465 376
46 639
385 308
110 32
542 242
92 239
447 432
566 115
540 256
1 577
61 364
316 448
425 216
410 169
607 382
379 521
0 302
119 55
659 104
695 258
3 52
195 127
1 422
54 483
425 202
706 1
425 622
268 370
548 133
476 250
500 586
368 235
103 408
178 105
92 683
706 358
583 441
620 178
191 34
715 637
136 226
579 302
62 170
256 274
382 397
92 599
701 325
360 458
369 644
428 202
59 206
658 579
698 10
576 42
595 140
55 91
232 412
593 406
380 251
355 659
678 612
212 580
434 611
216 304
668 669
182 184
289 230
574 328
393 323
188 288
505 559
587 26
164 133
275 553
19 77
257 326
676 333
604 439
155 341
209 540
45 208
397 312
233 97
687 412
527 516
179 319
334 83
611 72
690 185
432 188
627 220
308 10
419 585
566 474
161 63
150 81
193 289
171 27
175 555
615 78
692 493
596 223
188 6
487 553
697 32
127 176
145 433
441 645
481 487
638 662
96 495
48 500
163 297
611 31
349 579
587 386
86 291
27 378
692 195
279 186
715 321
468 699
205 685
477 692
232 450
645 619
482 504
407 530
565 70
588 238
247 129
327 214
441 694
76 526
482 116
618 581
251 592
685 36
109 363
411 291
353 332
549 682
596 693
234 542
365 461
664 546
346 225
295 281
271 593
490 20
609 295
414 122
388 674
435 615
403 97
412 344
521 123
446 374
628 646
378 164
252 401
327 196
227 315
653 144
128 495
446 453
240 78
317 150
480 628
518 123
653 397
347 709
512 253
127 123
180 483
10 446
388 232
70 715
467 571
527 363
313 624
435 558
417 531
313 173
218 144
630 312
238 528
111 439
204 692
311 701
74 94
232 518
321 77
666 23
436 127
171 122
510 193
241 583
190 613
134 669
478 571
359 7
695 57
599 659
157 616
196 114
294 276
306 278
715 608
370 420
100 713
367 515
376 646
172 665
77 234
74 263
593 71
426 498
657 109
103 481
358 445
696 120
1 228
328 578
693 406
224 245
290 260
548 51
607 261
74 57
165 178
32 237
499 248
262 211
353 26
355 688
114 664
230 310
340 522
282 651
688 398
344 259
85 121
713 345
612 306
461 351
671 161
116 532
400 290
613 354
670 551
674 522
506 294
446 311
121 244
216 689
190 321
373 460
185 481
51 395
277 686
706 357
67 583
564 707
325 490
0 331
671 440
562 501
523 351
423 125
622 546
579 58
674 465
84 222
309 260
379 243
68 216
530 223
357 652
192 80
642 574
591 301
52 200
576 680
610 325
141 455
389 624
694 96
153 685
372 543
578 417
392 324
530 698
364 369
525 149
363 44
428 166
258 618
152 321
715 210
320 274
351 501
658 167
613 163
429 208
376 692
130 546
396 397
417 70
183 708
489 479
569 651
542 133
24 56
380 197
616 295
350 108
241 392
307 211
712 410
574 608
416 161
267 35
633 242
622 384
658 94
617 129
166 340
324 134
697 325
419 249
28 78
220 596
321 579
129 607
583 56
589 89
610 389
103 503
266 162
155 653
628 632
617 303
3 202
491 63
576 223
146 161
78 498
606 29
99 6
656 655
256 471
461 148
581 128
262 257
202 648
535 710
111 342
362 113
289 248
392 0
208 669
220 18
402 458
601 478
125 130
227 15
318 29
251 503
58 583
84 712
352 431
651 251
285 137
211 509
498 132
218 626
676 264
93 228
698 583
345 492
52 176
36 146
666 67
637 76
311 77
635 440
436 529
539 553
182 42
471 175
162 8
448 181
301 0
387 555
685 635
84 256
569 75
182 529
321 518
192 177
185 227
502 509
119 551
576 67
599 402
441 362
248 569
662 593
422 153
254 617
487 460
262 293
151 1
237 191
297 576
473 682
367 681
179 510
302 493
626 64
47 486
255 491
257 309
174 224
580 54
318 604
627 670
127 149
428 524
193 658
184 460
187 661
588 197
661 532
95 151
675 219
497 297
173 426
630 451
329 290
592 699
388 430
265 528
225 437
613 73
332 467
685 148
310 692
105 254
230 543
200 532
142 626
667 277
499 459
174 41
318 127
522 695
635 317
124 280
46 306
662 175
350 301
179 685
256 89
633 623
617 204
476 706
160 191
618 650
332 489
541 349
194 98
550 195
537 178
234 354
702 207
443 492
312 667
502 225
53 656
634 47
572 286
618 11
260 69
174 197
263 137
205 188
277 136
513 340
712 228
318 362
370 23
372 637
662 437
308 297
223 403
45 675
87 369
391 71
117 387
685 428
74 513
17 47
49 608
302 566
172 177
318 335
4 710
591 35
555 533
687 119
39 85
590 305
630 457
313 367
692 84
415 356
510 376
537 443
486 548
153 545
28 490
705 93
646 315
376 676
311 624
553 124
554 454
439 455
98 416
121 276
214 652
659 707
570 265
164 44
430 188
64 466
552 194
670 343
97 527
714 78
520 318
66 543
235 141
634 506
50 575
454 51
110 135
531 292
661 556
34 459
366 622
504 538
302 9
494 114
79 305
150 559
97 485
496 134
390 272
50 120
246 409
658 44
648 586
39 229
445 305
174 337
538 167
308 94
32 623
410 323
589 651
217 619
679 647
90 305
277 282
279 5
655 560
539 224
437 534
552 332
664 654
285 357
281 382
696 450
282 450
259 523
354 13
447 438
444 677
314 81
123 156
519 443
314 512
273 412
24 622
336 130
506 621
579 443
222 154
490 633
337 659
54 493
706 477
37 558
14 711
676 303
556 315
634 202
434 568
150 35
384 315
437 583
424 131
100 344
380 643
315 239
632 318
53 450
471 85
133 268
667 299
42 612
355 691
496 372
454 358
124 79
40 23
102 538
666 618
174 513
581 347
74 30
638 141
221 556
154 85
490 131
210 551
239 124
494 79
367 161
584 461
201 706
552 85
248 495
153 663
564 276
602 125
27 144
371 420
446 281
257 324
627 28
179 431
418 270
478 488
342 257
483 414
668 674
713 490
446 646
642 103
89 651
613 364
365 561
552 156
425 711
220 397
144 676
255 540
108 297
310 39
710 74
445 123
86 543
690 184
665 266
291 501
441 435
307 709
218 305
162 130
665 309
306 327
387 435
499 58
477 373
697 555
566 383
352 305
237 257
427 367
44 657
703 651
256 533
356 500
387 284
538 311
519 245
669 451
19 423
389 212
432 299
424 97
537 563
154 454
305 555
61 458
252 531
227 66
334 82
573 538
385 352
433 331
144 57
170 705
377 110
63 704
608 329
523 320
459 338
559 284
51 351
572 613
334 209
205 236
403 48
74 418
634 620
157 566
372 196
508 363
688 297
56 641
598 605
97 686
55 300
603 197
265 705
360 423
713 708
440 642
505 52
330 374
265 691
314 565
326 109
332 352
197 395
195 424
690 224
652 507
711 295
458 380
531 554
446 354
39 322
586 592
56 222
338 336
269 306
610 686
632 194
303 394
501 565
705 25
503 578
558 557
683 397
61 429
371 345
404 175
217 148
284 289
403 538
656 618
275 59
453 392
241 301
364 509
702 568
233 219
347 700
371 156
609 384
381 610
450 67
641 309
109 668
436 553
198 286
511 19
440 372
445 594
650 457
359 252
484 689
155 447
105 537
573 484
384 139
282 194
655 549
392 81
158 319
450 310
478 617
409 386
412 667
544 370
618 113
45 37
350 473
646 168
659 258
39 432
307 529
390 237
232 417
229 566
591 603
361 306
457 73
481 295
360 343
301 506
106 395
424 156
215 67
642 32
430 97
55 288
544 279
341 556
427 391
326 68
462 714
331 23
209 60
0 644
641 377
223 116
30 274
76 364
301 258
134 624
342 570
392 104
704 202
559 446
139 324
245 151
388 410
238 71
50 404
372 88
653 468
278 109
347 704
504 19
476 116
124 246
534 154
21 89
687 123
299 180
165 626
28 549
569 232
344 229
293 675
165 518
271 27
25 78
506 501
483 154
572 697
425 328
66 368
410 624
679 645
390 150
68 136
552 485
601 687
7 393
250 461
613 412
445 556
225 567
181 251
488 520
30 150
292 595
421 240
415 378
644 401
299 624
469 104
385 702
423 293
429 172
404 670
117 89
69 596
86 173
488 644
59 100
674 10
503 430
41 661
116 504
690 35
554 266
319 669
668 489
474 297
522 169
640 490
23 512
392 619
282 590
467 520
356 17
331 510
102 417
566 709
188 483
450 544
372 577
654 245
401 533
621 448
648 145
406 571
533 365
566 114
357 65
84 209
139 283
582 212
378 467
503 378
326 589
292 683
109 124
127 105
420 383
303 98
222 478
575 225
689 602
284 605
331 201
197 182
543 190
416 465
668 628
665 169
147 372
144 613
236 615
109 552
315 578
391 254
565 516
503 673
491 361
42 429
172 516
401 466
509 145
194 503
661 503
19 660
200 478
242 654
78 598
578 703
95 344
280 46
270 201
536 681
582 211
478 293
158 183
547 565
442 161
526 86
573 189
195 198
46 494
347 413
481 434
118 119
157 661
277 496
76 123
510 533
315 713
25 170
298 321
499 127
286 485
685 684
470 498
163 533
625 22
617 120
115 367
29 467
355 580
263 385
58 634
147 253
165 116
483 489
436 57
349 405
213 492
246 40
46 600
175 551
275 204
244 288
590 587
585 407
521 690
155 179
360 112
216 154
31 34
692 162
292 109
84 451
261 252
503 43
587 54
598 706
35 545
69 376
99 292
457 599
695 347
477 429
247 342
373 236
433 262
680 294
636 82
150 65
647 526
278 613
233 501
237 532
583 315
489 94
299 242
420 281
560 434
273 139
53 293
216 148
613 480
534 656
410 103
342 276
333 30
410 75
633 392
464 452
652 218
537 472
533 251
405 104
90 532
583 228
562 111
477 41
147 170
381 252
371 551
563 287
214 701
226 414
114 600
209 289
589 381
692 369
701 573
350 351
680 87
172 692
556 126
558 186
85 286
178 273
661 467
16 69
589 617
157 619
129 554
292 501
169 497
40 580
605 411
188 13
343 514
550 139
341 138
667 405
2 448
664 334
646 89
288 240
434 437
168 414
473 709
28 587
405 267
558 58
184 685
548 277
279 25
531 643
627 661
227 563
313 649
275 624
229 456
197 236
276 311
516 400
679 512
660 7
654 673
710 205
179 323
461 591
21 529
168 227
107 36
421 5
300 103
696 155
364 555
401 636
650 157
444 292
401 402
193 591
49 630
189 140
539 76
687 344
667 193
392 260
191 201
474 235
521 387
489 698
173 558
609 39
22 482
378 455
558 195
257 288
349 614
416 685
513 685
312 236
564 687
370 79
337 293
8 194
306 464
628 172
340 299
59 621
420 630
479 100
138 6
402 102
135 358
663 264
669 30
189 500
700 209
179 389
685 263
59 398
154 613
65 109
50 32
394 328
377 67
243 110
201 207
60 356
254 534
545 209
124 485
578 160
314 170
319 84
29 518
625 570
369 185
650 88
197 92
341 471
567 213
256 270
643 201
621 393
218 43
69 156
484 382
482 452
367 651
299 439
220 80
11 243
683 316
455 140
461 17
457 58
164 396
224 386
257 97
257 671
195 141
518 66
74 323
244 156
670 259
477 591
213 4
154 709
611 651
550 486
600 564
152 715
188 320
683 410
136 381
316 657
168 630
356 376
151 504
238 584
183 621
637 111
167 468
243 326
141 381
573 310
86 2
246 361
252 123
491 500
408 565
370 352
671 60
460 611
164 395
657 614
626 508
127 88
684 316
376 531
67 180
149 595
295 621
180 105
338 206
537 494
391 589
228 255
696 293
680 643
335 47
530 378
369 429
301 472
324 413
690 682
453 256
269 184
359 311
481 662
489 8
440 444
222 96
429 406
130 671
121 520
281 606
701 462
213 260
444 171
473 636
589 303
508 555
151 268
316 322
326 672
146 488
179 498
434 364
162 362
655 177
455 165
209 430
105 593
122 461
549 0
218 593
715 175
353 246
610 60
5 538
503 220
519 551
455 417
190 63
378 155
656 455
237 611
449 667
253 113
516 353
37 313
617 124
459 218
92 308
112 686
40 711
583 511
599 150
79 343
473 589
588 383
632 171
394 667
181 473
97 124
432 560
370 143
119 255
21 125
289 439
469 379
666 678
202 46
643 147
509 344
110 11
340 349
126 331
547 244
210 30
622 375
353 58
375 455
301 646
275 78
592 39
632 404
234 280
100 218
9 321
344 640
457 206
102 162
488 559
158 459
672 136
231 257
27 435
478 156
388 664
547 490
596 176
297 689
145 616
489 604
116 240
412 668
211 260
472 443
618 385
613 126
520 253
35 556
122 317
396 203
175 604
304 547
433 213
351 340
634 601
52 541
467 106
510 549
141 250
494 655
172 416
207 651
316 581
520 568
468 141
401 406
591 1
483 52
181 568
568 212
360 0
334 685
217 378
485 592
558 640
440 514
169 483
159 221
575 512
37 561
129 483
344 176
236 200
391 283
338 97
5 550
20 406
435 676
385 465
29 235
45 412
560 162
287 299
435 372
470 605
450 349
9 107
502 566
491 416
96 459
488 105
219 521
201 57
194 647
56 266
38 685
494 379
386 505
35 8
602 624
422 229
187 677
469 519
29 298
711 125
409 71
386 434
555 474
199 122
660 604
62 377
593 390
299 50
626 400
265 240
658 667
442 250
538 153
222 38
124 245
401 655
384 300
258 89
421 187
255 694
536 390
33 497
87 601
219 115
153 692
79 378
143 32
89 524
644 647
375 194
194 659
522 518
481 518
683 305
365 282
576 32
14 549
306 438
107 18
190 466
698 584
236 81
409 251
470 76
338 101
610 553
53 419
160 36
32 467
346 493
343 84
548 578
628 23
29 287
356 558
397 293
260 656
311 341
671 146
237 468
555 346
159 434
62 260
687 241
271 236
160 463
7 608
285 520
386 20
420 135
343 475
294 617
445 676
241 711
437 696
204 577
329 521
464 220
157 64
635 632
79 277
8 19
17 436
645 220
384 497
543 570
336 483
264 614
368 5
611 75
433 155
348 461
383 408
344 380
488 406
11 350
284 615
473 353
532 4
298 655
172 373
476 673
423 483
308 284
593 61
295 132
682 696
351 38
47 329
679 347
246 98
472 569
510 90
19 414
468 108
424 296
98 394
139 115
375 452
0 673
211 663
308 21
677 427
279 472
599 453
599 527
400 699
618 607
690 73
74 208
16 294
170 654
377 146
127 348
162 352
712 475
307 713
396 329
336 426
581 519
31 143
408 431
550 511
682 687
338 331
366 223
228 327
514 202
668 67
121 53
59 622
554 264
599 264
700 703
348 131
302 1
285 431
656 604
545 318
371 430
700 486
61 160
590 352
469 125
69 17
268 86
358 329
311 529
66 534
318 124
139 99
73 383
484 656
498 143
249 173
573 371
138 439
228 165
6 681
678 557
117 195
593 687
630 677
549 226
665 78
155 701
387 13
224 129
337 521
608 501
518 623
78 532
446 153
543 227
251 446
483 35
105 252
9 427
246 101
211 444
163 140
547 558
439 517
542 210
339 295
601 596
581 107
64 314
392 436
436 303
134 55
263 456
64 605
408 7
285 545
270 63
359 596
471 300
643 565
226 569
567 687
87 331
583 185
462 14
353 10
684 317
243 253
398 302
618 202
546 393
82 101
237 624
627 19
224 490
313 438
276 418
504 259
27 467
372 323
619 347
559 665
393 259
301 26
554 29
250 132
501 464
184 521
398 690
116 462
660 639
162 562
325 351
568 164
90 627
501 524
686 187
683 155
364 26
189 202
148 489
448 279
469 139
235 53
171 548
619 406
494 82
294 659
6 642
193 287
349 170
191 591
378 458
184 658
337 158
33 69
263 397
505 345
522 113
108 430
94 3
276 452
317 270
3 39
461 696
568 467
465 372
686 221
616 363
348 640
189 46
369 164
402 399
43 523
322 299
282 175
576 56
522 214
330 474
313 124
595 684
228 604
147 671
447 54
56 448
91 240
565 710
98 492
46 553
536 335
122 257
201 183
655 225
144 364
330 472
7 306
666 627
119 249
98 426
243 314
257 660
87 138
404 11
474 315
712 529
449 479
681 132
368 357
444 696
667 358
715 470
327 671
514 56
224 537
451 346
292 236
164 399
480 435
700 17
692 367
653 65
262 335
18 331
128 499
194 256
481 618
60 102
108 215
664 71
191 266
622 565
171 9
380 19
454 7
507 284
499 53
273 384
9 16
415 63
63 651
13 48
555 679
501 495
407 351
37 246
34 39
423 572
137 445
436 371
707 274
7 537
253 500
505 687
518 23
281 465
505 76
22 508
555 65
510 230
19 56
114 334
623 435
148 678
327 10
631 552
630 684
221 713
32 487
350 685
5 456
134 51
696 397
165 389
449 97
706 83
379 41
149 712
645 348
503 93
222 113
89 415
615 28
316 486
329 307
448 404
216 570
239 20
86 41
583 38
341 125
118 679
171 46
423 585
137 663
3 111
153 315
202 47
208 662
561 272
713 237
553 73
321 249
344 585
190 399
441 35
67 104
320 7
695 668
471 441
257 306
121 254
182 252
497 35
277 180
563 373
117 382
592 567
11 490
426 99
414 462
117 671
642 456
131 335
324 211
112 62
98 446
93 231
177 311
222 68
508 576
590 145
419 491
21 148
298 358
693 383
133 267
312 444
624 254
127 709
698 711
76 445
694 324
259 468
546 499
17 333
320 695
697 326
258 357
679 415
54 47
534 160
444 302
613 54
148 266
520 40
115 30
669 190
424 454
486 289
263 288
278 604
469 61
145 649
59 85
193 119
403 458
359 159
72 168
501 163
366 568
15 349
651 287
167 28
168 388
267 621
99 628
383 528
144 501
0 419
174 583
556 36
12 217
27 510
610 321
705 589
486 464
309 207
344 175
605 292
97 476
293 103
350 691
518 695
624 433
68 7
446 150
75 381
264 283
473 319
139 15
322 273
165 619
286 518
191 295
57 524
54 277
602 670
524 124
359 137
20 135
242 673
527 685
591 590
457 14
448 107
661 291
398 713
379 311
281 112
519 388
337 398
267 653
13 299
480 441
684 562
706 633
13 26
416 94
150 334
579 645
352 135
601 296
225 339
697 2
322 181
179 658
43 591
51 620
317 678
557 456
643 658
499 411
202 476
511 299
351 714
381 178
253 247
62 94
428 92
526 56
445 664
470 443
639 624
38 510
554 278
116 108
213 586
372 139
136 342
547 405
584 484
134 233
476 23
370 696
268 14
345 87
231 364
260 43
143 138
12 361
161 552
413 320
147 228
622 432
361 411
18 98
259 299
177 251
642 381
526 310
35 466
421 545
253 663
183 600
176 327
438 442
321 172
39 471
415 515
144 380
165 399
636 346
84 192
361 53
567 485
234 651
194 466
281 458
621 114
59 263
592 584
491 502
255 336
550 335
600 558
579 220
78 363
572 514
269 15
330 89
83 622
356 468
400 301
667 43
113 703
641 389
169 511
431 79
125 714
451 219
41 424
222 294
304 330
156 405
112 417
43 407
297 715
669 516
435 443
366 627
116 245
585 47
226 288
674 363
633 37
54 266
269 623
326 21
418 342
176 33
659 198
338 116
329 282
191 289
151 387
699 674
534 68
456 23
213 646
7 108
1 618
81 514
258 592
446 234
12 377
557 419
645 122
17 351
249 424
25 156
503 44
146 383
346 712
268 523
414 536
498 533
201 166
651 497
473 101
694 89
59 415
487 94
491 171
560 421
335 277
380 264
178 30
448 26
658 70
608 284
604 110
693 119
222 439
668 506
601 345
335 549
319 379
490 82
347 103
297 405
633 406
482 434
710 701
102 312
540 296
490 465
46 436
411 699
227 453
435 437
24 553
548 145
73 535
619 22
286 239
332 251
177 662
497 709
714 65
172 417
454 22
261 209
477 349
462 179
434 690
200 40
573 618
698 443
531 65
692 393
428 298
84 36
134 317
364 120
659 78
185 575
59 52
214 38
480 244
327 452
270 380
285 395
631 655
256 141
441 450
606 311
41 327
622 500
46 370
296 587
15 30
559 524
563 490
457 210
613 87
606 415
40 104
691 307
573 110
507 114
232 552
274 377
354 522
107 568
686 364
46 193
170 176
644 455
631 53
467 244
433 324
45 399
19 162
673 383
10 307
409 511
213 636
409 685
548 221
235 38
464 238
126 310
594 395
528 90
444 523
392 382
439 328
198 274
430 693
589 23
236 207
238 368
505 619
386 212
234 262
331 187
572 422
403 385
118 71
103 260
157 260
328 6
405 516
176 218
351 399
37 333
300 54
35 199
592 33
427 560
207 689
326 268
555 26
60 299
683 210
373 355
41 638
596 334
631 560
74 225
231 454
219 387
142 316
542 99
273 301
204 14
586 697
385 221
92 174
281 164
295 183
107 575
174 379
328 59
262 712
37 299
505 522
496 573
446 384
504 536
167 700
106 30
397 110
446 175
258 73
617 505
424 190
623 217
465 542
339 256
224 496
572 540
583 196
711 642
444 541
252 612
485 81
371 251
17 557
239 645
261 665
439 371
44 709
594 713
61 595
486 668
293 74
584 660
541 188
340 618
53 694
298 150
203 609
5 359
228 10
358 527
46 381
62 173
438 583
538 523
666 206
361 531
677 472
279 163
579 147
612 235
465 635
38 668
325 693
542 522
166 91
351 527
205 357
578 529
240 635
658 292
40 119
174 265
672 209
89 297
9 654
72 299
327 61
12 163
702 614
450 406
518 192
371 515
614 473
558 64
200 710
493 481
702 715
114 461
467 496
471 146
682 469
415 276
351 57
459 478
175 84
354 682
0 516
490 491
542 641
23 52
190 644
621 255
198 518
563 166
358 249
257 631
393 536
675 100
151 78
698 158
672 462
167 350
465 503
656 636
569 400
607 180
495 206
467 303
74 338
167 626
662 83
83 607
713 413
237 695
113 151
57 506
591 586
238 622
406 157
494 581
425 161
481 209
405 688
178 392
251 481
654 506
228 455
576 255
157 315
562 34
84 534
595 105
580 121
644 678
188 595
103 550
42 527
62 511
628 280
682 494
352 684
694 479
144 167
48 692
510 97
403 151
325 377
233 244
677 169
67 531
172 65
15 710
398 400
84 52
696 243
249 61
87 505
252 178
391 403
526 679
135 37
380 166
397 96
566 613
284 531
246 183
69 666
468 29
420 686
95 679
78 420
685 537
475 686
364 188
579 131
590 662
429 310
33 428
46 697
208 678
128 589
271 688
674 508
409 329
335 297
86 294
413 24
252 637
266 502
67 627
496 294
63 528
472 206
485 51
694 529
240 704
78 416
47 139
529 663
698 523
527 636
653 272
29 340
298 70
506 582
631 175
197 465
622 712
686 2
447 663
471 213
565 201
375 393
622 189
186 131
421 588
680 79
529 149
299 350
557 442
126 617
56 89
516 523
462 199
244 404
385 243
613 19
363 0
649 165
31 599
8 163
711 359
195 412
587 207
463 16
368 294
216 708
224 143
661 48
663 149
605 548
141 367
579 132
362 695
675 401
291 507
581 307
105 27
467 352
693 357
552 368
391 481
534 508
488 174
26 120
640 416
616 2
308 135
699 580
132 630
660 166
42 512
583 616
89 375
390 374
377 320
334 397
36 11
537 76
333 237
383 414
365 670
458 4
640 212
338 361
471 548
451 380
12 135
413 535
38 73
373 357
451 490
518 629
499 715
466 40
603 22
200 562
461 70
667 139
623 245
384 512
100 373
211 394
10 415
251 124
326 229
603 295
126 700
96 505
437 222
177 446
612 303
176 282
576 229
79 634
532 575
398 259
247 695
8 12
37 73
299 622
93 210
93 204
615 589
179 77
497 1
82 303
379 117
280 572
152 382
706 610
602 495
179 638
576 524
240 14
263 369
220 387
166 6
70 33
26 389
611 509
374 62
333 483
363 284
31 73
115 709
300 18
696 71
176 387
163 553
416 298
657 174
115 403
643 668
0 714
682 35
434 288
382 573
100 260
467 519
280 591
413 455
347 559
430 426
66 317
377 455
403 303
422 655
74 707
478 495
14 359
383 496
269 430
654 388
596 192
21 136
88 587
245 581
238 229
551 461
473 0
130 194
26 416
442 202
331 501
462 173
699 121
275 531
8 586
133 510
173 578
638 345
337 80
69 84
400 326
233 167
29 237
65 234
106 156
279 271
572 699
492 243
492 64
254 106
630 447
292 186
272 205
83 240
190 98
110 200
597 693
603 94
431 171
666 187
542 76
608 311
42 403
81 709
295 629
152 110
387 113
107 712
497 571
688 152
355 408
238 277
658 689
458 505
612 439
182 246
224 388
460 160
621 706
11 437
632 512
683 586
94 524
78 301
88 167
18 75
304 558
391 517
202 234
74 361
325 327
528 591
288 17
589 152
542 662
308 263
507 35
393 346
619 343
647 353
236 99
523 134
86 491
596 323
273 253
552 535
408 218
508 511
473 135
380 638
524 162
236 43
241 185
561 403
593 460
217 386
385 215
645 452
223 711
354 331
111 297
115 621
370 25
627 307
547 230
60 324
694 368
463 58
403 694
613 337
34 466
518 555
426 497
607 29
296 365
117 460
32 370
679 565
247 682
668 164
213 624
591 601
247 159
439 449
205 13
417 547
439 505
490 27
436 567
410 255
422 43
603 706
126 681
657 563
653 605
256 155
400 648
705 538
601 437
59 397
35 603
443 520
100 694
197 375
325 287
636 107
415 200
38 209
272 584
620 704
626 448
235 282
278 96
135 474
585 213
405 600
460 211
83 200
131 688
406 617
670 615
610 78
62 318
231 8
490 400
480 120
180 232
177 529
424 260
689 293
85 411
651 230
285 471
431 463
587 254
182 359
619 303
427 650
329 30
637 390
570 97
452 534
375 405
701 296
427 605
493 627
542 379
407 452
172 396
446 8
467 439
316 172
231 64
448 236
536 20
206 155
38 193
653 693
692 102
529 404
76 275
253 622
658 352
707 369
18 672
154 239
187 321
515 570
398 575
508 397
9 176
377 532
579 279
557 161
93 226
454 274
79 63
229 614
81 683
554 139
29 591
631 254
570 351
442 662
710 70
480 61
464 557
204 571
193 206
644 33
124 679
336 299
68 486
274 257
35 322
644 415
313 656
71 454
211 448
689 113
11 8
74 274
325 34
333 188
121 324
78 202
74 630
46 534
665 279
515 494
388 640
147 532
336 350
12 90
472 214
374 101
225 277
542 18
466 24
533 211
319 475
702 13
152 70
157 547
293 641
57 643
246 80
169 57
6 446
347 97
334 188
146 464
295 379
97 523
213 158
130 379
695 329
495 258
433 661
394 151
456 536
456 425
672 294
467 643
128 300
416 532
286 654
151 228
189 442
171 486
414 589
649 554
516 9
270 390
482 597
14 452
196 366
715 455
462 187
385 73
245 188
636 131
500 49
358 548
511 268
683 233
549 298
189 472
588 603
436 151
359 602
310 150
374 696
485 421
567 123
499 365
227 392
664 266
330 157
659 305
81 704
371 389
298 498
579 530
187 243
706 298
85 33
416 557
227 689
206 644
205 478
383 708
627 54
421 52
272 488
697 192
44 344
243 613
410 71
648 394
454 383
396 11
305 643
643 445
292 350
565 517
195 273
138 188
302 213
3 494
360 691
192 426
486 681
472 236
643 579
135 536
535 504
699 375
319 464
710 475
218 658
659 538
428 664
428 468
447 177
596 362
569 241
449 258
23 381
597 16
577 124
40 430
322 270
316 490
610 74
443 552
368 645
474 693
595 699
155 569
198 350
54 540
652 268
519 567
209 212
355 500
206 350
662 530
476 560
305 433
567 165
56 381
464 393
45 7
267 438
362 628
199 26
527 427
157 220
630 11
696 628
604 249
327 6
291 114
242 457
246 575
611 38
572 598
272 383
335 685
540 98
510 75
72 430
139 382
42 159
154 107
104 374
197 260
391 3
197 254
312 265
633 699
318 663
90 328
524 709
478 45
707 649
17 320
143 48
575 67
183 85
677 182
683 229
490 479
80 9
440 646
4 564
213 300
647 272
169 24
577 590
41 238
337 278
586 361
246 59
557 225
257 72
402 610
284 621
51 178
190 100
278 104
5 439
437 368
416 199
476 456
108 605
20 333
498 261
254 651
85 351
44 491
591 291
9 156
110 434
44 671
591 343
298 675
571 238
380 485
10 707
350 270
1 464
524 37
204 267
128 621
293 329
143 575
345 92
534 338
405 523
240 168
537 53
611 467
692 444
64 680
168 149
702 348
216 593
167 322
585 487
152 150
261 70
72 128
526 314
580 576
228 124
489 230
455 317
391 204
354 62
258 38
175 190
121 301
394 175
527 571
299 710
492 183
329 408
242 580
148 304
471 715
632 433
370 704
484 297
81 222
632 139
634 198
374 365
168 262
468 308
97 648
198 525
435 636
674 223
578 101
538 134
22 543
496 430
168 332
706 429
614 375
356 137
312 143
367 112
257 450
600 459
460 127
227 381
505 61
376 314
613 106
228 260
70 419
106 203
57 119
4 29
451 514
175 454
163 204
434 492
403 588
571 609
429 675
58 658
656 402
192 205
290 118
362 54
337 1
705 326
421 120
570 44
422 93
33 3
640 588
223 614
186 714
226 509
194 566
56 209
139 419
690 513
696 626
709 391
510 610
433 9
418 669
222 657
256 283
448 122
514 100
614 480
490 10
399 677
422 304
163 182
385 557
480 573
555 628
388 501
12 111
350 578
201 369
450 98
83 110
206 365
30 661
554 505
507 279
153 372
604 538
602 195
179 36
641 383
612 227
678 493
447 319
155 243
567 350
561 325
599 157
370 294
256 363
96 568
416 259
644 168
278 713
633 154
282 284
646 150
626 228
298 481
255 705
489 76
174 74
116 642
136 417
680 226
161 504
87 547
37 256
639 419
460 447
482 95
434 45
692 587
132 233
616 283
173 49
42 33
86 530
352 3
222 248
281 234
54 461
714 319
127 65
510 700
36 167
486 632
470 141
209 203
16 240
216 609
53 64
499 281
133 509
8 83
313 53
232 171
218 391
254 229
290 39
299 251
574 342
88 152
274 361
69 408
586 118
643 17
423 47
582 539
594 77
12 443
463 580
443 47
256 625
684 32
380 337
81 346
507 342
612 687
444 425
74 27
470 359
590 107
422 567
83 314
322 227
585 638
494 594
308 125
331 70
629 468
153 123
643 639
6 454
632 478
444 672
601 2
679 14
442 131
474 390
342 539
372 181
546 61
156 68
651 704
316 103
547 344
542 95
581 78
687 41
112 10
384 584
349 45
59 422
535 461
618 451
571 192
125 370
437 73
89 231
195 377
319 609
256 206
368 393
149 660
229 237
681 239
498 402
422 609
327 494
223 78
260 58
572 245
665 355
311 404
35 670
100 533
592 250
579 674
663 48
292 409
325 164
245 494
197 258
401 563
101 640
302 450
76 156
94 450
624 462
670 501
169 516
241 116
596 124
297 112
233 52
3 416
601 378
167 553
105 677
244 99
309 627
236 487
500 283
515 108
509 182
267 495
699 443
530 260
664 204
683 690
407 142
49 418
712 185
461 301
568 169
678 671
611 160
114 364
715 205
221 496
42 59
248 10
694 714
520 690
471 710
315 581
681 582
381 608
372 117
278 392
652 142
445 144
24 634
133 222
509 513
240 90
417 39
590 221
609 691
250 597
659 685
688 528
386 670
482 370
488 474
15 1
561 386
569 186
459 281
314 176
348 42
58 525
664 448
548 608
5 215
591 230
458 419
247 274
115 519
0 119
581 246
659 212
385 536
616 129
423 348
499 407
464 467
41 432
714 108
321 690
230 236
702 306
67 239
421 422
222 234
281 49
706 287
403 347
460 546
470 319
511 155
493 124
152 673
577 460
409 81
670 455
361 633
110 28
375 672
563 70
318 320
492 33
495 94
395 570
152 682
705 324
625 623
134 318
644 112
45 634
567 179
535 337
184 669
534 637
582 37
91 618
55 263
488 403
608 554
396 98
212 520
575 618
643 220
243 336
185 89
148 70
66 713
264 697
326 614
481 213
119 453
256 399
616 350
497 404
461 465
148 168
658 484
60 642
318 528
112 519
379 403
606 286
385 630
294 556
627 553
689 219
647 507
320 27
380 706
231 162
121 470
357 487
571 224
311 622
685 89
522 633
610 500
553 168
349 347
655 231
454 619
275 510
675 575
252 427
290 201
427 562
241 341
25 100
384 333
373 471
281 257
274 180
390 221
109 60
590 373
296 548
107 130
311 223
627 262
358 638
233 128
398 480
235 525
696 652
439 67
237 183
672 360
195 512
549 262
660 90
274 431
343 131
352 109
417 537
535 558
12 244
665 89
56 120
51 225
696 547
380 489
552 257
50 337
247 404
679 212
74 97
211 560
272 371
275 398
690 569
330 439
99 557
463 656
205 182
246 711
130 676
113 656
158 691
162 687
452 317
601 611
296 286
211 525
120 66
405 234
307 398
394 256
585 287
646 463
187 229
142 634
627 470
2 597
522 413
30 537
543 35
469 114
710 279
381 524
85 117
341 646
277 570
245 162
35 376
350 374
445 230
666 325
691 383
59 191
335 484
260 239
114 483
525 669
60 595
84 457
232 13
446 675
488 102
358 32
584 532
183 566
97 50
551 500
342 683
270 25
240 452
20 335
175 233
270 142
108 230
89 271
623 203
39 445
152 609
123 287
639 520
692 238
449 560
330 516
704 612
125 132
233 57
416 27
578 96
349 708
50 323
265 221
42 334
605 507
653 595
402 51
591 485
528 533
604 526
313 547
143 595
593 404
350 518
218 128
709 172
302 684
698 322
35 492
607 308
246 198
593 156
102 576
545 501
303 640
148 301
64 387
133 365
523 527
187 431
413 127
657 141
627 148
495 85
448 532
397 351
690 562
451 400
562 437
108 666
9 113
318 274
126 120
444 226
423 713
295 583
220 597
227 270
174 189
238 410
698 175
94 557
622 677
684 185
194 555
675 645
79 525
569 647
302 617
515 11
153 202
88 669
338 583
535 359
303 165
412 229
558 50
40 401
317 310
562 154
26 713
241 321
650 31
582 182
419 281
289 633
239 182
175 59
477 607
687 347
714 579
191 432
581 625
55 599
277 632
253 342
496 317
657 547
1 7
503 712
65 487
236 503
708 353
539 488
156 384
9 249
466 323
397 471
456 172
91 481
640 636
185 443
428 632
61 653
292 433
339 653
93 668
241 404
306 680
494 504
215 149
270 370
21 689
655 186
25 131
409 603
360 258
449 360
690 215
528 28
518 593
97 327
461 641
668 18
381 516
573 132
664 155
508 189
569 396
216 586
549 480
571 168
626 106
84 627
205 274
214 380
628 196
249 600
372 679
454 648
596 70
172 166
23 355
337 407
516 514
706 270
582 358
710 372
529 343
190 260
116 222
33 218
19 616
489 107
713 219
400 465
340 73
170 204
514 628
429 94
712 686
526 479
703 229
647 174
468 279
298 43
699 539
110 92
125 454
303 75
93 84
237 153
541 562
583 373
638 336
629 303
649 546
64 42
638 34
658 638
540 390
321 269
421 475
700 110
202 581
487 511
691 67
669 524
529 589
154 484
158 340
550 473
50 106
537 184
462 343
493 415
591 395
442 140
259 421
561 79
592 185
181 449
601 533
328 104
551 330
227 155
432 468
599 651
504 16
235 330
232 666
227 502
36 352
514 141
520 104
163 107
626 14
698 474
141 23
398 30
575 500
193 245
313 607
701 591
74 279
701 344
699 535
477 286
691 487
206 507
616 433
222 70
541 160
628 427
578 320
440 295
706 59
296 539
424 666
271 0
252 6
226 381
311 310
616 424
112 103
599 671
446 185
643 532
580 680
117 118
589 428
628 675
369 166
555 70
233 21
532 633
534 104
7 43
585 493
321 472
48 596
418 492
572 416
44 163
195 669
587 242
52 546
603 208
268 501
18 606
31 514
260 0
237 361
676 416
639 227
661 659
134 45
209 415
78 125
685 432
568 136
635 102
106 172
330 365
257 56
585 389
338 592
439 43
668 663
608 510
378 313
433 668
365 714
477 640
66 623
453 72
570 169
63 157
341 204
414 436
59 453
699 532
469 318
620 95
429 158
288 530
589 215
497 665
294 671
508 383
71 212
430 607
708 488
464 275
369 562
398 229
375 574
25 142
603 406
499 294
426 547
77 218
239 277
500 655
296 704
673 391
197 636
135 385
30 400
623 158
502 306
705 574
419 538
662 68
123 243
614 475
661 412
290 515
171 346
422 365
358 641
680 639
254 12
481 352
93 174
339 517
15 678
698 663
153 666
517 668
360 144
11 540
283 561
294 239
453 244
541 131
423 42
191 473
157 424
466 554
415 183
197 110
664 368
479 16
242 429
81 667
550 130
359 168
406 0
53 387
106 241
273 501
178 177
677 478
591 542
479 239
583 156
97 561
436 58
161 556
502 361
118 487
143 400
417 243
125 327
316 567
160 557
614 106
579 33
480 50
66 214
37 660
250 63
391 547
509 557
702 186
486 213
202 538
155 383
209 680
50 481
689 168
236 577
79 289
353 503
350 365
36 6
603 376
713 648
2 70
609 532
323 631
645 707
304 179
165 351
384 417
665 39
318 98
510 468
286 472
94 185
318 703
621 392
625 137
420 408
354 97
703 446
456 386
134 621
214 146
687 249
117 714
569 32
202 149
444 690
521 370
647 422
396 707
199 604
190 490
231 437
633 389
112 476
703 412
62 621
340 593
425 513
68 413
554 303
383 311
622 200
606 586
379 628
36 372
449 3
107 420
371 259
418 58
360 76
562 4
441 53
636 203
462 15
358 616
30 350
45 378
164 697
296 306
149 458
393 668
579 45
640 611
47 580
335 123
308 247
402 18
707 150
306 483
251 457
399 316
402 339
695 364
442 268
0 142
447 371
172 232
270 710
596 29
530 127
319 377
54 672
295 40
586 394
647 372
318 463
250 43
377 429
76 300
95 60
499 520
328 642
141 504
370 242
683 680
462 468
301 229
634 650
351 713
580 156
187 361
486 650
187 85
525 311
210 578
339 340
4 535
396 416
443 665
14 222
337 362
234 414
170 526
275 122
78 692
341 709
352 411
444 471
51 572
463 649
715 284
610 570
472 440
633 445
529 483
472 577
104 136
146 597
589 407
343 383
544 211
200 393
253 642
544 505
236 462
325 383
613 689
602 37
2 182
1 616
249 343
476 154
579 420
160 530
423 511
154 210
560 32
90 419
91 529
640 275
150 255
6 150
142 702
304 352
23 639
184 471
541 425
454 69
365 10
290 12
569 279
121 7
655 484
238 655
254 8
618 93
491 631
433 628
505 421
320 255
409 706
669 16
216 676
358 269
537 437
288 330
351 248
358 551
495 156
679 701
115 240
219 664
542 439
2 647
14 72
44 76
223 441
447 318
635 541
9 549
224 306
382 95
153 35
654 208
411 165
32 208
252 501
34 543
29 427
288 159
447 353
354 183
160 16
173 36
558 376
39 695
388 199
606 595
486 643
150 109
273 688
131 509
458 43
479 670
589 182
149 460
651 520
609 671
309 133
578 282
76 636
321 266
477 228
168 251
122 635
353 235
67 476
246 561
501 194
550 634
614 121
201 187
492 498
545 479
661 576
31 531
141 478
589 660
689 498
358 320
403 597
13 563
478 430
347 647
156 402
222 323
162 99
157 121
452 438
625 197
637 362
193 305
654 424
335 450
243 597
434 190
322 372
484 136
431 450
249 439
713 568
75 173
663 223
525 527
506 363
565 50
629 497
581 511
303 382
492 150
510 423
450 376
206 379
515 103
650 491
241 49
383 173
616 636
532 659
214 677
548 332
31 98
381 659
9 414
447 651
465 705
679 117
684 517
199 680
221 151
265 33
700 345
339 192
453 52
607 550
231 428
702 52
372 187
527 70
230 697
68 117
199 642
122 357
282 336
347 155
350 243
433 463
545 299
604 564
178 149
369 90
499 250
478 162
619 620
647 590
468 337
707 451
492 209
528 420
661 543
582 229
420 166
328 386
554 326
241 393
495 190
371 710
187 502
538 33
649 172
62 520
515 460
64 320
550 519
653 529
100 445
15 575
396 17
697 379
299 480
683 25
486 336
0 539
296 86
36 573
671 619
192 327
710 393
413 2
317 676
33 343
675 707
681 259
4 381
336 449
685 566
431 492
404 238
276 152
173 194
23 182
646 358
409 0
463 81
526 705
420 124
544 193
373 395
459 171
435 16
225 5
11 533
369 357
192 469
196 514
639 453
380 283
676 53
156 150
699 186
522 75
425 110
655 354
570 505
266 180
474 319
127 239
331 179
583 500
459 658
401 185
11 621
142 460
140 116
135 646
242 86
390 408
216 621
587 69
586 175
447 282
679 513
526 19
115 159
151 48
217 530
338 537
504 121
385 139
448 397
296 322
576 3
693 388
177 32
416 91
357 386
155 192
265 524
152 486
425 626
234 617
101 639
107 292
474 230
611 426
612 112
575 444
494 35
346 298
140 311
296 516
430 440
56 579
227 426
74 342
33 155
374 153
626 397
505 633
470 680
252 216
424 545
438 64
419 637
532 155
53 328
613 652
589 50
637 642
239 686
136 141
221 515
250 645
119 208
540 360
629 61
93 177
488 19
87 81
370 592
307 231
107 496
360 466
74 462
567 261
584 597
217 208
544 102
172 273
13 176
95 602
497 396
599 143
532 612
186 419
650 130
65 539
119 182
21 406
372 594
372 140
26 423
219 578
43 587
250 664
637 450
543 415
504 200
526 481
320 83
68 625
566 626
262 525
681 48
378 652
379 522
606 145
14 85
250 413
415 282
18 399
431 7
494 324
321 422
82 129
175 262
518 152
92 527
562 526
161 632
258 12
707 127
334 373
630 235
347 256
50 619
426 561
243 658
649 500
112 166
140 240
15 520
4 660
165 699
207 591
276 622
498 487
97 450
673 521
447 254
279 421
376 195
517 25
45 503
162 690
525 208
563 463
368 713
208 586
623 188
50 703
303 63
404 112
244 112
650 276
34 217
481 226
521 562
228 683
334 134
491 275
20
130 276
440 694
667 236
181 215
286 376
559 651
276 103
354 42
655 188
319 580
690 74
55 607
325 571
165 531
636 44
318 357
396 78
293 279
192 51
277 292
