649 2282
258 273
258 20
273 294
294 146
273 384
258 143
384 411
143 501
20 269
269 259
411 286
501 635
269 49
49 353
259 164
273 603
273 291
384 634
603 7
49 354
353 193
49 95
603 495
291 577
577 624
164 155
635 158
294 44
577 136
136 192
146 223
49 561
291 315
258 69
354 109
95 112
259 320
411 509
411 5
112 46
158 6
109 233
5 244
223 502
353 479
49 366
259 214
269 578
624 90
294 246
192 581
164 238
193 293
502 326
269 59
326 51
320 551
320 391
411 310
238 558
354 183
603 453
384 590
501 267
258 154
578 83
315 198
624 180
180 14
51 448
183 153
453 8
112 476
354 519
353 268
14 508
286 348
246 600
143 343
153 450
453 591
354 275
192 477
14 347
269 598
600 19
153 367
193 429
558 644
268 56
136 475
508 327
635 604
327 333
273 398
5 130
267 412
477 524
95 536
561 290
508 16
391 510
558 615
153 579
450 121
501 232
69 142
19 403
315 55
398 563
5 483
275 212
315 466
109 346
508 152
212 0
286 215
591 88
561 86
214 133
7 319
14 567
259 170
223 573
483 580
590 251
215 462
346 257
214 35
391 264
109 401
232 91
558 523
0 166
268 301
615 331
412 344
90 283
580 305
293 222
192 592
501 492
344 631
477 72
578 527
348 440
348 355
492 611
69 630
411 184
264 566
7 629
6 252
166 175
164 385
450 110
244 322
212 350
152 296
350 406
286 521
233 47
142 473
283 365
72 41
267 101
142 423
508 606
590 352
46 513
133 107
258 363
573 126
49 337
192 145
385 308
551 123
423 2
283 141
16 217
164 53
630 454
319 48
59 219
348 21
473 84
233 486
219 434
624 451
331 620
521 601
635 134
14 529
109 390
16 386
301 648
604 195
19 33
536 174
142 31
401 370
390 439
126 503
6 194
322 11
600 613
252 37
322 179
53 169
5 65
31 235
219 548
6 553
268 377
483 487
350 359
51 99
591 421
198 394
629 196
235 457
37 312
196 569
343 151
152 167
385 105
308 254
603 78
521 426
519 576
267 623
112 408
184 336
352 71
130 602
71 245
212 608
385 517
145 135
219 79
608 530
343 42
347 250
581 292
429 285
301 295
308 262
450 488
130 407
257 160
354 557
592 234
377 247
55 528
408 541
254 593
567 201
510 646
295 416
65 334
264 271
566 131
232 382
252 584
133 93
584 345
327 409
233 356
93 471
322 297
501 459
319 77
183 188
110 117
47 200
450 539
130 119
646 616
155 150
254 378
579 204
169 625
590 324
44 92
434 57
477 431
110 424
217 357
2 493
196 500
252 480
2 94
117 9
603 129
448 470
492 122
344 632
83 185
378 163
634 138
523 532
477 18
320 498
439 375
519 491
292 227
363 402
573 186
327 197
592 542
391 379
55 253
292 400
79 340
480 148
529 270
492 199
195 313
471 496
322 485
293 156
65 515
379 341
326 243
235 34
408 547
528 211
166 543
283 206
217 437
500 638
382 544
593 213
378 619
355 374
523 586
573 460
65 276
483 389
367 66
95 522
130 497
573 280
145 482
608 265
406 114
611 176
580 278
57 474
411 467
459 1
243 643
377 29
431 456
569 372
152 395
251 369
280 102
501 342
158 571
604 645
211 438
292 203
99 358
109 306
566 12
348 17
374 139
456 511
176 263
276 594
346 574
254 32
324 607
223 417
29 3
233 104
158 520
367 309
1 304
16 422
53 587
79 512
496 182
154 87
5 161
353 599
386 393
624 415
539 208
563 432
519 338
431 381
493 30
217 550
382 207
370 597
156 61
271 260
55 321
306 248
233 452
613 38
283 572
291 360
563 404
520 639
37 50
333 191
409 82
521 76
398 127
527 58
105 445
602 125
527 505
346 43
572 300
295 279
244 419
479 435
482 317
576 489
450 216
635 364
367 380
584 465
321 618
125 60
321 549
301 621
151 575
196 595
359 63
135 23
19 157
219 447
238 236
575 397
61 504
604 388
59 261
620 554
375 537
632 15
211 52
532 396
352 266
528 469
134 490
198 478
338 444
561 636
232 507
268 149
214 75
334 10
409 314
121 518
530 242
138 26
424 329
198 210
149 494
529 562
49 189
527 627
69 373
578 159
477 108
58 609
607 124
61 221
408 40
629 436
567 441
359 281
539 368
35 526
543 168
416 165
329 433
215 187
200 68
604 256
474 171
439 596
423 74
422 361
409 302
169 28
553 545
155 540
141 376
244 209
530 181
242 81
511 463
477 128
271 67
60 73
544 588
76 172
301 516
432 113
211 559
257 427
313 455
215 106
492 190
352 230
50 418
55 637
182 147
188 177
465 442
306 116
124 64
536 538
532 383
171 533
544 642
204 24
528 224
580 610
590 54
547 97
379 218
279 534
580 552
60 237
254 120
621 565
643 362
421 299
142 647
99 622
644 484
433 641
233 328
618 506
409 274
578 612
293 414
484 323
163 288
587 298
314 330
0 228
537 173
48 640
467 140
197 425
467 468
463 80
57 332
595 555
176 162
302 25
365 410
26 481
43 589
538 325
497 249
191 461
254 103
274 287
397 36
228 225
597 220
8 633
547 318
578 311
232 96
195 231
330 392
375 277
637 449
436 240
642 226
500 70
361 85
608 111
156 446
552 628
433 307
480 535
254 371
313 289
474 272
63 614
26 45
147 255
545 443
34 178
300 282
353 4
55 100
306 115
219 458
63 349
373 284
67 241
116 525
289 585
313 22
344 499
537 626
477 303
181 239
215 428
639 568
185 564
595 531
477 89
497 556
424 420
219 399
295 514
620 339
521 202
531 583
0 570
101 605
366 27
21 132
553 560
447 13
379 118
244 405
565 351
125 430
141 387
641 582
68 316
545 335
616 464
515 229
164 98
267 617
271 144
196 39
126 137
583 62
644 546
288 413
202 472
632 205
213 296
567 571
361 374
26 147
174 528
611 204
351 541
317 635
595 191
298 239
343 211
425 75
109 425
288 370
531 363
171 356
360 169
469 502
87 331
538 41
386 416
137 111
34 36
4 47
8 263
539 454
425 365
570 432
294 7
35 49
637 639
295 616
290 219
237 65
523 233
76 71
347 207
67 123
240 195
54 120
34 632
38 623
239 18
517 585
459 171
405 201
75 91
32 540
201 112
114 557
220 573
18 96
325 537
536 247
236 551
179 17
228 569
403 324
154 305
312 297
15 532
163 314
343 406
425 261
173 87
241 46
491 223
36 300
246 564
226 431
515 526
463 509
568 553
69 494
488 109
496 296
517 513
155 294
71 491
3 73
547 640
149 647
350 139
158 302
522 38
417 495
103 152
425 505
477 593
495 195
123 516
452 627
373 591
486 11
498 128
185 18
315 143
183 548
599 492
8 491
35 543
93 140
592 174
213 312
628 232
350 203
68 160
472 381
593 90
451 131
333 585
67 4
256 135
15 342
573 631
417 404
517 88
557 387
2 320
363 622
105 263
44 263
223 448
294 160
417 225
271 443
388 109
524 436
458 461
534 252
249 351
29 37
319 6
325 46
62 388
220 119
431 173
463 202
136 58
364 239
98 429
567 409
552 229
415 506
590 477
290 195
642 145
511 430
9 302
370 445
137 591
180 31
364 522
109 155
452 124
388 560
263 284
326 425
236 148
187 556
195 6
196 450
6 630
144 87
102 97
107 437
55 96
593 181
28 497
241 154
42 455
431 464
377 531
153 391
635 52
423 247
371 24
209 391
576 149
78 400
459 10
240 197
398 249
102 597
104 205
365 154
98 356
282 13
62 527
134 8
574 426
535 261
9 53
381 506
620 585
287 221
638 641
293 140
112 47
194 528
463 428
194 421
583 369
220 57
104 97
4 300
153 39
610 312
269 438
195 377
238 151
605 365
2 288
409 446
375 302
55 405
3 297
619 272
383 328
262 328
468 302
377 220
533 300
375 582
245 302
554 569
74 234
629 277
291 359
381 484
482 128
617 136
248 129
575 585
430 502
645 451
293 337
278 136
633 197
549 331
7 32
551 169
431 612
148 312
19 302
207 94
548 125
299 587
616 255
273 345
327 107
76 311
582 400
472 633
484 48
408 7
592 104
202 262
125 332
11 443
231 449
333 153
557 526
129 603
380 336
393 31
338 97
510 214
198 639
556 553
592 28
496 565
585 283
264 601
28 13
102 348
198 50
55 263
38 630
389 278
332 323
166 177
531 231
279 159
68 478
76 302
231 74
447 526
377 330
96 94
454 590
400 286
124 499
152 282
479 399
568 357
350 333
311 168
147 132
339 119
343 114
596 147
464 610
233 479
518 366
247 232
181 74
157 235
110 549
619 315
593 89
86 51
569 413
272 393
507 87
78 617
23 463
162 25
582 366
132 49
193 586
415 176
90 160
3 513
53 591
317 365
266 41
621 120
193 530
51 412
631 568
542 606
2 436
139 146
240 106
134 356
206 354
646 400
245 463
558 129
275 444
19 266
32 349
533 376
416 276
238 4
147 624
624 457
496 212
641 256
504 78
592 256
475 104
21 540
510 80
481 353
355 616
452 317
334 236
397 413
87 20
373 474
93 334
439 223
445 154
307 70
519 168
57 495
186 122
468 120
86 87
68 279
163 582
60 358
328 612
568 491
202 281
320 123
221 155
528 46
547 129
559 328
292 399
637 179
317 114
495 530
290 172
124 149
228 334
280 128
138 426
250 414
227 493
494 614
614 179
3 232
409 279
145 32
612 532
582 191
528 180
351 612
297 28
585 363
529 392
364 261
171 337
602 213
358 197
485 28
573 391
99 376
164 67
5 63
95 486
195 489
475 640
29 446
381 302
69 372
598 554
401 626
323 399
542 258
48 379
526 179
615 116
358 202
455 203
205 216
558 565
237 82
119 599
280 379
244 174
231 324
235 367
65 216
501 223
100 643
607 117
82 645
393 609
276 442
58 607
70 153
437 356
597 312
547 600
266 115
578 628
491 235
253 328
435 364
435 478
36 20
568 421
297 298
625 524
225 204
554 462
429 376
181 27
181 377
577 99
441 528
553 477
454 602
65 78
39 149
217 472
61 230
13 143
367 414
577 311
417 28
572 220
378 564
549 167
179 644
378 362
211 133
77 339
620 184
483 345
394 629
562 4
404 135
165 339
137 497
69 373
332 57
275 144
348 121
350 480
363 135
79 615
274 439
272 254
59 648
617 589
460 441
630 77
626 635
178 64
590 471
123 529
280 78
597 191
515 523
131 334
88 316
61 504
207 446
29 391
452 151
540 110
357 601
453 187
345 255
310 591
609 516
295 49
41 496
463 544
209 409
620 609
103 614
177 556
515 188
206 93
97 322
165 642
507 30
518 390
459 277
336 55
573 365
229 523
242 50
22 441
102 60
114 635
258 304
551 521
40 569
495 85
21 216
393 52
272 135
513 243
491 253
69 325
377 86
119 413
200 384
250 566
604 199
184 431
554 40
270 524
316 388
327 124
1 185
554 81
335 237
578 505
620 579
122 79
596 423
537 323
391 572
360 601
569 624
516 380
484 527
349 612
28 209
125 93
364 394
631 577
328 622
164 77
528 40
12 370
176 211
432 292
606 144
375 318
447 562
542 254
421 609
376 500
110 65
528 286
25 317
206 448
553 134
122 179
297 1
254 46
329 321
553 637
103 67
597 489
602 365
129 476
438 331
225 77
136 65
519 236
150 187
16 256
417 549
285 600
162 425
270 564
264 316
415 110
315 281
9 628
559 0
518 283
108 113
428 166
16 490
551 314
82 544
296 593
432 269
209 8
300 647
596 124
175 221
203 530
545 32
173 483
249 519
196 382
420 89
187 597
624 319
303 159
39 569
374 409
387 596
167 540
45 84
57 518
141 265
282 348
318 456
544 385
153 494
369 505
235 461
392 5
507 423
524 494
67 367
84 492
463 566
508 153
296 54
596 619
266 341
615 546
102 647
554 344
524 217
149 456
3 96
130 587
490 271
331 643
501 472
133 418
144 458
55 27
37 514
185 115
382 297
90 200
350 129
299 61
257 587
409 313
445 438
562 148
183 574
544 460
287 326
342 454
33 604
215 560
133 625
257 426
305 72
197 523
575 621
322 87
500 69
6 208
591 491
201 593
206 198
238 95
494 11
88 292
102 645
537 169
360 335
349 543
126 181
173 413
614 93
549 428
270 425
61 542
471 136
86 178
282 554
540 355
121 554
229 228
279 293
105 595
558 478
169 534
417 565
272 463
624 92
228 22
446 565
243 641
304 543
225 468
249 477
2 373
3 495
82 639
194 347
153 615
307 191
380 610
155 568
24 284
24 107
17 320
399 20
596 158
540 512
50 557
102 382
137 395
462 556
382 437
357 98
90 78
532 287
474 26
370 590
399 312
119 147
200 32
116 438
298 294
402 35
626 283
271 507
263 359
604 348
253 405
413 631
39 635
421 430
4 613
113 291
537 616
562 7
454 288
512 473
238 603
556 628
85 261
296 541
501 352
577 280
361 269
645 573
261 553
202 10
25 637
455 344
558 533
269 95
32 570
304 326
302 464
139 57
71 95
312 253
352 96
561 259
591 359
281 521
432 590
80 401
625 418
348 478
31 548
133 586
54 398
561 412
241 508
142 517
462 266
452 476
128 202
522 487
401 518
448 89
230 53
231 287
596 44
439 52
327 295
572 114
92 12
502 251
243 484
61 604
44 580
195 388
400 476
307 362
515 39
312 438
116 44
313 101
99 306
134 475
243 646
615 22
123 388
269 31
536 242
4 501
644 523
70 90
99 251
473 638
287 94
22 418
63 548
410 315
484 134
327 626
25 484
331 347
234 303
495 113
485 332
262 588
150 332
285 0
412 203
313 9
171 214
90 281
464 411
356 91
184 62
349 29
546 196
347 165
51 50
94 130
408 423
415 243
439 404
556 124
163 434
156 380
630 555
98 311
484 559
584 553
638 528
423 123
167 603
496 178
56 609
468 332
377 21
3 221
330 118
633 357
200 153
85 396
180 109
462 349
208 59
577 244
160 417
405 60
175 11
63 23
530 281
620 576
269 240
418 20
634 592
389 482
366 24
241 638
621 589
406 318
85 639
309 348
503 559
163 174
73 196
291 166
21 436
106 580
556 572
136 548
104 251
322 375
334 465
295 550
150 458
130 584
210 455
609 293
341 106
333 524
165 272
559 143
10 238
562 440
625 286
240 318
420 130
291 626
129 385
626 491
482 179
163 38
125 190
108 71
595 234
46 59
148 186
305 266
400 253
89 367
222 379
283 515
421 377
642 481
342 350
175 92
158 189
482 217
106 249
470 174
127 513
482 183
96 130
390 631
336 306
619 32
605 309
152 500
381 529
530 421
81 607
486 239
283 508
348 4
545 429
349 447
525 330
21 515
101 393
439 621
29 469
271 7
267 101
479 533
454 70
277 457
523 347
92 427
407 100
594 51
417 128
464 240
498 223
646 611
516 190
371 592
260 7
381 475
181 498
402 338
47 238
577 575
446 521
597 181
155 91
350 643
643 159
340 558
429 249
17 391
265 346
268 371
488 369
428 466
248 438
469 404
525 156
430 148
85 289
231 49
420 160
607 203
156 489
546 499
189 300
303 218
324 511
284 445
11 538
64 19
369 342
509 151
488 32
31 484
177 632
645 426
58 476
397 596
393 284
418 134
558 164
544 608
100 394
325 130
369 618
440 600
648 229
218 239
43 116
129 139
464 315
634 223
467 365
371 105
505 127
197 218
75 421
252 167
266 532
473 445
111 55
280 87
311 160
80 505
545 548
200 353
383 209
451 554
439 249
161 212
376 526
614 398
514 493
190 314
29 356
128 256
167 183
205 167
401 145
355 461
124 467
277 64
358 35
259 509
275 97
179 436
489 625
324 233
529 605
121 563
628 631
558 223
20 15
95 250
407 14
446 286
503 470
459 287
312 77
451 408
572 605
299 279
78 410
353 463
405 259
176 555
578 394
88 510
30 184
100 275
47 306
494 478
543 91
572 102
262 399
426 264
413 235
136 506
142 91
107 492
635 219
1 134
609 578
21 140
577 71
574 369
104 409
89 520
333 230
70 325
204 583
374 69
233 142
583 505
565 515
518 162
173 410
528 94
18 40
112 615
236 168
205 329
291 137
294 164
137 474
228 383
156 48
472 522
304 169
182 642
24 282
225 502
116 22
324 132
613 23
199 138
403 168
98 412
335 330
397 147
244 448
456 605
26 38
315 578
178 235
141 160
395 610
19 227
347 140
66 411
96 467
399 575
313 160
559 617
453 458
554 637
327 570
139 107
617 225
305 366
572 566
169 569
267 355
196 371
267 292
139 53
21 627
101 145
14 227
547 501
310 261
425 66
279 269
286 112
380 53
227 62
592 421
299 336
339 107
114 340
52 607
289 465
352 241
561 249
263 504
434 426
635 422
571 66
62 351
68 447
298 26
137 184
477 509
517 292
608 271
437 53
74 113
34 78
353 455
412 276
47 213
381 477
273 208
632 256
172 359
347 108
376 162
217 137
367 240
105 401
354 471
538 566
508 102
470 52
211 276
275 407
403 621
6 241
645 492
185 59
7 119
449 636
555 227
206 437
22 582
103 24
634 160
279 96
403 147
194 0
166 295
225 297
17 104
72 370
47 13
78 190
637 467
612 339
124 603
282 547
503 0
462 598
105 465
133 89
69 345
314 390
447 270
284 375
127 539
48 236
420 456
131 350
87 582
502 401
424 407
358 380
285 537
601 83
584 639
289 274
616 354
425 644
140 515
257 287
229 624
224 234
410 139
429 356
167 575
515 138
363 603
290 599
77 621
250 239
637 424
253 359
341 176
406 284
176 64
564 385
72 3
338 462
265 241
493 44
415 191
540 524
229 368
437 236
588 3
611 299
285 595
335 585
225 36
292 172
549 493
599 592
487 488
400 67
647 314
646 346
615 627
575 319
454 294
516 487
377 144
175 107
10 389
84 239
273 120
448 148
480 0
236 524
602 178
246 466
327 297
602 24
593 241
453 207
534 189
570 106
623 50
544 507
199 305
572 404
172 241
524 253
492 331
374 310
158 493
226 68
177 280
170 128
442 492
627 0
117 597
220 162
562 9
292 375
33 342
47 394
368 126
10 470
633 285
98 517
496 518
167 8
72 43
122 327
125 574
563 28
61 367
18 513
279 93
315 21
287 200
119 350
351 318
643 307
519 308
242 16
562 233
113 456
499 127
11 506
518 136
204 72
489 244
576 155
358 577
195 547
50 405
595 287
445 166
391 354
277 207
576 422
35 514
58 329
595 7
336 531
623 260
413 106
486 218
391 293
245 478
549 608
260 576
492 267
473 581
83 465
225 206
217 622
475 158
186 636
222 285
375 253
73 224
463 547
549 298
34 294
640 425
175 355
202 330
488 511
536 289
642 285
265 229
38 108
159 323
152 31
522 141
415 17
476 563
261 214
155 609
120 257
207 603
463 535
511 193
160 479
16 279
13 296
478 495
566 486
206 517
332 176
516 415
249 487
276 237
465 37
449 491
308 38
474 607
167 241
6 489
502 528
82 355
210 398
365 244
449 67
336 347
595 351
359 572
213 505
512 618
494 120
484 570
181 23
203 610
89 8
385 558
471 248
504 337
473 171
43 23
267 69
116 481
445 156
437 599
193 601
23 227
519 209
297 506
564 295
386 590
84 505
447 143
511 452
446 427
292 281
381 591
494 42
561 536
297 607
448 550
106 42
31 509
506 24
345 574
376 56
315 359
86 371
564 549
439 645
544 542
139 260
154 636
232 454
152 497
623 621
377 90
287 514
70 159
168 256
645 498
76 439
199 590
613 641
328 363
541 639
107 186
11 250
636 533
609 105
369 206
76 335
285 550
498 240
363 557
419 633
148 431
384 492
174 598
584 506
235 602
470 127
94 429
236 228
436 488
165 278
36 474
644 49
303 11
455 359
298 419
444 280
355 536
54 161
382 185
594 48
463 132
188 209
349 242
215 196
489 507
214 271
277 510
568 258
502 473
533 255
544 358
353 548
14 583
308 557
618 428
157 644
316 551
245 222
551 137
243 90
356 157
261 637
270 58
411 376
299 543
78 508
284 436
111 187
635 106
84 339
227 309
513 360
368 288
6 501
500 352
392 418
149 136
441 578
212 378
442 328
554 398
150 629
243 397
293 546
144 31
634 185
493 330
589 211
571 249
89 393
628 207
176 488
144 312
346 141
308 383
620 270
92 288
421 158
647 464
42 406
616 364
341 603
506 629
579 325
287 340
635 413
604 642
114 397
582 124
45 581
368 26
249 448
395 369
118 153
270 192
230 149
18
364 608
344 264
382 545
59 60
430 490
209 330
377 629
251 354
647 3
110 59
539 194
90 390
18 378
124 3
415 63
634 595
198 47
616 75
