934 6092
903 909
909 603
903 605
605 195
903 102
603 292
603 539
903 614
195 133
195 307
307 361
605 8
539 52
903 168
195 736
8 393
8 692
539 149
133 640
361 788
605 286
168 43
909 396
195 336
393 570
736 578
396 135
8 798
168 702
149 706
396 856
168 107
570 727
336 533
706 202
195 131
131 153
903 115
702 249
533 423
195 219
107 234
102 390
798 684
234 624
684 453
692 164
195 285
453 590
640 433
706 787
107 339
307 773
115 289
788 920
856 538
339 246
107 807
307 85
135 850
539 648
702 343
107 676
234 751
684 655
684 694
219 49
706 610
149 525
850 916
168 455
773 550
533 214
164 732
202 619
164 15
15 669
856 588
655 409
692 869
533 643
15 604
550 577
533 391
788 517
603 923
153 820
588 912
393 814
396 896
49 372
798 346
912 526
372 504
153 21
195 627
21 103
131 101
727 169
390 701
101 872
533 503
131 38
339 84
694 54
101 63
869 59
135 405
605 514
85 142
135 524
195 846
249 660
701 460
84 143
578 900
249 106
234 211
903 70
798 622
84 55
588 382
694 551
727 879
361 392
504 593
605 852
622 513
643 480
423 458
513 674
504 428
103 601
514 691
852 224
285 699
224 592
292 537
706 835
453 634
52 521
524 547
54 81
701 376
169 557
202 490
336 915
390 662
601 462
798 190
514 473
361 690
550 799
219 316
533 532
622 442
513 421
376 75
15 98
610 280
691 160
38 260
547 721
346 812
812 39
390 625
634 716
676 349
526 188
550 583
202 334
85 502
900 264
75 568
63 240
316 712
202 469
699 842
453 365
798 832
421 93
21 785
240 26
634 754
662 489
551 857
260 357
490 196
54 705
619 210
392 275
405 668
814 645
460 897
102 554
896 40
396 296
135 497
188 317
812 511
316 488
458 259
149 819
614 553
832 549
70 177
619 477
260 809
532 77
224 320
292 141
480 534
554 395
903 443
537 670
246 137
164 930
219 804
349 129
458 465
588 305
662 596
392 494
787 686
553 898
93 422
640 571
349 62
504 800
533 818
336 792
98 750
316 918
365 629
349 170
280 575
305 484
532 19
460 495
336 685
701 261
361 496
465 932
349 79
590 319
571 665
915 415
249 574
554 359
812 635
423 17
918 155
846 431
846 730
712 775
160 180
102 637
525 740
610 774
578 564
932 37
422 447
592 565
557 873
320 758
372 263
196 89
553 718
625 3
578 407
732 682
343 867
517 226
684 340
246 741
316 325
716 933
149 329
930 693
405 827
775 235
604 136
465 88
496 86
89 255
554 678
107 530
637 858
234 5
343 520
129 95
361 781
421 783
98 291
415 385
740 232
365 277
391 221
39 813
95 434
190 689
255 117
453 113
820 48
575 559
447 457
255 464
783 486
872 435
758 776
809 492
812 445
873 45
260 205
405 711
95 468
457 220
55 398
640 449
21 338
86 416
918 345
699 925
800 139
665 41
496 632
143 651
785 2
95 387
588 763
553 184
629 737
686 90
177 927
927 782
361 189
63 173
48 854
345 233
435 12
435 871
532 573
773 303
534 237
48 913
754 429
520 555
103 789
758 728
564 866
511 618
434 116
538 323
495 696
903 430
184 713
800 274
526 118
135 404
490 389
38 439
39 561
721 883
776 297
428 199
596 16
63 749
101 419
469 735
85 51
19 509
345 350
689 638
798 35
486 929
741 478
307 757
173 436
618 582
532 500
807 251
601 636
783 258
799 756
263 796
340 815
537 96
226 14
416 742
205 516
787 302
735 833
93 80
629 481
90 284
758 881
705 183
307 278
879 890
237 399
736 99
478 288
14 347
590 425
481 73
682 746
746 306
17 631
284 542
135 157
63 878
526 200
361 299
624 744
305 795
346 875
669 167
502 369
296 847
168 448
88 125
51 371
232 290
503 748
624 124
547 69
648 312
488 7
547 198
526 506
210 100
878 71
480 44
565 256
897 403
234 859
334 904
89 642
539 612
813 902
188 386
44 332
842 87
455 519
813 823
742 893
71 444
624 633
638 931
622 546
153 68
925 300
448 130
255 9
918 33
622 802
577 176
465 326
612 743
879 375
614 589
799 212
458 485
927 82
431 723
686 304
16 331
799 863
819 293
890 885
183 30
532 337
632 510
82 354
453 834
55 57
485 74
674 733
622 810
302 257
798 380
176 31
690 917
177 362
513 824
51 147
372 759
590 851
706 174
551 830
292 381
403 848
824 301
727 276
419 109
674 314
320 703
39 222
173 752
184 654
430 42
88 166
98 822
534 34
173 254
814 576
292 544
730 541
781 887
494 97
927 617
249 901
63 27
19 599
404 907
323 479
457 104
82 906
276 639
605 187
565 584
903 23
232 793
490 1
237 738
890 298
881 151
347 310
633 731
125 667
852 452
694 613
233 330
100 418
887 658
435 112
136 379
43 162
220 623
357 121
278 801
801 324
801 229
177 572
727 207
639 22
696 844
479 695
189 528
455 483
251 4
748 681
462 295
468 250
517 197
380 808
932 527
7 562
109 64
665 552
494 412
890 427
100 161
73 862
316 853
682 311
549 236
678 720
856 440
484 791
4 78
386 308
514 868
88 144
853 877
144 719
773 745
16 760
497 281
887 32
214 58
284 437
483 715
565 886
418 253
339 580
890 608
312 888
485 523
261 656
932 50
481 816
391 120
524 644
339 242
887 529
336 223
295 335
749 410
599 10
21 687
369 213
613 245
263 797
115 402
686 193
443 739
728 505
799 680
687 615
568 471
854 829
226 13
338 134
514 156
177 6
104 840
2 252
93 394
258 843
782 874
136 191
897 225
346 374
574 321
139 729
462 148
261 328
644 908
62 663
863 501
618 522
530 839
748 771
785 512
879 683
382 769
8 515
619 609
529 266
389 894
684 424
306 579
523 724
800 491
705 838
792 677
832 924
375 828
188 333
818 855
457 363
460 238
727 265
43 154
275 344
720 598
644 368
10 355
712 179
843 476
592 926
437 470
19 734
775 472
390 364
364 356
793 784
219 710
98 621
141 569
265 626
276 905
232 47
449 585
496 123
431 56
619 108
771 882
87 803
251 922
517 786
882 25
793 248
290 826
329 358
748 414
510 446
789 836
324 397
702 267
739 239
589 889
276 61
635 128
489 770
727 384
894 811
37 780
357 228
798 83
233 175
376 666
839 911
289 709
125 493
502 620
636 602
334 24
164 341
428 673
877 914
758 475
154 417
486 231
632 586
184 269
530 138
612 29
852 928
553 659
759 378
41 152
786 474
781 725
539 262
570 467
64 366
504 567
801 581
205 92
637 540
574 679
917 178
581 420
516 243
588 383
792 20
35 456
69 563
629 145
674 388
422 119
809 111
421 880
827 543
819 322
890 753
828 487
752 508
349 438
468 432
291 201
419 616
826 204
427 282
347 370
129 408
757 451
137 186
337 150
927 892
875 426
69 664
462 747
699 594
544 216
111 806
350 726
243 794
399 247
429 352
407 163
769 597
822 821
748 11
925 518
501 459
510 72
467 360
715 805
814 899
656 717
527 700
621 182
625 60
898 647
179 377
85 870
483 611
530 126
660 348
433 272
142 722
701 766
568 66
880 411
447 441
543 273
106 536
276 630
238 761
284 772
553 36
415 172
256 921
443 217
155 837
63 461
563 790
75 652
618 714
588 606
640 876
99 46
458 241
222 591
539 283
771 762
264 671
361 560
393 294
423 271
275 94
54 587
539 351
322 825
152 482
420 218
144 114
51 646
715 708
512 607
568 401
828 864
170 65
233 845
354 230
906 171
464 779
320 649
275 270
474 194
715 765
802 450
739 318
357 628
402 367
329 28
724 910
542 595
344 53
856 548
687 704
673 531
781 895
407 860
801 919
524 499
560 309
320 192
519 203
756 400
157 454
927 650
107 159
740 641
272 767
620 566
196 209
128 884
461 817
894 507
733 165
904 158
58 18
129 697
548 688
209 127
452 279
708 227
471 413
130 208
898 206
280 181
39 535
659 891
605 768
64 67
100 313
306 849
895 707
272 110
454 764
833 778
158 558
442 498
708 755
305 373
764 342
633 105
260 463
135 0
213 556
744 831
858 244
114 122
368 466
329 315
667 777
807 287
192 661
367 698
569 600
287 76
283 653
749 865
434 406
883 675
554 132
647 861
812 353
130 215
646 545
18 140
415 146
199 841
500 91
897 327
384 657
694 672
744 185
189 268
666 690
706 583
823 37
271 99
242 835
111 405
516 441
229 367
461 795
860 71
292 873
371 327
609 291
17 823
856 348
827 431
35 573
309 507
551 329
662 764
230 127
668 662
541 600
119 585
864 639
643 44
601 530
306 65
3 699
916 228
892 398
312 76
46 545
605 50
621 578
15 754
381 63
583 885
364 192
739 275
57 779
911 375
374 104
603 518
62 664
587 913
646 908
268 605
742 632
50 860
482 667
868 324
873 832
913 576
497 71
490 563
793 384
54 660
909 661
528 312
488 330
441 611
794 831
44 14
108 331
709 611
301 868
798 221
342 543
289 619
98 132
79 91
322 636
167 626
839 124
725 240
73 96
131 236
219 0
156 344
909 851
552 25
718 736
207 535
14 556
289 774
225 738
414 315
767 847
889 654
167 680
704 913
59 905
929 97
543 83
290 179
1 267
701 759
682 556
152 127
302 801
197 901
293 864
603 652
523 165
215 92
226 22
115 440
485 899
211 910
338 399
596 499
330 786
114 232
290 881
114 113
150 490
793 508
396 186
632 418
147 694
885 499
387 690
227 765
793 690
702 625
908 922
478 547
13 20
622 142
654 879
625 857
888 40
0 924
293 616
569 539
569 778
144 23
279 106
684 519
353 461
240 436
829 723
782 209
190 122
730 636
760 91
756 649
818 101
101 717
15 275
92 339
729 122
245 826
486 569
246 899
395 99
556 738
221 363
263 158
775 372
784 874
38 697
768 572
612 455
447 193
427 302
35 310
827 41
582 419
122 894
273 266
862 631
869 491
845 864
576 776
747 589
740 246
831 732
736 44
659 557
428 924
63 629
848 14
229 898
864 154
883 43
491 291
647 563
203 252
371 318
417 145
537 172
556 469
189 384
96 177
135 281
125 487
638 226
837 576
589 325
533 422
506 529
258 306
298 610
629 933
759 557
48 635
782 56
147 541
551 886
25 145
68 176
187 12
482 528
797 500
812 483
238 116
642 355
136 931
885 755
15 41
653 14
173 759
730 588
649 925
821 697
508 870
169 106
860 212
533 226
147 891
18 686
285 15
917 904
897 265
11 55
420 607
650 413
564 358
128 567
856 347
283 145
754 519
265 433
403 873
257 836
537 847
839 313
185 96
843 483
848 103
829 536
576 535
434 650
930 16
8 105
423 656
57 342
917 699
812 707
615 887
472 5
867 772
238 914
196 249
114 436
97 898
639 889
594 889
512 14
775 756
691 401
183 828
391 748
388 255
734 770
2 541
305 257
623 803
738 870
300 549
838 571
522 168
857 642
598 163
283 872
198 208
354 615
471 674
308 570
409 626
220 209
77 528
236 794
681 469
22 662
698 803
556 214
299 650
758 766
254 498
98 469
811 203
571 924
797 671
804 704
810 181
300 643
491 243
882 715
205 644
646 50
746 344
97 350
672 50
69 257
218 814
625 226
576 333
371 600
667 470
309 357
722 76
734 466
754 729
766 863
767 506
418 376
285 528
21 191
214 635
719 697
619 107
537 578
924 635
46 887
147 170
41 689
309 451
144 257
367 424
706 541
912 898
929 131
407 248
360 854
491 908
422 563
44 304
222 870
61 235
392 432
410 16
654 141
213 864
414 685
387 495
62 235
727 152
126 11
805 500
62 432
895 750
496 157
457 842
84 241
878 291
917 202
550 739
47 650
15 768
579 379
486 131
8 468
248 191
327 545
92 845
858 146
30 799
836 687
878 460
152 15
481 521
594 465
56 320
109 415
63 619
417 835
18 797
19 649
489 704
227 424
789 394
383 26
752 174
673 795
495 667
194 450
343 769
201 100
321 254
582 396
244 901
653 380
307 178
225 157
303 562
628 660
304 869
562 468
293 109
521 144
717 124
150 609
357 475
69 107
786 471
688 622
662 856
212 80
32 237
316 799
263 202
78 219
517 66
740 550
763 818
410 880
836 153
291 516
538 722
220 548
508 466
245 428
747 537
563 620
1 713
328 633
117 112
651 636
591 367
125 759
195 531
247 206
425 265
749 672
761 237
146 78
245 518
912 360
645 778
187 219
232 550
916 768
286 41
409 37
851 536
415 915
135 765
192 70
161 426
210 207
378 492
764 122
397 235
423 187
711 701
753 582
284 232
682 323
884 878
514 602
376 135
67 393
913 216
48 766
710 609
259 373
258 720
217 42
660 281
21 909
581 296
204 145
181 752
642 851
56 307
265 576
386 641
330 536
607 174
216 327
739 397
348 336
817 775
29 309
371 358
185 157
113 767
353 291
883 570
76 191
153 25
653 239
698 125
252 261
25 63
213 895
119 346
803 365
166 501
383 634
238 483
45 807
817 882
417 873
258 68
853 115
230 462
393 861
121 495
382 102
384 41
22 593
670 290
534 865
266 203
365 807
416 760
254 301
749 894
805 839
32 696
153 599
622 315
811 610
354 351
152 768
772 415
380 328
101 908
139 135
25 211
108 901
862 737
151 857
727 490
361 198
765 468
745 743
304 221
538 546
645 530
33 638
434 348
306 222
676 734
808 923
236 729
655 499
675 156
343 638
337 380
240 613
447 696
6 733
382 771
537 207
301 696
519 170
899 341
796 645
489 461
730 400
355 610
840 597
74 244
75 603
596 707
583 666
453 483
11 903
750 831
129 268
855 429
15 587
812 354
477 170
12 640
614 412
65 604
451 399
782 598
64 335
915 218
280 481
663 164
568 65
487 501
657 50
864 519
342 99
140 933
45 916
275 24
337 577
703 273
703 857
780 209
626 505
473 369
282 227
306 72
155 239
911 116
326 46
892 327
565 805
819 372
563 144
130 284
631 878
632 605
290 15
159 270
307 140
628 196
570 80
846 674
384 830
915 615
100 279
561 760
402 405
684 124
780 4
419 93
405 899
442 349
361 706
592 763
770 812
199 663
916 740
10 512
850 812
562 424
654 357
685 557
109 558
139 766
391 102
273 86
395 240
37 207
210 434
900 273
659 259
446 627
97 571
478 745
379 738
88 53
421 549
712 585
773 885
907 255
576 687
593 603
712 469
349 930
658 574
839 582
908 821
118 6
347 375
325 75
183 187
796 712
465 21
179 20
273 56
484 782
127 223
245 640
333 644
387 113
1 427
424 919
904 13
124 769
707 862
699 697
838 867
668 715
229 162
277 58
35 814
602 48
282 296
670 395
364 149
735 886
791 725
698 48
907 120
587 615
852 631
602 123
7 473
883 491
499 394
437 507
362 207
795 166
159 426
897 159
511 791
17 596
740 566
127 827
2 326
495 481
12 170
789 884
694 727
187 375
321 601
283 121
600 323
834 190
56 788
396 103
222 824
224 170
665 827
350 362
641 796
592 382
493 24
933 795
215 577
258 3
515 524
635 524
149 648
134 357
629 770
391 833
51 915
739 225
147 923
863 583
453 880
381 688
464 76
897 502
125 401
627 877
609 705
448 876
509 158
844 811
406 466
187 862
740 932
277 923
91 378
287 895
550 393
878 933
526 15
826 228
119 761
81 925
266 473
145 738
381 288
881 680
389 159
920 721
521 907
814 267
15 567
568 421
869 345
400 168
171 112
32 659
29 343
457 394
849 805
783 759
852 130
370 753
698 63
908 317
838 458
688 702
410 146
679 623
625 580
793 94
608 404
750 417
38 391
151 39
483 340
223 457
787 866
734 310
463 907
771 206
451 615
522 676
506 474
888 144
663 101
28 31
764 573
920 784
122 96
20 610
722 729
719 400
625 131
264 115
593 319
833 809
539 744
924 694
117 462
298 42
306 826
930 508
806 156
732 159
742 82
635 578
294 283
191 82
782 210
842 887
711 68
719 502
429 124
255 492
325 107
456 378
725 241
861 78
719 131
523 734
752 444
388 88
298 390
413 508
373 103
637 163
423 927
705 27
515 394
634 625
335 289
858 461
261 632
277 654
357 728
551 745
505 142
82 337
419 560
45 871
174 336
834 380
599 529
814 752
212 565
385 730
439 468
492 180
315 635
87 811
837 82
301 133
264 15
200 763
646 578
570 104
373 783
582 616
229 331
175 167
331 795
178 748
331 415
423 210
530 169
425 287
765 624
260 251
404 797
563 795
745 800
489 636
741 115
639 888
172 322
732 188
592 106
737 7
128 608
561 564
108 507
744 746
223 290
722 834
892 242
425 412
818 754
600 388
548 88
447 625
648 906
465 429
360 859
817 864
915 677
413 64
477 864
298 381
906 14
778 575
93 634
493 571
615 489
26 105
471 895
908 199
375 499
777 709
748 796
375 70
457 420
169 408
173 639
298 253
281 920
448 474
895 550
222 866
118 476
536 807
480 166
811 808
215 416
57 736
537 522
117 425
290 755
550 163
282 40
781 667
906 130
722 303
698 427
18 109
882 401
221 42
510 851
885 523
726 113
58 892
51 413
318 83
29 320
256 834
279 729
169 289
798 723
113 516
154 881
552 169
849 261
49 473
289 401
749 3
770 637
165 201
47 736
265 684
642 854
488 716
749 361
240 185
30 357
240 348
391 158
377 554
820 848
912 633
670 888
412 570
20 715
883 873
72 556
762 728
334 906
679 726
212 181
520 883
632 925
818 15
8 575
310 255
470 862
905 160
807 611
539 598
871 300
332 673
397 141
233 107
717 91
930 114
917 794
565 571
261 357
917 84
778 320
511 224
116 630
447 248
533 107
476 158
690 516
96 323
14 831
511 552
637 896
574 578
333 587
592 319
572 243
740 736
231 677
617 536
905 53
199 528
605 556
109 373
494 820
247 798
744 761
138 894
752 500
638 138
195 776
62 14
883 74
895 182
475 271
671 63
244 574
402 707
347 559
929 732
485 127
68 106
285 156
447 493
616 701
593 605
57 13
892 761
902 288
868 864
683 152
114 519
288 464
283 379
715 183
528 579
378 307
717 299
299 1
930 63
698 489
715 303
850 60
280 583
553 846
400 101
878 929
561 699
386 105
670 315
459 265
625 502
865 365
729 111
722 561
611 698
164 435
661 257
173 549
4 870
308 871
873 895
60 310
300 142
525 7
891 810
414 130
847 271
227 758
36 532
41 151
608 893
215 546
929 446
105 356
826 909
87 551
345 252
758 675
886 616
423 478
456 464
309 672
561 203
165 733
529 721
151 573
834 872
40 444
622 43
647 476
489 137
700 387
858 843
235 438
900 802
19 262
821 545
481 449
163 518
868 215
256 405
138 435
335 303
718 347
247 590
424 674
2 687
51 776
528 880
231 332
507 252
921 804
362 42
233 561
825 724
791 226
453 819
730 870
759 680
683 894
88 898
103 234
173 769
564 316
560 587
832 156
415 404
781 508
372 564
308 632
68 594
782 249
584 123
856 92
252 727
63 440
155 872
15 531
231 718
277 191
37 630
661 623
449 837
9 318
684 696
418 689
625 613
124 185
478 196
589 188
16 392
148 6
440 568
435 556
108 14
583 123
813 141
290 496
591 588
738 275
59 221
337 223
577 301
354 836
292 691
646 371
405 255
268 917
301 719
203 333
374 351
524 905
547 922
297 844
265 491
260 83
528 168
186 199
98 498
723 693
327 22
268 858
568 134
66 0
494 905
443 1
64 530
68 39
792 26
232 513
260 250
652 170
850 685
180 792
126 452
523 5
2 644
20 770
538 181
268 875
852 587
778 545
510 247
134 485
99 293
772 1
491 205
71 855
875 79
174 86
179 13
276 875
310 51
474 376
855 548
453 613
157 584
791 596
375 636
903 712
504 72
737 239
578 119
126 444
397 634
496 602
676 101
697 768
332 34
360 184
734 65
33 287
529 385
126 162
414 718
664 152
562 379
333 277
441 41
241 526
763 275
756 783
54 419
421 873
5 725
355 643
521 442
455 99
480 197
276 561
436 39
610 414
816 505
273 649
403 271
546 577
243 854
434 469
68 154
918 330
133 836
80 522
191 525
443 279
384 103
482 770
116 664
671 44
718 684
345 757
146 634
254 803
326 553
177 359
212 576
809 839
495 895
0 517
181 812
70 179
110 536
86 590
863 448
379 645
899 264
499 143
365 595
310 233
263 9
27 695
434 628
697 654
865 646
783 897
90 650
97 609
40 121
38 886
434 638
877 820
336 221
121 194
866 32
654 802
271 491
217 493
153 121
285 883
151 729
380 90
644 753
174 493
672 518
400 343
237 20
765 68
731 129
818 892
326 668
361 80
497 104
683 824
391 422
321 5
181 927
687 838
612 816
260 736
204 187
165 498
464 207
274 804
537 13
752 151
808 667
709 400
104 640
273 919
437 720
72 253
109 499
151 892
75 689
462 650
505 221
444 629
598 897
187 543
200 129
590 258
927 799
413 493
897 255
27 90
505 372
196 657
29 457
809 233
697 42
318 280
436 138
118 307
899 136
257 46
848 43
247 302
719 672
175 426
837 236
815 657
834 202
469 802
778 771
874 734
927 444
488 41
489 759
118 79
602 504
571 799
446 889
244 910
581 33
503 529
302 615
770 284
306 873
138 342
520 511
546 305
429 376
212 598
226 848
303 823
115 676
116 516
868 49
74 589
120 376
814 53
530 590
230 639
700 603
223 860
853 376
583 327
762 860
200 915
316 742
26 102
334 859
808 187
50 604
405 414
434 536
19 898
905 653
820 422
206 932
733 817
202 326
194 45
373 74
848 903
47 850
13 436
400 477
301 56
709 768
841 153
798 207
658 930
477 749
34 504
70 869
463 536
315 428
149 792
500 36
605 379
670 140
419 184
397 893
349 746
807 781
594 226
201 126
689 141
698 446
76 583
694 18
136 383
686 714
817 132
712 91
196 516
449 547
517 193
27 597
27 698
700 195
713 64
356 738
795 663
424 813
357 490
860 225
22 867
506 831
258 90
424 492
387 478
305 874
178 481
879 855
873 461
803 422
926 236
64 341
344 715
257 579
391 631
351 271
92 260
589 292
398 477
7 172
851 837
678 429
864 142
596 841
85 332
738 384
499 67
227 1
692 269
898 208
799 325
552 545
12 169
801 593
697 623
490 478
69 303
59 481
659 775
714 853
833 436
898 450
640 258
494 139
420 485
384 173
797 635
791 516
195 423
87 124
90 116
34 487
329 434
522 78
464 458
79 98
307 289
417 551
569 9
561 664
331 769
186 778
881 622
759 486
585 279
86 101
208 665
542 575
409 240
380 311
652 528
189 128
122 391
325 327
286 877
270 541
376 545
201 556
321 753
419 498
453 425
235 177
724 196
903 815
578 61
375 220
21 279
432 218
491 359
491 90
1 179
688 198
859 271
322 832
805 230
370 700
328 826
76 250
618 877
262 762
274 355
804 207
7 799
363 425
333 348
205 572
22 308
58 829
237 666
837 859
229 396
310 640
350 710
676 665
758 316
222 487
35 825
225 751
535 116
124 664
373 558
601 590
681 578
83 317
187 104
78 397
835 859
858 909
716 238
88 450
716 26
637 277
111 140
30 414
682 635
57 472
285 801
141 257
259 792
288 226
359 689
437 122
599 577
775 752
823 265
126 40
873 488
671 622
331 350
497 354
706 64
172 208
425 93
326 363
562 508
901 908
665 873
480 21
685 137
481 197
403 740
189 501
666 31
661 208
1 757
156 373
541 513
572 213
888 42
289 575
769 615
251 824
451 65
924 532
659 779
791 290
83 581
19 702
747 410
150 520
376 510
679 818
880 803
892 893
841 699
860 4
711 729
687 298
401 845
513 389
9 854
876 726
760 629
372 596
7 533
589 44
518 482
16 5
98 15
330 92
832 363
188 511
328 477
358 216
94 111
868 811
166 298
533 413
560 687
442 686
682 396
741 364
553 816
870 578
148 792
866 95
756 463
846 159
337 276
815 358
72 49
699 183
252 899
252 536
20 701
822 857
803 271
707 137
845 232
933 72
501 816
287 538
308 504
416 530
788 34
628 216
888 669
693 671
234 306
478 400
576 866
681 755
402 159
736 26
562 206
458 511
243 582
453 192
305 344
696 804
435 34
123 494
686 77
82 664
82 193
299 394
798 585
288 548
452 75
400 631
726 33
161 721
311 38
510 215
544 594
234 573
872 914
792 126
118 450
572 674
713 436
308 371
254 436
597 864
553 608
21 721
151 28
165 375
550 734
280 303
279 385
396 114
837 763
553 141
759 726
739 39
377 435
126 664
563 267
657 820
106 355
667 614
385 783
572 344
658 550
249 291
703 378
579 818
365 133
923 398
98 351
888 189
646 869
777 907
783 612
315 300
622 522
743 603
5 647
875 919
304 912
490 927
835 255
474 784
7 455
538 2
351 874
197 606
376 851
545 436
867 511
26 638
823 175
88 271
142 221
867 694
589 64
136 800
805 209
192 775
168 821
641 851
571 121
799 398
636 406
932 851
575 159
477 233
62 870
784 359
22 106
714 483
803 686
139 877
765 856
272 127
146 893
689 56
99 168
482 786
521 491
592 532
715 13
308 839
919 354
787 107
489 613
768 68
632 560
466 780
180 532
288 661
502 544
636 327
760 912
161 18
391 243
63 130
257 633
667 263
39 688
788 365
724 390
375 576
468 203
81 245
21 470
580 389
565 811
302 158
616 371
599 478
786 738
183 556
397 143
546 120
376 23
893 195
435 631
365 755
214 243
880 489
728 346
842 17
302 457
371 41
565 24
663 490
778 775
629 207
774 667
889 610
495 631
289 466
21 282
762 281
903 486
158 390
566 250
713 692
82 690
441 263
422 755
553 286
426 917
129 869
886 325
578 552
884 294
63 152
526 308
687 155
58 627
101 759
413 738
377 146
535 861
449 648
673 178
373 573
895 178
167 833
593 534
271 757
838 597
410 523
870 470
213 574
89 474
486 78
593 828
500 465
733 364
27 768
486 182
173 713
568 793
462 150
897 210
394 649
720 789
553 65
90 590
470 868
473 903
360 443
529 310
892 46
454 503
49 636
91 573
495 366
203 36
759 244
691 358
620 78
164 137
36 810
345 537
317 784
90 870
725 27
651 692
783 109
460 320
396 485
804 147
460 444
166 458
151 99
807 574
367 337
104 723
655 16
596 105
561 512
403 79
478 74
637 243
558 34
277 225
603 388
574 654
119 258
904 645
239 856
195 120
449 508
602 346
478 897
907 513
668 330
691 835
229 146
629 105
271 896
272 912
230 656
536 917
96 442
738 39
420 231
10 878
389 475
393 522
512 654
281 104
146 595
782 703
808 723
673 390
673 197
836 201
373 676
319 551
699 480
653 378
70 195
296 530
237 659
123 851
248 757
252 443
903 916
64 722
782 812
821 845
64 755
195 255
190 256
569 138
304 572
534 98
629 340
35 557
825 599
649 33
69 275
765 261
349 35
723 819
740 376
837 700
840 52
123 472
568 891
446 222
402 715
321 665
269 610
384 135
179 804
345 892
657 312
31 859
519 498
630 788
679 640
894 41
923 179
129 62
404 122
680 771
537 745
796 125
789 835
904 344
924 221
1 343
92 349
927 844
19 790
94 771
508 253
514 71
41 730
679 921
900 680
257 915
91 734
547 746
88 414
570 547
202 733
280 862
909 222
385 867
249 64
243 650
258 852
389 874
497 282
470 148
773 473
175 627
102 309
853 148
268 594
196 925
749 582
150 425
745 176
738 906
831 248
754 377
56 113
150 689
723 248
395 698
123 82
811 661
538 438
165 902
766 320
657 241
907 234
703 451
812 215
451 467
464 857
710 880
689 326
650 154
304 127
251 542
576 759
589 853
58 114
356 10
580 23
670 150
244 893
625 757
217 473
157 11
707 564
535 649
230 238
703 817
412 688
249 120
527 47
561 419
66 384
17 280
563 198
531 335
562 774
824 626
451 143
3 567
47 229
378 585
904 414
892 40
365 129
361 366
109 778
224 392
318 527
120 158
83 693
449 26
624 356
492 883
388 890
124 108
420 654
11 896
422 26
236 323
717 395
10 864
22 44
488 526
123 474
876 885
663 603
794 453
577 281
869 218
667 712
215 246
191 331
931 473
377 97
220 720
522 707
245 922
811 223
206 410
174 751
412 575
146 27
19 678
791 695
240 622
171 887
313 1
559 532
672 510
750 134
43 503
605 143
97 588
293 395
627 466
779 84
606 662
432 578
506 2
719 729
381 25
838 776
370 867
769 435
225 669
143 779
650 298
6 207
822 743
195 689
164 658
556 914
120 550
577 367
755 409
270 667
779 190
314 748
286 277
501 46
92 27
684 666
693 24
890 16
661 734
125 622
908 875
279 793
628 345
836 738
483 566
160 834
92 277
379 430
109 724
590 702
837 13
853 849
518 450
757 777
341 696
171 738
746 91
133 917
429 33
494 874
706 84
16 256
625 437
645 370
58 240
742 838
160 471
877 523
80 82
121 318
816 238
822 200
306 525
88 628
606 849
829 263
148 585
617 858
565 795
133 826
631 816
535 844
648 70
645 190
882 132
240 264
251 660
33 801
335 640
726 378
787 164
252 101
679 861
767 795
354 547
287 842
675 59
88 109
730 261
675 553
802 309
804 741
214 920
135 473
526 293
100 419
381 569
56 756
222 401
663 850
530 1
236 126
461 227
290 830
80 921
461 395
491 404
420 242
295 600
432 724
276 140
227 621
387 363
828 200
610 859
54 211
507 562
296 17
82 511
757 323
848 113
739 198
69 277
367 166
771 423
25 529
930 199
913 502
535 113
199 683
653 348
474 565
321 49
726 373
168 207
305 686
278 663
56 47
756 636
584 744
94 635
114 413
350 75
44 32
247 465
127 309
670 689
531 674
325 165
879 208
220 756
6 567
469 653
13 742
174 78
248 435
831 799
319 249
160 577
513 461
46 868
663 748
484 546
35 507
162 414
409 615
305 721
532 673
308 57
658 169
549 60
475 348
592 867
460 799
849 795
172 173
889 625
224 912
344 538
617 538
779 350
898 317
81 707
64 423
84 173
670 917
358 250
806 627
474 851
556 797
547 916
178 608
890 48
59 679
126 413
495 655
94 386
520 576
609 750
480 215
683 606
829 145
557 281
327 701
640 662
774 785
440 142
803 506
353 668
742 144
573 130
122 146
49 920
271 891
52 454
91 860
765 794
212 488
6 42
204 323
859 579
605 710
850 247
649 787
427 17
537 619
713 631
807 415
568 845
219 98
169 744
48 853
181 897
425 459
687 921
180 274
329 735
583 864
363 560
88 480
271 729
144 304
451 761
825 491
6 142
900 193
187 819
726 197
777 277
223 820
907 475
791 35
355 532
149 384
675 673
822 197
277 888
528 119
925 794
685 752
714 684
343 162
752 771
589 300
932 890
664 4
833 547
597 420
539 18
490 422
529 283
906 190
644 80
227 632
34 387
391 487
885 813
794 309
667 408
94 416
283 757
653 405
432 492
397 560
237 196
37 798
806 137
507 94
98 910
128 435
730 426
49 230
274 168
301 266
893 94
708 553
599 451
567 82
118 306
441 691
805 104
626 584
50 182
808 490
582 747
293 421
414 222
503 716
715 158
860 306
94 425
805 437
829 237
710 624
408 599
718 611
333 747
66 120
609 863
64 284
354 333
768 76
693 360
20 517
569 224
520 339
892 813
128 655
318 155
718 865
642 795
344 436
377 688
637 133
773 595
452 475
222 20
890 354
254 369
522 498
484 143
114 345
722 622
708 196
545 693
373 230
304 923
255 124
339 501
892 126
297 120
289 392
454 275
637 831
551 741
923 184
154 298
490 363
227 563
869 465
563 511
161 895
713 140
849 519
332 121
226 7
12 379
641 457
747 407
241 435
743 600
682 787
809 552
498 284
216 553
535 275
821 587
626 507
584 159
37 229
770 238
342 731
585 493
490 534
221 184
491 114
306 55
866 923
166 418
849 318
633 180
169 866
182 301
497 410
823 699
628 113
801 483
415 726
290 512
933 139
473 433
756 699
764 813
415 86
733 236
121 698
166 469
914 535
586 651
605 836
760 85
747 564
130 182
176 329
633 760
797 397
604 424
208 595
367 176
776 781
236 542
247 77
682 279
886 106
248 758
285 610
274 131
5 687
140 770
780 346
643 777
389 30
866 719
493 423
797 545
512 410
805 95
642 46
801 321
476 361
808 707
126 195
914 331
301 63
738 681
210 735
658 542
460 506
145 797
372 297
559 195
233 864
569 248
696 886
820 280
107 519
406 809
658 488
383 745
204 781
743 567
410 439
12 736
281 295
533 396
539 274
736 135
330 836
35 718
153 908
863 450
75 821
281 518
676 905
580 240
615 108
198 70
607 873
232 500
183 353
89 169
296 390
328 675
762 98
522 317
323 556
784 252
465 644
790 915
484 103
72 47
722 102
161 798
540 526
10 700
604 859
772 784
803 792
387 663
85 899
562 48
170 876
35 769
924 365
117 401
536 405
237 658
438 857
311 31
706 115
543 346
385 355
790 500
632 547
582 466
797 488
375 686
823 91
389 290
256 649
179 418
424 673
904 424
834 346
878 477
690 702
878 83
4 470
420 63
789 474
491 35
842 266
625 914
644 86
724 771
362 455
762 401
747 744
448 877
709 127
764 651
11 648
101 47
409 887
85 750
279 352
790 814
354 195
458 879
431 669
50 461
239 424
193 144
211 348
369 370
754 51
422 497
470 209
311 725
8 791
887 32
777 298
118 462
127 97
909 351
834 702
758 211
255 219
576 319
112 577
357 13
916 772
445 320
55 214
53 642
162 756
861 617
277 701
283 219
596 351
391 630
470 116
890 126
33 408
234 433
700 816
892 766
670 257
883 269
547 831
420 719
812 301
231 745
791 460
437 282
609 667
696 117
56 405
805 779
274 351
160 174
44 886
359 390
137 254
726 282
557 409
659 718
528 840
884 717
2 806
305 271
706 251
790 727
438 862
551 239
430 650
705 286
811 633
850 806
167 854
714 791
915 680
562 101
744 200
464 790
271 627
393 186
68 666
63 213
394 253
709 295
615 177
146 44
669 242
851 516
562 863
737 119
795 488
277 13
595 48
341 263
907 283
331 854
327 624
534 304
326 53
281 64
656 663
794 779
219 758
650 279
892 99
800 205
515 328
96 433
644 393
905 194
230 176
880 42
102 772
134 913
62 138
705 331
399 580
528 554
617 912
921 351
245 683
287 715
702 763
606 511
852 350
225 712
177 874
869 908
513 151
48 633
580 453
571 661
314 102
649 251
9 501
908 357
606 352
349 207
791 563
753 757
245 768
528 834
621 789
836 842
326 190
13 284
560 748
427 16
732 453
834 779
274 725
670 165
232 518
289 41
56 427
9 631
245 269
526 52
584 72
3 542
102 785
205 417
31 699
811 327
150 810
401 768
827 464
162 188
438 52
398 604
191 254
170 40
419 589
753 432
598 717
487 362
458 495
67 275
704 406
857 573
579 883
591 890
649 72
845 452
886 400
439 176
884 900
805 147
52 226
452 507
66 526
203 42
878 825
349 421
357 727
309 559
931 594
897 452
420 803
887 74
749 864
495 623
520 373
0 294
694 862
113 588
461 22
307 219
179 95
714 425
681 747
516 133
433 781
754 614
226 27
281 284
320 928
258 882
295 623
235 827
483 609
746 496
913 513
683 163
134 194
772 104
448 150
143 813
707 88
63 697
662 388
617 2
866 814
98 238
543 382
186 533
325 802
278 137
122 923
772 218
913 208
426 264
262 78
212 587
525 456
101 370
95 463
30 572
51 819
148 500
897 602
574 32
52 174
222 657
85 239
251 186
680 402
757 871
492 112
620 722
813 285
51 574
717 582
331 808
280 566
795 169
492 244
198 552
79 408
382 271
633 708
889 645
218 190
907 818
390 317
378 782
376 414
291 709
496 477
739 220
40 798
749 240
172 98
258 705
849 419
87 685
779 279
181 865
767 467
813 88
928 0
594 898
571 405
362 21
227 156
95 812
516 603
657 483
511 554
802 732
654 79
143 288
512 778
164 726
303 406
758 826
303 477
599 324
639 595
290 335
876 221
538 543
85 316
45 730
81 224
404 212
16 736
287 925
380 265
760 677
601 703
306 436
709 215
585 594
899 550
445 5
863 223
306 616
520 104
613 507
479 780
95 452
494 515
822 547
805 3
516 709
247 671
625 768
777 249
394 46
38 613
464 678
438 630
245 820
910 52
470 755
624 381
372 128
700 371
405 546
418 141
268 555
546 612
633 72
31 470
531 465
919 705
15 46
755 687
933 480
258 293
314 788
889 215
905 784
622 46
184 465
164 182
926 699
592 817
100 438
518 861
63 860
767 39
294 575
905 61
818 458
618 332
824 20
493 823
896 889
401 856
423 819
545 166
72 537
790 23
514 144
501 289
583 857
580 699
63 567
795 929
774 574
233 83
772 554
232 466
51 155
233 135
575 899
777 667
689 403
507 676
17 49
776 874
428 69
362 292
769 782
210 282
353 606
266 829
928 244
79 517
485 222
704 135
683 620
236 14
91 60
93 481
177 465
222 871
892 625
587 417
744 830
567 292
924 629
367 670
364 532
111 866
882 168
530 907
891 522
522 536
725 179
388 435
244 872
131 589
667 55
365 858
750 195
876 426
687 492
559 447
19 55
529 590
784 137
487 908
850 596
82 312
824 117
30 368
63 731
271 143
168 402
847 180
142 459
369 830
362 117
124 695
108 272
219 92
718 333
246 598
906 459
270 350
242 900
546 140
254 165
76 555
594 519
821 12
704 888
3 59
831 284
896 45
733 678
638 906
876 285
496 611
240 802
843 846
690 229
297 513
445 119
368 911
717 69
563 763
519 18
300 184
890 118
771 124
69 727
889 528
840 677
634 424
849 323
769 350
567 61
813 17
723 532
447 91
593 98
586 185
471 553
851 377
208 709
769 125
474 612
178 65
175 925
555 181
422 304
304 774
845 920
590 507
725 717
126 835
647 820
637 692
916 90
407 644
227 471
169 155
256 765
337 186
877 291
223 630
18 720
844 251
758 245
427 861
892 541
622 140
336 220
458 364
873 79
666 658
439 493
233 807
350 539
665 465
856 528
873 301
576 499
641 171
707 536
507 223
905 315
747 457
844 401
246 691
750 565
672 375
140 21
212 174
10 733
454 810
194 631
500 445
86 300
397 574
239 590
515 746
422 98
338 525
847 797
375 90
778 919
46 854
712 8
607 522
448 679
703 545
197 150
904 447
757 470
515 828
764 267
761 327
502 581
762 196
320 449
741 198
557 321
448 644
775 458
254 751
455 103
607 344
761 577
875 903
916 78
548 362
238 146
751 564
829 780
323 895
930 217
520 180
877 469
682 862
419 210
83 846
54 496
265 766
605 907
206 455
648 541
319 123
296 815
146 305
537 428
778 33
422 848
258 486
727 501
25 409
615 891
806 572
628 215
483 471
567 702
38 390
783 243
685 539
885 205
542 265
495 880
489 716
380 603
303 383
428 627
611 802
563 868
89 465
379 610
831 715
625 64
14 343
647 626
565 95
81 240
793 405
9 744
679 167
800 774
311 931
431 342
694 638
88 885
388 898
580 436
373 12
406 209
205 404
871 764
277 268
828 219
275 391
924 856
910 928
330 65
69 49
919 16
303 885
752 9
197 352
507 527
292 244
720 53
725 607
866 701
527 162
869 679
551 471
616 252
6 407
320 165
591 867
698 107
820 785
579 907
755 826
639 645
124 726
192 304
628 374
275 400
640 328
922 383
241 875
554 930
326 217
422 909
357 414
369 745
745 373
82 360
27 290
381 552
504 894
76 172
1 919
305 508
757 499
312 450
575 507
459 125
814 715
390 755
347 273
861 879
277 387
520 6
787 351
276 582
777 409
457 683
570 459
147 255
374 683
759 544
628 639
832 63
124 847
851 601
75 385
464 570
907 431
687 731
47 385
31 898
152 682
161 667
563 322
508 37
462 345
689 917
427 527
822 483
472 390
154 182
107 204
634 565
35 46
583 722
12 803
608 56
326 312
278 501
569 622
848 18
515 36
894 848
414 799
757 699
332 289
216 766
373 397
414 790
717 271
545 667
303 252
251 596
192 160
114 188
672 905
147 504
34 5
360 414
497 872
770 563
678 897
566 424
513 547
836 28
786 606
375 237
79 892
864 220
879 50
27 107
788 769
96 464
331 752
308 27
474 339
638 748
866 442
219 786
855 228
350 380
155 207
787 94
109 679
809 11
824 494
305 192
547 75
184 285
661 827
147 415
206 488
504 719
303 627
94 253
601 299
126 898
655 719
915 744
583 222
703 359
791 234
17 924
231 104
654 136
328 450
291 530
754 753
868 58
433 832
700 13
299 194
339 160
502 213
569 770
322 603
727 473
755 387
680 822
588 471
136 249
209 25
73 386
473 365
599 495
622 317
803 608
887 99
123 200
447 745
923 556
294 398
415 920
366 14
516 459
174 803
612 235
120 217
101 502
745 694
246 510
366 671
585 763
743 423
684 824
468 452
506 554
461 556
252 557
292 564
545 919
249 646
94 484
231 529
407 263
254 619
725 235
16 630
772 517
65 905
538 651
750 245
146 399
484 282
163 172
483 46
174 569
431 244
896 421
732 280
816 910
542 412
675 207
59 804
918 534
545 765
377 387
928 675
893 6
195 672
899 237
519 280
88 201
205 656
65 404
679 346
400 514
391 559
418 393
638 717
159 457
646 217
546 349
668 554
596 148
196 715
207 478
399 728
354 388
348 388
639 61
527 2
65 434
613 257
658 771
362 87
460 649
4 932
143 612
16 613
289 391
190 516
489 73
83 536
670 617
14 595
24 930
507 327
303 430
438 556
103 257
788 318
116 365
654 15
530 628
644 36
42 437
450 674
499 805
115 324
338 805
29 321
323 591
101 97
591 617
797 376
222 27
871 170
140 84
636 388
605 86
559 784
20 273
747 676
492 444
433 341
747 605
791 97
858 106
673 15
119 455
326 50
722 351
927 766
363 724
24 20
344 130
593 591
536 588
444 280
787 445
272 480
910 580
431 87
23 606
64 37
696 563
181 455
306 792
919 541
773 316
733 423
695 476
55 243
549 566
459 808
733 311
228 139
380 91
321 566
238 895
185 610
861 286
425 149
826 800
931 196
375 893
250 836
426 531
806 820
824 406
930 621
656 367
163 764
621 857
634 858
675 126
694 447
880 606
47 875
626 165
457 72
193 393
251 643
245 383
394 460
253 170
67 538
69 17
655 791
536 509
214 660
781 224
776 537
786 570
180 290
622 307
352 646
71 695
416 67
17 193
493 57
756 140
585 852
852 597
164 187
779 192
899 904
695 252
334 740
593 465
711 383
756 361
770 515
666 486
421 834
330 511
526 40
585 882
906 272
922 209
37 500
256 46
708 383
307 344
20 732
692 691
140 284
408 321
927 397
844 451
710 276
527 692
54 539
652 843
9 517
899 613
142 243
65 347
348 499
415 8
216 238
893 472
517 781
879 836
224 588
172 103
664 862
87 252
927 432
171 716
436 716
70 292
562 579
552 474
319 646
187 584
606 629
711 794
617 814
30 11
178 908
674 612
577 163
351 568
549 573
141 172
276 449
453 933
529 214
818 914
850 851
343 774
921 723
798 476
781 395
200 694
260 241
866 598
808 299
286 240
589 109
226 785
841 590
77 853
648 642
144 905
364 317
604 246
646 209
547 266
448 634
708 261
824 429
868 541
219 785
706 626
73 307
678 662
786 241
409 549
770 496
663 318
524 47
278 295
0 506
191 226
674 268
562 178
692 611
98 684
402 100
813 903
512 811
493 16
248 249
179 793
803 875
153 407
500 295
10 847
639 573
675 498
209 835
235 470
792 240
682 241
522 535
128 356
134 898
812 772
287 584
740 568
251 907
835 186
106 234
403 205
198 238
529 810
678 355
888 507
461 398
511 120
830 683
796 3
139 25
58 260
707 2
858 493
384 876
424 97
724 490
552 497
19 781
770 62
649 132
241 573
391 891
769 568
514 467
677 25
43 326
555 541
64 666
119 326
248 341
631 27
616 792
11 739
144 184
397 59
412 770
41 634
900 84
342 921
54 69
858 128
791 743
657 725
404 673
172 77
815 483
452 333
386 635
538 781
913 632
273 285
213 845
249 882
824 870
70 383
714 574
205 425
549 293
81 598
220 377
78 95
599 348
255 868
355 717
416 196
760 540
95 488
374 223
32 763
791 930
913 224
96 853
46 355
195 182
919 601
61 535
42 650
590 672
476 477
220 740
744 209
908 832
159 319
408 830
516 761
789 555
472 824
917 801
49 449
328 282
637 418
210 685
896 198
854 910
129 364
816 629
238 325
642 57
747 433
382 899
731 203
187 335
81 710
161 876
851 901
276 177
299 152
462 523
707 534
67 310
841 741
33 0
616 79
255 254
242 156
553 622
51 231
235 658
487 405
399 508
615 403
643 526
488 372
872 506
619 28
87 892
210 770
827 183
563 923
352 871
533 83
856 243
879 680
185 447
495 308
347 344
565 355
428 70
679 864
887 505
546 666
80 263
207 294
170 745
234 336
174 787
468 223
705 192
196 875
269 201
543 593
638 187
191 603
751 211
6 200
151 521
669 60
844 659
920 57
832 537
921 23
489 910
665 80
843 198
275 930
477 558
686 924
324 522
322 931
118 742
407 599
439 693
923 438
737 453
376 3
289 793
363 878
752 767
514 675
794 271
12 100
702 167
289 881
255 184
353 550
741 587
547 584
848 642
730 162
669 675
915 861
831 543
350 551
834 656
879 469
899 340
500 803
662 488
325 67
138 666
707 840
8 261
274 930
388 892
274 237
213 512
852 881
667 608
427 841
497 238
714 269
78 384
769 253
686 575
607 290
369 197
160 75
692 795
402 830
869 602
907 850
307 23
335 682
903 449
705 124
904 132
201 180
648 19
234 220
307 736
446 305
593 66
345 0
632 256
288 737
464 381
96 694
375 52
20 345
778 679
578 337
820 587
746 853
433 454
814 141
150 612
320 876
674 661
114 88
556 648
853 931
852 4
818 417
447 387
407 55
269 788
578 565
925 687
75 247
209 524
278 70
255 639
893 756
328 307
74 466
611 40
381 64
648 548
154 285
142 663
578 88
649 609
282 83
480 399
478 226
62 533
916 544
290 156
166 410
252 654
583 328
482 407
841 732
663 617
439 463
179 134
179 321
813 717
708 647
754 196
637 931
820 129
236 846
127 232
592 335
470 752
928 513
707 560
715 781
557 841
554 790
28 215
601 598
290 747
871 427
336 302
836 648
304 281
555 916
931 533
832 788
474 67
126 437
281 912
741 136
238 470
25 504
103 276
425 802
204 695
61 383
768 141
793 362
907 147
199 109
304 690
524 702
447 278
315 658
590 712
31 4
92 803
673 472
211 836
606 196
500 69
926 602
188 878
925 645
6 90
547 441
660 427
168 915
69 743
516 306
531 86
588 177
43 498
444 352
883 151
491 467
60 622
153 690
31 815
238 603
497 437
306 182
48 448
902 929
192 885
659 715
140 372
655 161
845 378
844 741
855 665
172 143
610 703
34 572
764 233
357 262
303 546
232 306
291 375
595 137
597 314
925 907
857 381
114 511
904 131
6 853
283 97
62 856
201 657
323 512
917 715
508 17
446 266
816 509
43 852
753 8
859 929
705 620
409 352
288 18
911 338
196 474
194 353
630 330
572 122
506 419
489 681
697 735
362 92
691 16
855 742
134 858
87 14
70 620
191 644
755 197
584 836
53 475
778 588
469 582
405 295
480 712
471 90
293 346
332 177
540 302
448 619
267 394
294 634
650 866
486 316
800 642
481 872
587 178
156 328
466 700
28 332
372 731
377 472
107 108
767 262
730 807
840 118
724 182
828 349
473 640
423 388
590 166
415 702
807 652
722 318
912 3
517 383
224 703
396 74
786 89
3 618
227 624
230 197
772 49
336 464
418 754
641 145
783 814
163 717
750 853
89 567
393 885
218 905
578 378
306 758
816 549
35 320
269 137
201 332
864 692
49 697
388 149
908 894
839 134
717 436
18 580
669 564
697 435
550 562
390 251
529 481
140 509
789 698
920 753
382 867
337 262
842 564
752 738
487 689
198 386
713 487
381 457
88 314
653 389
375 764
815 889
149 113
897 625
728 281
165 504
322 351
688 413
686 557
877 34
690 770
746 172
759 182
403 329
489 255
919 841
463 746
105 463
147 693
292 202
889 514
273 795
435 543
520 603
582 103
354 814
862 251
568 748
174 815
57 319
787 388
387 788
844 832
263 896
586 674
269 886
235 566
573 441
401 474
230 690
457 466
539 237
530 230
64 882
330 493
169 5
45 406
565 706
6 908
823 877
728 212
750 676
741 437
181 888
310 537
242 599
251 17
231 408
10 361
256 172
751 284
803 733
131 254
77 114
453 258
265 802
675 237
901 874
556 876
547 176
413 490
634 460
442 192
63 323
382 388
654 430
395 603
929 136
365 165
84 122
820 451
682 347
113 354
153 746
17 408
650 562
318 357
830 688
684 105
606 190
0 823
184 121
812 339
549 652
880 917
819 796
689 619
486 145
323 252
756 894
585 705
850 589
441 394
498 140
486 62
377 444
371 448
54 647
737 758
922 779
247 351
468 65
330 191
895 669
139 726
271 33
114 292
86 769
859 377
0 792
638 517
67 337
600 927
523 6
70 437
90 376
242 620
886 170
511 320
689 167
2 280
175 377
736 689
524 565
66 159
69 755
113 177
843 325
780 836
623 430
176 418
502 411
719 488
910 622
12 36
547 384
760 276
46 492
699 629
763 463
777 405
522 614
404 552
221 617
37 5
583 753
674 686
221 37
779 255
490 483
839 849
260 925
709 377
623 19
538 194
798 840
57 167
270 764
282 280
778 574
161 577
384 891
201 274
137 408
216 92
139 169
788 283
209 172
414 78
181 227
411 636
688 673
721 636
931 81
414 609
838 478
641 191
29 703
208 873
358 354
107 502
795 798
301 633
23 443
89 118
735 213
727 416
152 207
210 285
859 473
866 501
26 729
800 648
295 429
870 316
147 664
590 880
224 811
315 749
141 854
496 360
827 156
649 897
186 434
70 624
484 731
286 615
819 394
175 330
223 828
564 41
333 833
322 118
554 576
362 750
108 371
605 561
9 378
788 429
548 473
5 460
443 238
519 877
94 281
750 169
605 195
88 367
614 760
641 622
794 414
648 505
351 333
781 103
383 114
96 60
669 594
70 713
258 455
483 27
592 822
376 823
498 731
255 241
615 215
367 554
924 599
257 259
165 707
517 734
759 890
718 313
745 649
578 395
689 633
843 654
290 115
918 378
562 349
26 871
577 532
318 783
574 711
580 32
755 859
216 172
125 112
141 144
660 456
849 191
519 906
103 481
573 97
187 601
727 319
488 626
72 385
308 156
52 707
894 685
584 722
911 298
783 298
116 544
837 233
43 431
149 786
842 363
632 535
572 251
387 729
912 492
138 427
302 495
286 216
39 894
544 765
398 816
522 4
696 730
453 594
97 552
711 182
650 196
64 260
921 818
830 537
786 157
677 148
619 570
258 207
375 665
658 806
901 148
489 722
774 593
39 692
575 765
910 404
362 448
422 860
554 133
891 23
263 784
51 758
129 449
600 338
573 201
419 479
319 175
306 47
214 840
926 282
854 104
722 353
846 463
478 29
700 75
788 30
641 813
63 413
592 668
451 603
293 1
594 304
864 82
169 788
514 111
243 12
339 623
385 521
419 555
771 19
868 872
7 880
611 758
543 195
784 833
605 527
288 630
638 762
525 19
202 794
677 192
258 145
586 51
660 21
170 241
540 125
621 377
813 758
431 76
867 668
713 746
839 456
481 396
920 823
634 881
769 594
470 287
550 6
488 800
927 842
823 763
792 156
221 664
403 894
679 313
842 62
785 580
422 804
714 262
751 561
608 141
477 880
637 52
884 272
862 263
1 20
438 102
629 860
232 175
290 622
65 685
439 615
671 793
750 630
746 837
735 172
481 483
864 97
156 384
496 386
111 150
548 914
213 119
696 77
365 112
649 683
639 304
774 70
36 38
121 257
618 39
396 747
650 888
356 883
647 384
58 172
315 156
914 367
741 411
234 324
831 57
422 540
22 644
870 689
3 346
173 623
702 855
4 319
475 472
144 822
762 94
911 728
634 268
508 777
14 713
574 762
388 676
396 568
214 73
73 718
884 488
208 39
735 324
692 28
793 56
298 65
64 7
322 789
456 230
127 168
562 605
381 69
399 302
356 136
801 827
782 698
743 671
115 895
501 124
290 446
456 789
139 455
12 628
508 391
62 97
792 339
784 523
779 767
732 763
691 181
339 596
267 849
704 173
794 76
299 875
394 614
94 122
731 660
84 50
561 764
87 620
25 349
475 858
377 323
427 371
572 375
381 519
361 261
341 924
85 221
189 836
567 378
764 873
850 886
4 876
532 334
495 137
834 454
548 378
490 302
163 161
254 416
770 349
113 181
916 702
620 565
276 196
417 459
445 492
46 593
879 673
918 76
204 602
457 534
193 463
422 618
283 571
480 669
295 22
460 911
720 680
165 433
53 300
629 404
215 653
56 542
693 93
834 564
632 585
305 887
259 236
155 536
875 371
345 31
660 229
784 819
722 558
361 590
716 701
193 85
590 501
451 455
491 854
409 554
905 136
444 363
728 239
179 429
727 178
329 209
510 666
790 591
261 674
839 370
878 619
416 167
80 782
773 447
70 501
483 601
298 803
401 82
495 358
584 658
651 619
134 556
274 29
793 563
621 23
619 402
18 81
803 527
872 157
582 886
932 150
304 177
140 645
698 923
643 29
325 883
246 294
593 116
295 666
865 276
315 205
139 614
52 155
618 0
391 541
521 423
422 653
82 607
728 362
896 74
565 753
489 199
652 442
564 293
39 925
785 406
749 531
701 664
159 685
407 698
434 349
43 632
741 29
608 883
349 191
548 615
23 569
66 284
585 165
293 66
611 427
560 278
58 846
693 344
552 9
265 178
219 311
572 131
60 350
895 932
524 445
147 299
528 283
814 603
733 509
221 737
552 54
124 351
770 576
64 557
269 22
146 312
654 613
200 437
470 599
699 34
330 194
411 682
560 727
391 686
833 140
102 449
407 882
46 2
808 240
519 162
2 225
405 911
571 581
328 371
743 657
900 586
495 565
309 499
605 788
277 629
602 730
185 829
575 625
724 269
493 514
202 859
630 575
180 224
730 568
300 277
215 380
226 561
651 600
56 751
565 675
856 570
233 840
916 917
95 911
406 856
554 261
247 662
223 384
77 718
64 701
722 766
11 388
361 547
201 691
332 656
375 46
413 829
75 729
299 265
198 738
763 635
17
173 658
246 232
222 652
449 278
465 552
330 861
893 770
232 129
364 188
650 30
145 830
860 225
540 501
151 833
382 825
817 277
884 461
