220 5550
142 204
142 218
142 127
127 83
218 130
204 71
83 101
127 13
101 175
204 51
218 206
71 143
127 182
218 75
83 126
71 192
75 138
175 61
218 172
142 147
182 174
75 22
175 20
126 134
71 79
126 58
22 171
51 118
79 84
126 136
75 110
75 76
76 114
101 107
192 80
218 98
175 180
76 117
182 162
20 96
20 151
76 94
75 12
130 37
79 15
136 181
134 14
126 3
61 157
76 156
84 188
79 42
42 64
126 63
138 179
13 186
188 57
171 38
175 146
64 193
38 67
37 105
67 116
143 90
22 4
151 209
157 137
58 92
13 104
90 185
117 109
84 129
76 95
142 45
186 28
13 108
137 133
162 8
37 44
28 165
71 89
14 158
110 152
37 86
129 21
130 53
89 52
129 74
86 149
193 132
92 43
129 97
95 72
43 205
109 70
204 113
118 125
12 78
37 166
64 9
172 153
51 176
114 123
186 211
84 119
13 161
38 88
72 217
9 10
20 73
75 17
22 167
64 41
107 214
192 46
157 81
8 29
127 35
8 168
204 50
166 54
53 208
12 11
9 140
182 160
11 6
20 33
160 112
81 219
20 16
78 65
152 141
186 191
138 24
37 47
219 155
172 200
67 207
28 145
117 198
185 144
76 139
3 170
35 164
143 62
140 25
35 106
97 36
97 82
106 30
52 202
127 7
211 100
166 2
64 49
65 69
186 213
61 173
208 135
161 169
70 197
204 203
4 122
16 26
81 111
22 32
71 150
188 91
208 99
116 34
161 190
6 148
88 187
112 120
136 19
2 159
175 0
119 87
24 27
47 195
35 48
99 216
181 128
204 215
114 56
89 60
113 23
96 124
168 154
126 131
132 163
28 40
26 183
33 184
211 115
15 39
184 201
32 212
90 177
174 121
0 210
209 178
136 196
123 102
121 199
169 66
79 68
32 5
68 85
36 59
123 55
28 194
161 31
5 103
173 1
154 18
162 77
142 93
188 189
109 12
54 59
78 71
135 163
151 211
148 8
164 134
119 128
21 193
102 204
34 151
214 72
14 17
97 69
193 94
97 215
157 75
216 61
28 16
9 104
111 16
72 51
119 142
64 134
73 64
4 146
88 52
69 215
9 69
134 54
130 4
180 75
81 17
163 75
81 62
175 74
36 66
178 24
54 68
68 176
134 162
212 99
127 92
152 4
161 79
146 39
209 3
103 169
70 163
190 113
25 108
19 197
131 25
85 191
60 199
62 149
96 2
60 184
108 8
67 57
121 60
203 107
216 83
91 164
188 62
104 123
112 14
45 63
202 31
105 216
131 106
133 99
104 167
13 191
87 108
149 0
54 2
98 52
200 143
212 104
104 20
88 123
29 194
206 16
13 67
212 35
176 97
154 149
125 8
151 17
28 177
15 143
162 88
207 109
66 119
44 59
140 4
218 68
68 182
26 141
178 4
186 213
122 176
181 111
28 15
31 187
215 124
21 134
98 160
196 85
130 98
186 51
124 150
98 17
9 51
21 133
27 157
207 50
115 205
112 186
35 40
145 148
0 67
132 23
112 126
10 92
194 131
212 189
183 79
62 90
38 158
143 210
138 121
34 131
176 60
92 211
23 185
8 201
131 116
154 84
10 18
65 55
61 88
74 30
59 73
110 37
20 98
125 39
171 17
209 68
117 19
126 92
172 201
39 121
190 182
209 56
81 186
73 5
82 87
112 66
166 176
116 128
51 84
183 69
137 14
124 94
112 106
43 68
108 35
20 139
112 156
49 52
64 65
153 37
46 175
136 192
218 120
5 145
191 109
119 57
200 140
171 102
157 185
175 106
113 182
21 167
148 197
64 18
29 52
15 211
5 216
100 63
120 100
54 27
12 112
131 49
0 207
48 125
205 135
65 129
80 106
85 26
167 58
153 122
192 93
53 9
146 82
183 139
191 174
197 181
125 41
63 65
132 205
32 135
200 108
94 150
192 46
143 125
216 186
201 5
217 101
171 112
60 137
195 52
58 200
28 175
99 69
197 204
146 33
138 97
39 200
42 183
169 173
210 2
152 196
18 168
53 193
26 87
45 177
148 35
77 130
43 101
205 136
149 197
131 127
71 23
178 68
196 12
188 25
95 57
115 178
23 30
209 178
60 30
108 124
25 185
174 53
136 85
68 73
86 192
148 39
148 101
54 38
49 199
39 144
110 177
17 172
214 198
81 76
59 113
167 124
33 178
78 30
142 75
34 28
154 175
179 66
113 27
192 72
181 62
64 15
119 197
115 31
194 84
105 146
203 219
62 66
210 120
6 24
12 135
114 38
141 38
13 8
115 123
130 46
159 133
140 42
128 156
161 111
65 44
135 34
42 175
12 200
75 201
202 88
150 53
29 205
35 72
214 110
136 110
138 3
181 107
95 167
99 50
200 88
111 160
65 73
74 125
20 134
53 154
10 90
202 8
148 90
19 72
81 97
0 218
80 93
97 135
39 105
181 114
24 137
2 143
29 155
178 93
55 102
17 201
65 191
9 86
198 79
137 32
183 1
79 54
27 195
88 141
81 108
187 101
106 84
66 175
148 18
144 201
8 122
212 204
205 113
19 213
27 217
94 45
193 176
177 43
197 217
86 77
97 199
29 186
61 146
83 162
34 70
144 214
160 187
110 176
172 6
150 107
183 66
192 141
213 89
76 33
44 189
181 198
45 207
159 154
176 86
164 219
142 7
48 33
15 35
147 164
168 146
182 160
25 77
161 86
173 159
204 209
69 139
116 13
203 99
166 144
179 108
68 137
68 42
32 92
157 17
67 158
174 216
174 200
168 9
108 175
25 59
145 109
43 215
139 109
96 57
182 109
41 207
118 194
188 131
165 68
143 52
208 118
208 148
17 129
212 17
110 33
68 120
201 9
49 158
179 72
187 201
13 192
87 161
57 209
83 86
177 205
105 204
86 102
173 120
155 7
6 121
99 104
78 126
18 158
212 66
164 104
55 78
176 201
95 64
156 205
29 176
181 203
89 107
177 33
143 1
155 48
123 18
78 106
168 124
68 44
64 12
198 103
117 208
173 105
53 143
70 62
95 117
209 201
79 145
166 50
145 118
113 185
57 115
18 89
23 97
44 178
95 21
52 128
6 58
151 160
75 15
99 196
63 130
32 204
196 184
155 173
53 74
96 127
166 149
154 109
182 79
134 26
151 97
58 2
200 98
116 114
180 202
49 161
5 197
36 88
87 191
189 151
139 29
199 196
79 138
46 155
103 150
127 140
179 205
33 31
15 111
88 216
99 174
177 95
157 102
52 134
79 23
188 68
30 52
199 164
135 25
158 23
113 16
169 81
69 110
155 44
15 129
150 113
10 87
140 100
172 111
192 148
19 134
103 53
36 27
216 73
87 36
134 191
72 130
45 75
99 52
31 95
149 144
51 73
189 28
68 8
198 116
16 154
143 62
180 69
23 49
60 48
77 71
55 151
29 79
206 209
134 133
154 20
72 111
88 29
8 84
188 125
82 113
58 149
134 168
207 167
14 163
124 55
149 111
43 142
4 64
86 64
140 58
79 67
81 85
76 163
68 5
191 113
103 156
200 142
134 180
63 38
140 32
73 99
31 27
134 135
26 36
153 192
132 29
185 59
69 201
183 118
70 13
105 78
207 130
219 149
147 219
16 78
158 150
23 201
110 200
47 69
171 52
57 75
159 147
119 19
54 56
52 164
110 60
182 149
67 40
73 111
60 0
112 80
164 208
45 1
68 161
99 110
121 12
180 165
169 75
196 36
169 184
215 149
76 157
194 5
122 0
14 107
163 97
46 7
194 21
103 166
106 22
55 212
39 131
75 68
50 128
103 55
163 145
177 197
90 116
107 42
208 75
157 144
18 114
75 69
219 153
145 3
106 111
219 106
162 206
14 176
76 63
47 170
134 87
157 122
21 103
63 107
105 83
60 80
138 83
40 105
35 216
190 198
204 177
37 86
50 186
90 81
168 89
208 213
215 128
216 48
65 174
124 60
180 32
92 169
205 197
135 209
130 49
33 65
202 204
162 44
112 185
32 0
174 194
94 116
36 99
141 205
201 0
52 127
4 53
86 8
175 56
77 75
216 71
70 123
8 93
124 95
92 36
0 50
155 65
76 36
206 14
12 76
145 199
153 13
34 10
82 189
184 104
175 165
99 12
188 116
119 2
6 157
91 101
85 42
10 171
78 198
87 67
123 103
175 80
195 50
18 90
115 6
205 111
201 63
14 216
44 70
206 143
157 181
18 122
98 28
44 22
181 26
208 137
56 94
25 209
171 106
179 124
211 78
177 161
71 21
165 85
63 82
20 93
56 189
141 27
29 5
142 132
112 21
2 204
190 7
128 34
105 109
173 20
21 114
94 25
189 100
127 77
77 92
190 60
172 124
216 195
73 138
46 114
44 9
31 12
36 205
76 138
204 43
31 70
118 39
29 169
8 11
47 133
62 121
79 122
196 159
152 85
110 66
96 61
1 97
97 118
63 34
36 17
126 140
111 22
17 5
47 195
35 60
108 139
89 77
180 27
152 98
195 159
76 173
129 87
54 26
178 37
18 86
161 109
44 131
57 217
24 164
93 73
192 174
202 219
57 6
192 33
134 213
23 62
117 212
135 49
28 47
72 113
97 101
209 55
111 191
130 206
162 84
161 11
84 192
197 111
77 4
159 101
100 194
46 40
163 26
31 26
174 95
133 194
45 194
89 44
150 133
118 137
82 105
211 187
143 107
210 17
150 17
14 10
160 121
133 15
194 40
161 200
26 161
172 175
181 9
208 69
88 134
175 203
75 62
124 42
81 147
194 178
69 28
73 120
214 47
130 114
79 92
9 115
23 154
206 138
113 173
205 163
170 2
114 31
157 193
70 86
130 40
41 116
9 12
89 160
156 177
108 214
157 158
207 118
60 46
120 121
175 84
68 183
114 199
146 69
58 119
32 39
43 66
18 41
102 192
181 18
169 174
200 90
213 199
38 73
60 198
107 213
118 190
86 10
116 148
48 97
120 200
134 192
18 57
12 40
184 98
89 8
115 41
48 137
159 69
43 72
125 136
2 211
12 11
79 14
146 219
83 11
102 190
179 151
161 134
21 27
126 56
25 65
212 190
33 18
112 161
139 115
67 115
104 153
218 210
18 125
145 81
177 152
64 169
133 25
77 66
106 145
159 37
212 10
191 103
217 34
102 111
59 184
72 23
7 13
173 62
137 29
194 128
186 168
57 117
117 114
123 169
210 162
15 149
19 172
40 190
79 34
93 128
62 57
13 63
25 109
173 178
91 210
133 9
14 178
168 39
133 123
98 90
1 20
33 42
108 101
151 64
180 36
90 53
0 164
84 71
145 52
36 117
88 24
43 112
75 144
185 110
7 119
192 184
33 187
50 163
144 148
128 196
213 211
54 128
195 11
47 26
86 190
51 180
198 45
143 42
122 216
49 124
12 62
166 172
117 170
202 160
43 52
106 183
26 135
44 40
127 61
1 22
12 153
45 23
117 10
81 7
155 175
5 135
150 122
53 35
215 172
143 79
91 14
70 87
187 120
140 54
23 76
79 121
161 205
41 182
212 109
218 100
165 197
189 119
25 70
135 203
135 180
215 84
13 80
122 197
22 67
25 34
86 87
142 111
143 162
123 12
152 195
78 216
73 17
197 139
97 15
52 168
209 1
166 193
180 92
204 39
36 31
201 85
52 208
78 193
87 197
28 200
175 61
61 86
86 184
81 126
108 183
211 17
160 7
209 114
33 183
189 4
130 11
164 168
40 65
204 114
109 158
176 150
198 27
89 43
114 134
48 128
53 204
53 135
130 203
17 161
20 169
182 15
139 147
113 184
18 115
198 201
198 114
46 185
20 34
210 113
92 122
35 94
41 19
214 9
193 170
117 131
109 111
36 114
139 86
34 134
146 201
127 57
86 219
12 8
175 72
93 210
47 107
195 35
34 69
27 115
14 70
115 108
99 123
101 77
185 87
204 25
180 195
94 107
74 25
110 78
33 156
132 163
72 128
152 125
204 9
0 62
190 56
203 103
115 33
94 201
169 26
197 52
4 111
13 57
34 53
63 6
209 77
218 42
152 218
192 90
134 58
102 99
196 177
112 10
204 11
207 172
48 147
69 103
62 7
183 60
34 122
106 173
180 154
184 219
113 65
194 218
78 123
156 23
170 110
137 121
211 64
117 52
25 123
42 49
103 37
86 157
45 153
75 16
59 121
37 97
182 23
75 70
78 57
211 170
109 27
211 10
9 149
124 73
114 163
218 206
102 42
187 184
89 40
35 68
46 208
39 135
182 179
57 216
196 52
182 200
18 160
29 150
129 174
179 86
55 11
57 189
174 207
27 98
208 176
182 158
62 63
39 2
116 101
68 49
71 138
151 178
126 118
171 105
13 201
209 192
140 103
3 168
199 119
38 52
181 37
156 120
3 19
129 75
11 155
189 196
103 128
172 170
93 181
172 89
212 148
212 69
173 202
94 182
210 39
151 0
33 189
142 137
92 70
148 80
57 29
152 211
11 148
85 182
79 57
22 177
88 81
169 14
89 156
5 101
94 187
23 128
33 23
182 13
23 184
104 5
100 195
212 91
57 27
55 116
118 23
92 72
43 190
191 121
206 155
123 214
28 26
166 120
54 1
206 123
83 157
174 137
123 161
85 39
60 161
38 9
24 37
118 131
198 48
178 183
122 102
122 173
57 182
219 99
127 186
19 96
84 189
158 27
192 133
38 206
20 94
51 126
64 189
134 91
189 15
208 200
40 213
130 105
136 169
168 198
107 82
155 204
121 97
111 18
159 39
152 201
71 35
85 127
146 62
117 0
120 2
23 75
26 218
9 64
64 35
128 51
44 74
69 94
71 65
123 137
111 2
107 141
177 134
92 88
46 148
67 132
73 212
193 147
166 59
61 152
120 9
55 145
130 162
216 167
117 29
115 50
175 139
49 126
135 147
26 88
217 159
215 25
202 60
101 117
184 168
8 73
75 98
99 46
57 88
0 114
175 75
112 93
212 186
112 109
177 107
30 215
34 12
88 176
215 175
73 45
123 95
37 85
165 10
14 25
10 163
159 78
151 92
117 195
123 42
60 37
6 148
159 74
157 8
62 195
82 120
198 96
70 170
197 199
176 9
172 192
67 180
74 18
169 78
156 84
200 56
53 44
154 170
58 218
113 199
156 94
214 150
112 61
109 179
107 118
56 205
33 103
155 26
79 50
176 38
153 39
15 104
126 47
154 45
82 24
104 137
97 26
201 215
153 113
62 97
179 90
190 137
139 35
117 64
203 2
82 185
185 69
166 70
177 129
114 194
42 212
3 4
27 164
199 170
51 160
33 198
90 190
169 191
59 208
7 20
137 196
135 124
71 178
81 22
43 108
12 147
92 0
176 199
129 178
0 51
215 157
85 54
192 9
79 188
96 162
94 19
58 19
127 37
16 44
4 114
91 116
74 72
172 30
46 121
154 61
131 41
106 17
94 64
179 75
209 11
67 100
178 171
124 54
113 164
202 124
213 101
204 109
53 96
176 90
191 187
153 16
161 97
99 171
166 147
188 33
133 63
108 82
167 202
204 55
138 188
102 76
214 135
45 125
21 177
110 111
81 215
39 55
157 105
124 4
201 34
48 158
63 195
129 122
147 10
64 62
100 52
193 60
160 141
30 121
184 8
104 161
126 35
209 95
86 129
73 154
22 166
28 136
88 159
74 26
80 178
44 3
71 196
12 104
61 11
23 66
169 88
2 101
192 118
51 152
152 136
219 113
45 110
139 185
194 106
219 213
111 49
27 207
59 117
189 136
48 116
184 214
186 142
84 16
41 206
189 177
143 120
82 190
123 126
60 53
96 31
152 203
3 56
190 73
165 60
70 39
202 157
209 18
130 108
209 166
60 179
127 76
129 117
142 61
47 179
86 212
46 24
13 133
124 163
17 24
175 94
42 110
114 42
100 132
28 39
202 114
85 133
176 120
99 131
172 2
3 177
37 119
196 46
25 37
117 34
24 114
83 186
179 181
194 107
96 186
102 34
54 146
156 95
191 216
48 7
130 169
115 83
37 84
50 167
215 22
178 87
63 32
216 136
192 143
155 39
103 88
153 173
162 121
120 97
26 106
38 147
9 108
82 157
114 153
31 155
85 27
162 62
80 37
172 139
215 108
185 166
86 1
205 151
69 198
0 93
179 46
193 93
94 113
70 212
8 83
181 194
210 15
205 69
159 187
171 173
106 96
207 149
211 14
141 47
189 169
98 166
39 111
169 133
79 84
192 68
122 172
48 178
151 6
130 67
103 126
153 133
65 161
219 31
24 49
8 3
205 112
174 218
119 214
37 208
11 191
16 127
200 30
126 137
90 13
134 74
75 76
150 54
142 49
197 166
205 93
22 131
74 195
190 160
0 80
171 85
116 50
15 37
107 83
161 67
116 106
218 80
200 162
4 61
206 163
127 89
85 106
193 63
105 137
151 172
143 47
93 71
52 180
131 170
167 98
53 190
12 39
56 216
118 0
128 29
105 45
12 172
86 188
203 42
72 105
141 151
67 106
184 47
20 130
195 165
162 9
46 139
209 92
52 44
175 20
66 56
45 19
133 97
150 187
47 0
116 195
158 41
69 206
18 11
163 31
147 188
174 60
147 54
151 98
145 25
119 208
121 148
49 132
152 139
1 79
16 15
86 79
56 192
51 90
124 190
34 127
107 25
57 24
2 28
130 194
38 34
40 62
74 66
197 14
8 137
178 16
185 96
58 141
107 106
91 95
129 208
214 192
149 82
150 196
138 102
39 178
43 86
20 142
175 31
214 1
206 173
135 133
203 86
178 15
59 119
77 181
122 161
34 112
117 172
25 205
219 74
148 50
149 30
209 191
175 30
22 101
20 163
91 184
20 195
179 71
74 54
34 147
84 52
143 185
83 113
175 53
107 87
118 176
189 116
192 194
78 125
44 99
29 41
130 197
83 175
29 25
129 181
13 218
191 99
123 17
41 93
138 62
166 196
121 187
85 129
191 50
160 43
141 172
193 177
156 139
98 218
67 120
111 138
70 175
167 154
152 60
40 108
130 201
159 15
88 74
55 79
30 154
7 37
141 57
31 10
167 59
219 169
167 187
73 35
210 139
163 151
144 128
107 126
78 47
131 205
24 215
132 159
149 95
82 172
132 124
84 47
108 63
94 82
127 44
122 57
66 151
177 147
153 24
35 75
204 140
28 148
57 21
180 72
55 71
203 169
33 104
159 0
48 173
190 16
98 162
70 214
99 201
46 5
94 79
168 111
215 117
26 11
145 217
28 192
0 39
166 198
78 103
85 16
201 166
113 211
4 112
52 71
83 7
131 82
217 144
20 181
130 71
203 5
175 98
195 34
169 179
174 166
26 109
187 44
180 184
58 104
23 44
57 210
149 16
0 172
203 39
91 156
107 160
168 8
104 200
71 116
154 193
40 183
123 81
131 141
177 91
5 117
45 169
143 139
174 146
174 26
219 129
146 206
72 58
58 214
176 12
27 34
134 35
110 155
190 185
198 173
145 103
98 84
112 0
46 4
82 74
105 66
28 164
108 149
149 76
130 18
14 217
94 9
90 214
156 6
155 20
193 38
23 152
132 172
136 60
54 175
182 3
154 63
110 165
187 97
152 12
49 11
125 167
131 172
142 168
133 146
142 29
16 131
24 139
139 92
115 212
171 9
213 149
81 94
152 143
171 151
198 184
27 122
128 177
61 34
154 187
185 115
168 182
96 7
147 74
84 3
89 29
43 65
4 72
69 33
155 150
113 139
177 111
116 7
33 219
48 177
131 125
152 123
162 11
124 46
157 47
120 94
40 210
5 167
128 3
87 49
207 119
67 194
88 132
0 217
29 170
197 41
181 89
201 165
22 35
99 27
34 83
57 99
205 78
12 203
190 31
111 86
72 155
108 142
117 45
158 57
78 73
124 53
177 173
152 89
211 76
162 95
59 150
199 91
186 219
120 63
191 127
213 155
73 34
154 93
193 138
151 140
43 170
177 186
160 125
170 71
68 169
178 65
70 83
169 192
175 199
82 76
184 185
215 70
109 159
61 122
82 27
165 31
67 24
73 115
1 154
163 158
190 66
97 36
145 206
89 94
131 147
142 192
74 23
134 176
38 85
174 8
88 41
151 52
18 34
24 0
194 42
134 111
11 187
100 62
203 170
119 64
148 96
95 16
154 135
164 161
208 124
35 37
104 142
36 129
153 183
148 125
46 125
54 211
212 64
170 23
164 174
76 193
48 151
146 131
61 193
188 180
4 89
10 193
108 194
136 58
137 43
175 85
133 216
125 183
186 9
158 164
179 18
63 132
39 160
141 99
161 98
70 71
55 64
114 84
154 95
99 218
15 195
163 39
63 69
43 104
119 143
3 207
152 169
198 70
93 122
86 210
13 10
21 189
196 213
41 136
38 156
163 2
37 209
41 76
171 32
134 112
40 157
123 64
142 161
71 19
157 57
15 87
94 140
122 114
28 128
218 16
73 137
43 116
50 135
86 98
178 17
87 127
103 66
165 64
185 163
158 93
124 67
179 15
170 83
38 129
11 199
187 177
198 195
11 200
46 3
206 47
113 128
192 146
130 205
80 146
6 34
80 208
185 197
95 1
123 67
128 114
13 194
36 19
201 27
32 166
141 208
146 72
217 218
108 121
147 76
21 49
171 19
195 163
78 22
181 144
130 31
147 170
130 129
120 195
38 121
21 115
85 207
173 167
126 13
50 164
202 1
67 21
76 190
71 194
118 174
78 75
64 179
203 201
122 163
46 122
14 147
22 114
83 121
170 64
70 122
77 35
41 149
108 193
204 33
62 154
51 173
186 114
4 214
161 203
185 29
80 198
41 70
146 67
125 219
98 3
73 207
92 85
75 185
160 59
113 194
205 120
39 86
43 127
37 129
197 40
187 73
146 154
40 175
101 202
200 128
169 50
32 73
81 112
154 17
201 36
163 21
61 93
52 102
157 22
0 168
184 96
111 0
136 69
35 187
0 119
153 202
143 217
14 142
173 190
118 58
11 169
90 11
58 12
133 154
52 54
42 167
102 4
138 108
174 158
147 104
151 128
38 219
26 143
75 186
153 0
64 204
39 119
165 194
174 90
106 73
34 174
201 162
164 3
48 163
183 141
182 219
67 17
177 140
207 61
137 12
152 160
179 202
93 18
30 48
198 174
14 202
164 78
30 41
18 106
121 182
119 52
85 72
205 99
198 177
28 147
46 87
184 179
170 60
73 82
136 155
186 94
127 88
204 194
173 163
208 158
189 54
174 177
177 169
194 57
206 149
59 68
122 170
196 69
161 81
124 164
85 204
49 180
140 30
22 132
130 112
164 111
179 29
212 132
215 75
28 179
196 147
50 204
138 93
160 154
183 219
117 185
64 60
144 105
38 88
31 181
16 64
22 139
199 43
41 46
184 78
136 124
8 139
202 94
190 61
211 165
209 53
84 176
6 46
130 185
129 213
85 10
210 176
202 201
175 95
22 58
117 165
49 145
58 49
49 150
193 111
106 118
210 68
36 191
156 70
91 103
88 11
185 94
175 202
26 128
58 204
110 205
169 165
213 152
56 148
150 186
66 214
82 184
35 104
58 105
196 88
175 142
23 38
213 103
145 0
200 107
142 112
91 189
167 33
52 215
156 109
45 208
2 73
34 130
200 63
117 188
147 199
133 122
22 154
212 162
41 90
128 153
109 106
59 179
34 52
77 108
147 18
113 62
30 163
100 157
17 188
213 184
19 20
26 23
3 178
100 130
34 23
104 2
153 11
11 192
52 160
25 21
217 72
175 36
53 57
97 16
4 198
36 59
89 22
147 212
75 166
39 104
208 19
183 11
33 149
100 75
103 125
19 186
195 137
172 158
88 16
172 134
23 29
5 182
174 140
183 56
32 11
38 110
190 128
21 48
204 214
62 41
102 194
1 111
68 122
20 128
71 6
164 179
97 164
210 180
128 8
31 195
110 73
196 22
28 159
68 36
190 153
157 187
39 34
62 29
49 140
136 105
190 219
196 138
174 170
198 85
8 203
185 8
194 132
156 210
118 79
146 145
111 94
89 70
147 89
71 53
189 20
129 52
141 157
61 29
90 160
152 109
76 123
6 17
139 7
192 96
96 58
95 89
34 153
57 121
126 116
70 177
206 59
34 179
58 32
199 120
164 57
1 212
136 111
197 180
219 188
41 133
3 121
83 140
131 207
207 165
40 144
35 69
113 78
147 58
71 24
141 16
80 158
6 35
173 117
162 219
216 17
120 103
80 203
158 138
52 190
147 156
100 181
89 104
39 88
33 202
212 195
87 23
162 47
172 189
202 64
49 57
1 80
200 17
197 187
156 7
133 143
200 40
195 86
193 11
205 119
109 62
93 17
141 48
158 123
22 40
32 214
6 203
9 18
78 91
92 82
73 75
113 26
43 209
105 2
105 116
66 58
210 8
186 21
208 81
88 173
207 197
8 53
173 109
136 197
52 86
115 186
187 15
155 94
156 152
113 174
154 188
128 30
131 160
2 3
164 11
188 141
196 21
113 2
2 160
193 99
8 217
206 89
128 199
27 163
138 103
22 113
98 91
1 68
98 100
79 197
65 32
169 66
7 158
88 53
80 153
84 61
104 17
193 106
157 192
10 178
40 28
67 198
216 60
208 152
19 50
182 9
124 81
102 215
193 6
1 178
129 157
66 29
74 157
58 158
52 6
182 118
120 30
155 57
105 119
206 56
169 51
80 30
91 197
51 92
194 127
150 132
17 100
89 169
114 112
157 5
64 100
204 82
121 142
38 81
207 185
128 108
96 91
111 64
39 164
111 153
180 124
67 89
61 38
191 94
153 146
124 149
181 91
125 62
217 59
146 31
82 61
122 198
197 109
39 77
148 126
46 76
77 195
85 82
214 25
147 9
212 143
173 104
13 119
12 125
204 69
206 80
44 202
159 164
14 145
107 111
125 63
155 184
34 99
180 81
198 117
168 36
188 182
67 185
38 46
67 144
163 0
169 187
176 93
173 9
126 128
156 17
32 89
11 113
1 215
182 209
124 161
99 8
192 92
201 49
80 79
204 23
41 164
42 186
139 79
37 177
8 75
45 144
19 201
110 152
75 172
90 20
104 194
124 39
102 212
119 14
132 91
72 38
153 145
45 131
129 105
19 69
134 76
150 218
151 70
188 189
45 92
160 155
49 56
21 208
132 149
128 147
152 103
52 172
76 205
59 180
21 130
156 129
119 29
61 18
107 23
211 89
70 129
37 186
105 49
214 97
123 138
106 7
42 7
55 100
141 35
120 148
59 102
161 106
42 89
180 150
42 172
69 50
178 212
186 8
123 23
62 217
89 88
38 31
72 169
161 113
71 59
160 24
45 114
50 17
136 135
40 96
199 132
36 41
125 71
211 199
171 6
107 151
37 0
212 40
130 78
99 29
126 194
94 170
95 75
92 18
158 55
160 21
204 3
171 94
41 152
217 195
212 217
4 78
56 0
198 100
155 70
148 5
159 162
150 87
189 161
169 23
92 87
58 144
140 101
203 110
202 67
69 162
202 76
57 85
84 44
99 35
107 30
112 147
65 8
219 27
171 180
147 216
133 89
33 7
111 55
189 193
184 139
122 205
175 89
96 59
14 37
27 142
185 93
165 125
65 57
9 93
126 196
46 53
207 210
104 83
173 160
195 209
125 60
59 20
69 182
163 125
12 191
198 108
192 44
156 186
216 170
195 122
162 35
53 83
161 83
67 216
219 167
135 62
165 176
1 23
61 35
30 3
37 183
23 77
150 0
49 137
60 27
198 158
105 161
219 124
111 166
192 179
143 56
154 117
189 19
187 7
173 138
156 212
102 53
2 205
104 71
98 19
105 206
128 187
80 192
199 198
51 150
200 9
37 100
22 165
87 75
44 205
169 193
88 157
35 127
48 123
126 189
84 143
66 89
101 166
30 181
141 187
72 68
22 202
108 114
25 212
133 62
67 127
54 191
90 21
58 71
157 0
88 18
28 139
96 100
29 104
67 60
102 216
83 65
43 83
27 189
124 100
76 44
195 23
183 134
146 183
177 127
5 75
210 11
45 139
190 171
20 114
64 80
142 156
194 219
96 8
55 156
79 218
56 59
214 124
100 95
161 7
2 106
152 48
53 169
166 148
219 67
79 203
177 178
168 159
100 104
86 33
70 203
122 192
166 35
21 205
143 123
44 198
140 190
72 135
180 151
6 28
153 197
17 86
30 2
158 96
123 168
11 186
72 2
135 16
54 50
59 134
108 176
46 156
79 206
120 192
146 109
34 76
79 179
31 158
48 37
145 57
215 9
22 28
96 26
218 91
88 178
57 98
76 48
78 45
186 25
216 181
188 3
2 1
169 212
98 171
219 115
201 58
43 217
111 34
47 125
37 39
84 146
24 213
1 58
81 36
66 182
68 187
143 178
181 78
78 155
162 65
186 145
22 103
121 194
131 87
143 99
60 86
110 215
192 208
34 104
88 212
65 37
4 170
64 174
178 167
168 106
189 6
120 146
186 153
50 74
105 67
179 100
150 27
134 47
54 209
103 15
164 98
147 134
3 215
197 132
165 102
73 54
171 70
6 217
192 156
159 16
187 76
104 81
69 59
88 19
168 102
4 82
57 166
36 28
65 213
7 24
140 81
143 81
44 83
185 32
90 112
197 208
2 91
54 173
48 78
29 219
168 47
148 176
160 108
137 99
59 41
214 199
192 77
40 56
55 86
139 10
124 97
128 182
45 46
170 99
185 178
193 184
219 62
106 45
20 45
87 56
55 38
167 208
59 91
192 199
203 195
98 169
3 137
108 216
158 16
1 17
12 79
3 57
203 149
112 11
196 181
147 17
160 66
118 48
166 21
64 50
181 64
159 117
52 175
27 149
74 113
33 8
109 19
44 42
53 203
70 29
88 108
153 171
38 148
106 192
13 60
192 14
181 121
171 176
150 24
39 218
22 194
19 166
160 145
216 132
172 183
16 71
31 144
170 49
55 101
120 125
193 39
80 128
6 62
136 71
203 11
181 81
137 170
64 196
206 180
60 144
195 107
84 203
208 18
104 188
196 76
109 68
30 147
214 6
32 114
155 42
167 52
18 87
54 121
188 204
121 106
117 40
43 186
172 4
14 171
75 153
176 70
152 13
26 40
5 199
113 49
53 160
204 91
66 34
209 186
101 150
161 45
69 184
159 86
141 152
28 155
46 204
165 160
149 130
148 36
116 93
119 17
56 51
38 194
169 57
108 122
174 116
146 162
59 205
19 33
116 203
33 155
12 209
153 54
147 6
84 45
208 65
177 88
124 157
16 117
180 112
136 108
6 152
177 102
183 43
2 161
11 14
183 130
9 52
27 52
24 28
210 205
70 153
190 147
85 18
64 219
154 124
11 16
77 80
60 69
121 100
141 108
114 207
44 139
2 159
64 143
213 130
139 195
46 145
99 124
146 157
67 36
103 195
211 13
141 37
19 57
18 159
150 7
73 144
176 42
33 51
43 74
155 214
193 32
147 0
5 147
10 140
209 197
186 33
210 201
67 133
39 38
184 144
93 89
55 68
200 42
96 51
132 39
4 75
101 121
103 10
85 94
163 179
50 14
183 30
39 41
124 194
24 69
91 34
71 91
211 217
2 131
50 11
126 11
132 203
70 118
71 105
173 218
3 94
64 54
72 78
196 110
212 90
176 69
3 114
43 152
38 77
128 209
49 156
48 104
101 204
18 80
94 74
17 62
218 10
195 202
189 143
10 190
36 173
125 169
88 130
188 83
34 96
20 180
176 195
215 219
117 177
124 44
116 199
69 120
165 6
82 212
176 18
168 88
195 133
105 168
198 112
199 65
199 69
137 184
147 194
16 104
51 5
81 190
37 215
51 188
90 172
182 175
82 142
148 32
63 158
36 128
33 114
203 57
131 59
148 181
65 7
41 98
102 61
191 163
11 116
72 54
40 80
115 87
204 183
47 127
152 32
44 80
143 138
24 113
138 142
114 107
218 171
142 160
107 44
85 134
184 34
3 149
72 181
164 4
140 15
176 82
105 165
2 64
144 24
129 151
24 92
204 84
34 48
27 107
144 197
136 214
119 55
13 86
188 54
167 8
47 33
86 151
12 60
76 191
82 164
75 161
59 155
85 7
79 132
38 213
200 139
72 24
62 22
93 174
55 115
119 70
134 94
205 17
148 129
192 91
117 76
10 30
3 25
46 136
219 209
107 174
128 46
51 1
182 114
40 204
58 117
128 129
53 167
101 177
205 203
64 193
141 81
167 92
215 62
18 162
135 41
10 203
16 58
172 104
33 1
102 145
200 77
213 144
34 186
118 64
146 112
158 136
9 212
61 104
114 109
152 130
79 6
158 30
100 160
121 17
160 209
35 118
111 84
211 182
97 74
118 112
218 76
178 62
133 24
204 201
7 103
45 165
212 103
3 206
18 22
197 77
63 119
111 139
151 153
200 194
211 171
119 43
206 193
2 44
190 199
170 66
168 103
90 79
113 15
15 68
38 82
39 158
30 100
64 81
160 139
174 36
1 113
184 190
18 15
79 149
58 137
72 37
126 202
61 105
182 56
43 53
38 136
136 64
217 12
219 24
96 187
214 174
44 164
190 83
120 213
205 90
195 189
217 78
195 76
11 211
29 131
213 189
5 16
218 41
130 83
194 75
195 91
215 13
71 176
75 138
15 152
192 107
82 56
120 92
150 115
134 129
13 51
13 214
4 148
204 169
155 98
13 156
43 156
194 158
163 193
107 205
10 129
143 105
38 170
205 168
108 187
189 63
47 37
67 178
206 78
46 207
157 69
97 134
79 107
129 209
110 54
204 199
178 205
16 110
56 204
1 157
74 216
58 132
23 148
51 97
121 204
202 189
36 45
71 140
95 103
127 104
152 1
179 206
32 43
109 50
164 157
153 99
165 54
109 102
106 47
188 213
92 140
125 114
193 212
117 74
67 4
187 179
208 209
210 61
205 22
185 86
121 44
172 174
55 162
214 68
61 141
152 214
164 167
206 169
197 16
174 173
108 217
56 58
217 131
215 176
116 84
56 104
160 199
104 4
101 39
117 112
178 215
49 28
195 191
193 216
183 15
208 47
44 30
187 25
133 116
102 163
180 10
85 19
106 23
115 218
37 205
202 87
133 28
17 75
7 112
79 32
134 109
2 93
137 152
141 110
145 64
187 216
56 76
210 161
62 42
210 79
19 184
122 88
182 82
138 109
143 114
129 89
15 196
79 208
132 101
80 164
186 35
205 165
131 9
204 122
50 133
39 46
209 110
186 143
135 218
210 18
59 115
106 16
112 187
116 37
50 113
118 201
61 42
199 47
164 48
79 74
63 184
202 56
78 162
144 191
179 63
196 124
49 72
106 152
5 209
18 49
194 138
216 162
101 205
163 154
157 20
176 123
88 199
169 100
207 219
29 100
87 68
56 201
60 130
42 215
170 212
165 83
165 14
198 62
24 45
49 190
122 111
75 159
208 62
40 203
89 33
132 201
152 163
76 37
151 109
162 150
196 6
26 215
110 71
182 99
189 104
52 47
194 140
195 3
7 11
85 59
71 73
150 74
38 32
10 185
185 13
149 119
31 11
60 76
194 163
39 96
95 46
71 72
20 127
48 55
66 59
24 9
122 128
24 121
135 173
208 40
133 131
213 30
31 13
21 176
152 190
115 204
63 12
213 173
146 149
142 136
32 198
47 51
131 63
12 29
185 101
146 130
144 86
127 29
26 209
40 102
199 194
144 205
41 200
114 63
173 49
101 179
81 89
151 137
104 94
43 96
22 42
3 205
202 159
12 126
88 207
128 205
123 192
19 31
92 30
19 203
21 50
75 85
41 87
96 52
182 184
79 25
195 57
214 165
170 183
49 196
214 116
122 1
122 82
45 146
111 80
152 46
25 69
18 51
50 142
141 65
80 46
20 75
162 113
90 28
178 86
22 119
95 139
105 142
58 26
99 198
166 102
77 205
169 196
159 55
91 130
154 28
100 46
97 59
29 148
84 127
55 213
10 199
200 71
89 219
138 53
113 177
117 88
214 209
63 103
11 122
123 151
210 36
58 93
190 191
197 2
147 143
164 1
8 29
124 170
194 207
68 148
123 72
129 53
85 218
180 40
130 93
5 81
27 135
101 79
141 78
27 144
44 153
122 29
126 24
85 53
75 212
150 175
74 1
37 162
151 215
46 31
132 177
44 71
171 183
160 30
49 29
88 201
213 96
182 122
145 30
88 51
7 219
107 153
26 197
188 164
79 35
51 32
202 129
131 121
64 152
190 70
16 211
113 31
64 13
146 58
187 118
97 208
178 60
109 180
185 14
74 189
162 67
133 102
65 198
43 47
69 49
112 13
68 78
5 193
62 111
205 92
148 72
45 3
118 142
194 66
191 147
210 184
153 130
208 193
176 58
91 125
52 75
212 92
192 161
133 111
76 59
117 22
18 154
187 67
12 90
137 56
68 207
199 77
193 0
78 150
23 190
215 136
204 165
34 4
95 211
149 25
18 66
89 204
85 157
104 109
7 71
162 51
30 101
64 132
90 5
13 53
107 8
175 196
106 214
71 15
32 209
100 33
159 83
197 150
66 80
183 113
99 68
67 142
182 95
32 210
138 106
103 118
153 65
87 69
45 104
162 160
58 123
47 150
43 51
12 159
194 167
205 126
28 38
214 139
70 17
110 144
146 166
173 5
196 136
77 142
35 2
32 85
119 47
82 25
126 18
65 13
105 89
218 198
207 53
12 21
90 117
104 0
162 20
5 103
19 28
100 38
40 112
16 162
14 161
4 192
90 114
174 43
219 109
154 201
50 168
54 122
19 87
79 213
59 168
23 146
185 84
171 109
39 190
31 121
126 178
167 144
73 21
216 75
64 146
66 140
155 189
13 121
137 72
171 30
157 62
92 61
54 113
63 36
128 73
196 215
83 142
112 52
62 39
6 44
179 70
176 219
40 158
99 118
194 193
61 184
53 171
176 138
74 192
65 202
104 13
175 101
206 33
75 165
173 192
119 23
161 4
132 178
35 5
58 151
143 117
167 31
90 39
117 191
123 116
201 11
35 55
53 11
27 10
205 16
202 89
42 214
170 213
42 93
168 82
98 186
36 209
182 164
201 52
118 130
54 41
70 189
0 28
22 84
206 161
92 50
19 104
109 162
173 80
134 207
191 34
164 59
128 211
123 89
205 51
190 158
213 113
33 129
216 104
34 138
130 62
22 141
4 193
39 115
70 136
175 134
174 44
101 65
218 163
12 139
191 173
22 135
195 102
104 84
3 192
217 146
27 183
42 63
164 181
176 135
55 134
154 0
109 149
118 138
1 62
200 43
152 173
200 181
129 45
110 98
84 81
49 95
161 31
112 82
148 17
207 178
209 126
175 24
107 91
48 82
25 100
192 204
153 154
106 46
149 40
117 111
78 61
193 30
173 22
107 90
116 77
137 139
203 66
63 104
139 37
196 123
108 210
4 25
67 11
32 142
179 99
63 127
57 174
8 111
208 218
153 165
96 17
4 81
135 37
110 100
79 76
126 58
208 16
12 98
168 187
89 79
94 203
42 210
77 204
196 93
66 30
149 14
195 210
46 101
160 118
179 107
89 50
67 175
23 42
56 178
170 200
0 173
6 81
185 57
16 109
10 200
134 50
117 179
65 5
16 219
214 28
79 27
70 72
33 132
28 121
201 20
34 171
184 16
181 73
38 1
172 101
162 176
205 124
70 141
217 213
136 3
186 144
135 116
17 13
213 5
65 3
44 180
2 144
11 86
1 101
54 159
103 90
79 152
84 186
97 171
168 214
81 118
129 203
147 149
158 12
46 200
29 156
64 131
7 0
184 0
51 29
61 47
31 104
187 214
135 46
138 56
151 59
188 99
208 20
113 29
175 5
97 77
77 152
159 76
168 53
0 57
0 4
182 59
62 43
149 162
124 158
157 64
81 136
69 113
210 37
188 102
94 199
196 105
100 103
185 193
212 107
110 85
163 105
20 100
173 188
162 68
26 39
146 85
8 67
57 162
199 6
123 193
145 26
27 12
28 96
124 70
206 166
172 62
118 127
178 32
61 113
79 191
136 174
84 213
217 216
188 214
17 198
80 43
171 144
112 140
19 48
29 68
162 30
219 77
165 158
140 162
7 19
181 32
45 175
198 159
28 1
201 72
83 169
79 46
80 167
89 167
21 74
170 67
109 213
113 64
168 219
41 214
2 118
101 69
206 28
120 106
186 28
120 211
69 10
138 67
173 210
126 132
13 147
127 101
98 24
60 191
44 13
185 33
189 61
30 148
187 54
184 76
177 200
91 48
28 181
96 211
116 111
172 171
108 129
99 86
72 133
10 123
41 163
43 205
158 117
45 57
116 83
201 115
100 200
100 57
116 63
64 185
178 112
144 132
160 161
26 46
79 3
147 92
122 23
50 55
77 146
157 162
162 199
62 86
172 219
64 213
193 158
191 217
21 204
132 65
120 64
174 144
23 51
152 188
71 195
68 17
150 37
89 64
150 68
103 67
112 30
124 31
117 126
104 171
62 155
86 160
30 102
65 157
73 18
3 153
8 39
49 79
31 125
136 211
42 94
181 128
85 87
215 154
5 100
195 98
40 118
72 102
176 111
48 41
146 51
116 59
161 202
112 5
136 43
18 47
171 214
138 95
78 27
184 71
164 163
216 1
64 3
202 46
208 51
89 108
210 197
9 7
165 35
113 102
29 126
143 203
24 181
27 38
7 114
191 58
34 7
119 91
36 133
130 126
194 33
79 87
152 39
103 59
41 108
23 216
5 30
134 137
167 9
79 8
130 140
38 90
75 65
161 3
89 122
182 19
59 88
146 116
139 192
219 34
91 127
133 109
109 82
127 41
168 173
206 32
197 159
218 63
66 219
152 219
201 180
55 76
98 172
73 98
111 76
125 75
0 25
135 8
92 118
205 129
152 200
97 79
135 153
78 171
95 204
219 120
188 23
11 104
4 150
207 138
15 166
158 139
106 188
22 137
143 58
1 85
52 36
208 170
149 128
50 111
9 150
112 113
204 149
32 104
12 19
198 101
26 51
185 47
190 13
65 69
151 90
14 6
60 65
25 114
102 128
52 214
103 134
66 19
67 200
175 50
95 146
10 161
110 86
31 81
0 192
162 170
17 4
93 50
213 23
90 94
211 45
91 87
203 178
61 205
104 106
123 205
74 46
3 60
196 109
149 42
210 73
143 29
116 20
173 211
59 4
154 214
91 69
64 29
217 88
145 179
104 53
207 205
107 93
206 9
101 124
74 176
4 156
118 198
106 4
184 174
171 40
15 201
21 17
84 201
102 81
194 112
183 142
121 15
170 169
195 154
5 183
118 12
91 86
109 90
53 121
101 87
205 147
6 97
108 24
66 16
191 150
182 116
37 133
210 132
171 186
133 16
61 217
173 86
200 91
14 177
42 65
34 167
172 60
56 196
153 129
12 35
128 79
177 63
133 218
38 138
189 191
43 13
19 75
129 161
194 119
76 51
110 168
170 111
119 102
207 183
37 197
116 140
217 18
146 159
204 134
105 75
9 159
190 127
96 76
169 146
21 139
173 157
18 46
57 46
106 150
119 113
6 36
125 179
45 62
18 105
130 106
146 194
83 146
116 54
65 114
21 32
118 76
136 56
176 139
168 140
62 110
205 27
40 133
21 104
99 117
20 140
86 20
12 116
59 125
61 21
32 202
12 15
130 125
199 216
60 126
157 120
10 95
82 101
23 197
183 161
132 167
82 96
155 212
89 218
168 19
156 135
97 58
149 86
186 214
72 165
51 44
149 20
39 139
139 207
155 47
14 13
57 83
102 155
33 30
76 135
17 12
200 159
14 172
124 119
139 73
43 29
12 163
24 48
127 25
206 92
9 183
202 118
107 88
82 171
112 174
129 8
69 167
122 147
209 82
208 156
134 40
71 5
67 157
99 59
145 6
173 131
11 62
27 17
158 118
135 193
132 66
117 207
22 91
179 26
24 156
7 146
215 187
19 21
178 140
133 29
102 24
132 20
83 13
181 39
95 142
53 185
67 52
189 81
94 123
16 3
60 63
119 110
4 107
104 44
127 31
109 91
165 144
78 191
166 158
90 45
69 191
20 38
177 87
47 186
208 102
31 84
104 90
140 29
110 97
6 65
122 43
189 39
117 39
58 15
175 110
145 24
5 151
45 21
196 42
32 147
65 70
85 156
156 209
166 218
145 136
141 52
60 83
88 3
11 93
17 52
17 158
207 120
87 54
41 80
4 159
105 202
41 86
34 46
99 61
77 210
185 132
9 87
214 62
47 30
41 24
126 176
133 53
193 198
139 190
143 20
102 28
98 71
217 49
126 99
64 109
102 104
8 82
198 86
149 21
27 160
200 106
108 212
150 93
200 78
150 125
152 157
41 42
93 141
35 202
115 0
145 158
145 138
68 89
215 203
77 98
182 195
130 87
134 42
97 75
10 188
72 95
138 180
172 94
5 26
187 86
152 74
45 180
108 150
211 135
67 154
126 185
24 210
138 1
38 111
85 104
34 172
189 53
43 162
189 124
11 35
65 118
12 131
87 158
136 73
129 23
33 173
43 39
187 37
2 117
25 183
108 165
24 105
56 11
39 93
55 139
20 135
76 16
127 195
21 52
208 214
34 158
164 110
144 139
167 121
92 47
116 132
166 1
39 13
80 2
139 120
177 69
163 87
35 175
140 75
12 6
76 65
29 92
6 45
116 177
66 121
142 91
121 201
158 2
101 174
70 42
177 148
158 183
50 71
71 187
130 85
216 203
138 150
137 141
159 17
190 84
176 168
163 202
78 165
195 204
28 134
124 120
190 129
55 112
81 35
9 134
123 32
8 52
168 108
120 126
206 126
1 26
169 142
26 17
76 143
64 127
76 216
25 216
57 103
104 140
192 159
114 2
37 22
111 41
107 59
158 203
95 7
175 166
197 184
63 44
135 91
199 35
171 121
186 40
82 128
207 176
104 196
45 74
85 170
107 116
159 59
167 10
8 192
170 34
123 144
128 208
179 112
23 212
19 93
73 178
154 178
159 213
194 144
72 136
23 210
169 108
87 195
38 78
60 61
186 59
180 38
125 138
21 211
15 17
102 158
144 3
26 206
191 131
127 153
65 122
150 8
185 83
161 195
202 45
89 157
83 90
10 219
113 51
151 85
108 86
149 6
166 8
61 137
162 97
86 26
163 161
35 198
59 94
25 61
190 30
75 193
22 3
115 93
183 174
142 141
143 159
216 148
71 109
75 44
48 169
10 158
9 185
96 80
3 176
7 80
29 82
50 165
177 202
92 179
201 65
146 14
124 22
143 211
134 18
168 211
151 79
176 182
7 208
13 144
73 23
51 119
210 110
146 42
177 157
88 22
36 131
185 107
27 167
24 122
68 191
151 166
127 58
5 189
164 183
122 36
99 87
34 176
136 109
36 72
114 151
166 66
184 1
53 101
60 171
110 59
97 107
15 96
64 91
14 48
26 212
185 144
196 31
131 139
15 185
10 26
72 144
7 77
175 193
215 218
160 186
160 25
127 66
0 155
80 133
123 106
43 58
155 164
210 149
80 149
138 191
7 57
180 216
213 41
201 86
113 157
159 149
177 162
137 93
193 16
210 123
148 27
71 209
36 139
215 45
120 75
46 184
15 11
14 189
177 16
145 218
50 120
150 212
59 34
58 27
122 186
20 91
140 43
190 93
63 217
197 31
11 96
199 179
178 110
54 17
189 153
62 9
183 136
89 61
162 189
41 144
134 190
72 46
186 77
75 46
55 82
132 95
139 94
214 26
145 143
33 165
208 24
38 140
1 87
215 121
14 5
155 56
175 135
128 71
215 74
74 124
217 93
87 30
42 71
155 25
133 55
138 52
25 128
81 134
186 185
101 64
116 68
89 82
192 144
199 218
101 104
168 143
73 84
143 90
203 207
90 131
217 173
0 72
11 176
131 108
79 200
79 157
136 61
71 213
99 106
178 155
4 122
40 24
120 15
72 218
174 152
141 147
143 66
36 75
3 52
25 141
217 82
68 158
83 215
158 42
124 183
157 15
199 87
130 25
17 16
130 52
67 173
122 12
173 96
39 56
194 90
208 38
66 113
46 120
154 51
184 218
116 29
189 52
151 35
204 107
199 135
114 217
214 37
152 94
213 36
196 119
17 85
181 125
151 113
121 195
34 193
150 18
90 213
63 173
120 35
124 203
188 128
59 21
138 13
61 167
169 90
66 71
10 151
212 210
155 77
55 18
51 66
94 14
108 119
86 24
83 120
46 64
159 214
194 120
90 195
147 213
212 27
28 13
65 88
0 191
54 141
82 2
213 9
36 161
24 70
169 95
216 44
85 66
206 212
124 34
163 190
47 169
75 101
119 121
42 81
123 159
9 98
103 92
101 4
211 131
44 166
77 62
5 109
194 70
53 141
72 21
161 215
8 130
135 196
179 27
125 210
5 141
25 55
5 200
65 166
8 72
8 140
109 166
140 6
7 89
7 138
154 80
104 62
207 70
136 127
80 108
91 113
112 23
155 187
33 22
201 44
94 30
11 180
14 9
91 102
214 23
176 75
33 11
133 103
99 31
135 208
88 12
97 218
14 63
88 120
170 105
126 141
214 10
196 160
183 184
215 88
201 186
21 145
131 163
144 63
7 188
86 204
74 106
115 20
39 63
81 8
21 40
166 62
0 21
98 108
6 179
102 186
97 209
42 19
199 126
21 11
177 86
20 131
210 179
123 142
154 204
108 102
149 164
22 11
132 74
196 114
103 161
72 108
111 150
207 153
78 142
164 81
92 134
4 5
129 95
116 110
138 25
145 10
127 33
169 166
84 100
118 180
217 202
28 59
107 52
61 83
155 219
165 114
24 58
131 97
181 156
87 34
141 19
56 113
20 141
187 148
8
1 31
57 77
80 188
178 104
71 149
69 145
138 105
199 206
