153 1360
49 121
49 42
42 91
91 43
43 12
121 126
126 22
12 140
140 48
22 56
22 135
121 7
121 136
91 70
136 20
121 46
140 128
135 151
7 78
151 90
121 66
136 82
128 109
78 75
90 99
46 3
82 76
78 72
20 120
43 142
43 13
70 55
48 23
13 69
3 14
49 108
14 100
56 139
14 146
136 111
49 27
120 83
109 19
3 64
48 84
20 105
13 144
135 57
139 44
57 113
120 138
83 50
27 34
48 85
70 71
83 11
140 125
82 137
140 93
90 102
105 129
93 59
99 104
144 117
117 122
100 133
125 1
109 25
76 112
25 47
59 40
43 147
13 28
76 101
42 124
129 24
137 6
78 88
6 81
34 116
102 96
90 36
47 60
34 4
60 30
46 35
139 130
83 80
111 98
105 115
25 152
75 149
125 148
152 134
7 67
134 127
115 33
134 61
71 143
117 54
27 53
135 31
48 94
129 10
33 95
143 103
108 73
113 87
40 110
33 150
42 18
71 68
1 41
143 37
129 29
116 17
103 77
30 2
105 131
31 107
59 79
134 86
54 141
31 52
139 8
76 63
14 21
42 39
66 58
126 119
1 15
40 123
70 145
93 45
127 38
101 89
11 97
151 26
131 0
13 118
34 132
127 114
20 92
89 5
40 32
36 62
110 16
115 106
27 74
77 51
133 9
16 65
135 58
148 74
139 20
68 93
108 17
79 38
83 70
131 133
105 143
125 57
46 6
63 130
25 56
68 94
4 80
50 144
45 146
130 118
12 40
57 32
135 75
138 100
33 67
46 137
149 76
132 122
9 67
25 75
134 29
77 98
146 65
94 147
73 29
150 126
122 19
79 120
100 37
42 7
96 120
33 129
86 12
104 63
70 27
140 67
124 66
20 71
19 149
103 119
125 59
129 41
128 37
147 91
99 18
131 95
82 17
76 114
140 102
10 117
56 147
56 10
147 122
123 127
79 37
23 67
119 114
49 144
16 12
27 99
128 24
12 92
121 136
151 138
95 17
30 92
13 40
121 34
74 103
119 102
1 59
55 125
47 18
97 79
113 9
16 78
50 134
112 64
2 102
128 27
45 49
35 63
14 104
2 142
24 105
73 82
12 28
132 82
107 85
18 116
103 10
100 41
151 34
70 135
115 8
11 34
132 22
131 40
109 59
61 70
132 42
38 11
15 4
39 79
75 93
99 75
88 145
80 137
120 2
88 40
43 74
98 28
26 134
73 135
129 0
69 67
16 44
31 96
37 141
139 75
72 128
152 127
39 93
74 59
16 79
126 63
71 126
58 23
14 84
87 149
103 85
8 90
50 70
121 28
25 89
69 46
123 100
99 51
144 5
108 78
105 81
33 53
13 8
146 150
31 138
122 97
11 72
25 46
71 116
73 34
43 55
142 95
124 2
18 152
29 109
50 9
56 112
44 35
8 0
58 66
85 117
149 30
41 31
80 82
91 28
97 87
34 69
128 68
103 24
143 63
37 51
52 88
44 42
41 44
120 63
75 71
68 138
150 138
79 59
55 54
88 139
113 37
145 33
117 123
119 71
16 81
33 115
106 59
48 97
47 10
100 79
1 144
34 124
26 95
65 105
2 35
90 126
110 24
31 114
104 37
39 116
7 43
134 146
101 75
130 107
56 138
113 5
79 62
64 34
92 59
2 119
52 66
104 132
19 96
59 53
118 28
2 21
55 134
134 71
100 106
8 66
152 41
58 28
151 79
131 101
2 79
50 131
33 95
60 144
108 19
151 2
31 103
125 47
52 16
109 12
50 143
137 2
63 79
79 152
144 103
136 16
14 124
123 7
100 84
69 62
16 11
27 58
10 62
1 44
42 70
67 46
138 10
104 31
65 40
97 19
34 35
3 58
20 150
54 111
34 145
30 103
13 22
132 17
48 107
20 109
120 130
26 4
20 145
143 96
73 112
15 80
125 133
66 26
141 82
17 126
141 64
62 92
35 30
143 53
61 62
43 32
110 29
129 128
120 14
60 23
39 51
122 40
9 80
14 56
90 135
136 146
140 138
98 8
87 60
97 28
121 82
93 43
129 6
132 119
59 149
59 136
83 12
83 17
76 14
126 35
129 75
44 45
28 22
146 0
14 44
24 36
150 76
17 24
50 23
104 138
108 119
33 45
46 1
28 109
84 135
57 52
95 62
7 2
32 67
43 67
36 114
23 19
47 51
24 122
131 126
92 112
81 139
133 92
106 142
142 102
16 149
54 118
24 50
78 139
119 43
99 149
66 121
3 41
138 18
101 6
99 29
12 94
42 101
44 143
14 78
27 17
29 36
68 61
29 12
67 136
27 115
67 62
13 45
152 94
0 100
78 37
97 114
143 109
63 115
138 5
97 13
10 80
83 49
88 126
75 116
89 110
127 103
145 44
63 45
18 8
139 35
128 103
10 151
86 13
27 51
101 88
115 95
142 110
57 11
82 140
27 55
130 82
123 48
117 52
1 152
84 56
104 20
1 43
2 141
54 71
148 1
34 61
7 26
108 42
67 77
121 119
40 135
33 116
90 150
49 136
146 145
38 86
130 39
72 8
140 142
65 25
18 19
61 102
96 38
146 130
92 42
46 140
36 103
79 18
61 109
107 74
89 99
147 21
40 45
135 2
144 11
83 89
48 35
68 129
68 81
77 93
144 23
92 13
32 130
5 115
16 141
65 20
73 28
94 61
47 7
84 108
121 37
84 64
30 151
17 38
43 134
110 35
87 83
61 114
82 8
100 77
88 10
19 28
3 106
38 130
113 22
137 23
35 96
90 11
31 125
46 136
67 138
28 122
36 146
16 66
78 35
79 108
76 137
32 85
52 74
52 92
55 152
142 63
77 115
135 145
28 108
152 27
34 29
127 82
83 124
49 100
111 23
113 68
60 49
59 16
11 151
89 79
74 51
63 139
84 125
135 10
115 56
150 71
74 69
73 60
89 33
138 66
50 146
82 133
85 19
145 90
34 131
121 69
24 120
24 149
108 15
76 19
58 75
125 48
96 40
37 85
103 73
61 135
137 152
37 133
126 45
59 84
61 101
139 125
124 8
16 0
5 52
75 102
128 131
134 30
129 151
85 143
30 21
134 92
102 44
2 65
20 21
123 37
36 41
17 16
141 49
28 68
11 64
5 126
133 103
23 131
105 29
147 20
108 83
10 79
73 54
19 57
99 54
70 18
70 146
62 11
14 143
1 34
98 51
19 90
46 138
62 9
136 12
11 122
18 117
33 119
144 125
48 40
42 120
63 133
41 95
115 100
137 26
84 120
27 97
18 48
38 133
86 57
88 18
63 117
43 117
39 137
78 72
54 83
39 46
135 87
47 22
59 29
36 136
150 72
82 84
99 133
112 98
65 122
50 84
8 73
86 5
12 30
47 100
3 21
58 102
59 10
78 57
11 50
97 54
92 24
103 39
83 147
5 107
90 133
89 6
27 57
5 128
56 52
68 102
79 102
11 70
127 1
92 56
34 71
111 20
85 81
117 36
97 73
26 98
148 122
53 87
77 33
74 16
81 151
32 71
3 135
76 117
49 101
102 20
34 70
7 147
102 124
20 14
59 73
149 119
114 63
100 130
79 83
123 59
102 97
39 41
43 105
63 134
144 62
142 125
149 106
117 148
80 76
69 148
120 18
120 56
113 59
81 115
121 45
47 82
44 78
148 86
122 149
17 80
94 54
112 94
109 142
33 21
26 23
99 46
82 2
152 119
72 46
8 23
71 145
51 114
146 148
127 2
119 133
12 106
117 83
56 119
136 128
22 17
136 2
72 88
62 151
76 125
50 132
16 23
64 147
39 59
87 61
105 101
65 128
34 46
152 122
54 122
81 125
138 98
22 65
87 120
6 76
78 33
110 152
72 131
22 2
86 137
18 115
132 134
117 114
113 101
151 96
78 60
98 131
132 138
104 32
11 20
103 64
63 150
36 9
42 22
55 122
91 6
25 129
70 115
60 91
56 143
82 9
115 142
108 73
40 148
50 17
112 95
101 66
127 121
44 54
149 81
14 130
65 100
71 46
69 68
49 148
107 41
34 127
58 124
151 130
55 93
81 110
112 91
143 46
34 22
147 130
0 19
63 148
22 10
0 119
88 84
5 88
58 92
67 120
115 23
122 82
112 25
139 145
116 139
22 30
133 30
4 93
100 59
33 19
55 92
72 1
19 145
46 128
132 83
43 24
113 4
132 21
69 83
42 61
113 51
65 90
22 118
32 51
120 46
53 92
41 49
97 8
77 24
127 115
127 49
104 85
8 151
37 71
57 94
55 101
96 110
42 37
7 20
86 102
126 140
119 110
137 125
126 24
137 123
65 82
89 116
148 100
44 7
50 141
4 115
95 94
45 47
5 31
112 89
39 105
64 107
15 10
38 132
48 111
120 60
22 80
99 56
109 114
89 97
135 42
152 38
110 0
76 107
6 23
26 120
56 139
53 101
37 137
46 57
144 40
104 111
54 98
107 88
71 122
109 141
115 75
12 23
118 121
140 9
35 9
82 104
145 21
83 151
73 86
89 147
18 144
32 129
89 53
47 99
64 152
113 66
144 98
8 44
53 114
85 120
57 72
140 147
13 89
85 70
95 144
79 143
118 124
114 102
33 14
89 15
28 125
101 67
72 93
122 62
25 88
72 147
107 40
59 18
73 13
118 68
15 29
92 109
3 23
117 35
50 20
84 76
79 67
11 6
38 92
37 43
23 77
127 67
78 123
58 89
89 102
4 64
9 104
130 36
100 145
128 12
71 15
10 93
146 122
33 37
18 93
87 82
22 136
85 12
13 25
115 7
112 52
118 109
103 35
105 20
149 94
152 50
152 136
117 137
99 128
67 88
114 88
125 102
21 117
114 41
77 95
35 37
78 31
125 117
12 103
92 147
53 42
16 82
57 10
4 94
103 61
71 92
53 127
84 26
52 150
70 52
87 92
11 22
103 18
131 70
79 76
44 33
124 77
29 90
89 4
19 130
67 51
144 73
31 121
117 33
62 29
101 5
120 114
58 12
12 5
87 28
141 128
113 135
41 91
41 128
15 137
120 97
48 8
151 57
51 148
21 110
115 6
116 77
16 51
79 35
14 11
34 44
15 33
70 103
44 3
79 87
11 103
114 42
1 56
44 69
50 48
21 126
119 83
151 134
79 118
114 80
18 109
54 75
53 20
144 20
80 107
31 49
65 67
130 61
65 64
90 85
125 138
27 91
111 119
116 92
129 30
42 88
24 82
33 31
61 32
59 118
49 139
68 4
15 97
131 99
24 69
52 68
56 58
61 105
129 143
19 95
148 23
78 142
27 34
58 32
66 118
10 150
1 42
63 106
42 94
138 62
40 111
90 32
143 148
68 80
68 117
71 66
60 139
10 13
141 108
137 104
112 139
54 31
40 150
121 102
107 98
54 92
34 117
20 46
42 45
44 120
19 127
45 101
56 53
110 11
93 129
8 87
150 129
115 46
12 68
9 114
58 52
80 58
89 22
80 90
65 45
150 22
23 54
95 72
97 130
91 62
37 6
109 65
20 106
150 133
19 66
11 136
9 126
117 64
128 42
26 89
25 34
101 85
10 110
139 133
135 110
143 66
34 86
2 72
104 149
49 50
63 8
73 51
80 93
150 66
113 42
99 5
11 114
68 132
120 69
110 104
44 62
148 137
12 93
47 151
81 56
4 40
132 141
18 110
54 40
41 127
95 122
67 142
149 36
46 106
115 114
34 111
103 86
52 102
29 54
63 112
35 74
145 109
128 58
76 151
13 62
37 3
25 12
59 139
148 120
15 0
111 16
44 75
150 61
40 56
62 6
37 122
18 101
59 132
27 65
36 17
41 63
48 137
141 57
73 64
152 146
136 60
100 104
83 6
98 151
26 93
141 76
83 22
18 68
48 66
72 90
11 81
19 21
129 114
14 110
64 76
123 98
98 44
32 148
75 106
89 51
148 19
31 129
140 91
25 131
132 12
70 143
50 79
52 143
24 101
61 140
22 116
106 0
63 48
1 81
102 132
8 20
83 18
20 41
26 132
46 68
98 101
148 124
9 137
55 119
11 88
61 84
95 141
89 74
67 87
13 34
74 62
19 143
93 114
65 26
102 118
73 146
148 106
7
11 141
96 106
91 80
56 87
76 118
1 59
122 147
