227 12182
43 136
43 187
43 222
136 179
179 225
179 39
222 153
225 11
39 62
179 50
11 207
62 170
153 40
39 161
136 122
136 63
40 191
40 116
39 67
39 130
122 21
39 33
67 208
116 12
12 1
67 80
116 90
1 97
1 32
222 85
170 142
50 143
11 146
62 110
179 96
85 209
67 47
209 93
116 210
122 150
43 3
110 196
209 94
143 24
179 183
161 216
110 89
225 54
33 151
216 27
151 73
209 132
151 126
170 200
80 79
225 68
24 101
93 58
85 31
33 71
209 206
47 217
122 224
146 192
225 123
153 159
54 91
132 129
209 226
85 92
136 134
116 145
210 175
207 14
39 185
225 98
11 198
192 195
3 75
210 30
187 223
161 82
73 173
54 48
71 105
143 57
54 20
183 37
90 65
179 35
151 203
196 140
130 113
31 41
89 64
82 155
150 181
206 166
14 49
65 46
24 26
110 135
46 18
216 69
69 114
145 199
80 186
37 197
225 72
224 221
210 194
48 42
217 70
145 115
159 174
70 125
54 108
90 87
208 16
173 78
89 120
110 169
32 55
54 212
226 144
173 19
122 34
206 148
24 112
114 53
110 7
101 5
185 81
73 13
191 133
161 38
144 95
87 17
14 9
43 164
64 77
126 36
37 59
75 0
207 211
67 188
126 152
32 171
87 124
14 121
226 157
186 172
31 220
46 138
54 190
224 178
81 15
203 218
95 61
126 168
67 167
195 160
16 149
85 156
108 137
221 204
18 180
89 10
12 4
14 88
71 51
135 162
34 193
196 158
123 99
24 189
78 52
212 127
93 22
143 117
94 214
68 118
132 6
108 119
99 74
183 205
214 201
51 213
133 84
31 177
164 86
167 60
224 29
90 184
185 45
61 141
199 202
144 147
121 165
51 56
90 219
24 176
85 83
213 25
38 107
83 182
172 8
116 111
6 131
152 2
68 128
160 76
77 28
105 215
74 154
82 23
36 103
199 163
91 109
56 66
178 104
71 106
178 139
1 100
70 44
218 102
4 54
173 51
166 43
4 98
55 58
72 116
78 30
101 73
2 100
38 12
20 105
149 68
62 15
14 220
83 212
175 171
36 133
16 207
68 168
57 3
125 37
101 145
214 14
79 14
39 85
192 122
73 84
170 83
177 77
154 87
108 98
41 175
159 113
54 31
186 66
161 138
70 183
72 221
128 162
114 25
195 2
169 195
58 187
42 17
199 122
203 37
130 203
150 31
206 139
11 58
50 171
7 67
141 124
86 10
108 216
48 140
28 36
73 49
104 107
213 119
195 226
159 196
205 53
81 211
35 124
77 67
7 159
151 106
158 43
47 169
3 14
4 164
164 206
182 41
70 191
49 200
191 199
146 85
68 215
136 61
60 167
67 193
191 15
163 126
106 165
64 76
191 202
204 182
196 191
218 50
145 6
89 54
60 141
59 67
127 44
91 158
128 52
138 105
35 52
119 28
221 102
62 55
153 136
122 147
16 75
193 200
26 87
54 32
184 196
94 77
212 161
167 197
10 151
95 219
176 9
77 198
62 0
14 169
125 83
156 164
49 175
33 169
190 204
39 214
213 117
224 36
15 188
38 86
189 24
163 1
66 86
162 122
209 157
38 30
201 5
48 107
111 55
119 10
15 183
77 120
133 217
211 145
73 128
86 74
84 189
219 195
139 144
155 33
20 210
118 80
152 6
132 120
93 145
59 187
92 93
201 191
65 13
74 75
118 103
107 37
1 82
95 173
74 144
153 88
100 162
91 156
167 34
148 199
42 104
66 119
75 13
142 6
175 90
74 143
124 197
202 86
35 104
68 214
186 79
88 218
200 74
183 76
12 195
31 205
39 75
63 224
71 101
218 136
19 143
74 53
17 104
222 137
61 62
4 168
28 128
22 215
186 140
145 80
222 215
75 171
55 69
6 14
101 75
102 192
160 101
3 205
221 94
157 144
149 156
150 173
98 186
156 162
46 102
109 56
9 94
41 208
137 27
150 46
74 179
146 106
4 182
115 207
102 13
133 208
2 12
200 83
57 87
175 198
76 193
185 29
14 127
217 154
213 48
49 139
27 160
110 44
117 34
203 156
95 184
203 123
171 216
60 196
116 189
128 177
32 179
75 93
122 91
143 108
215 118
63 183
166 209
146 103
205 84
138 12
94 128
48 28
48 115
146 124
126 102
149 193
169 46
222 14
0 177
32 108
40 180
219 134
134 25
67 25
185 25
142 204
97 31
70 220
5 157
146 12
7 71
115 194
17 68
46 13
160 214
92 174
12 186
209 48
158 118
126 66
189 170
147 99
182 196
114 129
115 148
104 23
67 152
122 33
89 207
114 53
121 186
216 19
199 85
98 123
132 61
39 17
45 217
53 226
22 115
76 18
84 16
113 139
45 9
31 180
77 100
115 32
27 95
172 67
191 79
137 205
31 22
109 170
73 127
5 21
96 75
203 128
60 159
195 102
125 10
59 141
98 133
113 9
61 191
21 123
22 27
24 157
201 115
123 29
189 97
39 3
214 72
87 120
69 165
194 224
224 215
1 194
184 118
223 44
60 173
19 57
199 217
185 140
11 16
171 222
30 222
60 46
128 107
104 144
147 155
72 47
131 157
205 154
115 17
79 226
191 137
65 169
144 132
202 203
27 214
212 166
40 143
142 47
3 9
208 182
24 29
60 87
125 102
54 185
175 145
217 108
78 214
173 12
185 219
155 46
89 103
19 104
69 81
136 57
142 14
85 201
199 194
2 122
138 101
13 146
190 171
120 219
213 180
71 121
195 44
200 47
79 192
85 94
92 43
25 85
187 27
59 76
96 12
221 42
109 44
188 75
124 50
169 149
219 166
192 216
171 79
144 191
210 201
179 26
8 12
138 77
147 193
198 89
44 51
127 213
58 19
212 40
107 127
60 224
178 115
32 56
70 100
8 57
139 35
223 173
172 98
200 94
105 200
119 165
161 129
11 6
180 176
10 70
100 56
43 194
198 78
60 118
6 141
98 16
125 3
168 79
92 120
140 83
156 52
38 124
150 13
175 75
81 13
6 164
11 154
117 89
191 89
179 72
40 150
171 28
18 173
148 163
26 30
143 9
178 203
140 82
111 166
216 83
205 226
151 45
3 222
124 151
182 20
198 13
18 212
115 191
36 20
129 8
1 169
1 43
3 161
130 83
53 123
12 117
66 53
116 209
23 31
35 29
11 157
189 137
160 124
128 194
80 35
72 88
7 197
168 9
88 106
153 76
64 49
20 68
2 13
128 188
160 39
50 129
155 163
13 128
25 80
54 115
124 75
17 221
158 147
42 218
189 162
52 145
182 30
130 51
111 130
198 172
105 119
220 114
161 2
33 107
92 175
210 107
8 21
175 76
129 208
197 169
139 172
101 168
120 153
132 17
224 213
24 133
139 128
78 66
76 196
77 170
224 15
122 90
127 187
34 64
203 197
92 99
56 81
162 117
2 80
178 129
24 215
211 58
92 133
12 212
67 9
121 111
150 82
201 186
196 211
102 209
71 22
20 185
99 188
34 77
15 105
185 197
63 97
142 51
225 226
26 164
151 76
212 20
9 187
148 21
120 186
3 15
20 156
226 51
150 152
106 209
126 110
176 218
82 56
108 210
198 147
150 117
160 201
199 91
13 116
132 90
182 123
79 45
21 142
215 166
180 77
176 72
68 82
11 211
32 78
118 197
55 76
207 139
143 29
110 166
8 99
130 34
47 123
144 184
33 69
213 40
52 48
165 46
96 27
44 115
7 146
208 162
42 184
221 51
226 112
40 24
89 68
31 220
0 186
74 110
154 184
66 137
9 122
21 180
6 56
162 40
164 126
181 113
130 45
225 12
27 218
187 222
189 68
44 180
125 56
34 199
138 8
115 119
130 135
170 200
77 30
16 152
77 8
52 127
193 214
92 204
178 189
147 199
80 7
171 61
113 50
121 125
168 141
41 223
184 58
11 204
82 156
128 220
16 154
179 208
13 159
180 221
144 92
210 8
75 111
82 71
54 6
25 116
56 146
142 118
35 47
7 176
149 160
128 71
174 69
71 2
81 113
176 104
115 140
5 191
188 140
115 81
109 172
65 73
134 172
133 38
56 45
174 53
62 153
79 116
194 72
140 7
66 55
9 65
194 7
187 171
8 42
46 95
106 10
112 149
131 152
149 200
68 102
96 132
13 195
196 155
70 203
28 6
128 141
132 202
52 155
65 221
131 68
174 35
51 121
76 119
179 186
91 172
120 44
18 180
30 75
139 223
220 52
219 164
158 9
134 175
201 120
184 9
191 40
193 125
181 53
76 172
59 172
196 78
191 45
101 103
190 161
155 14
211 140
129 72
86 146
113 134
145 170
83 127
109 108
33 24
4 135
35 36
36 111
45 141
24 25
218 81
127 53
79 224
169 173
60 156
125 143
166 83
129 63
102 41
146 14
208 35
23 73
26 159
32 209
103 1
7 94
76 1
127 119
66 173
38 142
209 131
51 36
39 150
42 22
203 183
131 128
59 42
147 17
77 104
183 64
23 76
149 173
223 105
167 40
138 185
204 39
125 156
28 32
36 186
6 22
67 15
151 171
191 38
33 47
120 197
166 106
83 72
150 172
127 140
51 176
47 88
218 206
172 211
140 72
61 81
152 8
76 96
33 163
191 155
144 151
24 183
114 132
163 30
132 108
126 6
212 51
83 67
160 205
212 41
150 77
181 117
66 73
87 6
131 200
63 57
202 193
168 162
42 214
46 139
192 66
74 168
53 57
65 129
186 145
65 21
188 121
69 190
37 193
37 64
37 20
131 28
11 76
22 141
98 211
112 125
44 61
202 83
145 192
9 30
119 139
93 86
68 147
199 113
219 60
148 215
71 200
65 37
53 86
17 158
86 204
97 167
32 40
184 130
38 148
161 225
197 141
207 53
220 49
212 131
138 69
10 201
142 35
77 133
178 164
217 139
26 9
73 169
175 136
11 147
187 209
27 65
10 18
128 2
172 3
77 87
95 62
107 26
218 200
226 121
145 173
204 50
39 182
112 63
178 141
6 12
140 81
56 27
141 207
19 186
140 213
94 175
112 15
112 95
91 14
34 24
218 53
190 216
188 219
191 184
98 176
115 165
181 0
26 221
60 130
71 0
20 104
202 213
191 98
129 146
190 102
198 149
23 128
85 50
118 108
93 202
38 94
24 123
41 138
88 65
33 19
37 8
147 209
39 131
181 210
208 57
118 44
22 14
25 161
208 99
114 34
143 114
149 219
194 95
187 157
134 80
188 187
188 46
149 145
65 194
219 161
41 186
132 44
11 111
10 168
4 223
224 5
34 6
139 81
72 209
73 68
221 132
178 65
97 25
71 103
130 44
211 168
214 210
22 184
6 192
72 2
171 77
168 36
164 181
145 27
212 32
147 43
192 32
120 24
75 69
104 43
179 178
4 8
114 35
210 137
58 89
223 32
35 43
122 164
87 167
126 185
115 86
207 133
205 58
154 58
45 201
216 44
176 179
14 119
176 19
191 94
62 105
149 218
41 125
158 139
19 114
41 104
144 59
101 69
166 25
75 198
106 130
77 10
28 19
106 178
180 211
226 208
221 76
219 140
147 65
186 97
15 91
114 130
166 193
87 224
204 120
6 18
128 196
153 202
218 7
80 64
143 18
11 52
37 27
61 22
139 112
80 117
135 147
15 144
127 9
83 139
215 173
83 0
224 183
121 45
214 65
15 28
158 124
198 182
115 123
104 50
192 104
202 142
78 133
19 3
147 37
152 99
95 65
80 177
31 138
12 46
106 218
145 47
45 131
131 51
95 13
146 108
33 220
17 191
68 157
179 169
74 174
153 119
201 41
188 204
117 2
105 112
141 142
194 122
0 225
146 183
125 187
72 147
16 218
143 156
183 102
69 198
59 22
91 218
107 44
70 121
64 24
152 105
144 44
0 97
85 152
140 67
88 130
79 121
32 200
158 184
59 121
55 210
0 185
15 178
24 93
86 161
99 110
62 102
73 96
73 130
7 171
223 93
74 13
100 182
121 177
189 201
13 86
1 26
222 24
50 121
185 31
217 75
212 65
33 151
84 23
140 167
134 48
207 225
11 223
120 28
1 191
25 126
94 178
20 128
107 200
138 126
159 110
19 133
156 83
105 25
194 204
38 78
224 164
181 74
197 80
37 70
129 6
214 10
210 159
49 101
37 133
7 116
123 102
9 39
95 187
130 16
75 153
179 184
86 83
188 95
50 148
206 142
114 210
84 26
55 171
68 80
211 148
90 223
148 167
216 28
211 213
41 29
50 174
41 90
109 161
146 188
89 91
128 169
153 51
215 169
52 29
16 59
131 50
226 188
90 146
75 122
174 215
113 98
35 137
219 41
139 116
202 71
44 78
217 33
217 62
91 114
175 207
194 51
90 87
74 81
224 23
101 153
112 23
204 68
4 100
33 85
53 20
77 65
147 214
43 93
124 108
62 122
211 28
123 49
20 173
42 4
178 53
172 42
114 215
223 135
105 175
73 149
159 112
170 157
123 209
198 195
166 211
63 69
36 41
187 154
98 190
123 96
133 59
25 211
226 201
13 21
47 25
71 20
184 84
100 63
211 183
37 153
83 24
150 81
56 37
1 75
2 148
209 177
180 12
184 201
42 134
42 199
224 181
40 201
72 34
156 197
200 93
23 98
62 186
117 70
72 26
76 154
186 96
189 218
150 124
169 187
118 71
30 211
220 50
180 76
78 110
182 89
189 49
26 218
116 175
183 171
56 167
144 176
200 187
34 41
86 117
130 108
167 89
94 186
77 24
159 134
201 150
70 39
7 78
65 166
170 0
23 203
64 120
13 212
33 193
27 103
98 32
139 18
25 33
34 201
37 123
20 220
72 52
70 71
100 210
110 105
89 123
118 12
101 92
11 159
22 94
61 130
6 96
36 40
100 154
213 73
84 147
206 190
64 94
83 152
193 153
71 208
211 29
180 125
11 193
75 72
90 193
191 122
29 158
98 52
166 96
4 170
160 171
214 120
104 119
173 77
60 125
72 154
53 146
52 135
168 171
192 136
16 215
149 199
167 100
167 170
172 1
125 118
17 0
182 60
128 200
20 49
10 121
117 20
38 168
165 116
174 182
210 204
171 172
115 124
97 163
208 0
62 46
198 111
57 213
31 99
82 222
197 190
48 122
28 23
103 63
91 26
120 90
124 0
211 176
57 149
52 172
83 198
167 134
214 117
135 188
197 34
177 50
14 144
221 30
217 26
33 2
68 77
211 137
55 188
138 9
188 141
116 154
161 13
156 98
179 79
186 189
168 61
215 113
35 135
41 64
210 36
147 128
213 153
221 211
40 135
33 114
16 210
181 60
103 195
150 111
113 135
215 85
32 185
71 135
96 213
40 174
57 75
13 82
182 190
93 77
129 140
165 147
25 128
176 175
156 194
191 49
60 2
8 202
207 83
34 158
220 212
26 118
194 147
78 48
95 152
121 190
78 124
195 158
112 219
225 222
111 145
81 51
142 75
73 40
53 187
32 4
88 196
79 189
120 131
127 212
148 103
154 181
38 158
90 2
96 114
85 173
224 170
218 94
192 49
196 172
79 54
97 51
69 226
194 206
223 64
118 57
40 205
188 165
113 4
88 40
27 64
153 14
185 218
195 223
99 62
92 155
193 107
50 46
90 111
224 171
189 171
71 191
87 15
206 143
187 174
155 100
47 42
151 63
166 64
80 86
99 156
147 98
172 75
225 148
88 206
224 150
152 29
29 159
145 113
120 8
191 84
86 213
190 210
100 107
185 74
195 209
130 12
31 68
112 154
135 191
191 208
202 194
95 106
50 213
130 190
162 3
204 151
135 20
183 174
152 101
89 106
124 89
222 31
80 124
87 168
208 197
52 80
181 111
58 215
131 90
87 43
7 85
124 37
97 224
167 151
138 2
110 28
190 53
111 94
18 164
3 204
39 177
25 152
113 144
21 136
145 45
147 192
88 201
183 161
117 203
91 99
54 42
50 182
28 87
68 185
194 209
156 179
63 95
129 98
18 27
112 116
190 81
169 100
166 174
224 153
78 0
78 219
89 2
125 66
223 99
88 71
176 83
74 150
69 27
169 208
135 16
161 201
185 102
133 211
136 82
104 118
178 27
192 52
185 5
172 28
117 164
70 192
215 33
205 43
183 20
108 193
93 12
190 187
54 74
157 82
118 40
55 90
140 162
12 193
222 127
77 99
36 121
27 3
208 10
135 146
103 42
59 92
78 49
24 125
127 88
32 22
149 123
185 209
92 58
184 197
158 26
95 25
191 148
25 91
191 8
29 103
183 0
126 193
171 147
3 81
77 200
155 103
57 2
73 36
35 141
9 146
81 177
153 58
21 149
221 210
199 189
197 87
175 111
166 220
82 137
56 218
97 87
62 35
192 110
98 168
182 87
120 175
46 135
103 87
82 83
0 42
25 175
21 1
40 210
155 123
98 11
193 152
216 7
176 96
51 183
69 43
47 48
179 47
197 162
29 170
55 115
135 41
140 32
31 88
127 0
104 156
208 114
203 161
137 17
56 164
217 142
171 86
115 1
155 149
208 33
61 51
154 201
193 87
41 85
30 29
104 134
97 150
85 131
29 125
107 49
201 95
153 198
159 17
22 143
39 20
155 143
128 45
134 141
36 149
100 178
208 174
36 97
181 179
132 126
95 14
63 182
178 47
120 33
166 98
168 113
68 22
51 66
195 92
71 3
168 102
147 188
98 81
51 10
32 75
222 40
29 194
108 129
14 225
126 96
33 96
16 44
28 188
19 177
218 76
187 170
148 136
220 117
161 49
91 52
87 84
167 135
136 58
200 180
153 82
92 61
221 214
142 111
154 66
224 61
40 146
17 143
2 216
161 144
8 226
212 147
157 126
209 53
105 111
24 170
221 118
203 84
102 150
29 31
150 58
12 102
193 50
150 73
165 102
54 171
110 38
25 96
11 14
191 161
72 46
20 34
224 197
140 126
11 188
145 213
119 40
72 69
30 169
56 209
96 185
178 30
207 43
4 94
140 218
21 151
76 121
183 91
13 124
12 223
17 149
60 129
154 78
32 106
46 221
164 82
29 73
167 207
150 204
221 138
110 214
28 89
80 160
41 158
149 204
78 36
65 144
20 217
160 52
48 161
83 14
174 6
31 198
56 23
57 30
178 96
135 23
160 99
214 223
218 213
213 126
32 65
99 178
201 80
18 145
167 96
185 64
88 5
55 67
178 201
40 106
134 215
93 78
139 110
75 114
25 104
157 16
160 155
215 47
34 226
20 63
24 103
148 17
213 89
50 122
151 5
165 219
45 54
212 157
114 66
24 191
3 50
4 47
193 109
42 16
134 125
71 160
182 225
90 34
127 150
32 5
167 208
124 193
169 13
153 206
83 64
163 208
11 106
218 141
99 192
164 13
189 164
171 198
162 105
207 81
199 207
133 178
35 185
111 69
100 128
126 226
47 56
188 151
61 120
9 17
111 114
44 88
166 214
60 176
107 95
89 212
145 112
186 60
17 41
65 19
189 89
57 103
96 216
193 62
80 181
82 36
185 52
111 125
119 170
187 153
153 196
65 196
202 79
165 150
163 95
92 78
54 209
70 194
35 122
118 97
114 219
155 2
105 177
1 5
210 11
189 154
203 201
154 51
186 109
93 194
207 9
207 155
188 100
63 110
145 41
209 20
108 99
82 162
204 125
63 56
140 60
145 81
86 2
100 138
105 202
61 46
60 71
215 93
103 141
151 202
120 129
121 140
10 6
98 178
127 126
86 180
221 0
160 40
213 55
107 222
16 126
13 63
5 52
18 28
138 50
38 136
80 88
173 176
25 192
189 176
178 104
181 114
93 154
222 188
61 56
154 73
106 5
133 87
1 100
89 76
141 140
73 87
23 186
173 142
165 62
60 15
173 172
101 28
220 211
136 23
19 197
132 110
178 159
132 178
121 198
59 179
77 211
150 66
107 173
74 3
183 47
132 177
55 17
118 41
57 43
180 104
151 122
102 98
113 125
69 154
23 122
55 199
43 174
218 163
76 115
95 198
146 6
167 173
96 120
84 86
175 131
170 176
111 30
99 222
146 66
186 209
78 114
171 84
25 19
80 189
62 179
149 213
105 155
69 202
225 56
36 98
176 53
219 81
208 50
133 17
39 47
120 43
21 193
158 54
23 54
18 160
149 106
28 68
123 110
36 33
208 81
12 145
176 85
174 31
45 143
165 23
192 212
124 61
119 87
97 32
18 216
181 124
164 7
26 52
153 116
164 143
91 103
180 223
199 80
161 88
72 59
139 104
128 39
180 66
197 150
139 194
48 79
140 112
211 185
223 76
76 120
14 29
81 62
205 148
74 95
178 206
7 45
92 196
169 177
19 170
83 77
172 151
53 56
210 216
47 40
41 100
224 52
196 32
134 75
141 81
99 123
53 219
196 74
161 202
13 191
9 195
110 101
225 210
224 118
22 203
106 148
157 112
143 113
53 144
194 152
201 22
56 67
10 186
48 73
154 194
163 157
187 98
153 182
202 163
153 104
108 190
171 170
167 126
53 46
32 162
188 70
178 105
143 97
8 163
16 116
84 17
225 26
113 11
2 18
209 151
85 204
85 114
220 65
12 16
135 189
119 75
156 120
150 148
39 166
85 181
151 30
25 79
2 119
168 52
122 185
118 35
11 123
155 132
33 165
153 91
19 45
198 9
207 159
208 9
188 32
220 193
119 68
60 147
1 122
188 145
32 48
17 71
166 12
73 139
155 152
65 113
148 123
215 124
216 224
160 127
107 78
163 25
45 225
66 129
66 10
25 53
37 80
3 143
128 189
168 170
21 165
179 130
156 36
224 62
226 110
45 165
87 121
87 213
10 222
160 29
12 37
165 213
128 72
110 114
98 95
222 167
201 31
73 85
46 143
149 180
99 198
185 112
200 215
212 122
222 218
35 95
74 12
6 31
82 178
29 189
15 149
211 124
141 131
149 131
147 109
0 69
93 101
219 77
166 52
159 47
183 202
27 105
163 21
77 39
193 204
99 184
3 41
3 43
207 13
178 58
58 147
38 70
164 52
218 146
222 147
56 177
8 194
7 113
141 114
185 28
214 33
187 44
216 26
217 208
212 150
65 76
162 114
173 134
22 93
168 14
198 151
187 204
20 167
21 154
100 123
102 5
176 158
217 168
6 220
139 204
206 147
94 148
148 124
36 174
145 58
31 48
168 23
226 218
39 195
88 0
215 152
128 174
153 115
225 113
10 140
84 129
224 65
146 61
20 139
163 134
142 172
30 72
121 193
143 23
214 180
113 68
70 59
165 78
93 150
96 215
41 39
57 29
213 18
187 113
195 220
116 136
103 188
126 219
138 42
7 4
122 109
112 174
108 189
56 21
151 15
89 116
162 21
128 82
27 164
30 35
136 39
110 81
177 216
61 188
193 120
38 147
153 112
188 157
200 213
49 128
164 216
114 107
37 19
44 153
36 71
37 183
185 160
151 194
162 70
14 149
153 180
158 170
86 144
23 188
33 183
83 87
24 60
82 216
188 175
110 155
46 10
129 51
146 205
177 180
47 59
28 112
123 33
71 123
123 64
190 39
194 74
171 223
218 116
220 183
104 147
90 172
102 28
44 158
185 133
195 207
62 30
210 213
146 15
203 4
104 26
171 194
205 16
55 166
104 138
217 35
78 79
98 104
45 219
173 153
219 129
197 214
10 112
34 78
64 169
180 45
211 36
156 94
141 152
152 64
210 43
129 67
213 100
40 10
120 30
2 93
12 156
177 67
179 128
111 200
52 113
0 67
19 107
68 212
194 146
27 220
44 183
203 98
41 10
41 134
39 36
203 25
140 65
95 141
226 80
165 225
166 142
169 95
165 145
111 27
48 46
84 46
42 151
111 131
104 112
56 29
137 213
224 212
6 171
124 29
168 47
167 50
206 188
59 192
117 193
184 16
153 210
70 35
151 164
171 120
110 61
138 43
145 195
129 117
24 15
15 152
45 210
116 82
17 63
21 50
222 101
181 94
72 67
154 161
63 188
105 4
166 176
45 214
135 122
62 126
2 175
143 197
112 106
91 206
29 77
141 99
130 38
144 57
67 40
192 156
148 198
152 109
147 76
53 111
56 19
129 46
85 185
188 159
57 115
104 193
202 20
189 146
108 48
40 76
103 18
210 113
85 188
5 110
114 104
53 88
39 63
160 223
217 117
201 225
65 5
224 174
204 183
178 124
8 127
66 143
218 199
53 2
156 204
193 53
38 150
184 47
125 78
56 126
215 147
186 122
177 178
111 180
88 214
99 34
198 194
172 162
8 135
99 193
172 215
11 109
174 107
172 127
52 158
101 127
31 92
94 109
1 105
171 41
172 48
0 39
43 53
11 61
111 0
182 107
22 81
79 34
105 87
196 69
1 184
25 189
162 183
78 159
109 62
105 187
17 48
190 189
159 69
142 29
37 110
134 51
7 43
220 131
154 183
14 211
79 113
164 147
86 55
198 81
78 171
120 16
133 12
189 70
68 43
216 8
98 136
18 209
4 106
9 73
146 113
91 28
201 121
89 203
66 161
218 123
184 32
213 166
103 154
217 119
11 219
36 14
8 205
165 28
3 175
151 207
95 116
143 157
213 114
115 208
187 61
99 221
46 140
79 4
74 26
141 92
116 117
168 161
191 105
127 41
112 128
143 64
109 120
211 195
159 39
9 151
218 23
203 20
115 157
103 80
92 128
145 123
127 45
176 26
173 201
57 0
59 206
55 107
110 129
15 119
79 195
44 75
190 112
8 49
93 132
117 149
176 157
150 151
76 16
50 65
48 3
70 81
180 4
76 194
19 130
61 147
74 105
71 73
1 16
134 139
4 187
127 71
102 133
208 196
135 131
9 204
143 177
102 108
144 117
105 154
162 146
158 220
47 114
179 167
155 75
4 80
171 26
102 205
78 213
0 106
168 46
10 116
220 174
62 23
181 71
147 221
112 195
27 127
77 223
45 226
58 49
194 79
148 49
135 84
91 2
139 72
152 170
163 84
41 103
66 37
143 132
207 28
193 136
83 171
54 200
92 178
143 5
120 221
51 140
127 62
90 84
33 54
181 165
98 208
31 2
215 128
72 146
14 77
211 116
79 128
28 96
44 188
158 145
156 123
190 126
56 130
153 52
80 109
54 196
31 38
210 177
176 205
40 192
217 159
17 117
202 197
123 150
194 50
92 90
66 4
118 172
149 178
93 96
127 224
27 93
2 201
142 10
204 79
117 75
24 1
62 129
12 224
193 91
73 189
98 222
69 16
112 131
156 106
205 34
24 145
78 37
171 25
7 62
69 15
47 77
148 220
66 31
20 146
36 142
50 99
202 100
135 155
62 90
14 55
225 34
0 168
197 139
145 157
127 198
111 84
217 102
75 112
192 161
128 206
156 28
46 111
106 68
216 201
25 40
65 84
160 73
53 0
174 67
61 162
51 151
163 55
177 202
32 173
48 198
2 147
84 50
0 82
186 50
121 223
101 68
177 163
19 221
143 67
146 202
6 112
118 148
56 34
204 153
150 149
25 75
104 174
204 43
66 45
208 145
141 65
226 35
151 141
123 180
142 167
186 61
152 63
161 218
103 210
117 118
189 151
25 148
193 73
21 27
202 4
88 177
151 140
47 69
138 71
212 136
7 46
183 38
81 27
203 133
83 144
163 101
72 141
27 177
141 40
210 138
7 127
207 193
106 96
200 164
70 112
32 195
9 70
105 172
65 209
167 25
69 60
27 58
162 126
82 187
172 175
159 115
8 51
191 88
33 196
124 138
134 54
59 50
72 167
68 130
226 73
216 85
6 159
84 156
48 81
8 196
195 88
35 8
187 17
66 102
104 5
21 147
48 174
159 182
6 79
70 73
213 39
163 93
152 210
220 218
202 3
68 34
64 128
78 57
213 44
210 72
9 14
168 160
193 18
216 6
94 149
164 110
207 140
110 127
74 183
204 181
41 84
99 136
10 167
114 135
217 219
65 18
61 100
118 6
125 181
126 42
195 210
15 156
193 130
226 82
112 57
95 130
102 92
110 136
106 113
115 212
112 0
25 142
11 78
76 197
171 8
68 203
69 132
100 23
52 207
48 158
85 14
39 53
48 121
151 1
204 8
114 120
142 66
173 45
49 63
14 4
6 151
146 51
180 33
70 193
207 178
151 196
51 145
135 148
164 188
121 11
16 118
12 200
125 14
152 62
154 33
121 9
95 52
127 182
82 218
91 21
100 203
208 140
15 34
32 11
52 25
146 84
162 17
9 201
212 225
163 18
39 113
15 140
76 152
65 223
173 206
1 145
174 10
85 42
129 180
26 62
97 103
27 151
43 214
147 142
53 161
49 113
186 132
225 145
172 205
33 12
151 153
22 109
50 32
169 57
161 105
105 141
15 128
66 84
209 134
179 67
32 36
35 191
18 96
54 180
217 118
163 195
154 85
101 225
39 30
5 141
168 135
142 152
104 213
209 16
126 23
17 19
201 112
59 147
44 197
146 2
173 87
174 155
186 124
157 166
11 119
163 82
107 142
100 34
24 90
113 51
144 76
218 96
184 142
135 127
183 218
205 212
213 7
59 103
13 19
82 159
93 181
18 165
213 101
201 142
114 118
170 146
45 64
15 76
190 226
20 83
171 134
172 221
214 207
67 208
26 20
60 193
156 42
123 81
120 4
39 22
177 101
190 166
195 122
18 39
88 74
151 35
18 198
217 6
209 10
69 140
72 182
123 85
220 63
100 189
187 76
92 217
132 166
104 76
204 66
122 187
133 10
173 80
97 26
64 188
204 12
75 150
83 118
97 184
129 73
166 57
19 11
222 174
161 120
71 77
8 26
40 27
2 134
222 170
54 12
224 40
209 15
95 216
57 151
6 30
42 71
41 221
17 210
45 158
180 156
80 67
149 82
14 98
222 6
197 196
9 16
61 177
164 50
68 81
195 75
101 91
99 200
200 91
180 110
146 35
92 33
182 21
58 38
41 26
172 169
182 169
45 117
139 96
133 85
213 161
121 144
105 149
140 89
226 17
107 101
194 138
37 177
84 94
185 105
137 192
31 165
49 152
180 142
166 102
204 148
225 205
30 127
221 151
187 202
191 87
123 27
183 114
114 63
2 15
31 151
29 79
94 73
51 128
110 77
210 156
106 25
25 92
18 196
174 218
202 141
29 135
26 173
141 2
29 174
170 193
17 153
206 37
44 71
172 92
73 215
148 109
184 112
143 178
104 65
131 35
200 209
107 62
181 67
197 72
165 193
56 123
186 26
101 139
195 167
9 124
155 97
58 37
76 52
27 8
62 39
38 115
177 95
13 36
108 125
130 129
139 29
76 75
159 226
92 28
92 215
154 215
156 67
173 212
11 189
68 125
107 47
104 204
60 175
102 37
43 171
127 91
119 124
14 2
165 224
148 214
142 70
115 105
209 133
197 186
63 1
124 169
111 74
24 10
181 213
195 135
77 114
2 20
18 126
106 97
64 147
129 115
160 143
207 37
118 137
76 71
114 37
74 49
207 29
104 49
165 108
26 155
82 170
42 18
26 154
155 66
220 94
46 21
214 125
26 51
151 38
146 22
192 20
199 78
88 159
152 200
94 114
71 93
39 29
33 194
144 71
219 46
27 211
96 46
83 203
16 101
71 16
38 80
57 93
118 165
173 29
97 93
191 99
138 76
119 182
111 223
10 75
91 132
154 208
189 140
195 90
150 0
8 59
39 107
9 79
194 107
31 133
164 76
145 22
21 52
85 193
157 26
164 128
176 217
191 127
172 133
79 107
17 211
130 52
105 7
113 37
21 31
83 29
58 54
187 123
85 212
61 71
47 81
34 142
205 166
185 71
121 100
90 199
69 88
195 168
125 103
171 71
82 62
221 40
192 31
3 188
213 174
13 194
18 208
13 83
126 4
218 70
109 211
209 121
3 191
106 175
177 70
19 82
25 212
82 219
82 96
147 69
75 144
32 202
162 98
189 212
52 107
171 11
103 44
144 106
69 32
176 91
9 83
57 192
184 134
14 69
94 202
46 156
223 46
167 12
199 57
119 147
45 68
72 22
106 129
102 225
125 225
218 36
223 194
63 81
205 206
221 97
111 206
121 168
33 177
206 134
120 103
64 15
98 3
42 113
31 161
188 139
144 5
159 200
101 46
123 196
46 1
22 54
94 24
175 113
106 84
69 185
81 77
114 117
223 101
53 107
55 126
132 80
0 6
81 155
52 59
186 166
45 27
20 140
85 44
202 217
172 219
86 19
102 219
211 178
11 118
43 128
26 111
18 111
69 95
24 190
27 149
222 158
77 2
226 150
24 44
68 208
193 69
112 71
195 86
19 172
67 63
82 124
60 177
68 15
152 115
105 95
134 14
124 152
185 2
67 151
209 213
12 168
119 163
120 101
193 134
72 12
209 55
79 118
158 23
85 101
49 171
173 84
68 165
113 200
166 138
179 149
116 58
41 224
193 83
145 141
196 46
170 16
51 73
25 109
218 114
63 7
135 19
38 169
130 14
163 46
23 9
202 130
157 69
157 117
11 3
88 104
161 7
59 25
34 159
154 83
48 188
223 151
42 21
212 114
35 13
76 34
157 45
87 128
72 189
200 186
204 184
29 165
191 186
178 44
49 42
57 174
188 198
91 56
134 180
186 91
174 49
217 165
166 41
166 206
111 155
201 192
89 8
226 9
156 70
179 99
100 116
16 99
159 215
58 212
186 196
80 138
219 90
191 206
85 206
146 48
190 63
148 221
87 216
131 70
119 184
16 122
152 172
115 135
21 19
210 218
226 29
143 212
104 62
190 192
133 4
171 127
109 102
149 141
2 172
73 125
171 27
113 12
28 130
187 11
7 151
211 88
132 124
91 109
219 105
86 131
223 201
177 123
216 176
132 140
52 93
206 90
150 72
172 27
192 84
16 31
169 78
170 54
44 131
206 138
82 7
7 207
159 33
74 118
112 100
42 23
76 184
140 212
182 105
211 45
197 68
161 156
21 199
71 162
162 142
182 163
6 92
14 196
180 68
130 23
194 38
171 157
10 94
208 24
115 98
188 6
75 54
220 105
70 56
2 223
46 201
183 109
146 177
114 112
90 23
165 24
59 209
186 37
164 3
71 83
119 71
95 147
139 123
216 174
180 82
198 62
179 20
104 72
176 219
155 146
120 125
156 159
204 58
68 177
161 165
154 203
80 90
10 114
17 105
4 22
24 46
150 47
93 79
48 110
138 149
188 66
16 39
39 133
133 175
158 182
187 207
140 86
147 88
165 112
173 1
208 222
31 102
28 192
54 169
72 201
99 5
86 174
115 150
203 74
36 226
191 53
13 197
34 83
147 170
111 134
194 110
78 105
92 226
168 220
143 144
180 209
88 197
95 39
106 83
28 143
83 101
208 185
163 44
65 159
51 50
116 31
116 36
49 19
49 106
165 177
10 153
139 185
50 83
11 71
163 39
121 143
137 120
47 177
159 74
45 38
143 35
69 62
30 32
35 176
204 196
108 213
81 117
38 55
105 107
90 76
125 183
189 130
6 104
19 196
216 205
1 108
38 108
6 128
182 42
178 14
202 58
158 31
63 164
154 97
159 190
22 126
101 119
34 42
198 222
145 117
35 81
2 41
13 163
73 38
219 203
35 21
140 149
165 12
88 174
187 159
77 76
205 144
80 3
207 34
176 121
116 225
63 91
142 5
55 32
157 185
111 218
87 171
150 112
150 134
97 21
225 75
8 212
43 45
57 123
95 94
190 143
90 154
218 122
209 119
139 94
159 14
189 101
132 35
159 101
152 216
22 180
68 196
131 104
156 200
194 127
36 54
55 5
191 16
206 180
117 18
190 135
94 35
131 76
60 91
81 128
68 50
163 64
131 140
103 113
125 130
94 166
62 20
54 157
47 180
99 47
124 66
71 87
112 191
91 119
117 67
9 42
51 9
223 30
178 223
177 17
67 66
217 87
28 3
211 182
120 49
77 127
154 131
70 3
96 141
91 121
77 112
138 1
101 131
33 222
179 137
177 115
161 29
48 156
107 41
225 157
116 122
31 109
213 20
76 219
206 57
81 118
65 43
29 136
142 193
65 103
140 173
125 150
172 88
177 153
80 34
133 212
119 16
132 122
64 189
211 101
20 57
194 222
71 175
69 221
16 3
210 125
183 172
221 77
216 159
171 154
176 150
36 134
20 59
134 192
43 44
145 216
175 222
164 111
145 115
33 167
160 48
27 2
149 181
215 185
71 165
63 111
48 7
62 161
153 188
198 181
41 73
28 83
135 74
58 194
85 110
140 43
144 163
110 86
169 92
32 226
100 124
7 10
14 63
203 191
7 130
48 169
127 76
42 14
59 225
18 210
159 223
47 21
134 217
193 178
217 9
205 191
218 130
123 38
194 197
34 124
144 61
57 121
169 164
131 202
26 129
89 5
189 222
106 141
67 173
52 102
158 202
12 11
144 58
195 50
131 161
111 98
76 209
103 8
151 64
176 39
18 9
145 28
118 166
169 32
206 8
160 31
36 108
13 221
114 4
210 223
208 61
141 156
165 226
76 186
29 175
19 185
44 73
53 197
201 198
90 95
140 143
199 165
66 156
146 71
30 190
31 149
88 143
78 119
214 131
200 138
183 180
75 185
179 3
97 169
187 142
137 80
143 174
145 44
6 153
193 123
81 60
145 134
68 32
114 165
26 160
150 122
147 106
135 149
216 69
93 149
166 154
98 125
152 30
58 110
110 75
66 116
206 60
162 53
189 59
159 42
220 71
118 102
134 0
30 205
157 214
207 86
216 76
140 102
143 163
93 80
96 150
217 116
209 17
183 178
77 220
127 148
200 153
200 140
137 163
4 162
179 188
208 127
47 7
16 5
59 0
3 97
30 183
212 170
48 0
53 210
6 196
181 146
109 197
92 152
77 182
5 222
161 174
181 39
190 194
62 183
108 148
78 223
180 182
63 107
123 138
204 73
106 76
103 135
1 19
54 148
14 88
93 36
44 171
146 25
96 138
109 196
147 150
73 218
181 64
101 86
167 29
38 29
96 134
149 70
44 203
152 199
34 196
207 204
22 140
19 225
130 76
210 143
149 64
1 171
225 211
0 34
11 128
131 224
66 218
29 205
102 87
32 137
162 34
32 154
94 12
127 4
26 125
82 147
141 94
152 111
102 17
166 188
161 10
5 210
19 24
82 52
133 206
55 99
202 33
137 117
105 96
191 171
180 217
46 164
154 155
25 118
83 62
104 197
178 31
25 102
37 88
198 73
157 84
113 202
180 25
166 21
144 35
31 60
149 195
67 217
144 19
31 43
195 104
52 14
103 70
169 170
111 79
27 146
196 73
28 220
47 95
130 18
216 98
97 52
156 100
33 143
126 180
125 169
145 38
116 86
79 160
108 86
160 28
178 41
124 76
45 6
144 70
129 59
134 93
207 183
134 107
176 169
130 212
113 123
21 181
174 18
62 67
139 24
143 39
68 96
101 122
152 190
99 32
220 15
138 127
197 173
30 98
19 15
178 102
133 40
12 21
135 107
33 141
116 42
33 142
120 130
215 149
123 12
174 149
59 140
16 24
118 189
42 100
226 68
25 78
87 163
166 2
3 156
103 130
193 77
32 183
19 205
208 206
201 183
219 91
136 155
186 117
130 217
69 131
170 26
185 95
165 109
210 120
58 126
160 96
55 102
138 148
187 119
102 40
146 221
112 38
144 52
107 73
140 116
217 57
180 190
133 148
22 57
188 87
108 24
176 186
189 21
54 90
35 204
44 137
204 110
53 3
155 188
38 18
154 5
178 218
190 208
35 166
177 162
69 48
124 103
203 188
68 216
50 225
220 116
156 167
69 135
119 63
157 161
99 64
198 173
99 195
149 187
67 85
43 11
74 167
32 217
113 6
177 191
62 201
211 174
64 21
21 170
105 33
185 38
35 218
67 189
150 21
63 194
215 48
132 22
214 84
74 120
67 111
189 88
171 139
90 187
40 30
144 88
106 102
93 48
80 53
63 109
65 125
23 155
179 41
100 17
147 136
32 38
24 31
100 58
28 77
29 111
134 162
21 61
28 60
44 34
148 95
43 22
164 54
133 156
20 152
116 166
55 13
122 107
28 1
18 109
83 221
14 206
28 223
163 170
209 19
119 144
226 23
49 199
114 84
147 149
10 71
129 128
14 188
4 149
124 8
189 150
35 34
45 177
26 89
36 45
215 223
113 23
223 7
72 71
156 32
17 54
86 69
19 55
88 178
108 166
83 108
17 22
143 149
154 225
156 137
154 28
30 25
190 21
108 208
95 81
134 194
73 144
169 193
27 204
157 14
35 203
57 86
8 73
43 177
5 220
90 99
162 216
55 175
15 179
195 35
180 196
121 222
13 226
46 181
155 119
91 146
47 206
171 100
215 157
63 130
58 181
42 60
88 103
6 68
199 145
54 50
144 159
200 37
109 48
123 2
2 171
129 31
133 28
198 197
187 155
148 122
225 178
182 215
215 122
33 35
20 17
53 103
145 127
66 36
13 215
209 101
135 139
186 177
53 158
179 120
69 73
55 203
92 56
137 154
15 109
173 195
0 3
112 86
175 122
11 0
98 124
86 46
27 192
17 182
48 97
157 17
105 44
75 138
161 186
42 205
110 184
20 73
91 131
175 53
133 71
18 132
9 56
155 162
1 80
120 62
53 78
176 181
213 163
204 222
174 78
23 92
36 139
139 151
218 180
165 19
206 163
30 195
99 206
4 70
165 61
101 63
167 162
61 72
201 6
65 83
108 181
97 104
0 38
185 134
170 71
8 148
215 146
156 105
66 43
22 83
11 179
176 16
34 198
81 23
138 65
39 226
1 81
13 201
183 92
64 214
164 171
8 142
178 205
23 47
45 163
110 202
68 40
28 126
214 81
218 30
226 4
212 4
95 146
168 173
89 155
53 159
48 19
102 177
77 124
85 208
132 213
70 181
16 52
150 195
44 26
28 134
54 124
38 84
11 91
177 126
42 64
129 2
181 63
4 140
160 113
216 61
165 221
85 100
5 31
176 187
193 150
206 2
131 124
87 67
57 212
52 136
226 171
166 11
136 209
80 57
111 113
41 169
187 141
69 3
160 44
153 167
160 53
44 56
180 5
139 195
96 145
51 184
116 14
137 3
32 189
143 7
149 124
167 158
28 44
162 69
187 25
209 204
154 109
65 6
7 141
186 116
145 116
194 185
184 163
151 81
15 132
111 2
194 177
192 98
22 218
131 67
57 69
11 81
117 125
121 206
11 27
169 132
116 171
203 139
44 96
98 217
1 13
56 101
50 18
25 99
120 102
188 199
96 193
156 41
45 69
71 218
24 4
208 40
76 31
93 165
84 181
47 17
12 214
20 186
177 28
92 149
187 15
185 4
112 194
67 42
142 81
10 219
64 54
27 67
158 64
99 58
113 127
65 189
80 147
57 88
203 8
178 215
52 4
31 80
118 7
15 56
77 181
23 179
65 160
161 198
219 144
77 174
5 168
150 181
145 50
130 163
137 9
54 173
141 13
9 1
112 19
100 24
49 53
111 3
104 63
135 136
104 220
144 206
125 136
42 139
169 79
220 99
115 195
91 46
14 154
209 152
121 141
181 219
30 44
44 12
167 221
37 226
196 90
209 45
125 211
186 74
216 218
29 91
189 5
65 78
12 18
167 127
3 134
67 142
18 104
222 92
15 137
7 74
176 192
62 24
31 10
143 203
163 17
173 74
78 160
167 83
163 207
180 83
22 194
17 44
225 124
165 54
225 82
63 168
132 88
200 129
141 220
133 30
73 75
225 93
194 59
15 202
145 128
224 86
185 82
18 70
203 66
91 76
44 25
10 21
126 43
171 103
55 31
146 39
47 110
124 14
193 154
181 144
130 177
141 39
86 212
214 115
77 207
0 113
3 144
99 48
127 196
24 124
71 45
153 192
223 3
101 141
46 195
121 204
92 136
100 170
119 197
199 56
201 156
194 53
108 200
149 6
0 76
89 92
108 119
103 67
166 144
202 55
145 107
164 133
32 144
67 84
177 32
30 22
11 42
90 60
214 85
202 219
76 45
74 61
72 163
215 61
58 20
38 90
56 133
143 186
164 214
49 173
95 111
53 79
76 3
97 98
6 185
78 155
63 218
161 151
204 24
63 198
29 221
53 58
157 207
18 202
168 145
25 209
19 53
222 126
73 203
20 32
99 148
174 171
155 41
132 38
189 91
221 33
167 118
2 109
181 73
37 61
167 224
179 174
184 214
192 226
106 45
137 69
194 218
176 33
90 5
31 124
105 91
19 8
80 179
38 68
145 77
140 195
107 2
4 78
159 206
47 211
112 127
218 25
168 26
79 209
207 110
73 18
18 36
136 213
60 37
181 95
88 23
111 41
131 192
92 96
165 22
139 55
6 100
70 53
129 184
92 207
46 118
119 178
165 100
63 5
183 205
204 10
128 63
90 174
37 178
160 144
165 169
11 67
212 100
211 31
17 98
154 62
159 45
55 217
60 78
107 72
133 187
199 143
221 190
99 98
28 58
118 195
55 162
119 125
210 12
184 133
113 22
76 206
72 212
203 167
68 49
96 77
1 188
13 187
59 149
112 44
81 202
125 22
203 2
174 193
214 134
61 219
163 86
130 71
220 106
158 21
59 94
15 174
93 209
209 117
153 9
6 194
121 169
48 112
117 175
177 30
203 225
22 58
221 140
46 6
190 169
6 206
77 129
109 181
213 225
119 214
110 10
190 151
22 53
159 21
48 1
82 213
42 28
212 182
72 137
14 165
226 146
221 122
12 142
28 197
77 80
104 53
41 210
133 51
26 123
39 125
158 101
55 181
108 20
22 9
80 215
185 18
125 5
67 109
72 156
130 75
175 186
37 220
87 89
121 173
216 134
10 81
199 200
45 28
53 21
143 169
42 208
213 110
117 171
194 160
21 134
92 180
83 134
201 163
33 171
197 73
182 220
161 104
153 15
75 14
200 173
207 65
8 116
174 120
171 206
116 27
24 137
150 35
32 213
40 13
102 184
109 106
220 137
149 188
29 53
111 203
151 168
218 118
7 68
226 119
172 136
54 109
49 52
60 29
64 139
194 85
200 158
165 87
33 187
91 160
124 147
184 3
88 33
154 99
1 132
54 172
134 44
72 21
219 99
48 210
20 74
87 200
21 173
123 185
154 157
116 9
121 7
31 142
164 204
94 99
92 161
216 160
35 78
162 163
111 156
137 34
145 104
117 127
177 42
18 183
124 39
15 52
12 122
35 201
222 149
143 192
66 144
224 38
204 131
159 221
176 48
108 100
38 139
159 169
171 15
50 152
151 179
35 26
41 30
55 173
123 132
191 81
35 50
30 132
135 197
116 137
100 62
23 129
142 63
28 20
34 184
168 17
101 54
164 105
205 217
4 197
88 108
68 75
78 12
79 102
164 99
129 18
59 96
162 89
115 34
142 164
41 149
60 191
19 52
47 208
106 169
131 15
206 172
225 170
205 156
181 132
219 153
91 191
47 209
84 119
219 167
126 26
109 119
226 182
98 219
167 7
175 19
164 121
95 33
70 48
133 155
181 6
94 215
66 72
169 168
5 6
5 92
94 98
2 26
217 89
17 169
35 138
113 57
172 147
109 95
181 145
2 145
55 24
196 162
25 58
142 91
0 120
44 221
70 145
116 83
127 195
153 127
202 59
25 42
107 68
86 60
212 52
104 210
2 50
34 194
9 90
221 22
65 175
32 14
44 6
207 138
55 109
84 215
167 218
111 49
219 223
14 7
210 106
62 64
90 114
214 22
78 71
131 83
212 168
114 6
86 169
146 197
31 115
74 172
19 103
9 175
84 103
190 131
128 176
169 186
157 116
31 173
170 156
217 94
23 189
220 103
125 104
68 19
70 124
135 111
90 8
102 141
31 74
73 219
64 211
63 10
107 202
62 2
186 47
12 49
190 88
67 187
166 196
206 210
195 213
216 80
134 5
68 9
160 35
158 46
175 99
213 226
186 7
18 190
129 15
146 208
163 198
115 100
131 93
206 45
31 167
56 222
64 51
84 96
27 68
203 88
206 81
208 111
31 100
139 162
110 43
125 89
20 162
139 2
151 68
122 11
180 14
151 175
153 156
143 170
130 188
20 45
66 159
143 179
16 73
25 93
40 196
135 68
86 30
147 117
152 53
56 7
95 60
6 147
51 132
87 155
48 11
40 58
156 175
143 25
226 183
20 42
190 113
46 125
37 181
178 158
6 117
208 144
40 155
209 71
51 75
23 71
211 192
209 138
118 101
104 27
196 17
204 17
115 113
112 43
100 80
67 69
218 126
125 217
47 16
100 72
92 125
131 213
102 26
213 29
167 57
154 2
226 161
86 129
54 205
54 219
44 15
116 156
225 219
26 55
62 218
134 17
175 223
164 35
2 212
60 117
218 97
13 7
119 128
71 30
151 176
42 194
221 176
43 125
160 118
7 181
190 163
113 150
158 40
89 79
135 112
120 155
36 58
7 9
100 76
61 9
210 211
36 101
205 204
88 92
193 78
141 177
150 142
150 69
84 221
163 81
36 216
131 177
10 82
172 170
6 33
92 11
85 225
21 128
53 83
162 174
105 211
157 87
38 28
18 49
72 215
3 106
170 218
89 12
26 90
7 84
39 10
178 52
130 201
104 140
190 97
204 157
126 36
188 211
163 141
84 143
155 218
220 213
133 168
90 57
194 84
140 87
104 81
44 191
177 142
86 128
104 166
2 1
96 15
73 47
19 72
47 12
180 3
30 28
210 129
170 22
129 1
222 87
14 150
226 107
0 188
224 92
167 22
152 140
195 138
97 109
120 35
52 132
79 99
82 175
220 139
217 127
132 137
174 102
75 129
112 143
49 37
7 201
33 80
135 119
179 104
70 161
154 134
196 114
165 4
148 190
122 141
99 187
154 50
31 84
165 139
56 111
42 65
34 94
184 66
20 119
178 79
146 69
143 60
76 39
194 214
91 159
196 122
98 91
158 203
109 43
21 23
139 121
125 196
73 173
34 97
47 31
207 15
96 124
39 35
54 62
68 76
135 61
61 151
218 208
109 138
40 216
145 201
2 63
127 22
63 94
79 74
115 60
75 159
135 5
122 119
9 193
69 36
155 112
153 163
223 39
163 192
159 171
225 217
94 194
213 188
132 182
126 122
31 3
30 110
130 48
43 82
115 83
35 65
71 223
120 6
218 2
142 53
141 28
190 80
164 67
224 84
79 143
121 183
197 181
37 94
218 85
135 129
225 164
203 85
175 181
37 217
25 117
111 184
221 125
124 69
30 193
223 61
217 129
181 48
214 79
14 8
183 68
104 146
200 115
196 217
48 148
0 165
75 215
148 172
58 67
112 200
78 73
182 5
63 65
109 85
82 15
58 169
90 155
138 112
223 202
202 10
94 160
177 21
145 85
130 162
167 95
127 6
155 104
207 219
20 226
177 215
34 53
74 205
145 193
148 223
140 133
48 193
107 91
213 216
125 110
116 133
23 70
13 153
142 160
61 185
67 48
65 72
5 184
26 165
123 23
117 120
134 186
60 142
190 10
194 145
138 107
110 17
100 214
72 177
135 151
143 184
38 111
22 91
6 210
147 62
192 39
148 184
87 78
136 112
204 28
163 183
207 215
194 15
214 187
80 41
22 44
186 55
28 121
171 66
99 60
223 88
98 179
79 82
120 176
179 17
50 95
125 100
115 151
46 151
24 180
94 61
209 208
90 197
211 226
166 180
221 217
139 143
226 194
107 140
112 84
124 95
190 142
62 220
3 165
22 48
37 167
130 39
2 202
133 68
164 173
17 62
23 132
5 69
151 20
77 75
105 84
105 194
130 104
96 181
13 48
62 111
141 169
18 19
184 122
35 136
36 199
67 54
105 205
13 222
13 156
76 38
196 28
100 218
198 216
36 81
16 55
167 145
72 153
167 13
109 35
140 63
205 1
20 65
153 203
156 23
0 86
99 207
190 91
182 195
138 116
148 203
99 143
189 213
96 111
116 48
25 54
225 54
36 3
67 225
215 42
115 74
208 137
25 132
135 64
210 173
103 159
188 89
68 69
167 70
224 151
37 10
111 158
4 12
79 108
56 35
52 112
3 40
26 122
60 178
113 17
177 83
22 8
195 215
13 58
15 53
17 28
76 133
126 144
91 128
94 65
170 121
114 52
141 20
195 204
148 42
94 209
203 69
195 124
46 114
95 84
43 30
199 204
50 91
120 143
84 8
122 68
11 180
31 213
98 128
71 69
130 192
125 207
85 184
108 142
206 189
167 48
37 51
26 124
212 106
111 202
109 41
33 45
223 130
47 58
188 62
58 186
200 166
46 211
126 204
96 147
151 183
127 1
33 168
24 9
132 11
96 182
104 224
16 34
185 39
208 20
218 38
206 43
115 171
24 91
72 81
109 213
191 111
208 25
50 12
26 23
109 135
85 89
24 96
60 146
94 72
129 35
53 9
25 1
184 180
226 224
135 86
51 14
147 87
136 45
160 49
158 1
116 204
158 49
141 199
161 180
198 209
36 22
53 75
126 195
184 89
59 78
104 199
37 159
149 207
15 89
85 127
136 27
36 117
43 4
40 86
131 57
150 131
4 204
218 223
200 20
197 147
104 203
188 114
177 71
156 56
34 107
101 104
45 224
99 185
200 66
142 123
63 84
142 85
97 194
30 117
197 79
173 124
183 73
141 184
147 20
189 153
204 71
176 209
119 191
141 170
65 154
166 135
71 120
106 73
1 217
146 45
224 69
24 30
101 121
44 68
185 53
63 135
111 86
6 103
110 133
107 70
98 118
226 98
24 52
151 182
120 18
223 21
160 130
140 136
214 89
71 140
135 81
59 130
135 95
158 161
177 122
46 204
125 175
70 82
110 53
210 162
17 50
184 44
217 10
219 14
169 90
220 97
43 202
96 208
166 170
115 168
162 2
12 181
64 35
70 14
167 225
181 182
137 56
138 7
58 26
26 169
198 27
125 76
211 149
102 49
203 9
60 135
14 223
163 88
46 81
134 46
23 0
57 185
219 145
128 144
144 87
118 32
221 156
138 13
66 17
115 142
108 12
74 29
167 117
79 57
151 226
161 54
122 21
43 184
52 85
40 64
220 209
138 131
14 65
40 142
225 143
199 164
109 26
159 124
209 144
145 210
188 117
55 112
128 113
26 66
136 24
224 179
125 87
14 191
29 178
44 7
105 129
51 203
18 138
220 163
58 107
153 55
69 169
86 165
176 70
23 141
89 65
7 96
18 224
221 54
26 82
126 61
222 61
63 163
40 193
80 191
4 45
225 25
38 182
108 187
93 137
215 100
160 158
5 124
41 42
168 125
151 212
147 208
177 226
225 186
147 34
195 148
189 177
162 11
143 213
138 88
72 111
109 40
16 19
66 134
134 126
12 87
164 134
18 189
92 100
87 52
52 55
128 214
55 176
218 86
82 6
136 78
39 11
20 181
58 130
96 223
137 184
215 18
147 10
94 162
33 57
98 46
52 68
149 96
89 190
86 90
176 194
176 11
86 206
56 192
182 56
155 219
112 40
187 173
122 70
170 18
212 113
220 44
124 41
27 34
122 173
30 20
115 102
153 211
37 97
27 206
133 169
37 210
223 55
178 118
94 21
115 147
85 132
9 60
67 182
134 65
38 1
148 71
40 137
142 89
23 75
148 193
184 59
134 118
165 210
157 85
40 49
69 52
141 130
86 196
89 122
214 203
147 225
12 125
146 168
204 56
104 209
193 177
32 150
1 110
181 196
2 55
183 60
174 137
52 41
185 63
211 53
124 21
61 16
206 107
156 202
68 78
43 16
24 5
76 13
91 163
225 2
209 130
43 83
201 204
45 52
175 135
129 152
95 158
177 73
213 116
143 106
173 224
28 113
31 41
174 212
46 82
93 130
168 58
88 169
164 153
113 58
114 61
181 159
60 18
150 68
23 177
129 12
164 140
81 157
95 29
190 137
69 205
147 94
213 212
25 74
77 141
102 59
40 93
44 214
214 47
134 77
68 56
115 109
114 29
199 186
72 208
142 101
204 138
122 69
223 132
106 157
195 205
19 139
104 201
199 27
171 124
91 223
19 174
97 142
145 48
214 219
145 11
65 124
112 134
208 200
39 115
198 4
45 203
217 147
149 62
202 35
51 53
166 156
164 210
24 138
24 76
130 213
27 33
82 221
186 32
23 169
167 99
186 182
35 186
9 88
88 20
34 202
71 129
43 27
65 55
18 5
97 10
126 20
160 209
66 91
3 58
197 134
4 48
94 39
204 49
192 209
183 28
20 224
196 209
201 139
2 197
94 55
117 187
157 60
140 103
92 82
194 165
54 71
203 193
53 135
211 89
61 109
2 153
159 191
151 185
78 126
205 149
90 222
192 141
64 73
48 178
210 141
48 76
62 63
107 152
133 72
67 226
177 129
32 210
81 111
19 9
201 56
1 179
139 156
26 204
215 204
53 101
18 102
3 95
41 66
178 72
135 156
87 110
208 207
193 2
59 178
137 41
223 164
28 194
98 28
81 124
87 51
24 135
58 87
47 65
138 153
131 183
76 87
46 103
31 159
214 105
163 219
192 4
206 19
120 122
85 75
157 153
38 163
161 135
83 68
193 32
132 168
36 157
224 222
13 171
224 156
204 5
184 172
174 60
58 63
8 93
175 197
20 66
68 51
31 182
54 123
168 43
76 188
58 88
77 118
142 211
111 68
56 86
128 143
176 105
166 112
73 13
113 207
168 163
217 218
210 187
51 122
24 8
181 167
5 53
111 207
154 216
182 108
6 218
134 24
55 165
10 27
175 97
128 41
172 153
88 123
177 119
198 8
112 30
8 106
30 196
129 136
55 155
66 65
144 43
140 64
119 0
69 42
71 190
38 220
5 169
176 88
38 122
109 173
45 57
13 50
82 31
192 67
102 45
174 119
126 50
0 216
78 54
8 118
8 69
18 29
75 139
163 221
192 95
11 70
96 221
119 17
209 178
196 201
77 52
173 193
115 104
46 157
201 32
24 97
226 103
215 79
55 53
76 207
1 144
79 145
200 207
87 143
216 25
77 161
84 47
172 165
59 77
16 165
108 113
129 163
147 176
206 182
220 215
205 123
198 189
29 138
175 168
111 163
164 95
67 123
126 9
211 69
112 198
152 157
35 61
154 226
12 26
108 27
191 166
61 83
192 23
50 16
208 32
18 131
207 137
137 43
52 54
149 129
126 37
151 157
19 208
183 196
16 171
163 20
6 26
13 25
35 152
187 118
196 39
222 155
17 205
216 186
41 71
28 103
44 116
208 134
202 174
87 20
112 148
34 89
156 9
223 97
3 173
19 10
46 0
106 41
27 79
127 205
72 64
48 41
34 165
206 3
57 117
33 78
157 224
8 48
68 142
193 159
17 201
108 136
172 102
201 91
183 23
156 151
36 129
33 179
206 192
118 208
62 59
8 224
14 117
39 26
136 11
172 20
50 61
215 88
168 152
55 20
65 137
52 58
16 74
45 196
207 197
125 206
8 96
148 79
149 175
101 176
5 226
39 14
46 27
26 175
36 192
67 100
64 215
16 77
221 133
148 117
6 180
194 23
220 4
25 94
181 88
67 184
68 195
28 85
95 204
51 150
4 3
171 225
73 158
214 213
197 23
182 27
44 212
144 199
96 153
31 171
199 92
39 164
103 170
25 41
37 170
154 48
103 156
78 82
145 153
26 4
93 166
39 149
178 145
48 211
133 89
134 120
140 11
93 73
120 51
178 221
24 221
147 191
58 170
93 122
58 61
182 88
61 31
181 174
82 107
207 17
137 164
140 179
187 102
7 53
11 177
203 80
221 49
45 221
152 202
204 72
65 111
85 224
167 91
208 210
217 60
13 20
193 44
20 84
156 50
0 202
203 129
33 144
101 108
166 179
169 91
38 69
136 225
110 157
62 131
193 20
202 211
155 24
133 34
137 175
26 192
129 222
139 196
33 22
90 37
35 116
142 83
221 36
2 4
216 52
94 0
12 0
189 95
223 213
85 174
206 10
216 173
220 108
24 110
24 23
48 25
192 29
72 37
127 164
8 182
10 163
200 133
36 196
31 50
95 168
150 177
153 41
5 47
55 10
135 75
188 20
46 11
145 144
138 140
226 173
79 182
46 149
48 53
213 146
10 17
135 2
36 48
104 110
92 109
26 15
219 57
75 108
210 183
197 170
111 210
191 36
69 66
5 14
99 30
51 58
89 74
170 219
76 132
82 190
197 0
137 25
210 168
39 91
78 206
83 55
126 10
33 178
170 203
47 204
122 214
133 48
108 95
5 15
188 17
123 15
2 105
173 155
219 47
166 107
87 175
92 173
78 127
22 226
170 75
97 13
60 92
97 22
16 15
96 10
182 207
107 31
102 136
112 1
37 22
76 12
117 165
41 59
81 108
225 169
19 171
28 47
1 219
217 183
160 7
89 61
133 63
219 50
32 134
187 96
169 138
161 119
68 175
23 181
50 151
107 18
105 80
47 165
17 151
152 87
120 167
200 189
209 88
155 212
70 204
77 206
67 147
59 23
141 12
115 137
164 174
80 76
118 58
100 221
57 101
89 224
111 61
56 59
223 169
30 123
75 202
43 175
97 62
79 16
15 59
204 219
47 61
12 143
216 111
187 193
34 203
81 186
9 200
126 38
108 104
131 219
88 93
67 170
59 203
131 30
118 59
127 183
172 26
74 67
194 193
167 73
200 226
58 132
64 52
94 125
139 59
134 68
75 197
190 37
202 199
43 67
194 186
155 22
53 105
45 167
68 164
195 197
172 100
34 85
145 72
53 96
72 18
130 145
34 59
132 82
20 133
49 176
165 36
135 181
109 160
85 58
66 94
50 196
208 117
208 215
87 124
124 134
195 171
5 33
213 175
98 86
136 184
203 185
213 183
222 43
205 14
4 64
186 105
66 2
67 175
5 158
167 115
206 41
123 224
153 70
191 163
28 46
48 165
113 95
33 82
66 96
3 117
197 21
187 148
143 211
210 91
202 173
187 198
107 188
102 42
128 18
180 120
141 15
2 205
103 79
80 126
194 25
116 155
51 204
83 40
177 168
200 217
116 11
41 147
71 74
76 181
178 67
2 40
124 62
105 195
174 9
63 196
225 106
193 221
15 37
178 156
120 212
121 167
217 101
217 212
102 147
118 153
218 37
131 130
16 113
18 92
222 18
126 147
5 167
197 78
90 136
33 116
24 200
125 215
56 2
147 145
74 94
58 73
82 197
149 87
214 124
220 43
110 200
98 207
1 84
65 16
65 149
211 56
202 123
198 65
104 13
140 125
198 108
179 94
21 222
51 29
56 54
149 210
35 224
66 138
213 36
72 48
173 190
130 176
155 84
109 116
177 90
124 47
122 203
105 109
5 179
107 144
146 220
162 107
126 170
50 200
88 29
148 76
189 165
225 70
173 133
187 211
44 143
63 52
18 55
185 131
79 1
27 226
28 118
195 121
33 50
152 44
84 99
6 43
9 75
5 112
3 171
130 42
193 74
198 120
9 144
9 52
61 152
57 83
122 216
71 31
93 1
120 78
110 224
215 40
89 56
4 56
25 60
157 65
74 70
176 24
213 34
11 221
49 55
172 212
216 187
129 172
128 118
167 41
6 62
210 132
4 224
24 37
3 34
48 119
219 162
146 159
182 213
7 196
25 36
39 38
135 116
56 84
102 83
103 208
39 193
129 102
158 88
176 214
126 161
46 65
218 215
5 193
16 62
124 174
143 187
153 77
30 87
15 35
184 80
41 82
194 144
94 46
136 117
203 109
9 84
64 130
2 44
118 157
122 189
48 96
80 26
100 152
95 129
52 143
38 135
200 63
162 14
114 39
0 80
42 220
204 122
163 160
91 80
202 208
112 163
146 191
26 81
126 172
90 48
219 199
110 218
44 206
50 184
63 47
29 98
151 199
142 100
157 142
220 207
193 84
79 91
137 216
54 142
9 140
33 93
115 138
44 156
148 226
132 45
182 18
184 0
102 152
179 75
196 207
37 136
0 147
38 144
207 206
219 116
189 188
0 226
26 18
218 105
165 92
185 162
2 151
96 9
177 78
66 27
103 61
46 63
133 58
142 181
65 101
32 211
188 81
66 87
35 180
10 105
113 173
1 117
160 55
69 80
47 119
89 75
1 161
46 173
0 171
34 23
71 213
20 190
34 65
105 134
103 109
146 110
114 100
144 187
3 18
136 118
4 37
37 154
137 59
126 130
186 108
88 160
118 175
13 27
184 35
224 130
54 111
199 177
17 202
65 110
219 135
112 141
178 195
37 209
185 137
34 218
126 52
90 112
199 16
51 111
36 202
56 208
10 91
27 24
14 204
172 111
107 165
38 219
1 178
150 43
175 80
41 222
147 180
69 214
47 101
35 87
46 225
159 209
82 51
141 47
83 26
8 132
61 78
90 77
78 112
146 200
208 15
107 204
182 3
212 123
182 134
150 3
138 174
196 41
36 7
151 148
122 202
219 125
33 128
84 212
130 210
88 216
50 24
28 40
224 49
135 206
218 124
106 6
3 138
43 54
38 222
11 86
55 103
56 186
164 58
76 204
21 70
120 105
137 109
100 25
202 133
114 139
107 88
116 65
29 19
99 49
145 89
187 192
158 51
99 218
16 185
180 98
155 50
130 33
25 113
219 86
19 70
180 51
114 223
137 39
221 173
143 41
52 34
125 80
44 58
125 178
180 71
172 125
225 17
184 138
31 78
86 162
185 13
142 45
89 150
110 162
170 39
193 176
103 13
106 189
180 100
121 224
43 198
171 186
1 126
167 42
77 108
6 97
115 158
71 122
13 204
62 135
192 210
20 80
191 190
204 37
82 65
125 25
20 109
210 189
158 72
76 155
32 10
37 138
205 214
198 96
164 24
49 66
171 58
156 138
39 106
1 221
198 214
98 170
144 134
73 151
32 174
204 18
91 134
214 171
145 155
0 121
220 133
216 10
219 211
99 35
57 108
33 125
178 43
206 15
87 187
210 39
218 162
90 200
156 14
146 206
73 83
65 11
213 122
59 171
96 64
183 57
137 183
72 90
58 98
197 54
53 168
177 179
221 224
43 10
86 119
47 102
94 155
119 204
144 173
136 199
20 33
134 147
67 99
221 197
121 40
171 219
141 27
168 31
46 75
52 108
25 121
23 57
217 166
99 73
50 175
68 48
159 120
50 80
116 92
124 88
42 174
209 182
103 73
9 182
81 199
94 113
189 192
111 34
224 217
118 18
131 137
91 154
199 181
16 110
135 55
13 72
193 41
9 115
87 212
204 16
163 224
15 127
116 124
35 211
84 154
171 37
131 171
80 74
157 172
128 124
75 11
32 163
58 7
220 194
215 6
38 36
95 40
115 126
184 178
14 193
154 107
68 187
59 44
10 20
44 198
43 122
109 76
5 96
148 202
163 49
5 173
81 216
89 129
28 138
185 48
222 154
202 14
15 17
181 221
112 188
218 165
106 99
175 121
168 158
14 197
226 140
55 61
20 23
201 86
175 54
123 62
220 179
108 214
133 15
83 182
15 21
211 103
113 48
92 166
127 173
202 184
2 5
123 6
31 148
57 119
65 69
59 155
152 27
167 43
155 138
118 39
190 52
39 173
39 60
96 21
102 202
98 127
146 173
217 107
224 43
164 19
6 74
70 128
73 55
13 184
67 165
126 90
98 103
99 19
27 157
92 42
71 206
168 81
215 66
203 152
71 141
12 41
35 105
54 100
202 215
122 131
60 133
1 182
63 30
185 27
6 175
116 210
1 226
123 119
45 150
165 9
176 81
60 185
2 136
13 126
167 3
176 21
124 220
106 192
12 71
6 132
54 69
68 223
201 140
170 149
196 107
35 44
82 76
103 26
124 2
1 68
201 148
70 78
127 155
143 137
198 212
147 200
67 116
37 2
46 194
98 7
197 123
20 67
209 128
98 53
16 112
200 38
52 121
5 66
201 133
164 16
70 119
167 23
126 63
226 57
193 143
120 21
63 122
11 169
14 181
224 25
162 144
163 105
115 131
70 129
179 36
94 127
2 222
107 38
83 15
24 45
78 20
169 114
88 26
76 211
37 42
156 87
174 21
166 159
99 173
110 152
172 89
52 219
72 115
151 145
21 106
194 149
222 16
214 142
113 119
94 102
153 185
39 61
130 115
69 143
9 54
132 173
17 51
41 61
130 211
115 110
44 19
23 164
66 222
166 183
197 1
9 120
48 126
143 72
212 95
99 168
34 57
86 58
73 109
67 70
206 224
169 219
131 126
131 65
95 23
44 128
152 158
106 71
106 67
69 121
134 155
66 175
36 79
124 219
17 75
174 180
212 59
141 208
167 182
102 138
51 13
32 27
177 171
98 78
107 207
124 73
189 43
182 28
52 206
95 213
20 178
42 129
158 55
91 62
210 96
108 59
116 176
34 13
3 142
92 86
49 17
149 118
0 50
51 197
140 66
123 114
56 148
10 198
102 164
206 200
39 65
194 200
173 101
175 187
82 105
22 76
127 142
149 110
32 26
24 99
172 178
103 163
119 61
64 84
37 152
127 11
150 221
30 145
123 186
153 208
22 87
0 153
106 70
194 164
127 141
92 46
164 48
148 200
16 175
20 176
174 99
49 110
85 178
109 136
197 107
93 141
121 95
146 138
145 133
145 204
226 43
136 66
208 100
225 206
209 90
24 18
1 85
59 107
26 219
194 91
202 112
162 59
211 16
143 83
177 174
183 26
38 37
0 90
156 225
112 187
130 90
37 198
59 134
222 47
20 221
21 88
174 46
23 48
85 18
18 32
218 24
13 199
139 213
84 57
26 98
52 174
160 81
184 25
109 17
9 188
162 176
180 15
121 13
176 125
60 58
16 27
200 46
42 77
109 169
179 207
126 208
102 194
48 222
171 90
177 52
144 55
12 112
110 167
95 157
162 46
85 47
97 126
103 111
149 168
49 149
114 7
78 58
42 88
152 75
5 36
62 76
148 121
103 75
180 185
134 137
9 63
211 158
146 1
149 88
57 128
133 67
98 84
49 140
80 224
25 191
105 132
80 46
149 33
127 108
219 25
173 106
119 219
135 121
47 49
41 140
204 217
73 79
55 124
122 59
131 178
62 213
163 89
154 114
40 154
100 216
211 1
128 4
146 131
173 138
212 184
225 155
183 149
117 61
56 158
115 216
19 125
167 130
217 179
14 147
178 185
18 59
89 205
187 63
208 160
94 184
74 66
8 30
184 30
83 56
157 89
148 156
51 124
161 81
94 79
173 180
167 11
115 61
161 32
198 5
186 2
220 39
78 15
148 87
58 123
195 98
92 200
192 54
196 124
2 65
102 43
178 51
43 28
130 121
101 174
176 111
167 82
62 130
206 36
166 194
177 185
101 218
197 178
99 150
2 11
125 170
86 44
70 16
168 55
210 209
167 21
50 92
58 42
164 160
111 221
81 50
39 71
51 34
32 37
114 184
19 149
59 186
32 70
123 93
148 179
34 153
124 12
125 226
163 70
174 33
152 59
72 216
179 150
223 168
147 100
27 5
16 48
153 61
38 15
130 226
75 45
30 102
172 180
78 115
85 57
195 187
214 35
139 138
158 125
100 74
224 159
197 27
194 57
197 101
93 6
87 27
73 12
193 226
115 155
30 135
60 192
137 219
18 137
190 86
60 59
154 7
129 126
185 8
214 2
112 183
8 114
199 39
184 150
138 86
39 84
4 150
82 104
157 73
194 188
150 56
206 74
172 93
214 34
153 93
12 132
32 112
78 100
93 171
127 58
23 66
174 56
80 104
149 226
67 36
61 160
206 25
87 93
169 198
79 152
182 25
83 47
163 118
142 42
221 152
159 0
66 80
203 200
124 40
191 110
112 172
47 136
205 66
47 171
205 101
49 167
36 77
157 160
119 216
0 200
138 152
161 222
38 7
147 40
34 169
60 168
108 64
159 3
116 45
0 108
58 134
9 106
56 66
66 220
177 173
179 222
20 6
3 45
4 38
155 158
221 61
203 204
142 87
225 22
43 201
196 160
129 220
103 169
44 157
149 34
193 210
106 19
195 20
178 194
47 60
79 61
213 37
190 38
115 6
202 22
223 226
53 106
19 83
207 117
67 3
115 125
5 122
77 183
16 168
141 211
127 226
171 197
226 81
91 44
143 135
182 114
226 71
215 51
39 224
166 5
61 1
14 0
110 18
163 217
90 74
120 45
55 50
59 29
96 19
33 26
95 57
83 222
190 122
137 54
129 167
46 226
134 35
191 162
144 90
91 197
183 191
82 211
142 183
77 6
219 27
193 215
48 139
189 157
148 53
127 197
21 118
194 216
68 11
219 213
44 217
69 114
70 49
91 23
3 178
61 156
49 36
40 177
46 186
200 45
92 34
222 162
55 131
143 194
61 134
8 136
183 39
215 1
48 83
212 28
222 185
190 16
69 164
57 211
146 98
174 14
150 95
139 34
168 147
19 154
111 60
32 86
38 186
53 113
24 22
118 110
175 226
10 162
36 225
10 5
103 106
9 72
66 58
135 56
192 144
21 59
137 28
137 91
188 200
26 151
40 4
208 199
41 45
38 10
160 222
67 45
12 5
73 57
140 170
5 0
157 123
48 190
136 137
127 102
35 125
155 124
92 103
104 46
101 21
130 146
106 145
157 1
188 101
136 226
113 15
165 103
111 147
14 145
60 152
142 86
12 198
203 159
35 210
188 201
49 4
74 72
49 62
85 9
124 209
81 126
225 91
205 222
90 116
98 45
38 210
195 48
12 97
84 148
15 9
110 120
206 108
134 203
77 224
27 191
122 211
59 68
189 3
99 78
177 172
113 86
121 15
39 28
177 205
15 155
131 110
39 201
41 91
33 52
167 174
115 12
122 79
195 82
150 156
225 8
46 141
10 129
172 188
46 216
45 118
66 182
224 207
217 186
175 85
35 222
219 130
24 197
196 138
57 142
113 40
22 85
73 156
175 144
29 157
147 201
186 64
167 51
145 5
179 21
77 214
217 120
59 127
31 28
196 179
101 199
77 50
123 84
211 96
70 34
14 1
7 144
125 54
212 214
148 207
226 2
91 181
36 166
185 73
82 199
22 207
37 93
111 127
9 21
51 196
15 160
72 16
100 135
174 173
64 53
226 28
167 77
78 106
131 29
46 38
218 225
31 105
73 61
109 27
160 4
33 135
130 180
196 222
56 103
62 108
63 60
206 42
87 172
175 132
50 201
176 134
162 214
13 209
99 43
58 119
114 131
82 148
19 31
103 161
166 99
166 198
115 41
197 60
137 150
117 185
40 111
38 216
141 157
190 103
148 65
160 98
188 59
40 198
177 1
114 45
174 151
221 127
53 221
94 41
93 203
190 95
132 54
82 117
35 89
131 25
141 110
138 175
135 12
90 129
1 136
186 111
212 45
10 67
109 195
206 222
42 80
0 77
167 200
157 182
9 86
203 18
18 84
79 177
180 160
117 216
70 202
124 136
89 51
71 80
180 154
54 179
152 5
180 124
103 179
207 51
67 122
124 191
184 38
185 79
134 86
217 19
90 185
95 75
154 143
157 97
4 151
70 33
155 130
3 208
17 146
105 5
165 15
225 192
62 204
78 176
191 33
148 168
210 71
184 69
145 69
21 144
180 101
152 77
134 9
116 106
24 122
25 207
20 175
212 211
123 169
56 25
84 49
196 168
30 129
8 149
162 77
162 25
36 102
67 102
160 193
19 14
56 162
77 195
43 37
3 176
82 103
99 95
81 53
16 40
141 58
74 83
143 223
29 117
141 43
64 107
202 138
54 85
126 155
145 32
144 30
26 199
205 70
48 157
217 210
172 94
88 126
113 56
185 58
8 67
132 102
166 44
78 184
63 22
37 115
14 173
137 100
91 216
17 92
116 0
125 99
194 135
178 137
82 204
69 58
143 86
166 29
76 79
114 48
140 198
167 205
204 211
214 74
179 25
17 40
128 184
195 60
139 141
180 20
77 113
26 19
96 89
217 100
79 83
11 153
11 195
79 55
185 103
207 20
22 10
11 212
126 188
177 184
125 107
180 127
87 88
26 128
38 205
144 154
210 200
178 173
85 202
194 73
18 41
16 33
139 120
71 126
36 175
7 125
104 91
221 63
14 208
143 168
57 100
101 179
173 43
7 156
185 46
72 223
179 7
105 83
129 64
186 92
49 172
195 136
127 92
40 9
33 81
43 193
29 36
111 59
190 34
6 195
223 25
86 103
58 189
123 74
41 65
20 187
140 197
65 17
132 196
225 37
11 10
68 160
140 37
226 139
97 89
206 58
70 58
3 83
119 69
74 146
35 128
204 25
160 34
158 149
56 226
111 173
121 137
35 53
127 146
9 118
70 125
50 115
175 159
211 61
151 105
64 161
73 222
193 129
114 127
126 7
212 179
192 81
218 186
62 43
31 112
133 150
124 176
29 94
187 225
83 201
90 51
84 113
61 8
82 118
157 139
114 176
106 153
61 220
143 82
103 69
97 144
138 84
64 208
165 129
217 71
186 208
77 131
40 99
197 128
184 219
168 218
68 109
37 3
49 211
31 33
2 188
174 34
77 5
199 43
129 19
1 88
148 15
125 189
103 218
68 115
49 184
137 142
47 182
211 92
182 149
218 68
27 167
159 92
213 178
218 69
72 196
71 155
68 33
151 88
129 20
86 7
117 87
77 218
90 138
94 52
166 117
149 85
158 78
222 143
179 122
86 137
138 63
83 189
33 61
29 179
181 152
115 97
54 26
66 113
80 101
190 2
34 43
222 184
7 226
132 40
17 150
75 216
76 210
105 216
206 64
76 4
7 64
21 20
170 181
132 9
140 92
68 121
106 77
74 77
58 214
200 154
198 32
95 131
72 79
214 31
113 193
115 210
163 167
224 111
171 121
215 107
199 131
14 94
54 49
112 101
26 193
208 46
204 42
183 179
89 168
161 143
26 105
64 6
219 94
70 209
118 116
225 139
94 132
193 86
148 32
150 160
161 139
98 200
46 40
173 179
170 133
26 136
39 34
51 218
165 197
106 204
117 93
50 224
43 180
50 45
17 90
90 27
217 209
165 164
122 169
46 209
196 167
46 58
140 100
209 68
201 36
205 22
4 138
63 189
163 102
112 102
136 68
134 1
152 26
133 25
124 140
182 97
58 188
212 77
104 142
93 217
59 200
132 139
190 13
41 50
213 169
82 184
127 105
13 200
13 47
195 191
199 53
200 102
143 171
57 114
47 113
191 170
57 198
225 23
163 31
66 132
11 186
221 115
3 20
180 10
180 170
35 149
127 218
74 192
148 177
9 194
222 169
127 40
164 217
31 202
16 136
23 37
141 26
59 180
189 69
14 10
160 112
96 127
151 71
54 143
154 111
158 130
107 224
198 84
212 1
14 15
152 127
33 101
221 194
206 158
107 74
96 62
67 204
17 99
215 56
202 160
9 210
111 78
42 83
140 117
112 92
108 51
182 57
62 167
108 15
7 173
160 21
144 118
164 40
199 215
130 207
184 71
209 163
222 209
159 70
31 104
123 10
28 55
199 96
127 176
219 221
115 71
17 116
93 226
45 90
56 18
222 200
64 88
156 64
119 98
78 222
126 24
221 92
136 5
115 202
170 182
170 153
54 35
151 74
135 13
157 134
36 84
176 118
113 104
89 70
10 42
28 70
179 86
192 21
166 125
8 131
8 110
131 26
187 31
65 92
72 132
123 92
84 53
17 33
30 150
33 63
85 91
77 22
22 181
34 157
142 134
196 150
69 64
84 34
107 176
23 209
225 108
47 193
6 67
154 129
176 113
193 102
28 214
57 66
152 174
18 127
184 14
68 21
51 155
13 6
72 222
157 90
126 3
10 176
154 59
94 153
198 135
175 56
137 23
97 141
41 74
40 176
161 147
85 95
214 153
155 113
129 199
91 32
201 141
9 2
65 45
193 54
123 188
43 72
167 157
143 182
94 199
105 180
104 121
25 151
44 175
102 20
42 144
99 22
108 70
114 14
114 122
12 40
98 69
111 165
179 204
221 25
149 66
17 67
27 168
154 167
73 126
96 109
2 82
155 139
124 205
16 195
24 196
12 104
87 99
16 18
44 46
192 224
224 219
212 203
3 199
169 214
12 197
213 17
151 94
201 59
93 3
14 31
138 144
165 171
20 40
36 209
112 204
14 47
161 90
144 67
143 200
84 208
111 168
153 27
11 183
178 0
10 80
42 62
134 188
122 170
42 166
192 75
4 110
137 141
118 64
121 12
78 212
62 79
18 33
157 31
31 83
188 34
70 43
119 52
59 63
33 200
223 203
78 183
116 20
175 173
82 144
218 11
185 15
211 10
59 223
204 140
60 79
117 156
113 117
11 208
92 85
199 10
93 224
150 91
106 155
167 159
91 95
92 119
42 2
144 6
5 35
210 172
140 199
79 139
82 174
10 101
104 33
3 102
163 100
175 129
184 24
71 46
103 14
71 136
178 199
8 222
155 184
0 96
109 70
61 54
174 219
36 158
5 138
129 57
136 131
148 210
86 189
131 40
10 221
42 112
214 54
204 167
168 185
204 59
174 134
176 43
224 28
42 212
91 49
4 208
111 89
33 160
139 122
211 194
220 208
9 199
141 11
104 185
7 136
110 187
209 165
214 141
105 226
133 50
0 222
106 217
36 43
210 219
88 55
80 195
214 4
176 29
47 166
131 31
105 225
221 93
153 108
85 5
98 89
222 62
188 197
94 93
116 123
19 111
220 167
88 110
127 204
168 154
186 15
179 34
156 109
174 72
223 115
165 25
225 29
88 200
143 102
116 34
1 218
218 209
42 223
27 92
84 133
9 0
42 3
189 197
186 77
50 159
169 184
197 159
162 129
201 90
204 90
197 131
156 39
48 18
41 213
114 115
142 41
38 5
45 129
95 4
131 96
118 210
196 47
159 109
121 44
221 71
72 190
141 63
206 105
112 211
63 169
28 84
93 170
214 167
123 16
72 159
124 135
56 115
20 98
6 154
7 49
116 184
199 46
155 21
93 114
117 102
97 207
174 188
4 59
196 82
23 17
210 83
156 222
110 199
86 215
186 163
78 156
62 57
121 157
83 149
90 182
142 139
195 125
72 78
164 60
143 162
97 185
200 184
165 7
52 123
47 143
182 12
2 125
137 152
82 100
223 156
222 100
204 6
147 35
170 202
220 162
51 78
17 46
201 134
26 61
100 174
141 118
150 188
132 3
63 24
92 54
198 157
161 0
170 221
122 87
180 26
150 20
125 209
179 211
164 70
95 31
46 25
137 45
195 218
70 186
93 10
71 137
109 98
27 52
173 72
27 184
11 4
180 226
31 208
11 1
116 194
37 161
100 65
41 188
113 214
40 151
81 196
70 175
60 55
105 136
29 82
202 128
32 225
110 142
186 215
114 189
183 184
204 115
211 66
121 160
175 218
20 95
47 6
206 67
38 67
124 45
15 203
205 108
45 37
92 210
187 106
77 1
130 96
94 120
171 110
120 69
68 163
33 32
221 188
94 196
216 4
181 65
89 206
27 0
215 168
102 203
136 163
27 209
130 66
0 35
29 76
86 16
225 89
166 151
208 34
15 88
9 162
129 131
144 4
100 183
17 97
77 140
66 157
112 67
117 139
0 87
102 100
171 67
198 17
5 62
126 174
112 49
58 137
70 105
166 119
47 148
83 161
173 36
221 90
14 179
167 183
132 217
162 106
21 78
171 60
70 168
186 39
132 138
9 34
56 39
206 82
189 221
118 43
10 196
210 75
152 97
198 76
166 68
40 138
201 38
205 49
159 192
165 206
192 188
75 182
38 91
182 35
217 4
13 192
92 7
132 106
56 149
181 116
155 7
210 151
91 151
85 217
216 151
107 157
129 0
138 212
104 89
158 208
14 140
226 153
182 69
3 112
87 46
111 17
98 112
207 42
21 141
100 150
57 58
129 34
2 0
222 140
222 68
168 189
65 91
131 46
133 144
7 26
71 102
159 151
124 104
55 64
214 159
142 192
5 49
164 88
199 184
149 18
162 205
104 172
86 211
61 32
158 16
71 104
173 88
68 179
157 165
10 88
165 141
150 18
201 215
189 102
68 170
111 112
166 6
25 87
99 54
23 83
93 112
21 83
22 208
56 163
140 57
1 107
173 40
143 32
188 223
127 21
220 187
105 203
22 139
117 194
216 11
97 181
199 7
96 125
106 82
130 54
37 118
224 24
102 60
169 76
133 197
131 207
156 163
66 76
175 101
16 225
188 184
152 0
177 219
160 104
155 80
144 89
2 68
124 36
88 193
97 58
43 148
210 124
196 161
3 212
129 37
51 84
176 203
89 128
107 57
12 17
80 120
137 209
27 74
126 119
8 62
172 143
158 110
21 104
107 103
20 75
194 182
81 16
175 208
139 183
44 122
79 211
166 78
134 116
139 109
16 25
16 198
132 154
190 44
223 45
115 67
31 114
223 49
38 85
125 17
54 103
80 121
0 36
103 162
157 39
81 172
194 3
10 113
226 50
170 199
187 26
83 126
19 155
170 9
70 132
193 110
225 185
50 216
38 51
126 175
157 155
43 217
130 105
64 98
7 163
216 133
16 147
94 163
127 5
221 52
76 162
168 73
13 56
170 87
196 118
28 5
40 156
2 108
43 212
124 226
0 19
188 118
102 214
132 142
7 195
115 133
146 192
112 72
111 148
7 174
79 2
26 45
130 11
7 54
64 33
75 194
126 124
139 93
39 123
223 89
9 206
53 171
49 109
75 189
17 25
127 50
8 214
13 28
179 223
16 8
224 17
122 138
20 161
201 131
157 35
92 158
134 220
104 105
24 12
156 132
7 102
37 31
49 141
25 201
162 147
47 226
177 96
206 215
93 214
200 195
122 181
65 10
87 181
74 199
207 212
214 190
86 147
207 71
169 160
117 202
136 174
42 202
63 72
90 184
210 97
160 17
23 195
62 216
74 40
153 22
201 220
114 226
83 113
6 179
83 135
123 60
44 29
136 126
99 182
162 5
157 59
120 206
146 8
196 104
57 18
87 158
160 153
203 126
209 74
149 202
217 56
49 179
87 190
13 70
95 128
85 88
26 22
198 14
172 179
164 211
199 33
122 85
124 206
191 168
223 162
63 225
87 146
212 164
29 5
99 80
59 33
169 36
166 50
110 212
211 85
161 215
78 80
108 171
11 89
42 13
80 225
78 10
50 119
2 143
191 68
51 116
21 133
40 123
83 220
82 208
173 102
175 17
169 205
184 2
45 204
95 117
104 45
144 164
48 84
81 152
199 24
76 139
224 199
89 50
92 1
38 41
153 223
182 118
86 153
71 110
154 191
209 80
94 58
63 48
196 11
113 203
182 16
88 56
92 71
130 43
124 71
107 171
101 221
73 115
108 122
30 148
198 30
137 57
103 116
105 157
90 101
221 196
180 90
47 167
69 9
214 218
92 126
213 191
176 135
50 69
47 76
217 59
63 147
171 30
155 194
165 35
166 61
128 127
145 121
148 45
24 141
125 1
198 162
115 101
173 148
15 168
76 17
64 101
76 190
32 58
171 106
94 212
33 131
101 133
160 191
170 80
151 218
126 187
106 211
79 207
188 102
98 107
35 28
212 62
218 60
173 166
116 74
167 141
187 49
225 90
34 120
59 35
88 140
147 83
158 188
88 131
155 73
223 120
117 84
182 176
65 33
12 110
188 16
150 199
137 197
164 84
140 210
117 179
162 116
118 52
99 33
75 224
169 199
83 37
107 110
37 135
36 187
220 90
203 65
33 79
68 146
166 130
136 94
104 190
76 78
2 208
97 111
222 163
9 10
193 155
42 7
172 35
176 215
173 27
149 12
121 147
18 122
42 125
128 213
184 105
138 223
76 7
212 14
75 190
61 36
121 49
156 25
110 201
204 81
49 119
143 153
122 45
122 82
216 64
213 168
220 25
42 135
221 200
66 187
48 55
218 192
92 117
135 182
95 12
138 224
57 214
29 133
196 3
105 118
133 129
215 184
51 16
124 123
111 124
221 73
130 80
102 81
217 69
201 24
40 183
155 117
91 74
195 201
98 9
36 151
217 36
80 200
215 35
124 19
60 7
69 163
42 44
220 107
149 154
116 223
92 80
55 89
66 219
67 50
87 112
169 167
200 57
75 213
75 59
118 121
57 52
177 24
197 67
209 223
112 225
180 138
207 21
90 28
75 220
90 123
69 222
134 212
84 136
17 170
130 55
195 101
37 57
112 197
33 56
145 185
133 0
107 211
138 68
131 63
17 6
158 108
211 146
219 93
124 93
166 85
221 32
200 15
106 222
46 167
78 150
47 170
97 57
64 199
25 37
132 194
139 140
125 224
165 159
38 101
131 9
62 194
226 58
155 30
66 145
160 102
57 5
155 206
73 74
91 205
156 213
99 68
225 204
201 0
19 27
45 59
175 73
160 72
147 182
53 149
128 163
86 170
194 106
150 84
2 189
17 78
43 51
51 174
221 171
36 188
154 23
152 45
20 112
106 123
42 78
62 141
135 163
143 62
9 11
186 138
34 125
44 161
42 191
10 84
117 58
31 143
111 106
126 158
56 94
176 139
166 137
51 93
126 169
120 19
77 3
202 200
31 188
23 94
165 5
113 116
124 15
15 30
146 94
47 151
113 41
104 177
137 67
128 132
166 60
87 177
95 186
89 160
53 172
11 125
145 19
131 194
27 78
200 116
94 71
102 101
95 44
150 92
220 46
223 157
7 175
120 111
24 205
92 132
138 20
207 59
138 22
157 40
35 169
75 151
47 44
176 212
157 30
149 7
23 101
34 195
20 114
139 30
75 163
83 4
119 94
93 107
111 144
88 122
103 31
75 186
90 151
9 136
161 79
75 99
107 5
104 8
119 183
16 121
97 11
72 152
141 98
5 219
157 191
108 139
145 49
50 105
203 160
81 59
13 26
129 216
179 157
193 171
180 162
60 19
85 81
138 171
34 50
11 53
132 43
221 79
199 66
179 195
174 204
87 82
128 192
172 128
39 51
126 206
49 162
201 67
148 33
59 36
56 64
163 2
60 128
10 189
6 176
3 163
77 44
77 32
117 42
127 56
208 44
165 73
65 68
99 82
210 174
67 221
80 128
140 91
180 61
145 39
95 143
37 155
93 59
142 71
198 133
108 42
75 193
211 40
14 118
112 50
91 64
41 187
82 131
148 119
225 47
10 192
134 53
29 90
123 208
4 9
171 140
210 4
72 106
208 27
112 79
139 54
73 110
52 13
91 152
98 188
104 99
35 45
176 87
28 78
45 99
210 166
186 69
27 132
210 178
170 211
214 40
108 138
70 54
109 123
161 80
133 186
89 192
64 171
170 5
134 4
17 4
140 19
1 23
87 49
82 151
211 6
87 104
39 67
126 189
99 18
94 206
161 56
40 225
17 171
2 58
112 66
196 198
152 123
174 89
52 7
52 71
8 87
79 41
185 51
90 97
137 73
13 189
113 197
116 71
140 23
70 116
63 212
98 120
210 78
9 183
130 81
74 45
101 161
88 78
193 71
205 135
216 184
67 101
6 161
18 113
185 158
0 206
223 183
172 110
180 37
8 173
86 222
160 151
161 124
87 96
91 12
27 14
74 164
108 3
171 104
42 98
84 172
199 226
47 153
65 51
174 146
189 41
105 170
58 8
85 36
89 131
201 70
106 38
183 158
134 138
96 80
52 109
32 131
86 43
45 82
152 18
68 108
200 224
138 103
166 100
22 49
210 61
195 70
77 128
86 200
114 158
39 217
118 130
23 89
31 190
170 23
75 35
209 89
116 199
183 96
36 62
6 48
104 90
79 10
154 140
57 46
186 126
122 142
188 133
123 165
75 106
141 56
149 122
198 104
23 41
61 67
16 93
86 109
62 71
60 204
192 108
53 90
198 126
191 34
198 207
212 74
220 1
174 58
145 131
203 90
19 148
121 179
152 11
138 30
23 115
48 191
39 44
175 130
182 138
180 93
199 114
179 107
18 186
200 169
96 69
154 47
190 149
33 145
225 61
165 70
152 125
7 83
73 60
87 79
14 164
155 49
83 69
166 49
94 152
77 132
117 64
97 70
81 24
85 163
182 103
224 68
180 27
180 85
27 12
54 177
41 28
106 90
193 22
131 2
164 72
80 208
41 192
120 207
139 69
175 51
79 50
51 188
52 210
119 107
209 155
48 101
66 153
60 98
182 78
214 7
105 150
132 119
203 138
41 157
84 78
23 160
26 92
74 226
13 178
76 225
215 65
27 107
173 128
173 220
36 24
132 4
171 199
72 188
130 185
8 115
219 67
33 134
194 153
153 60
203 206
97 148
76 150
68 132
53 212
15 57
47 93
94 180
130 26
30 208
107 141
74 11
223 225
117 130
13 165
93 152
209 5
94 198
205 80
141 86
172 121
37 92
23 117
86 91
199 128
159 152
115 33
35 206
219 220
81 90
170 139
140 27
142 188
89 193
28 61
22 177
220 87
107 83
112 121
95 172
174 115
184 208
223 224
113 182
35 85
1 50
54 176
136 189
59 7
224 220
113 162
9 125
122 22
81 83
71 201
45 109
112 132
24 226
63 217
137 76
72 207
203 222
160 14
104 212
71 111
0 72
115 144
33 226
1 0
161 27
30 81
112 91
106 133
121 213
79 35
143 136
186 1
77 196
201 164
51 137
190 220
2 54
20 18
177 157
136 162
174 11
218 72
192 204
4 159
138 133
94 101
173 48
181 155
103 205
158 66
207 160
27 110
219 49
224 146
212 190
78 216
185 78
174 76
118 192
89 30
223 58
64 31
67 12
187 101
151 49
211 20
213 103
187 56
57 7
66 18
89 25
72 180
166 122
116 64
29 25
31 7
105 166
218 184
52 157
79 63
185 164
211 21
73 206
139 68
61 12
102 105
134 143
90 75
189 133
39 109
164 113
70 143
162 35
145 176
215 89
56 90
199 196
89 204
30 18
94 86
217 151
3 23
118 10
127 75
44 155
104 86
131 180
44 49
202 178
105 188
90 149
88 185
49 135
211 155
85 49
191 86
66 216
92 38
88 51
167 101
148 101
217 52
64 32
46 126
226 12
42 181
89 1
111 193
139 173
73 72
38 33
127 161
217 41
80 54
0 132
0 207
150 60
49 165
0 29
134 190
127 32
141 108
219 96
131 173
99 151
127 51
113 211
200 212
60 207
209 33
45 22
170 106
190 109
57 24
59 113
50 168
22 173
224 72
48 216
48 88
63 197
131 109
188 162
147 125
153 221
168 97
163 226
148 73
216 112
23 52
179 53
191 128
113 217
100 179
188 113
211 70
93 140
38 161
31 32
137 77
42 61
222 46
13 219
92 192
182 104
32 152
179 85
118 0
61 163
137 110
89 156
225 6
96 137
26 40
149 55
9 87
49 45
203 107
75 66
155 201
109 9
69 37
14 112
183 48
34 170
33 133
117 94
80 73
163 110
92 184
15 223
34 206
14 221
166 168
49 193
34 150
64 180
6 76
115 211
54 51
82 198
93 102
222 39
158 153
137 6
196 214
145 59
208 16
165 138
165 208
182 168
18 121
151 128
125 165
54 30
133 22
11 134
198 122
84 81
110 179
22 197
175 150
7 192
148 146
210 60
171 14
220 126
186 99
87 40
216 191
15 99
105 12
27 57
44 33
11 64
26 182
129 174
113 45
17 124
151 177
59 38
203 91
187 7
101 111
193 24
80 102
48 196
35 207
193 25
99 165
28 132
80 133
103 180
173 141
184 37
85 160
12 109
156 134
223 176
69 13
201 219
79 77
128 219
166 23
90 173
218 67
219 154
98 82
122 154
140 223
1 34
203 116
179 114
90 218
210 155
197 145
119 189
104 84
36 92
219 191
5 150
3 64
178 167
85 172
10 207
10 74
106 174
87 17
172 71
21 119
55 72
152 103
64 1
114 202
217 206
28 94
161 159
12 201
117 226
151 14
58 106
65 139
174 30
58 76
157 64
30 21
117 96
75 2
202 29
145 57
151 96
135 11
222 142
142 135
98 44
218 92
105 68
174 24
176 77
116 37
186 192
61 140
123 206
143 142
121 159
147 148
39 12
85 210
199 210
42 105
25 45
119 203
133 199
77 73
111 133
61 102
166 26
187 70
220 135
36 189
141 37
151 201
108 202
161 181
112 69
219 150
207 84
67 138
139 137
13 80
148 83
117 73
48 37
22 106
64 210
46 210
178 155
99 169
26 93
48 162
26 78
15 211
4 184
67 57
212 46
81 58
161 160
199 72
27 71
7 188
80 12
210 27
167 152
152 208
26 16
69 19
101 81
32 94
27 38
78 207
30 167
200 78
107 28
29 137
9 145
93 211
24 195
151 133
213 167
179 58
180 189
34 26
150 110
96 11
172 195
114 56
219 65
109 14
152 179
200 197
224 48
22 40
162 92
162 125
93 84
96 129
167 137
15 102
14 189
142 82
33 86
2 10
28 174
28 66
154 162
48 208
162 178
224 21
21 137
188 110
167 90
75 5
148 213
218 190
161 217
147 213
130 133
42 195
100 33
216 139
189 161
94 87
11 170
209 162
152 66
201 54
166 72
124 16
149 43
83 39
93 105
194 55
187 111
136 190
98 116
83 75
8 172
126 182
104 194
105 59
34 164
111 212
17 199
123 189
177 112
66 98
34 183
124 33
127 39
40 91
77 11
72 89
212 196
146 169
135 173
65 142
0 105
7 124
60 80
185 188
7 35
203 96
17 34
100 117
144 146
82 81
140 215
56 196
48 14
42 132
64 125
5 140
19 224
55 56
205 142
185 87
219 87
153 105
62 44
52 176
163 90
79 0
175 183
200 62
50 188
92 156
100 199
211 75
180 108
13 154
159 104
208 121
199 71
29 16
62 168
194 161
151 213
126 112
40 186
86 65
33 166
153 132
192 85
152 173
8 40
115 10
43 143
208 78
87 221
194 148
134 178
218 224
3 166
70 213
83 99
76 178
189 184
38 171
112 123
198 110
78 5
94 201
159 46
183 3
54 104
182 140
129 204
147 189
132 73
57 146
21 172
12 31
116 43
117 109
32 59
149 63
176 38
201 33
209 105
38 146
152 21
200 29
133 107
112 110
60 61
153 67
195 17
177 198
98 48
146 29
43 64
68 188
137 148
103 95
102 35
5 194
146 11
24 163
202 16
121 153
197 81
79 12
11 191
16 189
33 42
222 36
88 165
113 76
194 90
166 69
74 17
97 128
131 133
136 145
1 210
1 20
183 17
185 125
159 148
119 150
160 173
181 138
131 218
162 187
225 42
118 138
72 202
102 131
182 2
224 190
19 77
46 172
50 142
106 181
173 53
165 160
17 24
205 41
222 119
5 172
155 91
126 57
111 73
146 93
143 13
175 83
127 67
186 213
175 64
96 172
187 181
58 146
223 163
5 132
60 109
4 115
155 86
22 199
186 156
31 118
12 128
72 68
154 213
54 188
122 3
157 192
8 109
100 209
104 148
100 159
202 159
124 120
0 149
54 195
128 16
119 224
144 78
45 172
64 39
209 67
207 11
150 37
7 217
116 212
145 200
180 195
111 57
99 52
27 83
122 125
3 116
6 75
8 209
32 88
51 69
203 77
82 108
54 98
21 178
107 153
87 44
68 61
153 53
129 218
114 15
119 116
19 181
134 151
150 62
118 206
61 193
43 50
33 185
164 139
160 129
226 90
193 101
151 138
29 92
100 175
75 4
139 180
201 126
131 139
49 48
28 198
120 166
87 145
115 222
121 5
35 199
185 83
176 185
151 197
221 143
72 110
154 8
180 122
213 63
38 193
210 79
113 195
71 149
94 62
173 163
143 147
127 203
203 226
70 151
86 97
45 187
188 12
201 125
147 114
217 158
97 94
114 54
226 91
52 129
53 132
105 72
198 52
77 142
155 88
79 28
96 2
26 73
169 31
32 124
121 66
198 2
100 13
37 55
33 72
192 191
45 17
74 14
127 139
10 69
203 184
3 224
76 5
82 158
64 82
68 156
29 141
80 24
56 172
128 193
204 143
219 111
186 147
136 33
123 137
121 178
14 34
22 185
141 191
170 142
141 30
55 47
144 188
180 16
191 174
47 109
137 186
171 69
188 79
211 13
78 95
187 139
26 100
221 38
137 201
144 182
216 141
171 12
8 63
131 117
132 218
103 197
141 68
70 198
199 31
209 211
50 97
58 23
141 19
167 44
11 22
50 100
54 55
101 123
121 105
182 54
216 206
60 4
83 95
109 130
151 29
13 88
210 222
178 117
183 35
50 76
102 155
101 214
29 162
32 2
16 131
48 127
189 74
174 158
73 205
88 208
64 112
98 93
110 135
174 175
97 215
73 76
181 11
165 90
225 172
130 150
25 158
135 209
190 55
115 163
168 181
67 71
16 87
157 43
151 170
116 224
165 131
70 85
221 6
105 160
226 143
84 152
173 93
103 202
95 22
53 220
179 199
183 133
211 201
142 30
143 57
171 85
171 192
95 79
160 86
80 213
19 194
176 146
25 202
190 184
96 173
91 123
149 28
67 65
49 97
110 168
132 125
220 64
124 199
165 81
32 100
50 134
81 121
42 115
186 28
153 184
74 210
213 123
138 94
144 170
120 178
165 52
203 81
9 80
191 74
194 39
106 60
159 98
141 212
92 2
83 10
19 76
48 102
114 207
218 79
80 146
56 195
160 183
101 61
118 205
115 36
63 179
32 87
78 164
81 158
169 212
152 162
136 81
133 167
35 55
60 136
146 37
160 128
28 221
217 90
150 164
49 131
159 44
185 172
141 154
166 134
24 47
208 212
122 56
149 86
147 120
64 111
62 158
159 16
170 3
28 56
83 129
138 93
222 145
67 224
137 169
209 193
60 213
145 94
162 41
26 163
110 223
70 115
195 81
217 111
15 205
166 115
161 136
123 61
28 62
221 2
161 111
176 213
180 1
0 55
119 46
205 75
125 67
9 161
197 210
152 156
147 163
196 110
144 124
189 156
22 52
215 198
152 222
46 35
220 82
165 96
36 193
205 52
151 162
123 204
179 197
46 107
64 187
200 182
195 128
74 44
56 212
22 15
88 94
220 92
138 183
60 198
16 217
65 146
8 221
30 173
134 204
57 191
165 167
155 217
1 153
86 176
174 123
33 11
150 132
29 105
109 208
37 53
187 219
115 162
70 0
71 98
5 61
206 151
55 95
81 221
160 211
115 52
124 86
218 188
6 186
14 40
212 71
175 177
16 156
166 203
108 174
93 155
61 207
152 169
172 80
92 75
218 158
53 208
149 77
49 67
58 65
198 74
61 2
205 198
2 213
107 3
88 2
194 92
80 219
59 89
182 95
50 189
89 29
14 64
201 69
63 148
89 21
96 4
169 115
132 205
100 19
171 10
53 192
151 195
199 198
21 225
61 179
180 39
30 118
37 221
34 148
103 191
107 190
122 60
142 146
183 81
197 201
126 159
101 95
122 41
59 170
212 167
22 219
33 29
194 140
156 114
152 164
158 212
146 92
43 38
217 46
113 166
13 206
56 1
37 21
97 174
68 159
139 98
57 59
121 210
210 99
94 150
130 79
60 126
205 185
68 193
54 19
20 54
131 186
159 40
109 222
215 10
48 163
63 207
204 61
156 54
47 176
154 179
50 15
189 166
92 143
67 119
30 16
22 118
71 182
85 140
42 185
120 91
21 131
91 166
105 212
174 64
72 138
44 114
8 223
219 29
117 47
26 46
110 82
196 165
58 31
142 18
219 180
160 47
74 84
184 162
64 59
97 95
176 132
35 159
157 135
139 169
111 83
17 11
121 165
147 53
19 126
11 100
210 94
36 96
213 98
151 78
31 183
5 118
123 217
128 54
117 103
2 24
189 208
149 37
88 98
208 120
57 77
185 146
111 80
162 65
1 166
188 73
200 34
81 173
48 194
76 83
139 0
180 55
76 192
164 11
203 58
66 167
22 103
124 25
83 41
94 16
90 70
28 7
23 25
14 213
40 136
61 173
52 66
221 130
108 94
91 208
138 111
104 92
188 136
146 160
170 99
119 95
83 91
119 201
103 181
197 94
210 102
164 157
51 12
180 62
179 27
113 34
187 69
1 137
211 62
155 12
222 131
203 198
177 124
156 0
207 188
37 162
129 145
195 59
156 96
205 190
61 137
140 142
79 125
163 4
81 49
198 219
99 199
76 51
69 209
114 121
187 205
205 107
16 37
147 173
75 212
1 58
0 155
5 195
54 11
143 37
144 80
146 134
203 180
224 109
100 190
164 130
212 221
129 142
98 5
120 205
22 144
208 74
45 1
203 33
0 138
204 124
118 49
77 40
181 151
51 83
175 214
181 201
4 156
173 82
71 205
110 32
23 133
104 191
93 4
59 224
138 179
179 48
206 140
205 174
97 116
221 3
209 11
27 89
116 52
54 87
19 169
46 215
158 191
139 88
226 220
136 142
219 28
96 94
194 167
78 50
208 176
88 188
223 83
164 25
173 118
101 58
103 133
8 54
110 119
179 226
63 106
112 164
14 35
110 20
125 57
108 96
168 204
14 68
191 52
52 146
155 13
23 146
168 112
74 139
214 25
85 120
95 7
69 82
31 65
177 120
212 0
218 173
61 226
43 135
114 119
215 210
200 155
136 217
203 181
172 107
172 159
71 203
69 123
62 195
51 6
207 153
84 217
48 171
146 3
99 129
19 93
89 63
66 160
114 26
52 89
44 45
75 209
114 161
219 42
63 209
211 223
34 96
225 64
68 5
40 104
189 174
131 1
201 171
87 72
89 48
190 162
64 167
167 166
63 125
97 130
198 150
160 100
173 97
95 193
167 84
86 79
99 209
160 90
216 34
22 110
177 84
187 29
104 162
129 151
152 178
117 51
38 170
93 191
20 69
133 163
73 171
125 186
181 54
124 184
107 112
1 62
142 27
138 60
57 218
75 116
119 200
34 221
166 123
218 98
20 168
68 148
107 108
145 68
226 96
57 74
51 103
169 151
108 168
222 51
184 96
198 186
130 143
87 153
93 81
44 224
59 148
14 44
216 60
21 188
160 221
168 138
155 8
192 121
192 3
117 101
45 10
80 168
9 163
153 159
169 82
0 28
156 79
9 128
56 93
160 56
50 49
145 55
2 126
200 1
139 92
93 183
187 39
5 208
54 27
181 166
163 52
4 57
145 103
142 176
220 130
24 3
38 34
145 135
65 190
169 145
207 129
3 153
104 206
34 220
140 6
47 201
84 166
27 6
161 73
196 157
119 120
76 92
168 137
182 45
41 148
181 26
41 190
174 148
92 95
103 34
175 30
101 129
221 21
166 8
151 19
222 103
1 73
164 0
42 161
71 161
173 91
206 156
142 55
101 22
56 166
133 66
69 204
101 50
54 47
204 162
171 137
104 129
128 50
87 41
20 214
191 66
188 52
179 37
106 117
31 146
33 192
169 217
176 200
29 64
181 191
145 91
52 18
154 117
7 79
89 135
223 27
51 186
49 88
221 182
142 159
13 224
140 16
224 105
23 204
148 180
185 47
72 151
179 10
124 122
199 111
62 210
114 113
226 55
7 122
135 207
86 28
198 210
7 108
224 96
184 211
76 49
15 216
108 145
20 97
98 144
28 115
156 8
120 215
203 169
121 47
120 55
165 175
34 95
96 217
20 143
63 45
171 203
19 183
59 124
129 158
70 221
154 10
97 134
45 92
108 149
91 174
158 180
133 14
49 6
200 136
61 98
205 77
212 128
43 216
209 50
74 78
25 70
123 80
0 4
99 65
119 19
142 102
13 196
218 119
31 11
16 144
171 162
149 142
76 182
43 179
15 61
121 1
48 170
59 208
113 219
7 103
112 207
74 187
66 109
97 19
43 32
200 82
87 195
190 56
22 89
221 80
78 138
67 19
38 177
41 139
133 99
44 140
26 29
31 34
74 158
84 178
186 100
3 129
6 160
155 74
37 191
24 179
86 34
161 94
103 137
167 217
60 139
107 36
3 17
101 34
208 148
17 36
120 112
169 39
60 116
167 202
2 118
67 79
201 182
131 64
196 71
123 31
117 78
89 137
46 49
224 141
149 119
206 30
52 101
130 199
1 133
162 81
82 193
167 215
99 14
8 33
207 46
74 87
77 49
2 87
2 46
172 79
125 18
63 93
158 112
93 151
226 99
2 183
78 135
147 12
134 136
180 57
163 92
12 75
162 182
178 75
108 203
193 161
4 84
56 108
153 19
88 118
30 216
34 119
185 155
166 34
133 9
42 5
28 158
95 104
122 225
19 187
70 199
176 22
54 218
149 75
182 81
149 11
191 152
189 0
0 74
207 58
189 110
121 54
166 81
200 79
189 85
162 24
43 223
0 32
113 208
201 108
122 74
32 123
164 62
38 11
152 165
223 10
89 134
69 155
106 200
69 22
170 216
10 72
111 37
220 60
13 134
163 83
83 96
146 62
12 81
211 117
59 55
4 219
182 202
18 176
108 92
37 36
216 1
12 150
168 153
189 214
224 16
62 172
15 201
191 21
101 191
174 63
65 38
13 108
87 42
77 66
114 125
173 130
144 140
187 212
175 11
138 11
210 14
91 17
21 161
183 105
1 29
124 11
79 198
222 139
37 134
206 196
223 40
189 1
75 56
62 31
165 127
89 208
102 85
18 162
70 92
152 7
181 169
128 99
151 95
80 162
157 194
43 187
215 214
121 72
165 38
11 203
55 134
193 92
289
118 76
35 29
79 58
118 176
7 62
179 59
210 2
30 34
222 180
37 42
16 129
216 137
169 13
224 11
90 120
61 159
124 20
11 129
113 64
211 199
34 10
212 159
120 9
47 121
166 216
181 199
95 181
137 143
109 160
1 147
205 75
226 212
82 41
199 202
178 196
83 86
210 166
158 23
214 99
35 181
197 167
82 177
218 213
16 146
105 110
203 29
110 51
100 84
122 206
3 219
222 216
1 8
68 63
159 43
84 10
87 18
1 73
172 87
23 213
114 201
21 60
8 183
123 6
191 21
210 21
71 66
66 24
41 35
156 96
83 1
91 193
198 68
131 209
19 196
226 45
48 105
180 173
204 123
119 54
11 104
143 158
150 105
138 20
159 220
138 81
21 91
148 143
34 143
77 74
186 208
78 128
72 110
137 23
91 0
59 122
169 207
56 177
222 137
21 85
215 194
104 41
156 159
66 182
218 222
182 65
164 81
7 89
103 43
166 176
199 201
187 77
29 116
25 175
125 58
148 68
167 29
104 69
215 105
208 86
42 119
176 216
74 54
121 122
170 194
208 140
126 105
189 85
130 118
113 99
76 70
49 8
174 47
26 224
45 151
98 80
1 117
106 168
201 199
86 139
157 93
213 203
13 144
128 36
40 101
105 109
90 140
136 173
155 51
159 183
86 115
136 87
46 41
199 194
120 83
50 33
83 177
70 177
61 51
82 32
131 101
49 80
216 223
29 134
222 217
195 218
9 161
166 34
167 7
134 24
106 165
113 223
172 186
196 197
63 95
113 105
204 75
46 161
131 47
3 70
193 127
140 169
63 212
189 122
163 59
192 171
202 141
198 173
72 149
43 84
207 83
47 64
39 26
46 48
113 25
102 31
31 220
39 145
149 76
35 135
160 33
224 5
195 97
121 11
123 19
113 206
69 104
109 219
213 13
30 139
121 8
178 22
173 46
162 27
192 155
107 4
71 157
162 9
211 25
133 158
165 110
51 191
13 77
48 218
41 30
82 211
98 51
187 11
155 190
7 10
165 77
140 128
161 143
3 25
131 114
179 169
183 94
77 189
186 45
105 219
123 225
207 225
7 209
27 64
122 123
204 23
137 199
32 98
129 211
46 136
127 140
93 180
50 161
158 107
143 36
118 224
164 45
8 93
143 124
56 52
143 14
214 189
207 218
136 110
175 71
202 9
14 23
218 192
216 35
219 223
214 31
173 2
73 13
112 189
45 172
91 29
129 151
182 54
89 157
189 20
100 210
226 64
115 226
128 2
0 4
99 178
199 171
9 169
110 193
130 83
