3017 7298
751 337
751 168
168 1837
1837 111
337 2995
751 2557
168 499
111 956
956 988
751 685
2995 2800
988 1804
1837 761
168 1822
2557 2604
1822 2193
168 2410
1804 2461
1837 1971
751 2132
1837 2043
1804 1155
2995 2488
751 2709
988 2499
2461 582
168 378
582 2529
168 1295
685 1184
1837 1482
2461 362
2604 1440
2604 573
956 1566
1971 2524
1155 2870
761 702
1971 306
2709 789
751 1426
2800 344
306 1541
2800 2295
1440 828
2410 1921
1921 1196
751 2115
1184 1791
1295 1579
1579 2994
1541 1333
2499 311
111 122
2529 2854
111 662
2524 2505
344 2310
761 606
344 1039
2995 2915
988 1806
582 1369
1566 328
2854 2298
988 1064
1806 2346
378 2348
2193 1732
606 1474
2346 1868
1039 1795
662 216
2994 2623
1971 260
1837 443
1791 875
1440 2398
443 864
864 172
2557 363
2043 180
2529 1602
122 2181
2557 720
2623 2677
2709 1548
2298 1238
378 2622
1155 468
1837 1786
2994 2695
499 1922
828 1937
2505 1232
362 464
344 1929
378 2469
2310 1957
2915 2157
337 476
260 1202
1039 1616
1482 2523
2043 2507
1804 2827
111 1522
2410 970
337 1903
988 845
111 961
122 8
2915 1835
2115 965
761 2163
970 911
378 2871
2469 1680
1548 2804
1837 1508
1868 416
828 2016
702 1275
2348 2541
2709 2004
1541 805
1791 1539
1579 6
1732 2009
911 331
2854 2065
1482 2155
468 1207
1522 1770
1508 1016
965 1456
2523 1967
2016 2387
1837 1096
2695 1115
1539 1778
443 2416
443 1337
662 1960
2995 2779
2163 990
761 2258
1207 1311
2181 661
1579 2881
2529 1686
1922 460
328 2610
180 2931
1508 107
1311 2297
2310 1277
260 947
107 2090
2507 2354
965 1442
1016 2394
1680 2606
685 1049
180 2221
1369 2265
443 905
1937 57
331 570
1804 2012
2115 2160
789 2048
1732 1441
2265 2675
378 237
2181 2591
1539 358
2881 213
1795 2106
1474 2548
2675 1584
1474 1393
2827 2890
1155 1128
2043 2803
1196 2928
1277 2377
956 1756
2090 3012
443 1214
1786 934
1064 1457
168 2563
260 388
828 617
2623 338
751 1386
213 1860
2181 853
1232 724
2995 1600
1202 1086
1539 269
2854 2087
269 498
1016 1301
2995 1144
2065 1966
2469 2358
1311 1430
1600 2017
1207 565
2557 419
2606 2572
2675 2747
1960 2849
2591 1327
1457 271
662 1063
961 1270
1770 2040
1822 562
2572 1688
2090 1100
2915 1463
1196 2546
344 2906
57 2413
1232 830
2881 2252
1426 2900
2523 48
2563 1744
1957 2749
1791 2840
2461 2735
956 1622
2398 2826
2994 1532
2157 2149
2155 2619
1616 29
2915 2750
2557 207
805 1573
388 2078
2849 1183
107 1351
3012 1303
2461 2625
331 2352
1202 2975
2377 95
2297 895
1860 610
2358 612
2009 920
29 494
2827 155
2906 131
2529 444
2604 185
269 1130
2346 2422
990 2166
2800 2109
468 2195
1430 1439
107 35
269 1452
828 1968
1584 2093
895 2578
905 1987
573 930
1584 809
1452 1300
2931 2806
180 72
2524 1285
1452 1583
122 1252
2377 2224
724 1062
1795 246
1482 1796
388 1334
1921 1754
1300 1152
1680 456
830 1659
95 2512
1232 2464
1277 2361
1311 1898
2090 1219
582 319
1898 1575
2906 467
1898 2897
3012 1978
864 1639
2625 595
2622 1958
1584 839
246 524
1115 2819
2354 253
2410 34
1039 1644
1426 2049
1238 2270
2157 569
2087 194
1063 2409
1600 954
1277 2935
2358 1552
2826 188
2310 129
2163 1213
720 1454
2619 778
1756 1664
194 787
2469 2643
2195 1150
1921 51
2410 2459
2578 2203
2149 938
569 2320
2604 518
443 1802
1219 2199
2093 1418
1439 2192
1922 1374
1639 772
2459 2629
1333 882
845 1765
2258 3000
1532 2189
2995 768
1202 2902
1921 2175
947 1125
1213 737
882 67
1196 2062
1457 1982
2606 718
1602 600
1285 2562
2192 1408
2854 742
2623 2383
2826 1776
1978 2130
1252 424
562 2434
2320 2057
606 2571
2507 2339
2524 520
1016 2094
2346 1842
216 1747
518 777
1295 1282
1842 2036
2499 2861
319 1990
938 1722
363 1994
595 1684
562 2595
2906 2374
1128 22
2629 2487
2062 2807
2900 1296
1573 2924
213 2903
51 844
2928 375
1327 1488
468 549
498 2497
2928 2887
2163 525
269 1617
1155 2353
95 2521
1898 1592
2043 1669
1063 2001
562 1530
2106 496
2017 2279
2524 1223
2297 1870
358 2796
29 2837
2221 929
2906 1032
1086 465
2890 2138
2078 1090
1482 2981
2297 2746
685 2613
2149 2757
1096 2428
2622 2816
1086 1785
1732 2475
787 2705
661 2159
1584 2672
1130 913
1684 2039
737 676
2512 2379
188 1561
1386 1012
194 2833
456 1269
2346 30
2849 1320
2487 2550
2499 2477
882 2000
661 1781
1183 1406
1130 1803
35 2427
2039 1355
2398 1159
2409 741
2591 247
460 1005
2623 1182
956 192
172 2528
1202 396
2796 387
864 125
72 2081
1457 674
2854 2511
570 2715
737 1515
2394 1763
1722 2162
1575 28
2224 191
1270 19
2043 914
2854 1020
172 426
606 591
2039 81
363 452
1756 1423
2803 690
476 2294
2871 1793
1584 1755
1793 2118
1602 2702
1301 2147
961 2455
1426 2226
1374 1814
1796 2851
956 1864
2488 1037
468 750
718 1044
1747 2996
122 2412
2475 1114
362 1321
1795 1621
358 902
1430 1414
1252 1657
2800 1880
1452 764
30 1852
845 85
388 1976
456 2501
1044 1264
741 706
2049 766
1155 1116
2507 1082
467 2044
1116 880
1765 1051
741 2474
2806 1846
720 1055
2166 3011
1616 2439
1334 1567
1982 546
311 1066
1474 2728
1868 1699
2221 2553
2563 314
1482 2202
1765 1434
1155 14
2548 999
830 783
777 2321
1791 1645
661 152
2735 1858
311 1363
1814 2033
456 1304
1957 84
1515 1620
2049 511
546 681
2705 2384
2807 2480
2203 2154
766 2775
1971 373
2562 479
1300 489
2994 2658
2001 1221
1207 1069
388 2904
489 1178
1754 2234
525 1977
1903 2910
2480 756
1903 333
216 429
1374 2045
465 2284
1321 1828
271 2615
363 126
2796 1052
1463 226
2619 1603
934 1599
2501 2264
29 109
2398 1838
2040 2828
378 1991
1957 1564
1327 2628
2902 1120
882 1446
2521 1318
314 2360
2130 1302
1732 593
1835 1563
2464 1917
2507 2207
569 1135
2488 68
1664 1169
1044 2865
1150 1257
1684 2814
1049 2335
498 2182
378 2537
1311 370
778 2498
2981 2815
107 380
1150 2970
2604 1527
1982 1625
180 1024
2610 855
764 3006
591 2330
68 1299
1791 797
1155 1199
2928 1382
2044 2324
1051 713
2870 1093
2410 1534
2477 1896
1858 1498
750 1160
2346 906
2295 1294
2715 462
2524 2588
373 927
1917 564
1214 1615
2016 1239
2557 732
1534 1268
593 1215
720 2232
1592 1246
582 1185
2181 656
750 714
2439 240
2804 1014
1066 73
1064 286
2358 2363
460 430
168 747
1754 1390
1684 1154
2294 665
2324 139
2004 759
2461 2037
761 619
2487 1008
954 1697
1822 381
1929 224
1441 1577
947 2079
2870 2721
2553 284
1616 941
2154 1077
2469 2948
2320 3007
1802 2877
2887 2191
1032 642
789 1551
2346 2314
1426 342
2000 762
1178 2484
2265 1237
661 1714
1333 2949
1786 2683
927 733
155 2213
573 273
443 1691
271 2223
1846 2866
2314 836
970 2272
1282 1862
1795 1685
1991 2050
525 2274
2851 3016
1822 2402
2199 835
1369 1469
2757 2536
284 1344
2529 1018
1374 2185
564 641
2079 2940
2705 1807
2613 379
1115 420
216 802
1219 969
938 1910
2252 1955
1064 597
2155 986
828 2435
662 2217
2902 1399
2339 2180
1232 2821
970 199
546 1313
1063 1544
2314 1769
2529 1281
1313 604
1691 1068
375 613
1804 1365
2412 196
1313 2676
1600 2716
1664 2267
986 588
1599 2596
1644 1473
2996 2891
1414 3015
1566 2513
2132 1045
2548 1671
759 1742
1221 263
2384 1481
2629 124
496 136
2412 2592
777 964
22 2261
741 1466
2252 2742
2548 1146
1442 1325
1154 1134
2261 2209
1852 2105
1957 2091
416 550
2394 1368
1012 3002
2310 1792
1408 1737
1806 576
1456 272
2138 1387
73 523
576 2255
2353 178
152 1829
1049 2659
2891 2839
1795 2689
733 2317
2643 1559
2232 1614
2849 2745
1363 83
1269 1612
464 1876
617 2472
2081 1076
1755 1486
122 1547
961 2188
2742 1848
986 1158
1987 1310
2213 266
109 1234
380 631
588 2770
2223 25
452 829
2199 1118
1686 1342
1559 953
273 1459
1215 158
1064 2734
2091 2292
2910 62
2040 2896
1522 1877
1333 937
388 1075
2571 2041
1076 2914
2550 2167
2166 2680
1434 1961
1732 2847
906 1117
1214 2158
1150 2841
2209 327
1393 2957
1270 2382
2896 1364
48 1655
2149 2765
681 2200
1792 2895
456 1511
1016 2539
3007 2602
2045 1723
1414 475
2689 1258
2109 2817
2622 688
3006 585
1781 3003
2434 1928
1793 811
475 234
2180 64
1977 2251
2702 1767
2335 2999
2394 872
2595 883
1539 1585
2115 2773
129 1827
1664 2764
2352 583
2279 2215
1020 2635
1697 878
2523 1378
2094 413
573 248
1822 2617
1055 1273
1776 1658
2487 2909
416 2564
34 2649
1390 2206
72 2035
1669 2919
3006 1477
1686 1468
2562 769
2814 1248
1237 1531
941 233
2619 1099
1547 620
233 1924
2896 2738
246 1597
988 453
2553 2315
2360 1626
520 1048
761 1724
2422 932
762 1198
1547 2899
2081 354
2226 2744
2689 2269
787 91
1617 2015
742 38
1552 1916
1991 1675
2484 279
1534 2876
2773 1483
1052 1201
2854 1071
2474 15
185 2645
934 846
2484 2302
413 900
2132 488
1439 632
1522 921
1744 1451
2819 2046
2048 50
2658 901
631 2755
2387 2834
2623 2967
845 1391
1184 303
932 1648
2377 1400
266 2418
396 1764
413 1607
882 998
2292 936
1160 1580
1541 891
1858 993
2981 1007
1804 2959
2833 1168
272 2069
314 540
1764 1138
1146 948
1275 1088
2817 1825
2896 105
1922 1314
2615 94
248 794
1302 1402
718 2974
520 2493
993 2844
1071 2242
2821 982
2512 2397
191 2075
1114 442
2434 2285
2629 2872
2221 2825
1898 2407
747 60
2339 2945
1090 1240
1246 894
2659 871
1457 2607
1686 220
1048 1556
1527 1608
524 2277
1032 193
2592 1521
1215 722
1991 2978
2324 2300
2900 1555
2379 2257
1548 394
1802 3008
2854 470
1024 1830
2523 870
1020 816
476 2627
2625 599
419 2514
1655 79
1602 2693
136 858
2967 1243
2459 2663
1365 1371
1522 2370
2488 2579
462 1529
1390 857
1160 2620
1159 1053
57 2233
2264 1878
1459 1759
864 2599
155 162
2043 391
1957 417
2418 686
2745 1341
772 2123
2702 859
1765 926
2645 2143
2716 2667
839 918
424 2457
1130 867
2775 2687
937 1582
2224 0
1488 2103
2750 1317
196 1132
3016 113
2659 578
864 1875
2270 637
2057 810
620 258
85 2446
2764 372
1032 397
871 781
1045 2565
2206 1340
1327 1926
1785 2072
1454 2901
129 223
51 2260
468 2032
685 186
1096 2208
2158 436
1862 461
1614 2126
2833 2574
192 2060
789 75
2279 1140
1304 2299
426 508
196 1794
2109 2003
1120 899
999 752
2498 1343
2223 1839
1118 1674
565 157
2821 572
2588 393
1714 1480
747 2929
2627 907
1744 1733
733 92
2118 2432
430 2767
2606 1228
499 2452
15 493
2779 543
124 2795
1408 2831
1968 1493
1318 355
413 482
1320 2836
578 725
2643 527
2513 1297
1320 1912
772 2125
109 2415
2900 20
1269 2559
2959 1216
1128 2504
314 1970
2499 302
2819 2316
918 401
2767 1746
518 697
2749 31
953 748
470 2085
2881 2318
722 1242
2512 351
172 1346
999 2616
2224 818
702 2983
2132 2347
1796 1298
777 135
1539 1194
2959 2385
632 796
192 2381
781 2692
1313 2727
2692 243
1077 2342
818 1293
1201 822
1365 2868
2940 608
1049 1905
1770 1629
725 1679
1912 2205
338 1156
2233 1186
2840 2364
2564 711
2602 410
733 1177
2667 2391
846 2913
809 422
1069 389
2680 1279
2871 2492
818 297
1063 1091
540 1349
2847 352
829 2554
436 2230
2948 1624
1228 1233
1304 2965
158 2730
549 825
2302 106
62 2898
867 2733
2381 1989
2413 2142
1960 395
1548 601
2548 784
224 2681
452 663
1839 334
2078 2433
822 2780
1184 222
846 1908
2364 2368
3007 198
1068 1113
2565 1197
1100 119
1477 1623
2649 1930
2048 1840
1451 1358
1186 561
1664 1516
1791 1932
2298 833
784 2522
158 506
2033 1718
870 434
1039 653
961 1836
2138 2129
2175 1734
334 104
631 2239
269 2080
1349 869
1835 1995
327 411
725 2630
601 643
1213 2263
1567 2942
2009 486
1337 2453
1664 1208
2895 2753
498 445
1120 165
1197 1212
207 4
2230 2976
2967 1861
2851 912
2046 325
2314 1255
2160 2518
2203 3004
870 164
226 1352
2457 1797
1754 2784
518 1420
2872 1425
1966 785
1917 1450
413 225
2851 1023
2374 1129
1216 2632
1279 1523
2115 1963
718 42
1669 536
588 664
2057 2236
2994 2907
499 1203
737 1831
381 3009
2232 65
2578 11
927 1449
2062 2322
913 1058
1989 2661
870 2867
493 1598
2294 2365
733 52
508 1172
965 290
918 356
1242 2997
2477 2359
737 2533
2903 2476
536 23
2840 644
1733 211
1177 541
2514 827
1724 141
1770 2789
2348 1735
272 831
2012 1696
1113 1633
750 100
233 1276
1580 364
591 2701
1556 2761
2511 1869
1155 2404
2217 556
947 390
2747 3005
527 1339
2476 1646
2876 854
2826 1455
839 2067
2457 2237
2599 1682
1555 2489
827 435
2191 673
2914 2685
2062 516
2163 2334
1434 1101
1068 1918
1989 1948
1644 2653
186 264
452 259
1639 2241
57 1789
2394 477
2744 729
2041 749
2081 2961
1508 2486
264 1043
48 968
1216 2021
2983 808
2518 1329
162 195
1160 807
1005 1253
1023 571
311 2386
2592 2097
573 2678
2537 1813
72 166
737 1757
2486 1265
2270 2911
1795 32
1987 826
938 244
1828 533
741 2388
1023 1061
1861 3
576 2555
1511 1667
2464 2652
2149 1856
2354 2698
697 861
2681 1711
1580 1720
411 1999
2854 2150
1303 242
2193 1036
1020 712
2555 922
1924 292
1917 978
1159 721
2661 2941
1544 1832
19 552
2814 1888
1932 890
1835 59
1440 667
397 2962
2514 2682
2518 1328
2157 2506
720 1175
2370 54
1248 881
1903 2527
2978 2590
934 2442
2997 2718
2738 1453
2189 2751
2318 1985
986 1717
674 594
2630 1604
84 451
32 2542
2533 2470
2555 251
2155 671
2870 2597
2559 2964
1720 2633
2521 529
2841 2626
2352 2798
1724 577
2733 1546
777 782
3011 1998
2705 1467
1194 1509
302 1871
2975 618
266 1762
1827 1478
2513 1881
2715 2403
2353 1470
2698 683
794 153
1968 1287
1454 2102
2180 2793
1908 2873
1564 1286
430 1428
846 614
2705 1649
2780 1936
2192 2719
1508 1290
570 2558
1480 261
1012 958
2821 510
401 115
749 838
2118 2703
737 792
417 2857
1446 2699
2342 455
2043 2249
1369 1491
1876 310
1455 1019
1684 212
1830 598
2903 289
1454 1611
2480 2438
1912 1784
6 2110
948 2002
2574 112
713 1256
914 795
872 2136
1470 638
1871 981
2387 723
2358 2763
2513 1013
434 415
2948 24
1682 1553
1452 2656
1735 1652
1478 1743
1216 1605
1449 1379
165 2390
233 924
2571 2111
1264 2089
2613 39
2435 2605
2683 2332
141 2482
2439 863
1285 884
2033 2850
1076 2038
1117 2875
1791 357
830 2843
828 1112
455 2696
1052 1647
1228 1247
1144 2624
2403 137
2605 1996
642 560
363 97
2314 1361
2150 672
2831 1707
72 2290
742 1980
2903 531
2996 2707
2675 252
1457 2095
2628 1512
2095 624
1329 971
1955 1690
2821 1332
2680 1421
479 1560
1840 1235
1990 492
253 1927
196 2144
2260 2944
2633 1458
2563 1900
2821 2932
198 649
585 940
1621 2805
2685 2212
1019 1356
1723 627
1270 1528
1878 1437
1248 1054
1785 2691
1560 2879
328 1543
2492 1148
1744 2736
1075 607
810 285
1744 800
1428 1873
3007 382
2692 1668
59 1289
1794 2726
2352 2268
2506 2034
2924 1681
358 2228
1273 2458
2849 581
1144 2845
2784 2552
2974 2086
2348 80
1523 405
419 1009
2236 1500
2742 803
1548 2581
1339 509
373 1997
1258 360
2155 2494
493 1153
2742 2401
2536 270
2680 1661
831 501
1477 1338
2268 555
1457 2005
1511 367
1114 332
216 1904
1548 163
1563 647
2342 2122
364 2064
1258 1689
195 2858
357 2351
606 1740
2861 1683
2909 179
1508 996
494 2441
577 447
104 1479
2900 1630
1178 1495
1371 892
2130 1189
344 575
2297 484
2105 469
1277 2532
1511 2502
673 257
424 76
1742 1844
297 2575
508 1025
732 1348
600 2526
1796 398
2815 241
900 579
248 738
922 45
1806 634
641 2812
333 1345
638 675
193 1403
1451 2669
443 2220
2744 2287
297 1952
2692 2250
196 1072
1560 2456
1477 984
792 2551
207 2246
2044 1643
907 1324
1215 1142
676 1826
1583 2704
2841 701
2258 1445
981 268
284 1558
927 5
907 2083
1626 200
1072 2916
244 495
863 2165
1140 2054
1112 521
1023 345
2997 1366
1592 190
1300 2436
422 1656
2899 1231
1186 654
2347 250
1186 2758
2501 41
1053 2808
2623 88
2793 275
1068 2862
2795 182
1929 485
2696 1847
1177 2783
796 2156
922 715
2017 2788
139 1911
113 2496
1339 1502
62 2567
1482 1436
2825 1550
2716 2058
2865 837
518 1606
1221 305
613 2700
1338 2740
39 487
525 821
2619 2538
1847 1419
1679 474
2217 2712
2324 349
751 1110
2377 2711
2828 1376
2815 2966
1481 1151
2875 1094
224 972
2206 2860
521 2006
395 2762
2385 636
2909 1004
1958 161
833 96
1325 666
453 876
1135 1554
352 1666
129 2183
1212 2634
643 2878
1968 2611
2528 1205
452 1078
1324 621
200 308
394 1001
2038 1322
863 2741
2523 1628
723 1705
2383 2886
597 699
2645 154
398 866
1148 943
1740 1103
673 1174
1194 2586
608 283
906 70
1258 278
2239 2179
233 1788
1184 2186
1082 2198
2703 1951
2457 823
2910 120
940 2651
2806 1401
391 1499
2849 952
1454 746
2297 1849
2504 1033
2360 189
2000 385
305 1772
777 2357
845 376
1963 2566
345 2714
2415 2247
2899 2259
1683 1472
292 1028
675 2520
415 1821
464 2400
521 2307
1910 975
242 730
2499 2530
1602 1359
401 2135
2180 849
1699 2560
220 2725
415 43
1900 1986
1472 745
2207 2059
1606 2467
2800 2218
23 93
573 231
2228 491
1295 2664
768 17
1747 2818
1868 700
401 765
1345 1535
271 2534
1602 86
2497 840
2504 2168
1500 2985
2643 1851
2269 1642
971 646
1062 2754
1986 2925
2496 2885
2916 763
1718 566
2779 1693
2091 841
2021 1816
570 89
482 1805
2394 1843
2803 1654
2534 175
938 1010
190 1065
768 592
2085 670
1483 282
2118 148
765 2024
998 528
1207 1915
1467 299
1691 568
2316 2443
163 36
1466 1886
2079 2549
2142 425
1724 2585
1178 1306
2138 2222
2222 1817
752 2953
787 2139
634 2998
1231 280
924 3014
509 2030
419 731
270 276
1172 2007
126 2022
1418 771
2879 2609
2166 2720
737 1411
1185 1709
378 1687
157 53
1582 2893
2970 2771
1620 101
2058 820
1297 1855
1239 140
971 1673
1480 433
2410 695
2552 1190
2163 1447
2652 414
637 1222
395 1818
730 916
1673 2640
1428 1954
1453 1902
2705 633
2277 1173
1142 1353
1707 407
846 1738
1786 1824
1714 630
849 1897
2297 1672
1871 2791
1116 2066
649 2331
938 16
1661 734
1579 412
2464 1464
1567 1631
2607 2344
1376 819
1600 150
2432 143
1184 320
1646 694
1954 2479
970 1736
2819 2271
1675 842
1611 1542
1096 267
1212 71
107 2124
388 1229
1270 1526
1597 530
1744 563
2358 1933
1110 2113
2269 1779
155 46
475 928
482 377
2094 1594
2089 2460
2087 1587
1400 1396
1472 2674
2139 2275
800 2343
1968 1038
2270 2601
731 542
2493 146
1228 2943
789 2794
1869 281
2015 806
1643 2782
1598 886
2299 2254
920 2874
493 1200
2222 322
1142 245
881 2444
1529 2510
1512 1261
1430 873
2270 473
266 2598
2017 2369
3012 2547
653 1059
2949 850
42 623
1009 985
1529 505
2964 779
2413 1890
2317 1484
164 1931
1831 2201
700 2888
2682 2759
24 1728
666 1833
803 1080
1851 2366
1655 2951
2860 1576
2097 1627
20 1721
1916 2253
279 793
465 1586
1648 1741
521 910
2929 788
2054 587
2530 834
119 1166
1515 1284
443 1288
623 374
1322 2337
2015 1609
139 3013
2258 2454
2900 134
1368 1637
2764 539
2086 2979
489 1074
1851 2556
2222 691
1237 2463
349 296
2512 156
1361 1923
1625 399
2433 2621
1024 1708
1222 82
1075 1164
854 1702
17 1210
1611 2990
836 2027
470 586
2913 2392
1916 1031
1118 1319
1642 2341
1778 2989
2843 2918
766 1027
1814 1308
498 989
68 1157
303 679
430 116
271 1636
940 2465
23 1435
1222 1660
1459 167
2274 2445
2404 144
1101 2838
319 960
1781 173
1980 611
107 2936
2230 1993
2467 1485
247 2099
284 1438
394 295
1071 2473
1838 678
2919 1413
2486 2525
2725 2204
1871 1651
2000 2769
2139 1588
1948 384
516 490
1232 1104
1625 2140
1855 2288
436 1634
1910 103
2036 159
2948 300
1019 1820
1734 1383
2069 2216
1714 183
1851 1405
2995 371
1671 421
2795 966
2093 2266
2746 2883
795 102
252 2855
788 874
75 1619
311 1663
1652 1046
163 915
2488 294
2513 655
527 1030
2200 949
2188 1109
2159 1692
429 2790
1839 657
2948 409
948 2589
2234 2644
2526 2958
2949 1518
0 317
1860 2642
618 2772
1158 431
2209 1525
1786 1925
2761 27
2716 307
1985 1107
982 1271
2126 368
2521 1834
761 1133
818 1244
2482 2061
2772 1950
518 1067
194 1381
2929 37
1634 2937
1201 2993
1493 2673
2826 997
31 1678
131 513
95 692
337 1895
562 2170
1630 2289
2470 1227
155 2362
2551 1694
2741 1260
2749 350
2126 2706
166 1494
2046 645
509 1753
867 313
1159 427
375 1701
1818 1572
2191 219
1667 2509
1423 917
2881 843
2895 2603
80 205
1603 1590
2803 1953
541 547
555 1460
1993 976
1151 1370
1673 605
299 1266
2444 138
2552 249
892 1777
1289 1034
485 1105
357 1725
1077 1972
1049 2303
564 2068
2741 432
2066 2573
1038 967
2865 648
100 2884
250 1983
679 1397
2876 758
2861 744
2075 471
530 2955
2062 1650
2180 942
788 1424
1440 2329
752 1060
6 2823
1590 514
795 441
2790 2863
1837 1354
93 973
1436 2722
2254 1330
376 658
2627 2304
233 2174
164 1490
623 1404
45 2423
1420 2923
2285 2490
672 815
1190 1710
2179 2430
2990 2406
644 1139
777 2161
2610 931
1178 950
2789 1377
1477 2922
605 1176
1643 1041
953 2570
2147 348
2862 580
2094 1506
2460 2082
1710 2973
2913 123
1864 1119
784 201
2773 366
800 341
1437 145
2754 1610
2687 1180
1066 483
1418 2576
1255 2029
1099 1810
2329 2411
401 346
1125 1969
22 1887
79 502
2298 1218
2477 767
1847 2670
156 2092
969 2646
906 1136
911 2440
1693 1726
496 939
194 1974
2560 709
1615 2325
2904 1790
1467 288
1989 1811
3 2933
1451 1677
2150 974
2621 1882
1288 90
2851 1220
424 2134
2499 2917
734 2429
1763 2117
1450 210
871 229
1587 773
1604 799
2046 1981
71 78
2387 2638
2385 347
3000 2367
2687 2786
2241 1188
931 1513
2287 481
2702 2070
2434 2042
2206 2011
1018 2822
2182 369
385 923
2200 2293
460 2777
2275 1083
284 1591
1998 10
2555 21
1978 1367
2855 2986
2730 1943
661 1461
1424 500
895 2395
2024 2133
1615 2797
1129 639
779 2748
1071 2340
795 1872
971 887
2252 1395
996 1236
623 1448
248 457
267 559
498 1006
2555 515
1627 945
2125 1181
1236 719
1449 2832
2494 2164
2265 1640
1898 1272
1214 1475
1448 705
2746 1179
2652 622
2733 1102
729 889
1548 2647
245 1350
2075 1766
1075 1812
1948 2137
1986 2688
1644 2568
2002 2291
2635 2127
2943 437
2509 2690
427 2600
1013 1538
593 1206
471 2810
1522 18
1231 609
552 2116
610 1131
2556 862
300 262
2493 2026
2532 2500
2667 448
594 2419
1926 680
2634 2393
2498 2184
2771 896
2295 1022
1044 991
1383 2417
156 1570
2886 1578
1453 2984
2026 1003
2720 977
1534 757
2754 2047
25 74
6 1760
970 1613
924 480
2777 2594
1766 848
43 2053
2365 980
2390 754
1678 503
1459 1891
702 1476
2993 2988
2459 2639
2780 995
2747 2421
1138 202
389 1913
2183 255
2780 1121
2772 2920
1327 235
513 2328
654 2114
373 2380
1567 2939
2873 2449
837 428
281 554
1434 2785
3016 2305
1018 2055
1644 2631
1239 507
1587 2371
1086 1505
2024 616
539 2056
2913 40
2738 2309
1657 2774
2401 3010
367 1149
587 856
634 2405
750 2577
2147 2717
1502 2809
613 77
2521 1360
2290 365
1888 2312
1229 2076
1518 404
1830 2535
1626 2636
1445 2153
1526 383
1397 206
1003 2108
2551 2020
2975 2799
1365 1143
2722 1000
1678 1283
842 1893
444 2792
2159 1909
2534 1291
902 117
2390 7
2916 2503
788 2399
2890 1471
1558 2982
915 1593
305 2618
1120 1945
1117 1056
520 1357
2572 704
2639 1857
870 951
2800 2478
1721 2128
667 497
1893 2752
968 2101
1382 9
1275 852
1925 652
2041 2210
1790 2313
1382 1892
1456 703
263 2231
1881 535
2429 2450
2486 2286
2755 1557
826 1520
1139 170
1252 1713
1453 2731
1143 326
1390 1335
2328 87
2050 669
2202 1944
2042 1315
2900 2096
28 2665
1694 392
252 925
2337 2256
763 534
421 898
322 2084
143 1375
2230 309
381 236
1622 994
1301 2197
1031 2587
455 877
2503 684
1766 1562
496 504
2264 537
2854 1050
1055 1106
2320 728
1159 256
367 151
1667 2169
1968 1809
2444 1444
1587 2431
2499 625
325 26
1096 1141
2309 2820
1344 2894
2358 1225
2134 1919
1377 1309
2268 603
225 1347
2298 2515
2138 1492
694 2466
2622 1312
1634 2650
965 1017
328 897
654 813
2698 791
4 814
1335 640
1281 1704
2247 1429
2477 1703
834 2963
2383 1124
87 130
2435 590
1692 121
535 717
350 2323
1937 1443
1424 2238
999 2654
931 2107
500 2176
1036 558
1282 1137
175 2835
631 736
296 446
2792 98
155 2396
2539 2063
1116 2376
2213 400
848 2018
168 1084
1186 1959
2232 2648
926 1596
514 1730
1090 1226
1376 2146
3004 1147
2037 1800
504 1073
207 2848
939 2280
1032 304
2863 1823
8 403
2688 1416
2749 944
816 1326
845 1057
533 1774
2351 2781
969 1775
546 110
988 1503
1158 2768
1788 2098
1846 1815
2706 774
1345 2
2496 1641
965 2468
2442 2608
6 315
2472 1162
202 2112
2902 49
2554 230
1368 2336
289 2120
42 217
785 2801
185 114
752 13
139 2852
123 2540
2923 2960
2565 2934
686 466
2510 2248
2757 1504
2157 1161
1022 2196
791 544
191 1962
676 2776
681 1427
201 1885
1840 888
2916 2802
1917 2583
451 339
445 1089
345 1081
1052 1780
1328 1372
2955 2987
1772 1850
2064 2946
1857 228
427 1751
2978 418
2675 169
125 2842
2080 2637
2663 2151
1951 1170
75 56
2412 2145
1980 1801
2985 987
1365 458
796 2148
902 1569
1980 1501
756 353
1225 108
2159 1384
1470 1267
369 2495
372 2739
2329 1394
1436 2244
1516 2710
1972 1514
2329 626
488 2447
150 2235
2640 2177
2250 682
1888 1956
1272 1217
364 2732
2759 2187
168 2668
290 2977
2395 291
1296 1665
2257 2219
1443 1496
1449 329
2396 903
515 2491
2966 2345
2875 710
2718 1070
495 790
1018 1653
2719 171
1043 596
700 1549
2526 2333
1824 1949
2689 1035
2835 1988
411 1489
2168 1533
1779 2051
1008 1731
769 1618
2315 2319
375 1934
2993 879
943 522
2072 440
2570 2724
2360 1799
1553 1021
480 615
1604 2912
694 650
967 851
1481 33
1804 1771
1291 2508
1394 61
2433 181
991 254
734 1254
932 628
1138 2052
360 832
2819 335
905 2950
746 1336
1556 2612
2200 955
2988 2956
453 1171
2565 1727
1299 1676
119 551
614 798
442 221
1995 2278
1443 1079
832 1537
2055 1635
2562 1787
856 298
2330 2864
1154 687
1821 1465
2909 2766
1583 1879
2735 727
1168 2420
2606 2938
1531 1026
2422 2425
2103 1867
952 69
2012 323
167 402
76 2373
1626 538
670 330
1787 696
2345 1941
947 2968
256 2813
2433 406
1499 1874
1779 589
1872 12
2759 2013
191 743
68 2787
2417 2019
2652 2088
1279 584
569 2462
1130 629
2613 2282
1420 1307
2337 2660
3015 548
2550 2686
2263 2152
1620 2262
1776 780
2605 2451
2640 203
206 1748
117 1964
360 1487
1225 1095
2142 2737
258 361
679 336
1721 904
1974 423
2772 2131
1041 439
2289 602
402 142
2407 66
2195 1415
361 58
1557 2104
2940 1245
358 1719
2735 2666
76 1901
2812 408
2914 2372
455 459
2932 2483
2770 708
2596 2778
2986 2214
2731 2178
2188 147
1573 1739
2553 2593
2012 1581
1358 726
2179 1193
2912 1906
330 1942
2795 909
2299 1601
2536 1087
1288 1432
926 184
2822 824
1268 2273
2208 2245
2836 2119
2396 1899
137 1407
1882 1187
424 274
1818 2655
221 2971
1400 2926
592 2424
393 1863
2659 2485
2154 1047
1814 2930
1505 1497
1622 2921
2145 1761
2758 2481
975 2426
2271 908
2044 847
1730 760
222 1316
1442 660
43 1262
257 2276
42 1422
2935 1510
891 2225
2050 472
515 2010
100 1167
761 933
530 1507
784 2448
2348 2308
2809 1392
874 1695
1987 2614
2940 2569
2103 2846
2539 2856
2508 1259
1472 1274
443 963
2832 786
563 277
544 128
1492 438
2813 553
2097 287
1521 2713
1047 2338
2668 957
300 1278
926 2194
1987 545
531 1545
669 316
35 865
2901 1331
1982 2306
1597 2991
452 209
2387 1841
325 2229
2600 2561
1998 817
1072 2408
2280 1935
777 343
333 707
192 2355
1226 1385
551 1706
2481 1729
229 2283
2594 2141
217 2859
2170 1975
692 1940
2839 1854
808 1758
2268 2927
2395 659
872 860
2084 2349
2609 1362
563 1
335 693
2754 2679
1921 1773
1068 208
1872 176
1075 1946
405 1638
303 2227
2849 1965
2919 127
336 293
989 1040
155 992
1355 1412
2489 2954
193 567
182 698
2579 1292
1450 265
1357 132
2902 885
2081 1884
1309 2350
183 2708
846 2173
1880 959
2987 1011
3015 979
16 689
2117 2471
552 668
2599 1819
644 1536
2340 1163
2665 1409
1585 197
2698 1595
316 1015
2252 174
763 232
2173 1845
138 557
1352 2531
2038 1889
1861 1380
1639 1433
1788 2211
370 2980
1327 2729
2601 1122
1409 1768
615 359
1634 1165
216 1388
1573 449
1533 318
1737 801
1836 450
2546 651
107 776
2571 812
70 2190
494 1984
748 755
2117 770
2596 340
2408 517
1496 2008
556 2025
1912 2073
1570 1992
1197 2882
1776 239
421 2697
1915 1195
2147 775
1755 2580
1881 133
1061 2375
527 2641
907 2972
2166 1568
1395 1752
2562 2811
479 2171
1151 2684
2081 919
450 386
2540 2301
748 1670
2660 2296
908 1280
937 804
398 2992
70 3001
2758 1249
28 2077
806 2829
1231 2723
2141 1907
2044 740
667 1230
2484 2281
384 1108
1509 478
1395 2028
1958 1589
2874 1973
670 1204
1901 2243
720 935
1882 2952
1948 2824
664 63
2002 1097
910 1431
2978 1250
2893 2071
2766 218
2139 1716
1656 739
1264 1126
2335 1700
1696 1979
752 1920
620 1938
1890 1042
694 118
1016 1750
2336 55
2794 1883
2027 2378
2338 1524
2942 1145
671 177
2858 1127
1008 1417
848 2517
625 1111
961 1715
923 1662
685 2311
401 1098
2049 1462
1899 149
1756 1574
2917 1808
2665 2100
1634 716
1908 1939
79 2889
1037 2582
2498 2389
395 2031
2439 1323
2823 532
1485 321
1893 2760
2992 454
2152 1029
252 2172
1778 1783
871 2327
2396 635
90 983
1553 215
1701 214
2143 1517
87 301
2212 512
1668 2853
319 2892
2107 1749
1415 2356
1454 677
1022 946
2018 753
1324 1798
1977 238
2953 1866
1678 1519
3006 2121
994 2869
1287 2908
2408 1085
260 2694
861 2414
906 2074
417 1571
1849 1263
2108 1389
1659 1192
1139 1782
2785 1123
2393 1209
374 463
571 2662
1941 204
2244 1211
347 2969
2457 2947
2194 1241
652 962
2786 99
1179 1251
899 47
1395 2014
1453 1632
2789 1398
1519 2584
900 2756
1628 2516
579 2326
887 1373
1108 2544
2529 1092
2918 1914
1429 1698
1202 1305
2164 1947
1567 574
2089 312
2234 1410
2130 2023
603 1712
903 2543
1835 2545
445 2240
1780 868
407 2437
2320 2880
2492 1191
1938 1859
993 735
2426 2671
1666 160
704 1745
520 324
1799 1565
152 2657
1713 2743
195 519
1201 227
946 44
772 893
1630 2830
942 187
847 2519
222 1540
1870 1002
211 1894
1187 1224
70 2905
1050 1865
1322 526
119 1853
2146 1482
2251 212
943 1147
485 1847
2101 1886
2932 394
1798 1851
822 1870
2639 2659
2432 1795
2836 2795
1677 2829
2626 2079
748 6
2375 149
19 13
2598 1394
2015 2095
1115 2973
1341 1465
1000 71
1918 1045
1980 948
959 842
1763 871
1362 1993
2476 1778
1219 939
1564 2469
781 289
784 436
889 2006
2546 2952
1217 2299
943 3013
690 1888
168 512
514 1446
594 1411
779 2205
1716 198
1589 1121
502 379
113 2372
1647 1707
1099 1140
310 1057
2403 755
2093 1801
1088 297
2086 1223
609 907
2023 358
2005 147
702 2730
2187 1849
1234 376
2659 2393
2713 129
1556 1503
2063 1581
1412 636
2650 2143
2211 2440
1685 1515
2414 1056
2982 1604
2468 2517
2370 56
882 1864
499 1010
1641 1308
0 2029
1399 1111
3005 1386
2709 89
1990 1335
1492 1213
1576 1085
2497 137
1085 1770
628 2059
8 2582
2020 1715
2059 2417
258 1562
2852 1184
2184 1222
1435 1777
91 11
943 510
1440 1204
1216 2138
1959 1355
1947 2377
1389 1964
2915 2562
774 444
727 1535
2890 297
750 996
243 2430
433 1666
1837 236
476 2658
1628 1527
2805 1500
2203 1648
2253 575
555 1514
706 754
2970 2012
2018 467
1949 908
229 1549
960 943
102 1712
757 1864
2622 1017
2301 1908
2576 2531
2764 2919
1383 2877
144 1718
1346 2383
1372 1392
182 541
1767 2238
2766 1439
361 1853
2192 1796
2219 2190
503 1072
1716 1029
1625 329
480 958
2959 2517
637 2811
2754 1374
809 1447
2867 1988
1527 1099
144 296
32 2544
2717 290
2174 253
132 2892
2997 1194
52 541
1912 1284
1829 2786
2121 640
716 1843
484 1500
1256 202
2046 1531
1155 925
1786 2085
864 984
1108 1862
714 616
1307 1122
1579 2969
2473 2548
1994 208
2802 696
835 234
928 1071
648 2264
1320 1735
1515 802
2284 1524
345 1105
220 625
2691 1801
699 1743
1392 488
2150 2303
854 2485
2218 265
196 2121
2404 675
886 378
902 1154
1682 1546
723 2664
2576 1323
631 1643
2906 505
2520 2641
2097 1161
1687 1138
915 2555
582 2443
2258 2922
1752 2854
1069 2761
684 2331
101 1135
2959 2884
937 1029
1756 2961
229 2140
453 1802
1252 1845
182 1854
2283 2686
1816 1308
880 2930
796 2661
1293 213
1602 2763
2944 1691
2365 2352
1363 559
1923 3001
1398 889
1186 1696
1746 93
2487 2561
2434 398
1088 599
1813 1295
141 91
1140 1266
2169 2267
1876 1184
1285 39
2882 207
2863 1070
1706 1171
792 1655
41 2334
442 1275
1574 931
2805 2662
2482 150
2997 1754
1665 2600
2047 367
799 182
658 2516
1966 299
2110 146
1564 2204
852 2798
977 161
868 1789
2613 917
20 1611
576 1025
2697 1022
908 1250
224 1046
589 2552
1686 2599
2927 2130
2297 567
519 2195
637 201
1782 2401
2049 900
735 2907
154 2987
1425 1749
2457 1049
604 267
2507 1811
987 2244
855 3004
2506 2609
1964 19
944 2874
69 617
2291 2954
923 945
424 1979
1339 2253
2067 722
800 1215
2375 2964
2654 1807
986 1410
2171 76
2269 1021
2462 1257
1121 519
1662 2073
2115 1765
2658 614
1216 1568
2206 1073
2467 384
1497 1262
2665 1724
2093 2
2126 2261
2514 984
726 2399
2690 428
1829 2383
936 1291
2378 944
1107 533
1147 391
2590 1109
166 2589
367 2432
2077 1168
290 1678
27 2045
2956 1776
1539 1576
441 1953
2877 24
2050 2372
1779 380
1465 616
215 2461
1102 620
1680 1319
1441 1914
1676 2450
2175 2681
2221 2580
997 989
221 937
367 352
2784 2113
1813 1183
1483 1092
140 1837
923 716
1982 2669
909 1231
433 2524
679 1636
437 138
392 1547
2590 1878
2335 101
127 175
2777 2902
2997 400
2260 2075
623 2246
2197 2950
621 1964
2034 2823
1920 360
501 2480
1041 1073
1585 484
175 1747
2853 721
1115 999
2115 1489
843 1622
2448 2096
439 942
2808 1212
25 1859
1107 912
670 770
1262 1640
1053 1515
418 1124
478 307
2393 931
1675 79
760 2863
3010 874
778 2043
2840 1266
2199 495
2142 1101
2107 140
208 2005
1503 349
722 790
2250 425
2211 1330
2991 1662
1591 2107
2676 1961
2371 2645
1755 51
2635 639
2160 2098
2373 1005
66 1488
583 2024
2738 358
194 2168
1202 877
2905 2460
1370 429
2524 201
1429 1846
2261 1271
1966 1723
1534 2519
1983 2627
142 6
2059 2909
2406 2643
2932 387
1040 2945
2180 476
2208 730
2611 1110
2805 2262
2761 323
2405 2759
66 1136
1368 936
756 1226
1258 2304
2879 874
103 822
2785 423
629 3005
1052 616
2640 1741
2666 1839
2255 66
2322 2867
2036 1409
2127 2695
2304 1157
2266 656
917 158
1366 1175
699 2985
1659 2394
1185 1718
2808 2570
1532 2903
2007 2068
737 1903
1213 1437
2908 2004
1954 1791
232 1175
2735 1231
1835 2260
1837 275
862 1034
1382 1246
1188 634
1592 10
2282 2846
2088 1457
2600 93
217 1784
238 599
1978 1486
949 1254
1530 2764
1735 1451
1299 1391
534 1885
1659 2011
2235 2710
2176 2259
2520 2208
2684 680
2495 683
1407 2233
2496 1476
727 1027
1315 629
1103 840
2799 808
633 1908
261 544
1734 84
1508 1471
688 2656
2196 1788
924 1300
861 2731
1569 1478
359 1517
1454 1009
95 2299
1077 2716
498 1634
2481 2720
1329 2772
2107 2308
1883 1192
391 1634
2351 1328
2375 1249
1107 412
813 2963
2059 569
856 972
2039 1812
1177 93
2050 1698
884 533
2001 1529
2315 568
2847 1041
794 621
2250 321
195 36
2640 130
1171 1971
2394 2028
656 1685
2923 1751
1368 920
2359 1278
2839 146
1238 52
1208 3
1952 2680
364 408
2580 2698
947 2355
2021 1477
889 1084
1515 2734
139 1846
1167 296
465 2637
2948 2328
1786 2895
242 2245
688 1741
2517 707
57 2445
1368 3013
1244 2683
2135 2993
1312 2684
481 1068
865 775
45 708
2130 914
1046 1501
2117 907
656 1242
1332 2823
200 1683
1392 1445
208 2075
1602 2955
23 1008
2387 1588
534 920
601 36
2238 748
1171 204
2897 2901
255 399
705 2742
720 118
2690 2723
985 1745
957 2729
2692 1511
2237 2255
446 2399
2433 301
872 945
2214 1556
326 162
606 169
1805 2000
2171 1793
457 1905
678 1786
2969 1574
2423 400
2535 1641
2433 2578
1086 889
728 789
952 258
2568 2422
734 1702
1278 2655
2572 606
2788 2482
2883 2746
2173 787
512 1247
2727 793
115 2514
497 2799
2653 686
2415 3008
2 387
910 195
2875 1845
27 2206
2698 2847
1709 1851
1398 595
909 2972
2660 1608
1089 1472
1324 1159
733 2941
2086 1294
908 1812
2832 336
1068 1939
2913 2039
1203 374
1461 2119
2 2507
1559 1643
2850 2902
2424 2007
2518 435
1436 164
2443 3008
1595 2629
1123 974
1163 328
2197 2787
2699 2194
2539 2638
581 1547
673 1661
125 1342
467 1624
2496 1719
1930 2967
2221 2744
2921 2437
2334 745
2823 2557
1020 2792
2989 2814
1475 1616
2854 1223
1555 2086
2379 2982
169 1103
1143 729
1186 2195
747 1354
1142 1777
192 1429
314 3007
573 2938
1607 2178
918 589
119 204
789 2620
2237 1946
2879 62
913 1874
1292 1220
2346 2061
1088 2183
6 2800
1937 633
1405 1538
964 2926
2745 1246
2887 2705
146 293
816 1398
64 138
874 1360
3007 1960
1186 780
354 232
1304 1598
942 2998
2859 2946
1376 808
2731 1646
1378 1796
1847 1043
1547 1975
1599 2078
275 143
668 669
346 1581
2994 1796
1354 1856
1566 836
3006 1788
2613 2812
736 2268
1360 1303
1240 2915
2702 2530
1595 642
1318 1411
1884 879
767 1946
1418 2248
305 115
2964 342
1679 520
2193 234
1341 1988
2975 760
142 1636
707 371
1523 2109
953 1380
319 2016
2762 1029
469 822
1373 1405
2316 1710
2559 736
2004 1469
1313 2386
199 1792
1683 1305
1844 787
1999 2078
333 400
2515 637
1357 1837
1541 2744
604 448
756 912
1276 1644
833 2251
1944 1713
1809 2268
1289 2289
2509 1441
1965 1842
130 1433
2812 2294
1923 2869
757 2657
256 2098
2990 2837
261 83
516 1769
659 50
162 3007
1455 605
1523 960
1624 1675
1018 1686
0 1154
949 2308
1170 1632
6 244
115 1372
174 359
116 2376
2662 1022
63 2747
3002 559
2779 1078
2058 2618
426 90
1355 685
1496 2086
1737 915
80 298
1392 2051
2519 2885
443 1117
2896 2623
581 911
511 284
2101 1269
892 2163
2624 322
2468 377
2618 1693
522 2734
1035 1474
2784 1732
164 1582
32 2146
2358 1764
2925 329
2452 1212
2621 1822
1192 439
1959 1713
1823 2901
883 2898
2534 362
1692 602
245 2603
1495 1496
1948 80
2218 628
2548 1138
121 2682
968 2376
1861 687
754 2592
255 1284
1928 1761
333 64
2250 2830
869 739
1523 105
1530 780
617 1041
1008 354
1119 2012
1461 1786
63 2908
2189 1460
772 2787
613 557
310 1889
2660 1852
2108 20
1827 2595
1025 2280
2985 223
226 544
760 407
1423 1255
1276 1318
270 2336
1116 1719
2941 1207
1635 357
541 813
2712 2529
1716 2890
679 13
3009 2421
1138 2784
38 2782
2890 402
1786 726
84 2816
2720 1549
2809 15
2179 2400
680 1128
539 101
1115 1103
2365 1303
495 2567
2948 1724
1167 919
568 128
2522 74
1465 1232
503 1036
589 2675
2839 1602
521 1132
1708 302
9 2180
1872 810
546 2642
860 242
609 100
1168 1935
2256 2829
1064 2877
1695 533
758 1683
1263 2799
2287 996
2821 1926
2065 2405
907 2978
1663 2347
2179 2107
1501 505
2499 787
2155 114
2424 2881
583 87
2305 2096
601 938
225 2442
2323 1809
1941 1281
2231 1727
2756 1837
1994 1689
868 824
2854 1473
222 2821
1073 106
2109 1046
1565 412
2982 2996
1873 2271
2402 736
2468 2832
1541 2989
2778 294
2869 1340
2874 1067
1291 1098
2232 2919
974 2406
920 186
1992 835
1496 1438
1721 2542
2967 223
981 2213
361 2861
169 2582
625 941
1280 390
1299 1591
1988 929
1378 512
354 710
544 47
1043 1779
2461 117
115 1088
903 307
30 2417
1417 1456
2735 953
3003 1735
2006 1390
53 2060
1847 1011
2805 342
2780 2611
2771 1453
2907 619
1733 289
593 2518
1506 2866
1819 1737
755 1255
1807 694
2680 1878
2993 1264
1163 787
2950 1149
143 2967
1865 1890
775 1978
8 1866
1396 440
2121 364
799 1104
879 1192
18 976
1158 2823
2045 801
102 2749
2588 2953
1925 1299
1462 957
1504 1749
2805 1400
45 2258
2184 2993
2406 2862
2528 1109
1334 1976
483 2911
2646 293
1235 513
2470 93
536 2241
586 1537
2515 652
299 976
1571 2625
852 273
774 178
735 834
2155 2147
1570 632
2558 986
2759 291
677 1277
649 2959
631 279
2268 1733
2209 2081
2510 1185
1408 1937
2143 2927
607 1455
1138 1087
163 331
2000 209
836 1963
2849 1839
1794 269
2510 372
1767 2666
2619 1353
312 2605
1981 1749
2239 2167
2926 1389
1566 544
3009 1845
2227 775
610 2176
780 220
757 1659
1960 1198
1282 1135
102 1609
1239 1295
524 103
2843 1964
105 133
329 2833
406 1702
491 777
1637 1553
2364 1236
207 1988
2247 1396
2440 2869
2119 1624
2793 3011
823 3004
1933 25
2135 2344
2563 2057
2903 402
1252 285
319 2678
1864 2561
1472 385
1685 1025
843 824
1578 2432
1022 53
138 433
72 320
1057 659
1845 641
903 2385
926 94
1598 953
200 2001
1444 1239
239 2697
2082 1540
2571 2443
265 2385
1684 2988
922 2421
2607 724
2645 1028
841 1089
1770 770
2106 798
2090 2927
1211 900
2276 1014
1115 1604
311 1182
1255 1023
1716 1110
1964 2539
578 2926
949 605
1979 2324
2391 1503
580 205
1599 2150
2257 1592
1655 1306
169 1668
1253 578
684 1806
2062 346
189 63
1650 1781
2538 2157
2560 2776
2209 2920
1811 1545
1300 2900
1349 1041
2243 2602
1451 2319
441 2759
1386 436
2665 540
1176 822
507 375
1987 1518
476 174
283 1398
190 2272
313 566
2712 1661
1642 676
1342 984
590 2110
1590 3002
2907 615
441 858
1906 314
1821 619
1798 1282
1097 1252
1697 2990
597 2246
2085 1668
1475 1032
1802 314
881 2158
2135 13
2773 1332
390 551
760 2940
2745 1827
1323 2205
2767 837
1558 244
870 2216
310 286
655 2690
455 2104
2115 1484
2358 2995
2181 1446
16 665
1281 2969
263 2969
2166 265
2513 156
2574 1618
2914 890
2072 2337
505 1176
1332 926
1420 1936
2 262
2216 2940
2107 1176
699 620
1658 1946
2975 815
1650 309
2641 543
2274 2103
1696 946
2521 274
234 308
349 140
2147 930
2229 2624
927 1126
2832 352
886 1091
39 1335
2436 1138
414 275
2089 340
2744 361
1083 544
2821 1340
2263 816
2014 695
1392 780
2386 777
1002 2430
2513 1737
2522 867
2753 2344
917 894
2972 2063
1603 777
2476 154
1843 1589
1979 700
2036 950
1100 130
298 1499
2248 933
2115 2417
1036 2505
1416 2638
2428 1486
1899 3
1548 977
1922 2140
457 2543
1531 1571
1666 625
2105 243
1524 118
2113 1820
619 16
2320 2914
826 2485
1681 834
738 1114
2159 2806
1457 2412
1217 2940
643 2891
2419 1422
247 908
1002 2332
2187 2848
2374 781
351 2870
1240 881
1365 2075
2785 1670
301 680
2985 2550
817 1769
1631 303
2635 1337
119 1609
86 2938
1501 2641
1468 197
979 189
1891 1895
1516 1442
1643 360
1975 2250
1771 666
351 1440
2998 1039
167 892
581 1638
2589 2682
2918 1911
1776 2137
2994 458
2832 1366
1306 2791
2949 224
162 2896
1019 1905
2131 2246
1004 2534
341 2178
1500 1332
1199 1473
1186 393
2274 2684
1906 2404
1468 1872
140 4
2353 1763
1499 2779
919 2603
2491 272
2912 141
2742 1806
2184 2709
1485 1300
698 920
838 2276
848 1585
1370 442
332 2145
1371 2621
1647 1098
23 1959
1785 2114
1377 1439
2838 2423
585 610
35 2557
2474 1482
1937 1584
67 857
819 1084
2831 50
1070 2318
2831 2443
775 860
117 2844
585 232
608 113
1576 485
2066 653
254 235
2384 160
2922 460
1120 2156
334 1166
2513 1407
1265 200
6 1990
432 1010
1027 498
1395 1
1301 1041
1407 426
938 444
653 1282
1801 1537
1214 1120
2388 1846
2072 327
1957 1660
2616 1850
1489 2774
1533 67
487 1616
1910 1708
2568 1424
267 1814
166 1159
572 391
1305 1023
2766 998
1527 59
2430 1053
1799 2682
1844 1499
973 1147
1873 766
873 2387
548 24
2906 538
1151 65
2960 53
547 2485
1270 166
293 2062
234 2123
1203 2495
2146 267
1462 2988
1540 2346
2329 2551
2227 2418
847 337
1612 1170
2305 1263
322 2322
2962 1723
2979 1718
1634 398
744 1262
1614 908
1252 2249
2385 549
412 518
1417 2246
53 818
2392 588
1741 2093
2408 2781
2562 2267
2026 85
2939 362
320 2347
1083 2012
1089 2163
2860 2364
2625 2038
1467 661
1374 465
2657 420
2016 507
1474 1937
2534 2483
1609 2861
886 651
2425 906
267 322
1056 709
1647 782
1000 1924
527 875
521 922
470 2263
2349 174
746 2189
976 1227
2772 1714
2655 2674
620 1335
408 842
375 234
2926 317
2537 2042
1783 679
365 1516
2707 2157
748 1540
1069 850
2013 1218
858 1004
632 1654
2452 2837
997 1502
2313 1539
1561 1242
910 1740
2313 543
2753 599
3005 1865
2183 1750
514 2186
1252 1539
2307 1474
827 861
1707 887
206 1622
2296 692
2659 26
394 1270
788 669
129 2928
1591 338
2392 375
1771 32
1531 875
439 37
2926 2155
797 2645
637 970
475 440
598 533
1188 2652
1832 2100
2981 2441
2210 2952
932 2970
2431 2554
1557 2103
472 1309
2166 706
2490 328
24 2457
2922 10
1032 2659
2787 2018
2358 1316
1222 208
916 99
787 872
1348 1232
1404 982
1354 1201
2174 111
645 143
962 365
2294 80
199 2623
2878 1866
1730 2902
1796 2172
2895 1615
2629 1070
1179 817
1179 954
1318 759
384 381
1666 1275
1455 2798
2699 132
1599 1756
456 582
2755 2995
1315 2133
1821 572
1107 2355
93 994
2878 1706
978 833
233 485
2760 691
1555 1512
2820 1947
1115 1002
724 2284
2266 1389
1676 1378
1173 1485
2517 1153
1231 1219
2647 1494
2760 1487
2868 139
1365 2926
2261 756
1154 427
159 1744
2385 1909
2006 2377
1795 1139
1989 10
869 498
131 2739
28 583
844 2126
180 2611
903 1395
1283 980
2967 1022
110 1523
3014 2941
1311 2929
1421 2523
484 1837
902 135
2474 834
2978 1373
1243 2604
467 1356
1845 1784
2654 768
953 2663
808 2486
2830 1301
1051 575
2179 1459
835 2988
2567 1771
631 337
565 1268
2630 2679
2517 2234
393 1622
1355 678
1113 1232
1373 2709
378 1224
2382 771
2124 757
2483 2884
2307 167
2702 1058
2027 2668
1253 1817
2522 2079
925 2958
2836 1701
2644 2165
2387 1920
206 1750
1276 2864
1317 2747
1043 2390
1786 2555
588 419
511 1554
1581 422
2767 275
363 44
2839 244
2428 1224
2291 2896
102 1914
571 1502
957 2488
1779 1081
1996 442
2177 1283
1955 2744
2274 2725
2546 2105
824 694
1785 2234
105 2925
378 331
588 2098
2788 679
2320 39
1405 747
1581 1071
2873 859
1813 1949
943 1153
812 79
2211 1153
2333 285
1806 765
2829 2780
2288 2541
2631 2520
1244 697
3 2491
2695 1049
2845 2913
2829 604
1416 299
2738 9
1295 2425
2693 989
933 494
670 920
2992 729
1627 1723
2691 1031
1670 2423
345 2633
1784 216
1429 1290
1970 435
2343 2520
1139 1049
2274 1126
2974 856
1540 1361
197 2896
2052 2819
213 1700
1069 2939
90 2401
1688 2026
2055 2540
2855 2027
1635 383
2455 2655
951 1432
2690 2624
1818 257
2832 2700
1569 2455
942 1669
1304 273
1890 2555
2942 634
506 638
2197 2096
2309 468
1593 1411
1271 939
1441 2783
2989 321
351 393
2742 871
1193 1210
1885 1201
1964 1802
1884 740
1781 958
2068 2443
2070 3001
531 340
2467 39
2270 540
2341 2728
180 1591
2456 1646
2182 2305
2235 1661
2146 2305
1527 1811
394 896
700 1401
2689 1183
942 172
89 2320
938 2671
2432 2114
2076 2778
1145 3002
2521 2461
2182 1472
153 1168
493 2373
155 2057
1783 265
680 2181
220 117
2910 290
2823 2837
1253 2345
3005 1556
548 57
2172 1891
2385 1466
2192 1758
2370 1871
974 473
168 2648
473 1303
2361 315
928 33
1304 2698
497 400
2905 1303
154 1423
3001 679
135 2909
1828 1312
854 225
807 1795
2636 805
2702 211
2798 1616
405 1675
2858 1162
447 1668
3014 2688
1477 711
758 1380
647 2979
919 2016
1035 2123
1067 1257
1482 1268
2164 1594
61 2410
2129 1587
200 1243
1186 347
864 337
1549 2607
2427 396
585 540
866 2177
2186 1855
991 1723
538 1407
401 1080
2193 2945
1218 450
2486 268
1849 737
208 2559
2325 142
2804 937
2197 884
2617 32
1541 821
1398 1155
857 1252
2533 1837
143 1008
1666 1368
1010 1561
2577 2486
1964 2352
2909 1841
1862 534
972 170
2443 1956
850 816
2621 1476
2622 945
710 2183
1111 2887
606 659
1715 2936
1758 2961
528 1536
469 960
2509 2005
1155 2537
1542 1240
1778 1765
2407 2425
920 2533
2969 239
2096 1995
2355 817
1770 2195
2818 1152
1118 280
895 1788
1649 2570
1768 966
2991 1921
2146 1043
1164 343
2119 1140
1848 1604
1335 1570
264 1309
938 826
1924 2953
696 2097
2899 2545
1574 1075
1072 2238
2635 2510
2495 2873
818 1603
1646 63
1867 1183
817 676
1355 1144
871 309
2638 1362
1783 384
2529 1153
987 1151
1431 2533
320 2849
948 1935
2579 1534
321 137
1127 270
2109 1272
2879 1173
2643 1100
31 1765
789 2800
2767 880
58 616
1340 1066
2455 943
2710 1658
1815 763
2546 1716
1207 1184
1432 1875
1425 2014
2773 464
955 1447
356 2092
1910 1240
1560 2867
574 656
2059 1181
2848 877
1569 696
1147 1488
2863 224
2411 454
1042 2868
539 2971
1334 55
151 487
1538 1136
2516 117
1407 1645
507 1346
1384 2947
697 341
2453 1992
1432 2247
1704 1049
1654 710
1383 374
1355 2838
2118 2951
1596 1667
2273 741
2311 2158
2216 889
2843 2997
2504 631
1399 2280
959 1070
1137 610
1003 2426
1794 1033
2046 478
2898 2398
2502 1387
2330 475
2382 2304
2330 597
399 294
1927 1213
1165 779
697 122
2228 716
2557 1290
965 2847
307 2661
2207 901
774 2634
2958 2905
147 550
1909 719
643 525
1983 2901
1840 1403
2492 2462
2115 2422
2944 1835
544 2625
2893 1137
2367 929
412 1147
402 1703
1670 2777
1360 379
594 294
262 2509
1427 417
1356 381
647 2182
2744 2262
462 2263
2686 2504
2399 983
767 1375
2681 1287
1305 377
516 802
2480 2724
1776 2051
2095 245
24 872
1223 1274
1749 1170
2353 2637
2717 367
2796 296
2378 2020
2503 298
121 2318
2073 715
1542 422
2044 1762
2124 2640
1914 13
1837 884
751 468
174 952
1929 2375
3008 1456
129 2228
798 187
2433 1036
2866 2339
2764 648
1118 1360
2616 2275
1321 1210
1217 1673
1412 2079
2528 2802
275 536
1402 1355
83 1198
1082 1924
991 1830
1563 1219
2350 2873
390 2119
2494 2502
1409 326
698 1078
1788 705
1240 1427
621 2040
758 2654
321 816
120 2101
1995 551
2108 898
2564 1440
96 1928
1140 1526
2231 1982
832 490
2533 2186
2075 1395
1672 1419
924 1879
1946 433
1796 1556
2583 2885
1338 1036
2161 2970
1935 1641
2465 809
2341 1912
1309 206
676 398
1914 107
2779 890
2290 2216
1026 2311
2522 1616
656 1368
2597 2817
2450 666
2328 1135
1480 1768
1595 162
2339 639
427 421
966 2552
448 64
1626 510
573 1119
2839 1930
1151 529
1943 1159
659 2022
578 249
1881 1976
1939 1713
2771 1263
436 1647
1196 1766
2400 210
1584 1037
188 582
2440 1372
2746 1533
1489 1634
2913 23
1817 2452
2685 156
161 971
736 1862
1391 2967
2106 2948
2790 803
1513 684
184 56
2568 2815
1010 65
125 1031
165 2495
1548 2093
389 366
401 2400
2394 1378
1965 2764
868 2332
1867 1613
2419 975
2683 2618
2707 2824
1196 2524
2567 102
913 2526
724 1966
1294 2024
3016 2758
2210 304
2688 870
345 268
293 1959
1277 2939
1215 2837
1786 470
2625 2279
1286 807
2004 286
2094 1411
2056 1630
2516 2722
2400 1628
2811 1638
1848 1586
1783 1332
371 1695
1960 2794
2965 191
793 577
24 2650
1717 2753
2480 826
1249 724
1073 212
1245 2438
1369 541
2846 1646
2792 770
281 1030
2532 672
1126 2029
2945 98
1534 370
65 1559
282 2362
2509 2673
2613 823
2212 860
0 1022
2314 2007
2542 1184
2892 1888
1741 1315
1027 2910
1119 1517
905 1262
1857 678
816 683
705 1798
299 1820
363 310
2063 341
416 324
2743 521
1059 1539
2097 974
1804 1994
15 2287
868 1132
1767 2947
1450 967
948 1347
2839 518
841 2611
2988 2487
1089 2925
135 2494
730 772
1597 2915
1269 1662
973 256
1648 2503
1025 2052
2769 1583
1787 1075
2971 1607
2063 1559
2663 2398
1089 2769
956 787
856 2008
809 1744
2063 2125
1152 2435
864 958
2997 1136
2760 1729
1640 2162
1191 485
2621 2091
1000 1499
1158 1588
940 827
1173 1576
385 2574
284 1888
1559 2803
211 2523
104 15
2578 2872
2897 199
2356 294
173 1586
183 507
1902 197
1686 1117
1981 2132
2863 959
147 1361
1775 2081
2417 304
1353 2505
239 1648
2971 2778
1270 143
1301 756
1049 2176
440 109
632 1260
2666 390
1599 1566
2980 962
768 2092
440 1684
2797 912
2164 1617
2347 2985
2171 1032
1772 177
510 2121
173 435
2665 2210
1211 271
931 2950
2247 886
2620 2822
479 302
2035 50
2864 281
385 2383
1211 1441
1501 295
2387 1337
476 2707
2553 2975
2936 796
2795 676
1653 830
383 2405
2422 2891
2458 1587
1966 2796
1067 1436
2732 358
2327 453
74 1504
203 1505
2273 332
1148 1854
1670 436
265 1530
137 202
2442 437
2857 1290
1451 1671
648 619
1871 1123
2786 401
497 330
536 195
1748 874
1774 2538
1439 1917
1054 1377
459 1391
66 2529
2266 2609
2978 1601
1442 2514
2237 1128
321 1943
1578 2921
798 2363
155 1753
2491 493
1774 1784
2842 2837
404 725
2836 2024
1122 2938
1181 1579
2730 1251
2287 1087
2268 2223
277 706
2921 625
1673 1623
125 526
2561 1625
1557 1404
607 2638
972 1461
1660 750
2091 1050
2991 2513
731 2657
772 1049
2258 1378
2913 1906
2232 2614
2535 2958
1966 2988
106 2581
1423 766
667 1643
532 2050
2977 642
2263 2665
2608 1936
501 2379
368 2586
2424 1374
2723 1220
1282 2024
470 370
1248 1563
522 799
1273 495
362 1565
1786 2881
879 824
2608 1422
1109 1941
1216 731
2669 1612
1649 2562
2614 2424
1565 2589
2483 95
1567 1433
362 897
750 1093
758 1785
2839 2378
1234 1078
2137 287
2435 2156
701 773
1567 628
1445 2442
1809 2
2006 2841
1682 2988
1562 331
2425 824
1358 990
2716 1951
168 2408
525 1617
2344 1318
2524 2414
2177 449
1691 1476
2034 1032
2118 1755
549 2239
2446 2363
2824 531
341 2740
1376 387
1208 1957
1820 1329
1451 2701
1634 2634
765 1755
1473 1292
2653 416
556 2955
930 1763
1284 815
563 1003
2449 960
2375 2084
877 2485
2617 465
1146 972
2707 1133
2337 1656
202 215
1621 1388
456 672
1402 2845
2368 2958
2160 2541
2594 2579
3015 1171
1347 355
1016 2426
2348 2414
144 416
1151 1225
895 1662
426 866
1955 412
1537 701
476 1431
1655 1714
2910 1309
594 2578
28 1268
2031 96
1873 1072
2399 777
2903 2954
2810 2539
703 1027
407 1615
2023 162
2247 1041
1877 2712
1408 2097
561 2936
417 2094
1398 413
2503 2375
2127 447
2854 591
150 2756
1742 162
1551 1572
2793 794
1063 1872
1516 2089
1849 926
1497 2020
2046 2163
1391 2681
2896 462
1901 567
1747 585
1043 447
1948 2581
935 1254
2518 2750
162 1830
1146 1238
1447 2202
2781 1981
725 1869
14 2563
1095 2936
1743 763
341 208
621 272
1180 12
487 609
603 718
667 906
670 1696
2126 2339
2106 2432
1427 1891
435 2812
2564 2054
358 2407
2508 126
1329 768
2314 943
1795 724
778 2971
272 1282
2906 1767
423 243
1224 1550
2232 3014
1015 2246
617 2112
876 2671
1733 753
2549 785
1738 72
2673 697
68 565
1728 1034
2991 2440
1058 2725
1155 788
622 2543
2168 106
2052 93
774 1357
1442 632
1042 1808
696 2981
78 591
2246 691
82 1110
2893 2769
2974 2422
1133 2327
1661 820
1890 2037
480 1606
928 245
2403 2874
878 890
2569 981
112 1869
2973 1905
1114 978
1386 1535
329 1236
2229 2807
1225 2226
250 1943
374 1730
1723 1357
2409 359
2541 1764
1886 1013
1543 1461
1420 1456
2939 1711
1796 25
29 54
694 1187
1108 1847
2465 1088
2122 2794
710 1144
379 934
2115 2544
1849 1170
1371 915
1431 2727
744 156
980 613
1653 2374
1969 616
2263 2394
2305 447
1927 160
2580 668
1099 30
1392 1151
2634 360
1070 2031
1020 1806
2564 1712
1293 1915
1427 77
2928 1284
2467 109
1858 0
1168 1784
228 164
1457 2976
2308 431
688 539
181 2087
2337 1830
283 1188
757 943
2801 122
252 2534
1429 1685
2919 2462
834 2003
1915 2259
2375 1415
2925 2303
161 794
2189 136
253 2905
2412 580
879 1018
1992 1345
2514 2262
2768 366
1824 1006
1102 596
37 1426
1972 1345
1464 1486
2636 2937
2097 1901
912 1785
413 2927
508 311
1203 2017
1093 2702
2642 2858
1321 601
2753 830
2135 1710
2510 767
144 2955
2347 1372
2192 617
2452 1531
451 1076
702 2257
1280 1707
2452 1269
586 649
2553 2368
1113 1821
2563 1112
891 1829
378 309
1377 521
2756 519
318 1194
2997 2884
2842 1630
724 292
632 201
2697 1593
751 390
1488 645
1345 2628
1142 1063
2790 2237
1812 1634
2771 2242
252 527
2606 716
560 1932
2014 875
304 2485
2599 44
2181 2766
2201 2709
2289 1335
277 2330
993 1423
1505 350
2363 924
2059 1108
2605 554
2771 2318
1148 1370
1886 1921
728 857
999 2370
103 1283
343 856
2714 991
2415 1722
2194 2882
209 1171
446 1589
460 1988
1327 880
230 2005
1986 1913
924 2547
2801 896
1087 1388
1159 1709
2020 652
1621 1393
1838 2312
2214 1554
1104 2516
982 822
649 604
2118 2223
1099 1381
1855 877
2232 2019
2745 1883
235 705
2581 951
2628 1795
717 2442
2283 217
2321 444
2686 1391
1502 355
1273 2745
1502 2660
1392 1014
290 347
2547 1536
757 1291
911 1303
1153 1355
1867 2586
397 1106
172 1849
1344 2996
1180 2678
987 153
2593 2052
323 668
2061 758
2435 55
96 2857
2451 2342
1111 62
657 2648
2250 325
2687 1695
1440 148
1126 422
2804 1595
1328 1697
395 392
418 1412
2230 931
2504 1720
2520 45
322 1124
822 1258
1421 1731
83 2772
609 2386
166 1473
1595 331
2665 1181
1332 2456
398 2987
24 114
2538 2042
1120 600
2135 1482
136 419
469 1277
1973 243
1448 2714
791 1261
3 2121
2044 2993
1027 1351
2849 1442
2564 1388
897 1552
47 1519
1221 2183
1498 381
790 2003
1901 2142
84 1786
2319 2251
2027 2684
1732 1234
538 180
2293 965
2165 938
2333 689
2827 2790
512 1325
750 2548
1659 1689
509 2668
2610 775
1482 1048
1862 2097
2056 2831
686 1395
1749 2983
893 1617
2911 1213
1458 1405
1500 259
2681 2883
823 2825
306 1725
462 485
2568 656
720 1998
1790 2763
3011 2096
1760 1462
441 2844
2755 665
1534 1891
34 505
452 2261
2197 2524
1373 1665
2370 1389
2071 730
1497 1314
2918 327
2204 1015
532 244
774 1710
1677 514
481 1167
1371 1295
2749 2553
1331 1279
1383 2224
1538 136
806 1067
2916 2334
2417 783
1823 428
1268 794
2505 258
1398 435
1835 1454
2765 2807
1390 736
855 2499
2960 336
1885 2058
1465 753
2216 511
1521 1206
2785 781
1001 2031
1225 631
872 1943
1517 1494
2079 126
1136 814
2119 1483
90 294
2554 560
2564 1072
204 2262
1843 2167
2045 2998
532 1129
2079 2091
181 1342
2214 1297
1614 1123
2364 266
947 1752
1253 2913
321 2102
1145 1675
2918 2603
1525 1332
2844 2705
2189 796
2128 1315
15 704
590 848
1944 348
1352 1123
496 918
627 933
933 649
1309 706
2127 943
2679 1891
2782 2599
2233 319
373 2911
712 1123
2603 2950
361 347
1295 2397
1135 2694
301 1113
1524 3000
1449 976
1371 3012
858 2677
2448 1631
854 750
1667 1659
668 2285
1434 528
54 2321
634 152
1024 2505
1856 2043
966 1527
125 1022
1688 2378
741 2528
1188 2342
1996 896
1132 1863
2854 2396
2707 2085
1450 1381
2823 1969
475 2493
2177 2925
1024 2723
2963 2642
738 268
2543 378
1272 2183
1609 71
645 2066
2570 1980
881 363
1711 1259
1165 2299
2649 2214
2786 636
340 1032
1800 729
1301 2602
2100 2202
1528 621
2909 446
1495 192
1841 2812
707 237
959 1613
2247 2768
1858 540
1749 565
2058 2339
1060 20
1216 1997
1064 1885
2149 35
1258 2196
2035 267
1526 1992
2234 558
248 1483
2915 1887
2672 1544
2933 2141
1612 1994
1070 1045
2055 2918
138 1255
1566 1912
2458 1398
1691 161
1325 1869
660 2773
1164 298
106 182
2969 2379
1075 2398
167 859
2020 1680
113 179
2754 321
475 1113
1771 2991
1807 978
2510 980
1177 797
378 2358
553 145
954 2230
904 2051
1716 1083
1274 2420
395 870
812 1802
1068 2446
2880 1362
461 943
1538 2715
2150 1795
2643 1482
1741 716
1810 1207
1353 1009
1744 1024
721 2515
1834 1991
2848 586
2611 1714
128 2348
512 2218
1596 2940
2130 1654
1330 2645
1691 458
1597 2607
1495 350
159 2079
2281 514
597 1820
2905 694
1856 2973
401 2018
1261 2520
263 1729
1996 1380
2272 543
1264 1072
2572 286
1932 1108
1372 1785
2702 2867
88 837
2074 1041
2972 2999
1088 2806
2103 686
1573 329
1538 1206
176 2570
1854 2722
2551 2045
152 832
1595 2949
2422 1982
572 2153
1832 788
1262 2858
2788 862
156 932
1678 2176
1166 2608
2959 1215
2909 2595
1167 518
2511 868
537 1989
2501 95
1268 1446
1678 941
1245 834
2977 2770
2756 2514
1371 2769
2929 419
1550 1747
2209 2048
1246 218
2976 2914
1597 742
1882 975
1873 530
28 24
1255 450
2995 2107
2595 2459
1077 1617
590 2471
1289 1113
1506 1817
2017 2947
1691 700
1902 1336
1208 1638
2714 682
2405 1721
2180 2646
124 1346
2247 259
877 373
1587 2148
1860 1266
2695 1349
825 2389
2782 2281
2214 2928
504 2675
785 734
2891 1166
1112 1450
792 2257
994 1914
36 853
2785 1868
404 1206
2849 181
2731 1825
419 2806
634 528
1141 1453
2698 146
528 1349
801 2540
2314 2026
2706 846
289 340
2733 1116
1636 2491
1497 2118
261 2959
506 628
1984 2584
1928 561
2293 1067
1254 2148
2045 768
851 631
1226 1057
1943 899
507 2121
2938 1130
2057 237
1941 1129
1558 2818
298 1205
2662 1161
1256 2193
89 436
2338 1343
85 552
2933 1696
2964 501
627 1922
659 1173
1711 767
2367 1246
2844 1719
590 1195
553 2117
779 1321
537 639
2587 62
2459 2615
175 2923
1943 2831
2540 1026
1862 178
486 1505
2609 1124
1211 1309
790 2010
866 1871
2768 1327
2347 267
1921 2227
2828 1908
1031 930
1321 1280
793 2482
65 1569
1572 825
2802 2652
493 2259
798 1584
2842 95
2259 2229
2452 2724
855 700
2567 1559
1590 104
2317 2482
1166 799
2529 1199
2678 1023
2598 1225
2475 509
3007 990
2714 2071
2912 252
551 3009
101 2722
629 2249
154 2792
1707 2066
1050 1533
1209 657
439 2396
2500 1890
264 1006
2785 1617
2062 1665
1375 622
306 2030
2831 2631
32 1093
1937 357
967 2959
1239 1836
926 1302
782 1244
79 2723
598 1523
1374 2191
473 2669
1935 674
423 2040
2611 231
2619 1502
2524 1723
903 901
1731 2638
207 2597
2190 1153
1304 1897
909 860
385 1246
878 2758
2300 2084
2350 3
963 1983
1468 2073
2607 1307
1906 395
1420 1664
2498 737
2850 35
999 823
1749 1268
2323 2054
2579 1489
378 395
2622 603
179 1680
1160 540
1350 529
2587 882
859 918
1502 2728
303 1130
2664 323
1106 652
2029 1682
770 2089
2708 8
1830 312
909 1732
2997 607
1886 2689
394 2395
2722 1667
2898 2275
1722 2637
2848 2406
201 1110
1205 2830
1448 1710
2431 2520
2897 1199
2125 1475
1439 851
1247 549
840 2286
1989 1172
2093 2592
2874 1531
578 909
388 2747
2995 2298
2570 493
524 768
2416 1079
1470 1410
2164 850
455 296
94 195
1165 1896
2804 1846
757 2787
2944 2871
504 1700
116 1274
680 2459
1274 2736
1255 2375
1971 1715
1792 2845
2386 899
1726 2077
1923 1567
1708 697
1777 2943
1349 731
2973 1098
1855 1225
404 2162
938 1783
1701 884
2534 1008
416 108
25 522
1908 1911
2738 263
1839 1079
959 2421
134 1555
93 2209
1815 2205
926 2849
1119 692
2117 2996
1879 1960
1421 1525
2881 2922
312 1457
2876 1388
1902 792
794 48
493 95
1975 2065
2587 2916
2086 206
2567 1761
2067 1874
486 2272
205 1002
2825 1001
154 1348
22 1939
1359 1786
922 792
1945 830
2550 1406
2728 388
1933 2840
1750 927
2166 437
2960 65
3006 2732
1842 1920
775 2113
1730 2143
914 1466
2132 6
181 894
2575 1224
674 1536
840 696
1509 2329
2824 1111
1384 2037
63 1642
708 2788
2541 2963
743 2507
2344 2296
2958 1591
1387 1228
2535 1724
1535 569
851 65
1469 104
833 344
569 628
877 416
1417 767
1887 2610
2907 760
1768 2420
420 180
1230 946
2063 2963
2490 1838
1712 276
1441 2842
1519 232
663 1895
492 1583
1992 593
2386 2776
2187 959
2413 2651
1422 2505
282 1122
1117 84
194 595
921 1626
2188 2456
2803 2085
2329 2570
2777 2131
1890 457
1202 682
2631 2488
1983 8
2700 651
745 1799
377 2199
149 2627
2155 1951
743 615
1528 1899
2815 1073
2536 2591
2690 1182
990 1422
2613 1188
343 2042
859 338
1971 2806
528 1564
626 2318
1556 1294
304 1640
1086 798
2458 1443
225 2348
548 45
1911 1241
1850 1322
1199 2866
2343 1121
1127 110
1390 1700
2481 253
2846 2570
1894 574
1433 1783
503 2128
1458 1518
2808 935
392 2598
1956 1924
277 1113
1956 721
1356 416
443 2499
1213 1330
249 600
2314 311
1202 676
2559 622
1840 1500
1907 80
921 2110
1761 1325
1257 2147
476 819
2918 2538
1452 2981
504 2721
2161 1745
1967 1930
1094 2426
1948 1147
779 288
2722 1460
1553 889
1877 2002
34 761
1189 311
2273 2911
2710 2087
1549 49
132 1669
2876 1700
2942 1681
2827 1759
1277 706
1438 1718
1716 2693
287 2305
406 2412
2392 1412
520 2790
1277 2591
1935 2243
217 1504
1046 1757
762 2079
268 101
624 643
2454 1566
2338 1573
1001 1494
2884 2293
547 2111
151 1311
1182 2441
162 213
1014 1313
2118 2556
1579 1466
2552 1605
538 1783
685 2036
625 2976
2910 689
1473 313
156 1700
1524 2640
1073 589
1885 2700
315 2970
2650 1090
2592 1440
884 1688
1959 1167
2778 1683
758 1607
1651 1185
2774 2504
479 624
2807 301
2101 2155
2867 1283
1157 1293
216 1463
85 74
2746 442
1519 1003
2127 1392
2413 2494
1254 1644
1548 1735
378 893
502 1944
2070 2403
54 251
2795 180
1322 2547
2094 429
1995 1551
1633 2195
2944 1711
1463 994
1934 474
1698 939
1531 2412
2129 904
2200 1236
2471 1096
1621 1194
1741 871
2298 229
2738 778
509 1168
700 2199
560 613
1433 99
803 317
1654 2652
126 2161
421 94
2420 563
576 1778
3000 1201
2422 1340
2146 287
1448 1706
843 2216
1007 1355
214 564
782 917
1469 642
1957 1143
2297 1258
559 2110
2502 1026
1648 2704
1453 627
794 2201
460 2419
1733 349
1553 2592
2609 725
191 1848
835 272
771 2410
2631 576
1535 2911
1711 2381
622 1837
2848 1587
2662 2514
2013 515
3009 2609
2448 1595
1705 1072
2135 1049
1495 647
67 393
1217 2224
1500 2977
2057 285
523 2301
1739 2475
442 2916
1648 2841
2263 1975
2082 356
1694 1783
327 1238
1100 648
773 2671
1133 2172
739 599
1687 1601
439 2586
2350 1084
2960 1792
2114 2616
2770 85
2291 443
699 2028
2936 2631
1323 1992
2365 2720
2244 1855
2658 736
1824 1836
2903 2641
2063 2060
1318 2024
931 496
435 1355
2757 1404
976 186
556 275
2500 2389
2445 2456
2749 978
561 779
1691 1401
2656 1517
2500 28
447 158
1476 2768
453 779
530 2524
2282 28
1710 2231
1748 1888
855 1782
1519 398
2805 2554
1701 706
1066 1605
1865 990
899 2575
2157 1025
2019 2515
1476 532
1192 1565
1243 1190
1285 2639
495 53
1303 2540
2313 1820
224 1390
2648 2710
1712 433
978 2583
1539 2502
1515 324
1899 925
1304 2774
939 2984
1169 2966
1065 305
2595 1430
1504 1850
2562 1095
1943 1016
2967 2744
2635 932
44 1811
904 2662
159 2199
2473 1136
2754 2240
943 270
433 1500
741 1294
2704 1932
1356 2541
1755 483
1588 888
1699 2422
2079 344
320 2091
396 1095
2290 337
1107 886
1907 2077
292 1884
1691 2122
194 1645
208 553
2692 277
1776 667
1557 570
1143 1938
1030 1852
1118 2128
1656 2447
2977 2194
2063 659
1465 1454
2893 1603
2442 707
1975 2629
515 1581
1179 2095
798 1242
2846 1712
339 1156
2145 2284
3012 2587
973 1121
1572 1740
1763 2487
285 574
1720 782
2540 2122
2254 1867
1011 1385
2281 219
925 1130
1708 1896
2668 1484
1488 1447
662 1065
1198 2896
513 372
2914 1967
2461 983
2044 1383
387 775
1178 1176
2990 2907
1298 656
1205 806
2198 1847
1096 60
1279 413
1309 2723
1994 2908
2430 48
868 87
2277 1674
2642 1262
1228 172
2390 151
1299 2986
2309 2256
2902 213
713 2478
326 2210
2688 1097
884 655
2422 2003
898 679
1847 1839
1619 1049
1895 725
115 463
1386 442
2634 28
598 250
243 1682
1754 619
4 1682
1668 1025
2795 255
682 635
2118 969
297 1818
479 1740
2003 68
2104 1331
2089 1429
2846 348
805 880
2762 1613
2307 437
159 1020
2629 2547
1427 2313
6 1066
2 77
109 579
2714 1825
90 1071
515 406
2763 758
2416 2965
1563 679
1164 2439
1393 1684
3 1768
1853 327
1648 9
1038 1908
2675 361
779 39
1365 782
2629 1129
262 2134
872 1653
829 713
1356 756
1069 2086
2375 2912
2661 1682
2566 1571
2723 837
1922 58
14 623
1208 300
203 1600
494 2066
885 2556
1311 492
688 2956
1633 778
2186 208
1552 1209
8 1047
1258 966
1905 1041
163 1619
1804 2130
659 2017
1460 985
2427 1976
2960 2616
2721 845
958 1722
2373 1302
296 792
267 169
2397 408
988 2108
2341 948
626 429
1121 644
2654 2197
1016 2358
1882 2245
1224 3001
62 2199
1760 1270
1741 1565
2225 2752
2623 2168
921 2965
1083 2365
1393 409
1376 1418
146 1192
1100 1121
267 90
1336 240
1976 2951
1199 2225
1460 233
2168 953
1744 1361
2916 953
1119 1827
2119 1749
2695 1829
1982 5
2715 1317
2868 1146
1569 2362
51 2081
2069 1310
1438 299
2010 1399
1842 15
1537 709
2829 1716
1295 2453
175 368
2525 1156
2937 812
897 1237
799 62
2805 885
2817 67
482 2483
561 1409
1962 2850
2059 2579
659 853
2088 706
771 984
915 1945
2941 1043
1973 2841
1785 2759
1387 1022
1382 2613
368 2408
2100 250
641 692
1149 1969
877 2578
307 504
1409 2956
1123 746
2480 473
2952 2084
2234 441
1899 2892
1969 2482
2586 1032
1799 1978
962 2043
1601 76
1049 2279
1798 607
2625 2750
2848 1247
1932 2364
2648 1545
1379 46
2043 788
1007 1983
2534 62
2398 138
1109 1213
600 74
1151 2195
302 648
1006 212
2473 2166
2231 1118
341 118
2301 2929
1607 175
1031 498
2909 1486
1236 2112
2404 416
788 2361
2220 1038
614 2263
216 2748
772 1903
2359 531
2539 2183
2356 1024
90 1538
101 387
2595 401
1788 2986
2046 1275
1707 673
399 2518
892 2860
2874 2162
262 1121
2273 2747
478 1625
2520 1100
47 2891
265 2225
2303 614
2935 2585
2414 708
287 2402
2200 2390
2891 2905
2305 176
1096 2927
395 821
138 1919
566 533
1028 1898
2972 686
1386 1010
1317 340
1852 613
2692 1581
1428 90
2271 2860
861 2377
1126 13
2392 582
329 2587
2412 2378
1662 1494
2436 2986
449 3012
2771 2619
1721 2578
403 2605
1871 775
294 548
132 2265
1917 1715
1495 1684
842 321
2002 1100
1440 56
2907 255
1646 733
1837 2820
1279 791
2960 383
747 112
1125 788
146 2679
1436 365
1212 175
1154 626
756 1089
2244 2050
195 924
1380 1231
2044 760
2117 2328
64 364
140 1433
1840 2676
1285 2974
42 2815
1686 1795
577 311
881 2840
1115 112
827 631
598 156
347 1937
1765 888
2857 279
2762 821
640 2151
1344 437
2593 2725
2441 1102
977 1995
2701 397
922 478
1233 1806
2170 3002
1933 879
2296 67
1700 2130
2540 1274
2658 502
1163 613
42 856
2932 2241
2508 2402
1989 1867
233 2854
2316 1126
1993 2819
2146 120
550 536
2228 539
2115 2842
1839 2911
2445 227
1515 2328
18 1719
2813 918
2310 118
1817 2752
476 991
2319 1508
947 2404
2425 861
2177 452
1575 2443
821 1014
445 1382
2832 2878
1715 1323
1252 3013
1115 1708
53 1930
1381 765
2163 2860
1077 276
1250 2526
2143 2437
2518 2742
2768 1438
1382 2158
2406 697
127 380
1339 1332
1568 1654
2113 536
2354 336
2354 437
1673 1522
2101 1966
2309 594
1776 138
145 2518
2224 1488
1842 3007
249 952
1474 1254
2408 1438
117 2144
695 1514
654 2668
921 2688
2628 2362
1767 11
2087 1332
1353 1978
113 1436
2934 982
1960 1632
584 2164
84 1321
116 1007
3013 267
1141 2249
1453 2186
521 1341
2656 253
2934 2297
2373 1313
1324 1176
2968 1278
221 1101
2717 2287
436 1347
1827 2428
23 1352
745 2806
63 1077
2636 739
2739 1515
641 2125
1565 2507
1750 1624
2158 1218
1176 525
98 1830
213 1685
2214 885
2635 295
1891 987
811 206
2729 1312
2187 2307
2784 1796
2483 553
2535 579
553 33
1243 1960
2534 1157
1255 381
739 270
106 2327
589 1586
504 2636
2590 162
773 59
2710 1931
1027 2762
1374 11
897 1180
2591 1012
1491 105
1625 1202
1948 1851
495 2678
2323 1841
119 971
458 2724
506 632
712 208
1889 973
665 3010
2649 1333
2211 12
2912 60
2313 2681
1791 2964
1302 2172
918 1624
2346 1981
1791 186
78 1406
2023 2367
2431 2149
2716 882
2737 2212
2780 841
2634 2994
838 513
1089 244
2279 1491
1573 97
2123 1284
488 1106
2334 22
364 1229
1682 2303
731 1793
1882 838
215 2241
1911 2698
430 1185
2575 92
1247 898
235 897
2936 1461
1111 1536
230 2133
2645 2713
1619 469
477 98
1813 289
378 952
681 1969
97 410
2242 2348
848 460
899 2986
567 2023
1105 2371
942 2095
1104 822
2602 43
2136 2438
168 260
2185 577
2181 1610
2046 2974
1576 1873
803 2528
2486 493
1652 1886
573 2563
2756 903
679 2088
1811 1813
2608 854
1190 904
2192 841
2734 16
2044 1033
2753 187
878 1718
1817 2110
2114 446
696 901
733 1543
2515 2337
2114 2803
753 1092
2273 2539
2110 1238
1178 975
2644 1082
2957 2092
2373 1868
2917 304
566 2069
2710 511
401 591
12 367
678 52
1483 373
2394 788
1859 760
1264 2206
1805 132
684 1519
945 2360
2809 2182
2647 3
2293 2423
2727 794
2381 915
67 2930
2972 1655
639 406
946 1080
893 2071
2133 743
1681 1019
794 1550
1954 2575
393 693
1434 1430
1336 1370
216 1957
1176 1802
2020 24
2108 825
2311 2043
43 1670
1611 2870
1462 1378
1523 2224
1958 808
831 976
2421 1344
480 2581
907 1615
2608 1341
334 2754
2908 2523
1715 914
2335 2540
270 2487
2187 1223
1849 1757
168 677
1661 2765
2900 2300
33 2092
2103 2114
2633 2442
2157 2299
724 363
779 1746
2486 1386
656 2360
2621 2360
176 426
1322 464
941 1439
375 143
1396 1664
2990 1888
2385 430
1824 1321
1809 392
835 83
42 2617
544 1367
1211 691
805 1964
665 925
413 2324
2801 1024
1845 1740
1644 2516
2549 963
2073 1578
2146 2715
837 297
78 1103
1236 2255
1081 338
802 2182
2017 2661
2805 1311
407 1100
442 2677
2002 1143
433 1063
1268 1250
2749 1844
26 938
984 854
1644 1708
1789 1079
258
534 733
556 236
913 498
309 2156
893 1725
2069 795
2834 373
2485 2476
2519 123
1644 891
1980 168
2131 2780
2441 361
1258 223
838 2962
2490 2282
931 82
825 2906
1243 1541
1422 2676
355 2622
1325 153
203 2282
127 324
481 1387
60 866
1847 2351
2731 914
37 676
848 1859
829 162
2455 504
2809 170
2909 1915
138 2814
567 240
2910 2084
2087 974
1357 1280
2473 2910
1130 492
2628 622
1543 1079
1973 1316
1161 2043
2688 521
2965 1502
2752 1102
169 2334
203 1443
2770 1812
1239 1021
2324 715
1265 1614
1511 2426
2318 36
994 2578
2622 2340
2082 1913
2078 2116
2872 510
2624 994
401 1704
291 1725
1140 1466
2734 2093
778 2962
2438 1581
2638 2086
1137 9
2901 652
2629 1910
1155 2643
660 1846
2706 797
1958 1627
2999 1915
1621 599
2955 1201
2779 2611
2465 2202
2996 1855
2594 1247
2894 2980
2603 2698
428 231
810 1438
1522 371
172 2302
530 2719
1338 1390
1107 1807
1648 1139
361 642
2541 1224
266 2964
17 338
1411 1227
797 2217
2256 1156
2159 2482
1371 2028
1352 624
1291 203
1590 2478
1286 1930
1091 30
1238 2683
710 718
1544 1646
2400 470
1682 1412
2186 840
2931 806
2019 2986
168 13
2763 349
209 1123
1475 2856
2845 1800
2640 454
669 2318
1436 2995
346 419
159 2337
2286 961
647 2625
354 1857
1650 174
2243 1782
2043 1536
65 2033
1631 96
1588 2416
887 2389
330 1300
1740 886
2386 446
2054 1535
1353 1546
2522 1545
2412 2336
1713 103
473 89
2168 1541
2702 775
1043 886
1386 592
1529 859
2687 2081
2749 705
323 2183
1736 2558
1846 2728
2941 480
40 141
1959 944
714 2570
134 1660
2708 69
1780 484
531 317
695 739
1801 2192
279 2804
1458 2836
443 143
724 2422
2927 2420
2442 1429
2322 78
1349 1414
2606 2511
2005 157
1129 1625
935 2105
2521 1215
2267 499
1966 380
21 2241
1303 2028
1364 1033
2506 1880
1084 2874
2288 1981
1849 2829
2610 116
2940 2331
2049 52
322 812
1947 2850
1639 2088
75 88
1676 1656
1093 1843
677 1788
622 1685
1985 436
635 1588
988 1524
960 1752
1206 2234
494 2931
2755 1328
22 390
481 1406
2361 792
2341 815
830 2540
913 2957
1434 214
2881 1763
1551 1032
1892 1454
1090 2886
1578 2455
1480 2015
594 1753
1671 661
0 257
1758 2045
1603 886
100 1224
1522 2246
562 3012
2296 1299
1377 2965
678 2537
578 1821
2541 2190
2987 2541
1263 2083
1532 2989
1251 1317
1323 885
1928 1435
2179 2533
942 152
0 2603
1700 2512
2393 1306
1027 598
9 1560
261 2788
2737 981
22 969
272 1554
1064 1204
714 2139
444 395
2733 659
1753 1102
23 2115
2884 2979
2797 1408
2869 2282
1145 351
2628 1778
