2002 6001
617 924
924 967
617 481
967 620
967 166
166 565
565 589
967 758
565 774
481 493
758 48
924 849
620 804
967 554
758 619
849 261
589 553
849 922
48 707
924 472
493 568
472 249
707 925
589 199
774 467
472 98
967 398
481 594
594 826
481 604
619 235
594 935
925 680
620 399
589 337
48 583
707 969
849 640
481 151
553 806
680 796
804 775
707 655
774 626
849 319
589 745
249 927
199 89
626 266
399 34
48 411
467 866
98 473
806 945
774 172
775 41
655 212
583 310
640 879
481 808
849 268
849 555
935 303
151 585
707 222
555 168
168 873
493 661
199 8
589 686
935 217
924 951
261 549
849 92
89 754
399 622
310 335
166 832
640 152
619 252
935 770
620 83
335 729
473 780
826 176
754 367
266 270
398 875
619 409
367 67
166 828
622 981
172 476
583 228
472 983
680 956
729 171
98 357
922 562
337 345
411 408
399 900
879 886
775 304
408 225
828 533
222 333
228 988
562 247
48 180
583 453
622 80
849 195
945 786
235 433
473 182
235 186
473 324
935 482
927 68
626 544
176 17
935 681
409 759
235 191
622 374
925 862
922 902
951 714
217 130
681 390
626 760
886 699
568 452
199 343
729 687
335 288
493 227
8 572
92 580
476 627
80 137
228 614
195 648
775 407
357 391
983 973
661 413
714 259
319 197
228 755
176 143
879 813
67 86
699 64
614 701
41 784
622 189
775 362
900 890
832 665
481 33
472 342
973 431
554 835
481 525
804 823
983 108
342 703
922 798
572 503
983 418
680 385
411 911
703 630
472 358
770 599
390 105
866 241
565 598
152 723
80 738
241 917
661 797
875 518
391 294
655 824
41 654
411 215
554 842
17 662
804 843
333 811
969 744
784 513
34 127
681 807
108 801
843 566
565 682
86 600
738 114
398 509
661 329
745 850
927 521
472 192
391 519
729 75
594 284
68 99
288 389
648 858
589 232
630 702
850 740
105 275
969 926
549 316
268 219
585 963
168 265
232 883
784 207
399 530
738 69
738 4
186 666
798 42
589 282
594 401
981 964
186 697
681 36
775 185
176 668
530 795
130 395
473 371
304 693
622 980
832 145
682 353
98 88
866 618
472 524
622 653
566 117
395 366
951 586
408 895
114 354
653 9
843 135
770 872
358 327
798 420
661 623
114 897
583 320
801 280
627 746
981 209
926 498
806 691
222 929
925 181
600 103
420 881
342 558
796 267
701 753
452 43
294 603
600 164
951 416
886 734
922 621
207 859
232 830
249 45
362 110
130 382
521 455
316 95
249 334
103 610
431 183
36 577
431 414
88 94
304 292
859 718
842 506
519 904
362 721
130 896
890 511
804 432
620 933
95 314
261 508
924 248
801 947
327 470
586 184
319 867
367 351
662 369
92 864
832 957
481 307
333 704
41 921
653 915
915 381
324 488
324 809
619 257
963 959
620 112
401 676
759 278
249 402
826 882
828 673
661 262
746 436
668 44
34 72
775 997
555 61
493 787
265 628
583 966
282 93
835 819
676 144
619 178
307 60
580 639
787 315
648 940
922 876
270 330
371 943
92 496
759 884
585 173
518 245
64 281
431 913
890 606
316 860
4 974
835 475
980 948
681 218
145 678
259 129
823 526
618 540
983 22
48 930
784 434
947 424
416 751
95 903
248 765
798 645
807 224
897 885
681 899
467 660
145 531
807 124
168 534
137 449
181 757
89 848
525 427
304 920
600 125
686 299
842 54
859 255
218 53
475 972
920 949
744 142
951 364
980 187
882 179
44 893
804 863
342 18
353 490
270 815
83 663
786 211
661 563
911 10
740 728
668 887
600 581
572 289
963 16
972 283
61 800
896 417
754 438
72 546
951 995
343 425
248 750
885 11
648 545
795 857
431 892
983 984
774 121
699 932
64 878
438 26
518 711
83 120
327 23
566 803
105 155
329 715
283 939
342 115
105 931
259 161
598 706
289 591
125 789
981 607
60 107
358 743
926 810
34 296
686 368
493 231
508 163
267 792
218 844
431 571
757 221
571 443
904 157
562 344
511 56
988 667
4 576
943 971
562 461
534 216
221 485
687 846
183 394
620 169
221 269
252 165
661 907
416 877
639 15
183 32
166 290
798 444
249 3
231 909
319 559
758 781
626 923
192 597
455 378
280 379
518 561
60 422
16 575
957 593
86 733
568 285
729 65
257 574
571 139
945 764
832 109
997 55
378 49
135 160
222 273
681 651
900 210
842 200
89 226
98 373
872 123
54 328
65 312
759 658
164 205
284 136
129 982
449 52
385 836
3 908
42 263
640 76
668 405
924 717
364 272
160 888
980 419
364 794
810 675
248 732
56 712
764 293
795 274
316 148
660 338
103 852
166 841
926 167
546 528
697 203
519 435
589 447
324 141
371 442
879 625
165 742
114 731
660 644
15 106
876 564
668 955
920 868
774 953
217 507
549 393
43 47
746 111
345 713
759 736
866 46
195 78
115 355
604 550
418 767
983 582
176 584
354 695
490 483
413 480
797 556
973 871
983 629
835 934
526 720
945 79
245 936
997 532
809 891
798 457
807 59
896 198
329 468
343 989
461 428
758 515
866 632
651 233
871 311
436 856
351 456
270 487
794 448
746 608
487 611
988 321
296 276
33 831
424 426
373 260
678 39
982 302
867 491
860 730
780 504
892 2
676 415
289 326
666 27
971 501
661 633
34 960
168 287
408 573
891 306
137 339
534 756
844 132
639 679
511 505
321 535
171 502
306 708
786 970
956 396
711 996
289 690
294 912
875 238
219 119
95 595
398 370
344 542
711 684
879 615
65 596
266 861
675 952
687 522
438 592
530 40
224 605
248 352
846 772
289 962
358 652
171 35
61 938
930 537
663 31
953 91
151 914
521 612
627 412
750 158
426 246
755 865
515 410
731 471
662 901
693 816
828 818
32 25
23 497
573 631
189 538
662 234
343 489
780 100
989 84
226 406
289 991
178 783
152 539
49 905
540 649
949 536
41 97
72 961
218 196
490 71
544 954
511 441
436 979
564 636
272 101
181 802
948 96
119 325
378 356
303 659
576 642
221 656
811 58
519 977
826 28
67 827
757 7
49 837
43 291
521 318
299 486
631 237
292 805
721 685
800 762
558 641
907 847
765 423
402 446
92 853
932 372
857 213
342 683
907 635
760 19
549 677
31 514
427 170
381 992
787 937
815 74
803 254
981 62
152 944
915 147
715 454
815 313
419 616
819 671
137 664
628 822
205 548
819 223
442 300
217 477
342 365
381 512
354 323
394 814
482 825
390 403
864 236
129 735
850 462
661 874
960 309
100 688
981 725
59 579
273 305
409 392
666 601
262 727
199 906
807 131
392 331
151 785
865 839
518 81
402 722
283 495
961 14
641 551
216 689
707 851
697 150
408 24
933 190
966 779
72 451
391 737
744 128
401 20
762 776
35 889
521 384
416 376
496 214
612 694
330 609
884 377
649 709
31 986
252 38
872 669
662 520
54 919
563 696
55 201
53 705
167 156
482 993
228 771
896 63
241 286
136 244
413 322
893 220
426 341
825 766
490 113
953 710
418 208
260 854
259 567
755 140
498 492
413 719
606 869
816 465
528 510
55 975
818 880
682 747
666 258
961 360
818 855
245 429
665 602
472 478
137 650
960 118
665 494
606 763
683 188
509 529
920 404
891 251
652 359
107 634
553 946
738 460
544 87
252 724
394 769
356 85
209 154
866 791
106 590
656 812
319 397
714 547
558 387
609 21
926 102
209 430
819 829
973 463
379 985
303 440
238 752
487 279
188 146
225 138
342 840
294 459
31 928
612 845
405 987
265 126
263 134
72 739
807 799
636 66
399 821
341 768
665 698
711 149
577 978
746 748
854 400
967 918
951 12
824 484
800 552
371 202
555 445
355 243
115 162
996 998
453 976
382 517
528 670
251 578
225 239
111 965
580 543
470 347
10 206
521 749
101 204
334 230
732 253
824 474
856 349
302 741
970 297
87 37
166 30
248 910
274 6
878 672
748 317
330 363
270 159
754 647
425 0
663 240
329 295
572 450
512 375
475 777
841 778
678 50
903 587
259 870
707 834
127 256
202 999
382 73
201 346
923 469
517 716
400 421
385 613
584 838
594 516
398 788
635 388
39 833
113 386
589 560
198 277
71 301
80 479
764 271
48 541
650 29
184 624
604 13
407 817
795 340
979 557
687 527
902 646
618 790
94 104
465 194
952 437
261 820
595 761
283 793
751 523
829 383
114 916
39 175
451 90
755 298
927 638
993 174
900 950
792 348
434 264
802 82
304 1
338 458
390 177
173 942
139 990
774 361
638 782
422 5
677 499
608 657
25 898
627 116
932 133
524 242
337 968
345 57
242 70
351 193
277 336
164 941
81 643
53 122
523 500
173 674
896 569
896 466
94 894
849 77
330 464
461 692
394 51
224 773
766 637
639 588
792 726
673 229
622 958
745 350
828 308
537 570
712 700
847 439
979 380
734 250
263 153
31 994
193 332
272 322
152 759
837 711
448 998
730 7
849 459
174 989
63 400
746 716
465 832
461 838
699 851
195 43
79 540
952 155
643 888
76 19
249 143
430 395
456 506
971 622
5 557
205 187
265 226
780 704
198 921
92 836
713 436
317 203
890 817
98 269
619 393
587 276
147 538
847 136
375 981
140 666
35 207
839 341
137 929
176 127
101 892
999 79
943 981
172 570
204 293
872 105
185 464
131 699
169 304
277 251
837 593
246 740
294 372
848 369
86 46
348 849
575 448
776 742
690 919
726 693
726 337
46 912
602 583
198 354
970 955
225 511
495 922
118 366
415 363
339 18
498 941
643 966
643 563
161 286
506 969
225 393
346 452
682 333
844 245
801 238
192 640
838 667
929 616
797 167
48 546
630 239
674 446
967 794
822 729
111 727
607 702
642 671
592 201
832 81
569 461
253 610
564 261
631 352
384 115
109 75
194 393
264 704
324 186
706 293
810 398
829 947
182 770
56 269
101 143
353 21
663 958
61 243
24 578
558 512
747 469
196 495
216 147
569 838
156 511
24 608
870 755
35 467
904 150
846 687
576 10
839 287
781 364
99 357
887 744
750 482
471 183
729 455
287 880
516 557
49 998
522 820
773 235
461 628
73 116
940 569
546 183
285 35
51 106
668 84
776 445
128 745
760 497
762 247
493 208
465 783
655 71
391 79
355 809
39 871
437 182
851 293
738 342
927 840
332 25
21 744
976 137
98 755
779 588
266 269
826 715
747 911
49 28
837 130
993 922
932 589
932 464
981 127
699 771
963 739
968 577
423 356
798 121
907 645
437 126
741 26
311 111
923 463
121 146
550 487
577 275
950 281
699 253
575 538
236 111
841 515
296 412
774 330
377 367
418 547
814 73
802 414
610 682
719 519
348 306
425 410
510 184
207 351
251 96
662 723
876 285
676 986
413 841
554 291
686 885
188 206
718 760
318 607
13 999
202 203
195 485
176 912
876 986
228 89
585 576
309 147
784 456
780 507
412 427
6 428
510 286
379 279
627 444
961 464
362 478
231 863
135 749
864 158
542 109
345 354
915 687
641 187
203 601
781 958
160 808
295 454
108 464
538 936
331 263
450 301
340 221
770 457
39 653
296 559
799 645
959 874
153 214
996 882
242 734
632 644
153 988
594 863
501 99
596 370
772 683
317 441
452 966
491 116
191 287
235 551
792 149
881 89
198 557
844 225
417 928
164 736
140 660
439 744
962 394
908 489
910 893
654 630
327 529
392 157
30 269
842 103
9 813
715 96
533 67
176 296
815 343
648 619
238 726
147 873
425 548
999 987
88 266
518 226
370 242
478 227
608 919
846 346
651 488
531 1
183 638
233 619
555 912
838 266
109 540
987 794
625 890
492 335
534 212
272 828
651 87
147 63
300 89
427 391
835 480
369 887
623 974
498 989
698 735
237 271
634 302
271 934
324 197
843 201
951 975
2 227
77 658
769 829
243 366
706 945
315 313
520 921
893 25
647 40
311 185
306 906
396 780
982 866
7 564
849 603
242 716
222 541
311 726
304 165
169 709
624 669
266 241
998 720
71 611
545 20
246 626
178 682
274 146
904 270
183 266
681 854
341 776
532 106
402 614
240 618
250 609
261 383
460 312
823 688
457 144
618 666
727 775
310 43
987 659
931 309
142 778
182 55
726 199
504 85
765 217
256 78
177 396
825 190
965 723
163 770
835 391
181 47
860 142
626 214
235 726
742 826
939 376
389 646
680 937
828 370
552 691
286 430
748 546
810 921
311 169
263 144
424 387
988 475
991 826
475 79
960 726
972 350
447 782
22 681
990 702
100 689
643 504
171 112
494 610
299 787
381 144
697 978
985 774
55 893
883 260
243 631
910 913
342 30
260 858
160 143
931 30
759 573
434 746
600 86
175 302
360 995
993 897
19 325
719 322
970 32
190 758
481 567
347 89
481 379
753 265
147 702
12 528
806 54
848 156
586 585
599 747
911 205
216 59
821 349
746 846
849 555
976 189
445 78
752 853
538 452
423 629
350 684
509 329
853 17
700 561
673 701
395 529
869 347
713 223
262 175
22 322
794 93
94 665
317 587
804 407
434 350
178 597
188 59
414 629
524 740
678 131
685 99
867 265
164 692
425 809
135 467
61 211
32 118
265 75
27 719
255 154
118 868
91 134
395 260
168 670
710 462
854 820
77 25
142 574
29 462
665 41
743 66
195 907
944 343
783 586
136 968
221 518
615 99
951 86
875 501
171 821
414 430
185 323
927 222
979 306
672 605
320 892
204 782
184 866
354 461
8 995
536 539
863 822
618 37
505 465
62 647
71 807
590 56
448 404
827 475
727 580
737 489
183 727
929 64
821 22
854 42
479 65
310 797
208 66
465 351
194 443
956 35
94 569
355 652
121 988
942 205
435 791
918 495
465 578
770 565
40 890
644 29
896 827
935 301
378 636
129 899
982 328
180 267
575 866
892 475
504 582
223 256
821 386
956 346
836 489
964 551
470 31
904 233
440 282
234 887
903 73
349 33
537 970
397 134
531 68
343 775
907 198
126 550
227 68
660 742
204 743
600 438
556 485
280 971
662 734
908 430
635 94
923 791
326 398
209 310
480 389
256 597
783 590
569 867
538 618
307 12
405 511
326 962
290 700
370 916
881 448
609 740
853 662
50 623
975 474
552 137
935 763
190 961
386 212
18 245
53 224
23 24
870 597
715 130
238 981
29 551
949 456
359 246
605 94
141 630
655 822
550 724
588 197
186 557
588 996
357 937
353 402
348 222
601 390
553 716
841 152
785 343
385 926
384 653
529 919
824 185
992 411
900 744
354 655
213 166
841 71
823 108
366 399
61 19
12 256
491 769
714 351
189 200
774 821
583 186
538 272
73 26
48 618
249 725
98 431
789 821
676 537
579 681
874 162
445 112
970 886
43 497
486 168
692 65
773 800
693 244
908 974
761 938
774 483
285 619
551 293
747 429
760 96
656 578
103 711
404 328
531 514
956 793
65 617
331 107
619 398
430 365
676 307
783 632
861 415
140 578
449 848
139 998
92 759
113 475
492 408
14 635
876 502
480 728
101 478
233 520
1 865
661 237
418 345
516 917
824 369
588 336
108 126
927 566
544 760
878 284
57 379
204 611
282 174
145 230
725 0
58 154
43 720
833 664
663 27
841 683
987 756
406 895
588 868
296 743
319 69
705 522
733 995
197 570
521 986
633 682
158 728
544 182
329 690
290 844
298 385
461 994
206 891
943 218
169 510
48 737
447 279
493 566
59 434
710 638
333 652
656 409
787 483
693 308
356 956
79 338
396 423
266 586
379 454
387 711
155 154
878 93
366 310
33 705
794 993
580 899
824 802
675 992
380 496
368 909
485 608
467 588
772 884
693 359
102 533
255 364
698 917
895 715
170 165
238 33
691 893
18 712
569 216
621 328
91 341
993 144
507 828
790 334
261 996
532 150
634 180
723 442
908 594
756 417
827 976
479 102
614 473
228 189
424 699
718 920
91 977
83 586
846 795
785 474
157 602
441 886
653 855
772 693
124 232
341 304
109 732
367 523
726 451
633 465
518 451
248 730
975 725
812 841
251 900
692 598
561 847
892 257
50 690
373 454
492 907
703 340
52 68
681 257
35 239
279 593
272 35
699 940
885 997
74 708
308 134
404 275
772 201
901 761
517 286
530 545
584 511
499 287
851 378
307 16
271 662
288 626
552 541
326 407
486 318
460 225
152 300
779 387
551 931
150 623
824 856
898 656
89 782
965 370
424 593
446 769
514 98
121 752
595 566
251 80
772 401
608 435
252 75
929 211
346 401
606 382
226 870
0 692
602 428
181 873
982 711
826 506
721 906
720 303
548 569
8 681
583 862
375 366
11 854
617 689
354 878
664 862
333 598
8 73
50 194
852 393
988 751
783 108
812 871
932 143
421 585
240 265
620 629
833 808
426 722
217 978
341 254
561 508
259 668
493 246
944 271
613 711
965 867
888 33
198 186
614 877
436 927
277 213
589 871
405 245
58 971
147 12
360 163
120 741
152 39
540 457
133 862
526 567
844 125
947 524
670 219
645 164
617 666
589 228
344 261
823 343
490 653
658 597
458 0
366 234
970 918
906 773
162 235
977 775
585 653
502 828
451 617
454 426
746 471
352 440
845 904
998 352
678 85
297 686
482 912
812 69
746 586
494 660
888 312
913 135
657 851
125 226
414 539
457 614
325 884
661 709
585 88
777 742
94 989
111 313
932 219
3 99
387 239
453 975
662 510
308 206
997 123
1 876
449 25
527 191
365 865
258 986
465 73
732 321
499 524
463 300
178 934
261 938
696 167
667 422
523 113
105 810
653 310
726 92
742 172
870 391
595 885
182 796
645 202
858 123
542 874
278 551
55 694
593 458
285 940
251 987
512 996
453 19
992 284
446 107
556 975
846 158
908 903
222 99
500 529
592 516
599 257
80 75
967 698
947 216
718 319
325 576
410 612
806 900
857 230
419 917
460 552
355 714
601 391
779 830
302 251
394 112
620 229
709 47
52 925
385 141
827 887
155 163
667 586
897 952
996 38
562 856
242 57
530 811
662 159
494 393
466 216
316 983
226 275
897 958
634 727
367 670
391 57
922 688
412 450
323 885
105 287
708 176
279 999
487 925
842 806
907 864
654 461
496 815
563 70
851 678
827 479
979 364
816 687
91 186
401 867
289 400
644 264
626 503
627 765
635 725
822 865
880 669
725 68
277 128
497 820
71 180
558 623
476 979
727 821
262 129
314 431
356 420
445 714
570 923
768 641
58 525
908 622
227 251
187 951
874 388
771 5
519 710
51 903
462 180
84 685
275 115
236 543
807 959
294 659
219 130
201 914
263 485
176 976
793 773
79 682
769 11
314 421
411 226
317 417
849 199
209 299
966 803
423 290
126 132
741 924
141 986
761 754
253 479
14 788
811 934
926 497
859 280
553 105
459 90
147 59
117 381
841 789
434 444
607 921
613 267
448 811
118 748
924 169
220 905
987 775
845 463
597 317
899 455
21 165
184 734
793 382
264 921
742 423
444 148
300 214
801 335
918 514
722 568
785 173
174 545
714 803
514 765
240 282
510 171
673 330
831 344
785 782
25 503
408 805
237 272
128 556
144 871
268 398
445 805
906 51
165 555
182 453
672 357
264 80
661 94
919 542
34 962
652 899
669 5
422 726
452 715
456 411
981 520
987 443
973 530
201 315
31 788
242 562
809 400
939 418
513 471
924 569
83 417
552 176
967 334
192 669
424 691
736 0
505 435
14 845
449 494
10 881
298 900
777 937
112 81
102 207
7 613
726 495
676 674
915 362
209 734
449 303
8 70
171 198
982 621
251 190
12 915
855 247
716 30
997 568
234 408
999 739
839 533
175 996
542 450
343 106
764 350
755 109
702 936
328 716
918 327
158 460
458 106
624 795
763 387
600 903
15 759
805 217
697 308
12 487
954 615
305 522
797 280
383 539
362 934
459 320
246 507
354 690
258 371
454 987
311 525
161 474
191 683
775 346
638 204
208 27
166 542
748 732
975 81
891 718
709 103
497 380
930 940
434 212
61 914
568 650
854 735
763 605
732 771
499 438
864 231
947 540
343 520
207 114
793 540
55 463
655 708
966 776
344 43
917 929
332 562
540 399
29 783
356 620
420 355
374 533
32 716
687 736
485 976
215 15
27 597
889 97
233 329
520 74
677 623
360 988
179 174
968 841
552 455
640 387
97 155
943 995
778 475
404 249
168 529
728 804
656 734
781 350
681 264
387 442
512 399
256 418
652 952
550 253
843 711
87 932
372 529
507 466
780 17
502 20
390 251
121 187
599 819
126 36
964 65
459 24
183 731
794 345
40 830
28 586
509 257
617 974
927 822
540 322
734 713
653 755
453 820
883 459
729 620
108 812
334 607
637 917
714 405
43 102
738 843
920 863
790 72
30 240
41 630
979 794
803 602
267 199
994 18
662 692
359 431
808 906
14 919
158 139
693 166
545 97
876 728
95 653
614 77
780 580
60 302
877 370
358 127
911 614
261 587
18 893
744 671
934 381
942 44
844 692
775 76
567 991
328 808
898 288
54 246
91 678
972 913
994 153
558 624
525 573
708 251
191 961
660 36
565 854
409 705
955 821
215 760
78 362
789 633
13 740
606 987
69 658
707 318
185 551
514 335
622 8
66 858
450 937
167 303
844 413
256 9
600 440
685 739
565 517
376 412
132 484
978 326
741 211
210 415
905 927
455 470
201 156
358 490
21 117
388 265
10 180
991 723
506 12
181 688
623 191
38 234
557 685
152 326
241 822
380 853
931 364
732 156
527 286
437 21
538 759
514 312
550 446
342 643
224 226
661 452
913 601
228 86
492 665
921 208
604 132
877 329
739 192
103 759
667 455
909 42
333 865
151 510
256 127
228 294
229 384
823 626
361 869
293 636
127 930
873 235
194 541
730 815
446 430
521 333
829 485
969 68
197 893
150 295
530 947
351 312
583 315
433 300
793 139
481 158
736 597
660 638
639 727
556 631
222 452
340 964
645 405
789 426
672 213
862 373
250 666
970 202
96 341
799 355
168 625
503 236
378 680
846 783
498 307
703 688
681 665
43 552
306 751
744 920
969 842
272 370
549 751
841 553
605 804
385 814
279 485
426 960
258 167
53 562
561 583
730 192
618 391
55 18
951 382
933 521
543 345
163 146
416 704
639 595
898 29
55 696
863 430
981 653
307 729
372 307
201 677
745 232
224 518
486 397
45 850
87 661
124 109
791 538
619 701
250 231
680 244
657 459
175 20
909 829
126 730
613 586
608 865
535 958
115 8
191 3
131 371
338 435
360 991
241 881
642 218
304 485
103 347
538 330
265 937
987 633
437 906
195 825
879 991
225 61
822 484
545 711
480 489
530 156
610 827
136 153
320 983
651 919
861 301
91 484
769 515
838 495
228 772
201 284
564 842
592 802
831 65
809 36
623 714
915 144
795 613
418 26
14 699
707 897
257 23
269 307
308 110
964 805
597 356
746 500
887 806
304 459
996 74
313 210
263 664
175 967
632 899
259 795
147 71
396 868
555 901
141 267
37 910
62 738
742 930
579 704
591 125
230 155
415 586
60 33
935 940
840 359
354 293
763 509
416 877
535 483
650 133
82 86
945 638
687 119
234 908
808 578
536 693
209 236
898 621
221 77
263 153
834 67
357 984
601 846
654 550
981 536
761 293
459 620
321 287
674 74
561 497
105 985
538 941
593 71
79 69
741 544
817 575
642 878
540 267
295 878
428 265
340 826
115 653
97 48
645 902
784 993
133 146
238 208
853 240
990 248
432 718
3 614
220 193
381 573
557 907
826 505
447 478
114 138
203 323
330 830
651 140
572 585
20 324
950 954
426 504
563 654
437 640
662 267
71 426
128 879
647 379
261 272
204 184
464 101
946 322
21 441
404 544
767 482
805 330
815 65
839 513
403 306
947 193
621 96
457 345
29 484
846 47
937 157
915 512
36 918
665 127
794 496
206 667
411 932
17 752
602 858
348 30
597 586
65 941
750 436
243 300
335 314
88 7
571 810
658 356
976 589
894 274
32 312
331 366
40 809
368 708
700 926
886 508
842 464
591 437
139 414
294 412
749 562
319 577
80 237
897 278
160 462
859 855
136 173
566 218
987 161
174 672
314 343
758 772
530 832
441 419
351 567
950 596
752 558
764 873
479 395
524 742
354 759
946 201
831 490
755 100
551 529
313 676
633 668
836 212
12 809
944 575
343 260
338 356
587 530
500 894
362 910
713 559
744 948
652 891
965 167
891 57
851 665
825 145
799 882
673 836
132 268
346 714
659 305
70 486
263 574
490 718
889 685
850 126
363 991
378 604
283 265
758 435
1 52
789 849
762 841
876 971
483 747
104 806
651 738
662 884
3 903
163 490
475 711
463 84
804 292
197 495
658 740
559 821
554 110
439 324
17 120
776 632
81 559
53 48
493 19
273 370
647 892
248 558
297 603
17 236
213 604
488 615
598 69
490 124
963 32
269 319
746 845
782 92
920 44
280 597
915 535
589 212
494 394
628 817
793 407
35 190
230 667
886 340
272 11
336 844
527 741
596 919
32 755
827 674
172 833
144 358
817 349
941 373
128 118
650 197
2 707
492 729
69 454
790 766
904 684
102 538
387 145
298 764
343 600
900 656
377 820
175 2
778 518
141 648
505 425
530 312
367 585
500 21
568 962
235 782
72 84
147 131
203 282
784 778
823 2
832 501
862 614
905 792
466 379
764 508
628 979
177 577
756 274
888 532
615 728
842 12
741 168
727 6
200 380
946 731
176 791
513 298
767 837
451 361
725 628
791 983
623 656
948 721
518 567
360 367
639 104
92 547
359 426
534 87
257 149
197 362
407 567
437 274
249 80
466 720
430 618
728 525
420 262
290 696
626 651
340 341
258 477
507 622
760 797
801 329
955 696
493 994
284 30
294 234
257 210
857 831
786 645
397 571
30 104
523 681
724 169
117 750
460 657
114 775
663 657
364 685
735 775
138 382
996 866
416 995
648 296
862 761
354 288
420 211
350 429
529 616
400 430
153 651
258 77
21 701
940 248
279 507
994 10
783 28
697 972
690 802
499 64
479 903
542 945
617 28
402 642
178 257
496 540
62 895
895 74
129 737
429 470
78 859
332 172
399 324
962 606
596 488
280 53
461 35
461 230
998 204
603 273
680 884
889 240
295 62
801 389
167 511
606 583
394 5
969 663
317 302
64 970
446 51
108 855
684 111
242 169
544 419
228 290
15 110
731 610
37 826
658 545
561 781
198 218
509 707
25 591
983 474
254 995
674 851
692 986
10 914
855 629
724 885
35 653
395 427
539 303
691 404
692 785
679 331
724 955
210 600
62 656
335 155
603 994
789 47
779 743
260 953
307 561
120 993
487 787
684 648
799 677
252 501
750 726
956 920
328 54
617 475
276 887
7 533
181 438
691 700
619 16
384 230
144 626
268 928
784 658
399 984
1587 2000
2000 2001
220 2001
1442 1788
1788 1725
1788 1827
1827 1523
1725 1461
1827 1150
1725 1457
1457 1069
1725 1517
1457 1872
1872 1153
1461 1586
1586 1679
1069 1046
1046 1456
1872 1565
1456 1084
1872 1381
1084 1990
1679 1999
1456 1548
1150 1524
1586 1933
1069 1316
1990 1623
1381 1413
1084 1615
1872 1483
1084 1167
1623 1715
1715 1760
1586 1916
1167 1971
1999 1337
1565 1500
1167 1793
1500 1310
1999 1237
1337 1935
1442 1974
1872 1096
1793 1309
1483 1991
1442 1699
1381 1380
1096 1435
1971 1385
1385 1562
1623 1043
1999 1401
1565 1035
1153 1766
1788 1781
1309 1247
1623 1332
1461 1658
1332 1103
1679 1959
1381 1731
1069 1593
1679 1898
1310 1171
1457 1758
1715 1627
1046 1031
1457 1125
1935 1584
1103 1145
1933 1595
1084 1063
1337 1567
1523 1606
1731 1669
1046 1837
1517 1561
1679 1021
1401 1427
1788 1981
1586 1695
1793 1273
1715 1520
1096 1723
1084 1407
1781 1221
1221 1522
1731 1132
1606 1639
1069 1579
1427 1820
1793 1010
1407 1641
1413 1038
1084 1215
1520 1128
1035 1954
1715 1231
1435 1335
1069 1637
1567 1569
1461 1992
1046 1835
1898 1818
1898 1482
1781 1296
1125 1901
1084 1989
1171 1744
1731 1099
1715 1311
1010 1217
1561 1060
1569 1949
1381 1636
1837 1437
1069 1843
1520 1129
1793 1398
1567 1305
1311 1934
1954 1064
1413 1939
1483 1663
1171 1799
1989 1201
1731 1686
1934 1908
1145 1159
1623 1208
1615 1852
1517 1787
1380 1721
1153 1605
1060 1712
1500 1844
1606 1833
1679 1340
1933 1600
1760 1719
1852 1863
1820 1944
1548 1853
1221 1694
1595 1630
1760 1961
1311 1331
1934 1014
1833 1431
1524 1845
1837 1449
1407 1285
1046 1446
1407 1993
1096 1042
1043 1566
1760 1458
1380 1054
1639 1251
1096 1375
1623 1048
1663 1507
1933 1743
1835 1774
1251 1123
1014 1850
1981 1027
1615 1946
1027 1659
1208 1762
1743 1180
1935 1025
1872 1795
1844 1707
1850 1181
1427 1306
1482 1343
1027 1829
1946 1338
1658 1493
1064 1624
1461 1183
1850 1778
1338 1416
1762 1477
1181 1813
1974 1238
1600 1033
1125 1502
1853 1090
1238 1587
1063 1236
1238 1277
1231 1249
1483 1078
1766 1814
1843 1041
1437 1802
1021 1580
1385 1414
1035 1629
1629 1202
1827 1730
1843 1400
1837 1289
1458 1272
1520 1022
1025 1980
1167 1912
1054 1108
1999 1690
1715 1087
1562 1154
1285 1592
1939 1642
1814 1109
1332 1570
1335 1563
1401 1828
1799 1789
1959 1776
1343 1888
1099 1558
1309 1451
1060 1255
1901 1750
1586 1941
1123 1119
1853 1921
1833 1495
1829 1680
1446 1930
1167 1410
1627 1574
1410 1545
1939 1973
1723 1320
1431 1362
1320 1540
1642 1232
1458 1259
1449 1454
1132 1979
1069 1542
1451 1848
1898 1370
1593 1220
1766 1985
1574 1924
1584 1926
1457 1671
1624 1387
1939 1537
1099 1696
1924 1012
1600 1749
1712 1664
1309 1079
1827 1116
1060 1281
1414 1780
1208 1504
1600 1554
1041 1405
1762 1892
1236 1464
1949 1024
1641 1956
1537 1790
1446 1399
1758 1846
1537 1747
1926 1841
1320 1298
1721 1988
1848 1436
1725 1571
1298 1576
1400 1244
1069 1326
1495 1137
1289 1755
1999 1209
1999 1113
1464 1372
1750 1854
1238 1937
1593 1365
1872 1211
1436 1957
1576 1203
1988 1506
1427 1382
1370 1245
1776 1631
1113 1468
1217 1546
1362 1652
1833 1328
1957 1472
1249 1602
1238 1498
1981 1312
1946 1784
1930 1297
1743 1772
1041 1897
1606 1484
1108 1915
1203 1996
1898 1230
1483 1497
1600 1007
1031 1882
1456 1216
1587 1057
1145 1176
1202 1131
1123 1917
1414 1204
1558 1110
1863 1862
1750 1430
1949 1857
1671 1146
1719 1421
1926 1004
1057 1543
1405 1910
1636 1714
1449 1140
1309 1643
1458 1575
1236 1812
1217 1121
1281 1842
1079 1303
1398 1798
1843 1585
1600 1275
1543 1487
1888 1713
1343 1918
1365 1324
1454 1127
1297 1599
1084 1604
1275 1549
1273 1476
1153 1050
1669 1899
1517 1748
1749 1253
1524 1878
1993 1408
1277 1460
1454 1490
1523 1965
1303 1058
1780 1550
1574 1459
1721 1808
1087 1861
1413 1256
1057 1235
1014 1284
1725 1913
1918 1367
1043 1858
1442 1840
1461 1068
1027 1241
1413 1465
1861 1076
1937 1191
1642 1266
1332 1448
1872 1185
1842 1836
1043 1673
1627 1869
1217 1299
1310 1077
1850 1242
1025 1197
1338 1617
1109 1564
1289 1072
1818 1909
1078 1353
1586 1228
1941 1369
1482 1135
1569 1556
1694 1475
1913 1914
1468 1409
1201 1875
1236 1883
1414 1403
1630 1589
1723 1647
1247 1666
1852 1061
1035 1486
1211 1175
1387 1213
1465 1223
1784 1692
1629 1929
1692 1661
1802 1932
1337 1130
1944 1205
1504 1874
1565 1681
1131 1745
1407 1358
1367 1804
1121 1677
1167 1044
1140 1834
1692 1967
1814 1262
1643 1645
1370 1538
1892 1412
1408 1807
1060 1480
1232 1884
1554 1670
1921 1056
1358 1278
1833 1071
1072 1120
1580 1267
1913 1439
1939 1895
1353 1983
1197 1801
1989 1896
1468 1169
1245 1081
1407 1859
1058 1494
1820 1462
1221 1280
1087 1650
1041 1972
1309 1160
1910 1635
1784 1656
1027 1192
1230 1870
1695 1199
1249 1977
1328 1832
1731 1094
1221 1603
1545 1613
1850 1138
1630 1274
1087 1942
1387 1964
1081 1065
1421 1729
1096 1742
1548 1675
1483 1678
1540 1512
1230 1302
1305 1388
1476 1419
1901 1391
1298 1825
1128 1573
1480 1611
1071 1516
1278 1009
1025 1225
1972 1444
1804 1020
1564 1287
1829 1688
1277 1792
1167 1700
1550 1293
1694 1301
1658 1982
1324 1823
1862 1243
1561 1998
1324 1158
1875 1039
1793 1017
1793 1693
1197 1295
1692 1438
1801 1029
1427 1290
1603 1300
1125 1704
1216 1655
1228 1864
1841 1945
1814 1779
1060 1066
1715 1260
1901 1420
1137 1415
1275 1657
1306 1527
1072 1791
1372 1101
1791 1644
1566 1634
1353 1074
1305 1609
1974 1552
1812 1166
1324 1037
1884 1098
1990 1822
1538 1234
1884 1501
1400 1919
1792 1198
1054 1551
1255 1838
1901 1601
1094 1530
1192 1539
1223 1019
1613 1329
1949 1851
1154 1628
1822 1239
1410 1360
1199 1903
1537 1473
1293 1711
1101 1489
1413 1005
1712 1152
1409 1734
1497 1212
1730 1691
1343 1261
1185 1591
1221 1467
1755 1082
1004 1687
1197 1443
1358 1394
1391 1811
1216 1361
1699 1931
1899 1578
1301 1531
1044 1849
1476 1371
1399 1860
1550 1738
1658 1086
1212 1519
1659 1709
1382 1773
1679 1368
1888 1434
1405 1905
1311 1377
1562 1685
1331 1654
1231 1594
1832 1646
1641 1224
1959 1710
1024 1015
1060 1282
1869 1532
1654 1053
1261 1588
1037 1889
1903 1759
1094 1379
1198 1304
1799 1333
1224 1702
1335 1178
1588 1616
1061 1075
1068 1034
1899 1598
1462 1478
1178 1525
1712 1117
1659 1268
1290 1122
1744 1757
1956 1073
1298 1940
1108 1667
1434 1536
1413 1143
1208 1568
1654 1544
1033 1471
1935 1246
1738 1389
1504 1269
1132 1668
1603 1104
1284 1662
1996 1632
1295 1855
1064 1943
1901 1753
1993 1445
1202 1560
1038 1318
1575 1111
1333 1341
1311 1923
1119 1724
1669 1165
1365 1345
1079 1248
1377 1354
1673 1051
1121 1809
1185 1735
1606 1572
1552 1016
1943 1505
1944 1254
1659 1816
1791 1085
1158 1450
1277 1279
1261 1697
1254 1097
1436 1920
1369 1194
1280 1102
1312 1740
1923 1492
1725 1404
1069 1797
1279 1003
1066 1885
1285 1428
1512 1968
1664 1227
1169 1633
1639 1891
1715 1810
1312 1088
1909 1526
1611 1590
1227 1638
1088 1001
1290 1739
1903 1453
1755 1966
1048 1339
1895 1062
1681 1433
1338 1826
1685 1698
1694 1095
1914 1334
1572 1581
1968 1782
1169 1651
1673 1174
1305 1906
1639 1357
1747 1865
1238 1346
1377 1867
1202 1577
1935 1717
1548 1161
1435 1871
1305 1737
1324 1978
1326 1026
1678 1547
1027 1114
1584 1938
1433 1986
1262 1868
1687 1313
1983 1728
1483 1997
1905 1952
1421 1359
1949 1055
1072 1880
1183 1653
1808 1746
1224 1718
1973 1496
1004 1481
1744 1608
1129 1733
1478 1607
1165 1418
1530 1856
1446 1534
1094 1625
1759 1179
1284 1319
1758 1390
1530 1785
1244 1583
1088 1393
1137 1960
1081 1815
1021 1139
1243 1665
1636 1452
1530 1925
1021 1151
1664 1907
1981 1674
1004 1727
1568 1350
1019 1080
1725 1847
1560 1441
1484 1970
1713 1969
1663 1040
1169 1270
1046 1193
1167 1672
1937 1378
1935 1392
1798 1958
1905 1283
1393 1291
1262 1030
1272 1067
1454 1344
1500 1886
1646 1620
1925 1163
1772 1170
1478 1422
1827 1803
1299 1070
1070 1028
1560 1470
1278 1777
1725 1355
1241 1292
1061 1317
1791 1947
1627 1349
1561 1366
1153 1767
1639 1873
1022 1395
1655 1089
1433 1190
1438 1559
1993 1771
1838 1626
1504 1610
1832 1148
1439 1783
1747 1518
1506 1716
1692 1533
1655 1018
1037 1648
1671 1511
1938 1294
1858 1264
1777 1315
1088 1124
1773 1106
1998 1036
1663 1047
1534 1402
1704 1440
1223 1363
1355 1136
1139 1612
1748 1955
1190 1621
1360 1995
1075 1383
1372 1765
1587 1342
1832 1976
1934 1817
1043 1307
1244 1741
1520 1962
1247 1276
1959 1322
1451 1447
1337 1703
1547 1754
1075 1676
1750 1164
1382 1720
1089 1406
1690 1622
1647 1240
1254 1463
1754 1796
1643 1619
1124 1314
1897 1149
1838 1987
1712 1509
1542 1902
1668 1092
1039 1894
1291 1196
1793 1553
1740 1819
1027 1649
1371 1900
1954 1126
1852 1091
1296 1188
1580 1736
1731 1535
1294 1722
1934 1049
1012 1975
1827 1107
1861 1013
1643 1904
1666 1881
1020 1206
1605 1083
1208 1806
1693 1618
1005 1147
1408 1327
1239 1927
1205 1351
1326 1684
1525 1032
1844 1682
1926 1222
1420 1800
1117 1763
1747 1364
1343 1582
1027 1386
1084 1683
1618 1928
1747 1708
1549 1417
1473 1951
1190 1732
1056 1769
1237 1514
1974 1555
1150 1210
1675 1752
1236 1706
1664 1214
1820 1541
1514 1701
1664 1890
1060 1597
1293 1376
1428 1173
1908 1821
1716 1640
1547 1751
1931 1325
1333 1118
1546 1308
1815 1330
1190 1485
1216 1271
1500 1922
1573 1156
1156 1006
1175 1866
1275 1336
1539 1432
1221 1830
1834 1105
1740 1614
1450 1984
1815 1115
1050 1286
1446 1373
1205 1177
1101 1000
1120 1521
1530 1397
1302 1184
1723 1133
1211 1515
1735 1994
1867 1347
1791 1257
1353 1011
1409 1142
1886 1705
1864 1023
1627 1348
1240 1466
1442 1323
1871 1831
1615 1233
1305 1876
1555 1189
1023 1936
1894 1770
1964 1948
1355 1424
1646 1488
1582 1112
1422 1219
1712 1172
1110 1726
1494 1528
1880 1423
1463 1596
1644 1491
1148 1229
1690 1805
1190 1218
1645 1162
1402 1839
1670 1479
1532 1093
1961 1186
1740 1263
1595 1258
1735 1911
1179 1195
1611 1786
1148 1824
1247 1469
1313 1887
1981 1265
1818 1168
1021 1513
1273 1250
1092 1768
1702 1689
1991 1426
1927 1226
1960 1455
1020 1508
1164 1953
1226 1963
1526 1321
1673 1950
1246 1252
1662 1764
1598 1529
1575 1660
1015 1352
1085 1761
1459 1503
1777 1207
1691 1182
1493 1893
1403 1384
1722 1288
1960 1474
1673 1052
1147 1756
1983 1157
1203 1775
1777 1187
1290 1045
1424 1200
1148 1879
1340 1008
1758 1429
1737 1356
1953 1557
1225 1499
1435 1100
1546 1134
1998 1374
1747 1411
1680 1141
1588 1425
1587 1794
1992 1144
1891 1510
1456 1059
1350 1002
1782 1396
1353 1155
1677 1877
1494 1936
1021 1417
1978 1769
1473 1285
1274 1586
1504 1477
1795 1511
1435 1798
1780 1257
1342 1154
1587 1462
1835 1645
1022 1972
1412 1982
1171 1011
1606 1384
1956 1218
1453 1174
1896 1277
1775 1672
1204 1087
1750 1387
1445 1442
1394 1962
1574 1931
1080 1055
1841 1534
1785 1212
1673 1192
1822 1397
1381 1745
1478 1444
1933 1096
1723 1590
1666 1112
1868 1075
1275 1331
1534 1477
1622 1995
1696 1280
1091 1174
1426 1301
1549 1159
1176 1606
1816 1263
1857 1517
1841 1440
1257 1692
1723 1992
1704 1295
1094 1673
1175 1498
1479 1552
1910 1868
1698 1435
1267 1699
1050 1859
1068 1006
1930 1419
1596 1598
1047 1693
1221 1382
1186 1771
1655 1657
1324 1118
1687 1845
1092 1621
1711 1034
1274 1692
1551 1960
1132 1945
1678 1573
1851 1201
1038 1617
1627 1009
1163 1726
1066 1550
1638 1402
1937 1382
1136 1586
1300 1911
1410 1593
1458 1657
1033 1700
1188 1547
1514 1963
1853 1167
1517 1809
1094 1744
1077 1925
1192 1800
1805 1604
1276 1608
1808 1700
1381 1380
1927 1416
1002 1547
1404 1560
1505 1235
1663 1853
1198 1790
1241 1889
1562 1481
1617 1447
1645 1952
1048 1310
1948 1127
1358 1164
1372 1644
1327 1666
1890 1084
1658 1724
1492 1394
1331 1945
1566 1184
1810 1878
1931 1122
1043 1234
1592 1387
1228 1043
1805 1938
1776 1413
1645 1912
1419 1376
1550 1811
1673 1771
1985 1119
1390 1869
1224 1448
1767 1384
1158 1089
1965 1327
1106 1865
1147 1006
1280 1575
1113 1698
1275 1808
1486 1111
1582 1244
1927 1115
1205 1732
1472 1013
1821 1473
1273 1528
1008 1590
1676 1266
1476 1823
1911 1829
1016 1645
1533 1967
1149 1402
1516 1195
1205 1329
1148 1909
1370 1849
1314 1530
1783 1401
1118 1961
1428 1939
1609 1076
1681 1173
1529 1138
1247 1095
1869 1138
1249 1070
1444 1911
1639 1035
1121 1221
1000 1162
1140 1499
1197 1977
1551 1450
1145 1511
1163 1147
1679 1907
1988 1322
1280 1717
1178 1258
1897 1016
1491 1763
1670 1194
1947 1366
1280 1216
1849 1353
1857 1211
1422 1613
1077 1197
1449 1212
1394 1794
1093 1818
1761 1369
1697 1452
1802 1143
1289 1015
1412 1097
1735 1156
1610 1954
1716 1619
1420 1918
1777 1749
1242 1058
1585 1167
1663 1239
1202 1933
1851 1789
1972 1750
1043 1503
1108 1521
1183 1122
1415 1454
1299 1382
1885 1424
1311 1806
1337 1452
1677 1960
1977 1525
1506 1822
1976 1247
1419 1626
1971 1070
1734 1073
1938 1620
1464 1747
1322 1522
1383 1317
1549 1886
1991 1448
1602 1867
1552 1082
1770 1716
1266 1375
1950 1943
1833 1909
1013 1158
1259 1007
1545 1749
1379 1542
1457 1758
1279 1490
1271 1675
1823 1095
1551 1040
1554 1819
1676 1482
1620 1949
1287 1863
1523 1667
1409 1171
1142 1459
1822 1694
1310 1623
1554 1834
1494 1323
1728 1283
1143 1984
1184 1187
1167 1296
1478 1656
1301 1709
1171 1756
1368 1350
1283 1916
1508 1436
1790 1463
1361 1202
1242 1811
1501 1388
1465 1580
1773 1414
1647 1419
1560 1896
1661 1863
1515 1153
1066 1481
1581 1999
1029 1877
1612 1660
1027 1966
1220 1518
1439 1103
1966 1197
1165 1164
1926 1902
1382 1468
1348 1915
1038 1382
1289 1115
1384 1900
1771 1655
1347 1249
1291 1441
1032 1809
1608 1200
1109 1089
1601 1164
1989 1219
1822 1931
1791 1419
1729 1240
1430 1734
1882 1368
1683 1854
1242 1030
1929 1029
1952 1574
1551 1993
1124 1314
1292 1385
1409 1936
1554 1681
1045 1556
1338 1211
1879 1953
1746 1876
1120 1509
1225 1934
1902 1472
1800 1290
1477 1539
1700 1005
1550 1486
1762 1777
1330 1124
1758 1546
1519 1148
1052 1535
1447 1391
1926 1965
1530 1382
1454 1074
1066 1577
1858 1695
1676 1058
1517 1464
1128 1306
1843 1977
1837 1223
1625 1016
1726 1683
1286 1959
1420 1758
1841 1913
1014 1643
1636 1471
1556 1729
1312 1461
1646 1762
1424 1037
1216 1446
1847 1798
1943 1371
1097 1247
1281 1311
1547 1769
1925 1092
1874 1167
1522 1098
1723 1277
1640 1143
1040 1785
1884 1728
1850 1360
1090 1596
1370 1456
1309 1269
1478 1093
1766 1730
1670 1949
1087 1061
1322 1690
1787 1090
1387 1024
1223 1445
1183 1674
1865 1041
1110 1465
1978 1940
1959 1160
1334 1075
1391 1552
1337 1262
1153 1602
1996 1629
1809 1847
1727 1457
1409 1510
1640 1276
1132 1687
1958 1123
1033 1909
1969 1965
1289 1673
1366 1850
1904 1169
1386 1130
1100 1106
1006 1443
1586 1755
1372 1452
1869 1947
1925 1827
1233 1435
1343 1769
1586 1232
1619 1089
1212 1917
1696 1124
1206 1127
1740 1270
1925 1835
1993 1335
1143 1319
1421 1390
1475 1627
1439 1732
1634 1283
1856 1324
1286 1838
1600 1092
1654 1265
1009 1784
1125 1325
1725 1142
1749 1135
1891 1394
1568 1706
1499 1968
1536 1988
1896 1765
1581 1148
1767 1495
1391 1285
1490 1092
1448 1356
1531 1425
1103 1966
1128 1907
1101 1428
1892 1684
1530 1990
1261 1294
1709 1844
1086 1351
1175 1865
1346 1433
1455 1672
1927 1227
1064 1647
1583 1850
1551 1284
1618 1278
1764 1839
1678 1232
1074 1003
1407 1741
1052 1978
1167 1587
1097 1196
1935 1952
1433 1275
1147 1686
1112 1276
1743 1635
1970 1401
1550 1027
1347 1496
1075 1381
1887 1804
1704 1170
1091 1611
1614 1818
1579 1000
1304 1635
1146 1108
1987 1211
1556 1244
1467 1381
1524 1635
1013 1142
1480 1445
1947 1831
1084 1019
1272 1574
1611 1245
1764 1185
1032 1642
1737 1958
1902 1544
1022 1868
1383 1018
1174 1955
1849 1790
1592 1955
1858 1595
1216 1474
1281 1997
1036 1502
1705 1829
1518 1793
1886 1094
1867 1144
1831 1051
1599 1509
1072 1622
1105 1581
1827 1057
1407 1372
1841 1788
1157 1014
1320 1791
1679 1354
1600 1912
1784 1155
1006 1652
1272 1487
1754 1821
1213 1827
1880 1183
1792 1463
1720 1430
1392 1273
1092 1961
1130 1795
1215 1374
1031 1030
1686 1538
1728 1155
1231 1135
1306 1745
1192 1861
1664 1871
1965 1596
1041 1781
1398 1005
1598 1384
1816 1171
1857 1595
1460 1762
1962 1597
1812 1155
1748 1373
1710 1973
1239 1238
1144 1023
1162 1588
1414 1943
1531 1117
1641 1879
1814 1812
1797 1179
1692 1782
1883 1425
1882 1052
1377 1003
1417 1874
1289 1415
1792 1910
1079 1766
1677 1946
1143 1738
1675 1788
1539 1713
1241 1102
1030 1222
1001 1276
1556 1928
1974 1317
1685 1356
1228 1457
1257 1809
1879 1218
1806 1314
1324 1264
1319 1078
1297 1240
1897 1361
1630 1252
1729 1114
1655 1574
1083 1732
1026 1703
1186 1663
1616 1681
1513 1819
1085 1786
1827 1091
1278 1635
1633 1657
1219 1863
1413 1590
1115 1066
1458 1032
1331 1715
1211 1872
1066 1090
1835 1731
1155 1656
1083 1210
1188 1199
1489 1792
1163 1695
1514 1075
1839 1124
1521 1316
1401 1720
1883 1966
1198 1928
1831 1076
1903 1916
1853 1653
1379 1304
1076 1632
1526 1260
1360 1905
1573 1224
1605 1709
1068 1806
1197 1223
1590 1043
1337 1700
1847 1785
1485 1387
1447 1094
1160 1682
1984 1617
1648 1099
1628 1138
1811 1208
1864 1565
1978 1775
1650 1850
1595 1083
1192 1249
1261 1598
1862 1042
1488 1549
1117 1109
1684 1549
1179 1508
1127 1012
1339 1007
1955 1577
1549 1753
1891 1608
1828 1197
1060 1666
1975 1995
1534 1680
1143 1342
1425 1976
1562 1063
1677 1063
1164 1987
1772 1284
1279 1243
1698 1528
1350 1230
1048 1541
1435 1850
1629 1534
1885 1956
1646 1715
1846 1858
1557 1889
1727 1214
1362 1649
1024 1637
1092 1970
1687 1118
1753 1791
1449 1045
1331 1286
1882 1596
1054 1209
1078 1753
1191 1901
1585 1091
1588 1684
1892 1786
1041 1727
1734 1977
1849 1516
1459 1238
1895 1205
1857 1374
1853 1941
1124 1361
1602 1567
1654 1600
1884 1419
1837 1411
1370 1322
1471 1922
1185 1527
1111 1406
1011 1678
1537 1808
1880 1797
1864 1840
1513 1032
1738 1180
1372 1218
1844 1552
1539 1501
1448 1949
1064 1128
1608 1028
1466 1008
1594 1706
1776 1540
1166 1801
1778 1690
1944 1378
1146 1417
1413 1630
1945 1830
1764 1134
1288 1284
1397 1218
1030 1513
1314 1976
1492 1412
1283 1653
1437 1590
1272 1931
1767 1396
1123 1920
1083 1835
1250 1652
1302 1007
1346 1818
1958 1388
1683 1993
1155 1471
1588 1543
1655 1977
1927 1831
1301 1087
1491 1755
1568 1090
1942 1937
1962 1709
1985 1178
1276 1987
1257 1579
1420 1037
1330 1866
1175 1891
1314 1455
1496 1117
1282 1919
1515 1776
1639 1060
1876 1186
1336 1041
1749 1578
1214 1477
1506 1898
1362 1337
1077 1294
1585 1907
1863 1005
1567 1876
1173 1159
1143 1325
1347 1713
1069 1144
1833 1486
1080 1310
1495 1431
1045 1213
1218 1784
1441 1890
1284 1539
1840 1119
1975 1421
1691 1793
1598 1631
1287 1651
1255 1860
1213 1425
1147 1712
1319 1947
1604 1301
1673 1649
1238 1422
1595 1782
1007 1451
1974 1736
1597 1703
1215 1910
1068 1950
1959 1275
1489 1712
1876 1407
1713 1912
1350 1311
1946 1524
1061 1714
1060 1562
1978 1820
1815 1051
1028 1144
1419 1952
1799 1258
1436 1467
1379 1715
1068 1368
1842 1466
1861 1432
1488 1553
1960 1396
1677 1304
1948 1150
1237 1879
1642 1245
1538 1881
1183 1116
1140 1161
1666 1692
1912 1729
1282 1908
1995 1933
1022 1827
1471 1077
1190 1457
1703 1547
1491 1340
1111 1374
1532 1733
1715 1354
1153 1717
1649 1291
1031 1359
1113 1243
1541 1609
1255 1083
1253 1392
1921 1078
1858 1621
1210 1311
1145 1066
1846 1884
1143 1167
1472 1671
1526 1670
1641 1212
1681 1213
1983 1305
1984 1279
1594 1991
1964 1956
1869 1196
1068 1179
1837 1483
1116 1995
1085 1187
1660 1178
1663 1878
1086 1593
1471 1870
1543 1081
1833 1787
1780 1756
1583 1208
1766 1541
1150 1953
1760 1577
1592 1743
1141 1624
1669 1559
1555 1935
1773 1164
1574 1950
1911 1240
1857 1787
1377 1632
1411 1276
1929 1474
1969 1155
1046 1902
1991 1107
1003 1868
1689 1847
1544 1722
1691 1653
1786 1201
1990 1825
1544 1539
1606 1492
1727 1654
1505 1533
1305 1826
1047 1623
1306 1977
1901 1801
1835 1948
1551 1820
1207 1717
1687 1835
1038 1342
1045 1481
1018 1021
1357 1403
1850 1817
1131 1825
1127 1979
1661 1787
1626 1869
1663 1793
1038 1181
1564 1748
1810 1220
1499 1518
1466 1011
1999 1140
1814 1512
1771 1637
1757 1409
1252 1909
1280 1677
1960 1596
1138 1390
1246 1706
1365 1372
1706 1388
1564 1427
1558 1139
1340 1945
1264 1247
1041 1000
1866 1444
1026 1319
1339 1980
1429 1149
1697 1633
1311 1744
1188 1204
1274 1384
1070 1015
1883 1428
1106 1497
1089 1418
1397 1720
1499 1717
1545 1013
1167 1658
1714 1897
1182 1354
1874 1999
1398 1268
1452 1747
1190 1476
1748 1669
1284 1128
1591 1894
1360 1062
1586 1272
1381 1747
1409 1630
1876 1030
1500 1606
1621 1636
1258 1641
1933 1630
1095 1750
1998 1466
1644 1490
1580 1228
1183 1037
1590 1312
1913 1717
1823 1445
1281 1456
1302 1589
1347 1959
1856 1050
1344 1127
1497 1348
1424 1729
1479 1187
1411 1693
1634 1736
1950 1916
1455 1694
1759 1820
1692 1135
1387 1284
1783 1207
1389 1325
1493 1807
1807 1784
1780 1098
1680 1000
1458 1998
1296 1474
1322 1283
1422 1217
1806 1630
1231 1144
1364 1237
1312 1401
1282 1149
1267 1180
1075 1858
1563 1209
1067 1888
1097 1306
1563 1492
1246 1107
1538 1973
1628 1153
1125 1782
1966 1390
1055 1124
1256 1638
1070 1588
1193 1143
1860 1179
1667 1932
1684 1254
1748 1634
1711 1252
1007 1849
1908 1346
1157 1099
1045 1965
1259 1356
1790 1076
1426 1583
1671 1339
1472 1388
1564 1525
1349 1933
1480 1789
1536 1781
1149 1522
1588 1668
1126 1035
1742 1569
1015 1151
1512 1689
1631 1716
1211 1686
1594 1273
1644 1632
1684 1804
1610 1251
1044 1552
1206 1539
1980 1857
1415 1266
1180 1846
1950 1458
1807 1247
1780 1993
1335 1074
1778 1241
1667 1933
1020 1384
1377 1880
1798 1288
1150 1329
1117 1146
1704 1608
1800 1137
1587 1776
1012 1129
1900 1909
1835 1190
1009 1543
1435 1601
1419 1268
1266 1842
1757 1515
1289 1527
1813 1157
1645 1895
1763 1282
1505 1956
1753 1665
1592 1369
1994 1057
1295 1017
1567 1846
1458 1144
1626 1538
1349 1814
1608 1733
1383 1275
1400 1025
1338 1086
1601 1940
1811 1809
1049 1406
1405 1068
1106 1415
1824 1475
1912 1074
1291 1681
1741 1543
1971 1821
1181 1625
1456 1385
1548 1812
1340 1824
1387 1582
1481 1850
1964 1256
1057 1260
1791 1330
1332 1923
1633 1616
1217 1574
1306 1069
1082 1366
1125 1126
1279 1014
1648 1215
1577 1581
1623 1588
1298 1930
1846 1580
1093 1497
1146 1777
1251 1092
1887 1240
1189 1905
1913 1042
1390 1411
1061 1903
1135 1537
1344 1814
1067 1106
1592 1446
1709 1631
1357 1140
1928 1756
1779 1039
1966 1080
1290 1206
1480 1655
1460 1940
1792 1218
1070 1505
1858 1517
1661 1274
1704 1780
1768 1410
1476 1834
1682 1223
1290 1685
1809 1672
1122 1569
1903 1719
1581 1881
1935 1828
1792 1957
1043 1595
1292 1900
1586 1152
1008 1652
1971 1889
1669 1410
1997 1906
1662 1014
1192 1996
1018 1343
1366 1428
1037 1618
1775 1108
1228 1632
1135 1858
1649 1696
1433 1535
1604 1606
1304 1328
1247 1830
1980 1913
1591 1251
1198 1384
1566 1023
1908 1849
1390 1979
1074 1280
1404 1724
1118 1936
1847 1427
1063 1851
1836 1315
1609 1505
1358 1901
1169 1839
1735 1621
1949 1162
1855 1147
1426 1382
1705 1857
1580 1155
1230 1206
1327 1486
1108 1846
1684 1558
1694 1285
1322 1672
1915 1400
1119 1482
1027 1634
1028 1241
1077 1564
1850 1043
1007 1160
1995 1304
1238 1643
1202 1186
1437 1416
1108 1032
1849 1575
1729 1887
1955 1080
1128 1136
1479 1154
1980 1501
1402 1849
1590 1211
1257 1458
1005 1746
1087 1142
1008 1954
1159 1533
1534 1597
1152 1282
1418 1047
1605 1549
1224 1442
1509 1799
1648 1135
1046 1186
1647 1210
1581 1892
1751 1982
1321 1416
1923 1366
1870 1747
1568 1775
1351 1916
1298 1416
1397 1940
1333 1063
1708 1903
1144 1784
1392 1991
1149 1296
1315 1984
1629 1126
1555 1792
1935 1048
1749 1414
1210 1150
1193 1075
1522 1302
1174 1477
1865 1411
1552 1722
1314 1192
1488 1914
1531 1916
1086 1282
1083 1360
1831 1849
1245 1122
1916 1313
1634 1678
1768 1855
1022 1267
1810 1394
1198 1946
1432 1187
1797 1230
1654 1719
1865 1454
1421 1010
1842 1623
1971 1370
1478 1929
1023 1927
1011 1692
1215 1810
1440 1006
1617 1004
1643 1870
1566 1734
1964 1638
1446 1668
1651 1395
1963 1925
1439 1218
1139 1606
1568 1167
1577 1433
1826 1473
1687 1928
1807 1349
1583 1945
1428 1546
1502 1077
1244 1500
1258 1640
1281 1851
1382 1014
1733 1055
1918 1236
1237 1082
1152 1741
1883 1895
1635 1827
1387 1630
1532 1060
1474 1861
1746 1464
1780 1104
1701 1641
1905 1629
1721 1577
1132 1113
1134 1536
1347 1002
1408 1331
1910 1827
1175 1558
1097 1350
1000 1145
1419 1816
1081 1987
1277 1892
1496 1337
1449 1975
1816 1822
1710 1414
1778 1485
1125 1247
1136 1142
1829 1498
1251 1685
1671 1520
1635 1448
1287 1768
1150 1509
1832 1571
1395 1650
1765 1478
1464 1972
1458 1580
1974 1483
1999 1141
1226 1400
1499 1287
1064 1710
1014 1460
1497 1380
1650 1625
1340 1049
1221 1102
1449 1655
1511 1689
1030 1856
1933 1812
1973 1291
1505 1433
1377 1203
1810 1092
1643 1330
1352 1684
1355 1176
1963 1556
1869 1923
1577 1203
1404 1876
1376 1465
1679 1431
1931 1913
1131 1881
1166 1377
1880 1106
1097 1535
1426 1250
1252 1519
1073 1485
1037 1038
1934 1289
1681 1836
1931 1919
1164 1250
1001 1432
1138 1478
1973 1419
1907 1470
1495 1302
1281 1769
1815 1448
1518 1588
1873 1820
1126 1263
1752 1527
1284 1019
1326 1152
1941 1960
1724 1550
1249 1456
1971 1608
1191 1510
1008 1788
1083 1773
1358 1672
1913 1516
1277 1565
1080 1107
1743 1764
1892 1114
1960 1358
1536 1382
1041 1947
1969 1905
1305 1423
1712 1288
1784 1727
1719 1244
1196 1473
1515 1277
1320 1618
1373 1706
1201 1654
1806 1545
1658 1548
1433 1531
1497 1278
1456 1254
1701 1395
1125 1129
1821 1630
1013 1250
1032 1223
1417 1856
1172 1727
1638 1416
1501 1864
1101 1784
1063 1973
1298 1527
1101 1252
1013 1135
1365 1817
1501 1828
1954 1183
1599 1940
1707 1060
1835 1399
1727 1459
1499 1595
1911 1722
1833 1986
1029 1992
1348 1552
1230 1119
1929 1049
1941 1971
1368 1611
1514 1791
1827 1758
1017 1820
1511 1845
1011 1600
1710 1152
1656 1851
1021 1201
1444 1636
1712 1444
1062 1451
1755 1584
1603 1597
1137 1125
1447 1616
1671 1240
1261 1456
1787 1810
1033 1360
1241 1466
1796 1698
1023 1305
1784 1142
1123 1727
1731 1241
1793 1845
1675 1344
1308 1620
1223 1648
1790 1025
1162 1350
1917 1874
1012 1156
1859 1100
1550 1016
1591 1575
1246 1090
1323 1602
1684 1086
1517 1179
1427 1144
1261 1483
1411 1785
1545 1589
1407 1432
1112 1393
1819 1734
1664 1325
1250 1076
1334 1728
1860 1902
1357 1521
1517 1173
1099 1110
1900 1371
1895 1557
1153 1527
1965 1427
1605 1581
1038 1155
1553 1931
1071 1509
1613 1047
1909 1036
1938 1153
1687 1576
1296 1743
1624 1846
1027 1447
1650 1565
1871 1498
1673 1162
1557 1129
1101 1516
1760 1837
1823 1902
1951 1568
1694 1950
1788 1870
1668 1047
1277 1191
1414 1746
1006 1980
1410 1234
1861 1914
1266 1922
1509 1634
1296 1661
1224 1667
1918 1972
1509 1387
1107 1329
1956 1384
1884 1928
1988 1832
1399 1956
1078 1940
1309 1465
1994 1317
1804 1963
1412 1759
1509 1533
1717 1598
1243 1476
1008 1529
1822 1969
1142 1179
1776 1871
1633 1048
1960 1385
1013 1123
1873 1306
1330 1291
1141 1570
1058 1200
1768 1116
1368 1036
1523 1000
1192 1209
1499 1710
1815 1396
1703 1082
1270 1224
1291 1511
1957 1355
1809 1533
1059 1561
1464 1740
1139 1724
1160 1286
1348 1263
1781 1260
1493 1529
1587 1369
1236 1882
1969 1993
1015 1798
1984 1690
1107 1601
1861 1656
1171 1495
1856 1635
1532 1335
1268 1352
1064 1726
1140 1093
1959 1609
1052 1858
1126 1210
1662 1093
1787 1356
1720 1685
1035 1804
1820 1621
1184 1277
1295 1574
1187 1784
1889 1098
1688 1874
1909 1656
1066 1913
1445 1847
1377 1053
1759 1479
1744 1584
1419 1222
1277 1627
1800 1574
1263 1509
1440 1356
1819 1317
1420 1760
1030 1818
1155 1795
1813 1127
1834 1405
1945 1604
1552 1343
1328 1919
1981 1417
1558 1042
1882 1583
1107 1892
1336 1966
1419 1097
1061 1619
1034 1163
1181 1525
1402 1365
1477 1340
1232 1859
1748 1401
1462 1373
1665 1463
1756 1832
1439 1044
1499 1817
1442 1423
1095 1993
1954 1733
1790 1900
1000 1028
1965 1176
1061 1364
1590 1089
1568 1135
1925 1695
1785 1278
1942 1541
1732 1615
1385 1156
1396 1577
1765 1544
1062 1352
1071 1056
1416 1390
1786 1517
1669 1630
1576 1275
1498 1079
1384 1559
1035 1280
1037 1150
1989 1174
1791 1085
1703 1231
1611 1662
1485 1729
1758 1040
1265 1037
1885 1063
1022 1142
1580 1995
1161 1512
1370 1638
1350 1512
1153 1008
1797 1866
1933 1183
1259 1952
1707 1535
1011 1790
1069 1000
1535 1562
1965 1632
1410 1960
1471 1111
1123 1313
1780 1500
1724 1067
1939 1203
1459 1164
1090 1324
1939 1606
1048 1553
1699 1779
1951 1937
1985 1013
1205 1390
1342 1343
1882 1327
1717 1727
1889 1627
1881 1874
1240 1608
1444 1247
1517 1813
1769 1756
1992 1803
1371 1217
1771 1688
1654 1192
1558 1823
1921 1894
1964 1338
1314 1540
1503 1394
1893 1971
1022 1044
1309 1759
1440 1677
1340 1878
1412 1210
1806 1218
1691 1432
1714 1843
1717 1947
1935 1944
1111 1060
1116 1578
1331 1828
1225 1742
1699 1559
1414 1646
1203 1957
1017 1182
1886 1375
1571 1087
1249 1350
1170 1303
1956 1405
1750 1569
1067 1751
1981 1614
1887 1866
1944 1570
1011 1816
1306 1041
1097 1911
1755 1593
1872 1742
1846 1917
1965 1970
1150 1807
1535 1564
1078 1616
1805 1219
1721 1201
1025 1093
1029 1353
1892 1171
1321 1591
1279 1123
1651 1793
1165 1152
1304 1041
1030 1400
1400 1482
1651 1123
1381 1931
1919 1582
1138 1064
1241 1336
1622 1706
1362 1878
1221 1649
1526 1027
1171 1868
1231 1992
1456 1642
1990 1078
1588 1992
1298 1300
1124 1501
1093 1519
1475 1995
1256 1173
1922 1895
1195 1607
1226 1239
1181 1991
1259 1963
1587 1447
1340 1078
1511 1077
1721 1338
1823 1224
1317 1229
1670 1497
1029 1709
1030 1614
1116 1761
1244 1531
1645 1160
1892 1316
1192 1849
1861 1141
1286 1697
1335 1651
1461 1939
1232 1291
1145 1562
1569 1429
1925 1122
1533 1587
1886 1669
1907 1731
1073 1577
1319 1085
1291 1216
1340 1163
1047 1447
1607 1798
1758 1392
1453 1258
1687 1128
1736 1931
1425 1148
1570 1933
1845 1010
1363 1091
1386 1906
1909 1769
1088 1125
1131 1191
1411 1320
1179 1544
1833 1695
1693 1803
1335 1071
1126 1522
1648 1985
1093 1734
1927 1542
1256 1202
1021 1102
1137 1407
1896 1095
1836 1986
1587 1498
1146 1320
1024 1524
1656 1215
1249 1556
1605 1351
1612 1640
1251 1234
1915 1203
1051 1028
1119 1979
1192 1603
1324 1973
1132 1375
1245 1888
1733 1323
1304 1720
1831 1981
1064 1163
1679 1601
1064 1427
1619 1807
1727 1973
1641 1936
1565 1574
1141 1206
1094 1544
1337 1279
1383 1560
1522 1338
1323 1302
1727 1814
1903 1791
1407 1914
1762 1182
1224 1846
1963 1808
1217 1734
1775 1056
1696 1640
1339 1888
1128 1336
1968 1691
1429 1892
1617 1937
1084 1756
1575 1075
1919 1203
1653 1662
1903 1957
1691 1780
1867 1765
1234 1865
1418 1260
1036 1813
1736 1602
1870 1934
1576 1855
1047 1615
1511 1534
1698 1152
1276 1510
1265 1996
1397 1345
1981 1952
1336 1093
1983 1601
1264 1861
1132 1814
1283 1836
1238 1182
1370 1894
1607 1758
1117 1065
1217 1811
1671 1218
1726 1548
1253 1715
1646 1676
1474 1348
1333 1322
1487 1448
1753 1437
1010 1477
1434 1704
1064 1400
1693 1339
1222 1365
1405 1338
1832 1699
1846 1000
1225 1881
1859 1444
1599 1363
1842 1795
1487 1931
1244 1953
1187 1787
1351 1985
1052 1303
1887 1909
1114 1875
1875 1531
1910 1892
1890 1049
1068 1622
1725 1952
1452 1686
1116 1641
1982 1599
1611 1563
1676 1499
1552 1482
1426 1579
1775 1956
1308 1445
1263 1742
1035 1707
1623 1250
1870 1565
1035 1921
1418 1307
1747 1802
1671 1358
181
941 1357
369 1929
800 1881
35 1107
492 1524
7 1930
217 1211
124 1829
674 1263
681 1281
533 1359
214 1337
164 1657
432 1558
569 1297
391 1383
459 1754
981 1183
234 1302
191 1019
526 1066
368 1885
969 1134
263 1558
573 1787
757 1759
209 1047
574 1258
816 1364
796 1736
401 1819
892 1270
222 1554
583 1973
171 1378
37 1031
20 1246
502 1891
124 1292
231 1670
495 1468
177 1703
92 1626
308 1569
502 1499
182 1862
95 1982
602 1697
331 1780
877 1508
77 1361
302 1748
628 1185
216 1064
429 1504
196 1149
799 1271
694 1916
352 1568
3 1047
142 1988
861 1271
337 1196
172 1404
305 1135
618 1963
414 1892
558 1507
377 1674
619 1632
781 1380
288 1250
918 1410
330 1632
999 1927
715 1833
728 1864
91 1691
812 1207
659 1715
909 1175
518 1489
487 1309
564 1438
777 1398
70 1361
182 1737
136 1770
233 1620
973 1713
146 1715
137 1515
485 1732
637 1607
286 1807
995 1132
555 1068
58 1894
557 1053
174 1372
162 1271
187 1737
796 1663
332 1447
151 1329
1 1601
806 1848
930 1397
804 1344
929 1726
851 1294
950 1558
184 1828
911 1638
121 1789
120 1456
859 1754
11 1750
842 1192
310 1498
64 1801
646 1402
530 1646
720 1372
428 1045
994 1395
622 1251
914 1938
46 1102
188 1058
748 1093
545 1002
150 1833
835 1109
142 1399
352 1720
784 1007
881 1788
422 1025
239 1717
136 1357
33 1138
270 1916
269 1622
804 1036
507 1068
950 1011
290 1079
681 1634
118 1363
266 422
86 233
423 829
234 68
423 546
157 471
276 46
39 335
4 277
257 215
1215 1806
1827 1133
1575 1067
1555 1550
1458 1433
1070 1497
1529 1124
1323 1618
1962 1865
1874 1691
1600 1710
1141 1323
1828 1160
1352 1270
1888 1652
1546 1642
1423 1129
1502 1910
1167 1462
1947 1527
220 0
