2002 6001
62 350
350 277
62 880
880 360
880 147
277 742
277 439
439 93
277 500
439 825
93 299
360 321
360 297
93 243
350 274
880 772
62 932
321 361
93 2
321 958
742 293
321 610
277 370
147 418
243 554
500 988
277 374
610 522
243 857
988 71
439 417
370 794
277 999
361 208
958 334
370 316
374 688
62 542
688 908
794 896
147 245
243 122
857 11
500 67
361 268
374 934
147 545
299 155
370 852
297 991
880 810
958 671
742 302
11 635
155 579
610 707
277 584
417 700
896 349
999 364
988 232
245 403
554 597
988 755
896 507
155 315
896 339
93 725
896 422
932 605
360 255
597 446
302 961
422 73
208 851
147 682
274 281
2 425
334 294
268 603
361 489
155 620
489 631
147 171
93 27
991 668
122 980
542 576
682 945
361 443
991 195
522 440
294 87
425 36
507 145
880 82
299 181
403 444
961 278
700 477
772 396
584 229
857 611
417 847
443 163
2 684
294 131
610 211
945 749
439 548
444 24
293 708
71 716
980 331
321 509
73 118
847 23
118 428
422 735
315 531
446 9
794 947
361 850
315 834
255 8
880 909
360 234
522 311
477 454
349 106
932 818
605 968
794 264
181 410
67 114
364 123
509 981
700 563
981 32
682 649
73 474
857 431
431 291
122 413
417 63
610 196
708 636
671 573
181 495
24 457
232 283
631 124
850 314
73 590
268 112
446 319
67 955
8 797
548 912
522 910
118 673
413 79
417 275
364 748
413 88
545 583
106 353
410 127
274 144
145 796
349 506
945 759
506 600
88 305
114 648
810 937
506 161
195 763
211 447
961 986
268 83
255 678
794 616
507 42
9 669
211 640
67 185
196 854
71 333
908 497
234 84
981 338
597 642
302 556
611 117
649 836
640 824
880 701
106 858
305 672
986 761
8 544
211 685
810 462
684 524
636 180
794 706
255 513
988 754
277 269
299 303
122 327
524 619
590 209
688 242
619 855
36 750
321 137
909 523
755 660
315 433
425 81
338 139
554 790
444 265
631 230
71 4
303 865
590 799
685 53
331 292
331 782
361 599
265 798
824 218
716 885
579 210
444 762
980 359
144 66
327 38
403 787
331 388
171 537
932 622
880 805
339 899
210 207
232 853
293 723
636 343
245 54
83 714
245 48
834 588
706 779
754 930
500 813
583 60
500 267
444 566
457 39
124 730
554 386
853 143
794 442
117 473
836 922
291 373
364 658
678 481
649 574
185 929
847 363
122 656
360 22
87 16
853 860
896 532
396 606
42 285
275 244
292 237
489 466
359 907
507 356
945 646
36 679
748 12
292 129
579 709
386 567
66 959
590 57
782 882
242 941
772 699
763 533
229 273
782 837
334 521
255 630
945 259
865 304
54 702
145 300
922 580
708 624
316 593
8 76
606 639
556 889
297 705
684 538
735 358
299 89
699 480
118 655
363 44
123 379
538 276
590 665
273 578
117 546
62 405
759 102
542 214
655 459
497 132
945 662
678 0
616 859
639 220
794 525
620 142
930 448
576 3
106 141
459 238
660 823
658 476
640 974
930 985
566 984
388 494
929 308
707 59
459 366
24 617
294 894
267 768
857 895
218 975
88 128
574 115
859 34
4 77
54 317
605 539
705 830
932 135
723 720
605 151
425 886
457 130
542 814
885 206
196 560
937 452
206 423
265 921
123 45
707 150
130 784
542 878
507 438
319 121
27 441
259 398
370 659
617 378
576 767
308 743
349 49
630 263
106 769
327 667
885 365
378 146
268 956
304 346
207 204
619 21
755 235
852 703
265 72
787 387
8 15
857 385
428 920
305 989
945 101
117 751
984 227
147 401
767 61
655 891
682 766
333 90
291 572
743 429
413 215
358 911
854 249
622 412
702 676
314 455
49 731
129 555
321 529
72 86
333 689
986 52
101 926
882 381
268 182
401 677
782 637
363 503
102 189
658 657
563 450
606 783
121 152
830 995
141 68
714 526
959 347
314 492
689 691
255 628
731 254
196 17
526 534
150 821
182 46
958 756
244 950
93 868
620 345
334 780
155 820
466 892
656 26
207 651
648 808
999 233
9 390
209 460
545 56
805 344
161 272
578 329
21 20
275 712
899 94
249 914
462 485
373 352
344 75
556 840
333 219
566 271
281 973
245 939
137 972
852 806
636 536
756 85
769 979
316 371
297 867
934 829
347 604
81 43
712 803
235 100
161 241
388 261
128 377
660 869
269 589
676 789
229 510
855 449
356 540
646 888
668 258
509 931
321 375
387 913
708 625
766 965
67 225
790 430
882 866
327 436
968 270
315 212
42 239
625 893
578 70
363 148
709 842
868 626
682 310
230 952
316 841
865 904
46 849
772 872
649 256
358 654
87 586
374 505
712 690
292 897
813 351
635 565
249 535
908 644
346 253
622 948
269 511
452 949
690 964
763 774
86 395
285 252
624 290
636 917
356 411
767 516
605 835
70 732
317 91
385 467
535 203
814 653
730 97
121 65
790 601
16 336
42 862
239 200
317 10
346 41
189 770
255 807
411 828
477 13
834 641
253 831
672 547
767 312
743 498
53 392
239 224
941 99
261 162
891 615
360 870
57 435
460 726
274 166
315 954
449 946
885 408
219 933
894 966
455 940
961 777
396 661
234 335
966 613
548 309
616 618
60 683
238 559
642 502
849 416
849 827
888 380
13 504
350 801
377 664
774 876
39 159
930 501
473 404
20 890
425 962
41 107
224 420
510 246
510 815
973 40
366 608
352 902
902 612
143 92
665 553
604 461
539 496
207 164
831 69
102 944
72 629
749 833
294 108
780 475
441 550
408 25
317 136
59 383
422 169
532 221
642 287
221 753
59 6
683 571
511 557
59 389
586 451
950 35
806 558
750 775
438 519
36 800
32 295
567 74
818 58
295 738
52 976
143 465
381 581
373 50
420 14
586 733
319 686
338 883
920 898
664 354
502 415
253 394
89 724
164 355
423 154
701 324
941 757
141 280
243 785
558 168
829 458
221 704
87 969
981 51
363 992
588 943
536 126
763 587
154 569
237 663
336 157
640 614
473 848
735 337
34 781
851 925
581 734
10 402
930 125
238 173
126 826
69 205
780 645
751 372
290 741
589 98
32 384
926 298
606 19
857 424
706 960
387 183
779 186
672 884
540 266
781 998
825 376
589 149
829 184
276 517
880 393
52 5
617 577
232 997
127 778
653 696
979 609
83 357
510 322
441 923
337 328
679 330
410 987
535 811
889 771
4 719
182 978
913 518
118 486
85 585
107 607
147 296
46 530
869 279
70 990
980 468
264 178
735 198
261 722
171 104
322 499
43 342
166 638
12 549
249 133
991 491
620 728
98 552
209 434
71 427
428 231
451 681
966 301
88 993
123 191
704 421
214 432
537 687
777 793
65 568
820 650
91 879
166 320
101 217
988 863
333 680
476 953
771 236
149 758
920 134
353 288
931 747
35 367
108 970
6 487
610 927
73 105
21 674
749 666
38 213
660 479
183 426
741 740
941 192
465 695
690 776
558 478
618 906
640 795
749 103
525 194
880 158
32 176
350 957
965 515
134 591
628 33
588 752
99 248
796 341
261 340
221 262
686 592
57 729
501 832
878 596
164 819
132 861
656 983
339 78
827 177
895 170
423 520
357 788
27 140
158 250
534 928
790 846
243 711
895 718
972 397
115 822
351 172
859 282
822 721
788 727
771 791
834 792
927 28
449 306
198 18
392 175
17 582
959 202
56 786
234 188
756 915
815 348
569 561
863 692
709 670
320 47
824 543
39 764
141 493
210 399
343 971
479 228
163 113
515 802
89 307
481 368
847 916
36 165
151 760
707 765
990 963
502 138
762 463
0 935
574 119
211 325
700 362
726 323
475 598
479 289
691 31
230 240
742 369
978 887
870 251
966 469
458 621
22 905
340 812
886 167
335 437
463 623
953 900
225 199
504 29
782 7
172 406
206 632
148 55
21 95
228 193
952 407
735 634
8 562
137 116
337 817
641 602
427 110
133 512
828 627
925 528
537 153
459 1
100 903
676 111
603 693
882 717
984 843
624 445
971 391
396 675
279 190
200 527
487 967
947 80
193 594
186 575
66 222
669 174
380 201
308 551
128 924
360 746
788 745
388 332
441 216
432 773
939 856
438 400
824 30
944 570
467 918
651 697
137 951
939 488
368 698
990 326
733 257
468 187
141 382
665 809
785 223
771 996
579 839
883 871
610 260
331 120
939 96
951 737
995 226
78 484
812 419
273 453
783 845
940 844
571 318
186 633
703 994
844 936
368 715
193 414
207 37
492 456
231 982
898 744
534 652
848 804
516 483
427 464
565 739
806 694
399 472
951 938
781 541
594 64
238 508
257 284
879 482
753 564
752 490
799 643
600 197
152 901
768 877
265 109
11 864
476 286
752 247
582 647
4 816
202 881
115 919
18 470
286 942
241 409
797 471
888 313
900 179
628 875
881 977
115 156
464 874
127 736
182 713
276 160
792 838
507 710
548 514
523 873
301 595
761 18
828 912
697 16
538 835
200 441
735 579
238 630
974 569
98 718
315 894
765 63
488 841
828 193
260 226
55 10
264 569
476 400
791 76
544 849
373 781
818 680
505 458
884 379
234 406
97 240
319 374
839 505
56 449
334 701
792 432
504 494
709 453
120 339
806 257
881 951
772 962
862 284
221 335
386 825
814 25
737 568
124 655
509 433
216 340
657 60
186 681
213 454
889 328
952 772
739 967
841 762
163 544
153 468
574 980
925 644
32 133
228 149
146 418
906 674
280 27
402 62
469 266
349 54
92 794
391 299
337 949
179 653
341 832
671 256
912 699
375 550
911 125
870 189
533 768
619 160
410 213
703 639
328 557
321 359
821 674
180 110
444 50
88 766
48 147
110 178
128 542
411 768
736 670
756 195
894 31
719 355
742 599
775 980
223 127
492 24
592 272
411 986
484 383
939 100
244 521
686 254
714 481
653 702
726 345
396 246
307 220
584 262
836 521
791 249
290 56
952 508
990 377
275 308
734 501
401 571
620 77
215 179
361 283
703 295
497 229
413 134
427 817
691 911
477 716
414 791
71 441
933 419
30 196
585 106
440 360
651 890
744 680
21 967
186 715
567 240
816 763
844 387
514 117
186 185
182 989
652 425
778 653
845 449
856 569
712 881
920 912
849 359
156 737
568 928
516 738
790 806
632 146
119 667
87 256
612 429
824 173
567 925
983 592
156 320
953 721
962 491
123 382
716 891
176 407
707 461
956 631
315 23
3 170
384 38
143 987
582 737
286 191
995 167
744 351
469 828
607 728
839 772
823 752
8 48
532 419
301 627
990 354
110 661
428 141
249 902
67 947
90 746
460 70
530 87
426 595
735 243
669 606
777 158
528 964
758 419
949 883
606 641
288 765
89 152
214 864
93 342
699 250
51 372
534 346
853 378
711 55
174 425
729 509
527 671
606 879
242 358
807 95
423 516
586 279
546 111
779 55
602 213
158 461
386 418
412 21
285 763
917 475
453 134
241 756
645 900
927 259
15 197
752 537
869 436
682 660
509 532
160 175
858 597
954 671
792 865
720 663
220 712
542 123
602 373
436 138
352 128
857 6
852 410
805 836
17 276
223 490
527 76
886 189
183 642
108 985
498 969
775 490
283 448
491 490
643 308
554 694
189 660
126 228
667 470
610 588
644 14
958 664
581 482
731 372
236 753
278 865
875 598
67 178
39 24
35 782
582 236
469 122
536 538
332 587
863 958
10 764
680 99
273 602
459 472
359 500
924 155
500 590
114 269
452 373
192 100
651 727
743 814
304 895
927 222
581 979
680 63
527 129
245 96
968 379
337 730
80 110
645 404
741 223
706 899
69 923
126 224
312 755
594 659
725 843
612 809
119 897
894 716
837 602
356 250
514 965
784 88
53 924
860 122
421 193
72 839
105 130
663 876
706 687
320 776
475 293
88 586
595 578
79 956
753 632
338 377
61 30
764 49
744 156
215 403
308 845
701 130
936 425
814 845
307 73
367 677
411 346
929 992
775 523
159 427
218 848
726 206
949 153
412 525
937 707
735 814
425 695
22 558
120 56
463 403
108 666
370 368
177 839
314 451
715 248
76 947
604 329
741 70
454 247
94 546
500 896
610 149
842 677
792 382
474 967
951 189
435 862
384 968
791 651
12 432
995 677
681 511
261 581
289 997
967 792
751 51
209 513
897 757
792 108
404 288
658 524
481 220
687 830
575 289
966 732
466 163
259 925
934 916
810 8
971 7
167 730
837 338
883 856
788 263
479 237
179 725
950 250
332 962
246 56
167 999
689 93
13 860
141 377
714 421
880 913
385 817
251 304
721 1
909 480
6 420
320 997
852 918
195 973
969 256
380 149
700 715
79 584
31 960
247 901
676 585
290 798
59 2
403 2
834 242
498 122
260 113
149 555
127 539
636 979
823 376
465 857
880 300
839 768
965 419
748 744
997 948
421 883
58 981
836 575
815 903
298 432
431 217
625 850
217 165
192 914
38 232
284 427
843 145
132 969
138 434
28 863
152 312
921 333
113 649
234 321
718 701
880 669
762 657
745 264
707 223
377 703
690 832
825 851
304 190
803 942
521 593
109 336
523 433
373 676
35 838
726 789
732 390
312 781
412 112
621 759
441 86
448 811
635 952
675 670
712 326
869 215
820 870
902 159
176 262
9 398
97 376
833 816
380 903
187 716
195 318
201 915
836 923
81 129
665 595
267 676
152 386
611 530
919 525
302 158
641 10
928 621
538 523
205 972
638 227
378 136
133 191
964 817
259 215
907 906
734 485
835 423
139 844
566 864
29 450
833 27
293 799
171 352
831 763
800 155
405 78
204 990
99 812
623 648
123 60
329 386
848 402
580 425
692 534
831 53
285 305
51 716
997 356
251 726
95 871
26 664
859 536
740 96
677 764
410 501
345 528
965 845
457 800
12 126
696 867
733 854
490 151
903 566
382 80
675 873
147 431
413 940
371 583
898 670
871 682
428 859
925 438
209 649
926 353
666 260
239 435
483 991
117 951
769 363
795 439
64 625
697 936
373 94
435 305
216 304
796 615
406 9
44 198
385 174
644 496
793 471
849 342
455 281
584 352
719 807
925 528
603 801
78 361
191 996
662 513
284 254
366 400
986 33
863 900
910 874
154 736
130 898
859 947
44 849
298 234
335 134
790 767
261 590
846 45
46 541
623 337
456 371
427 514
641 245
790 869
368 253
115 912
287 996
685 274
354 266
132 924
895 221
433 963
548 615
736 360
381 521
122 224
9 365
690 490
657 531
161 915
774 250
876 609
313 215
744 839
27 300
386 385
577 402
492 761
798 749
494 991
698 110
565 466
575 393
962 67
424 311
863 184
810 663
111 281
171 738
436 898
428 272
274 350
713 459
486 465
989 331
808 612
589 803
765 808
719 42
832 744
693 29
335 922
762 582
798 26
7 464
251 710
514 746
986 1
427 38
330 896
199 198
983 205
483 621
539 439
437 98
41 323
907 249
909 946
281 235
510 201
362 851
200 374
4 705
572 801
544 217
364 585
537 787
979 787
83 396
518 90
334 932
160 814
483 959
356 272
469 480
434 158
219 63
253 478
274 690
423 574
788 208
563 303
65 757
708 941
285 738
47 179
150 470
441 531
510 982
411 567
678 884
538 629
546 382
734 828
324 583
581 568
630 379
733 313
205 794
19 818
778 793
905 463
856 356
701 856
497 410
958 271
915 695
8 689
419 875
262 229
804 121
930 882
235 652
238 296
907 994
183 27
363 830
468 574
307 376
155 563
875 128
238 940
454 381
642 184
471 854
324 938
57 910
820 402
237 998
716 604
337 516
660 624
259 325
895 150
499 319
854 975
564 59
987 660
105 389
210 969
409 670
205 536
729 462
259 775
67 664
446 22
685 519
765 857
942 82
809 901
868 903
39 568
746 362
314 383
153 982
338 977
452 831
665 284
785 33
254 927
565 327
789 105
887 396
306 581
183 678
837 620
895 501
368 401
751 986
707 573
952 864
779 588
289 935
76 441
572 813
678 35
161 328
228 629
683 717
403 848
382 684
258 197
312 939
194 535
282 302
228 322
296 813
692 600
19 69
699 386
911 197
977 425
124 409
412 792
452 510
674 28
366 31
639 907
647 713
651 913
423 787
67 384
835 555
407 68
970 590
629 928
927 756
941 780
678 231
892 431
482 479
622 146
866 956
65 382
55 509
981 711
458 199
194 223
32 112
933 366
556 171
965 987
39 506
573 827
825 954
199 940
758 443
314 258
588 82
516 907
615 317
893 387
659 255
46 401
889 83
576 27
310 946
954 723
154 775
531 987
133 107
137 75
613 370
165 966
374 939
908 240
675 12
349 984
790 606
819 771
737 684
176 327
518 430
204 107
577 317
155 394
976 324
315 191
56 904
194 812
912 924
15 827
567 539
805 464
716 56
467 434
317 821
977 219
815 212
98 396
791 114
812 29
959 300
869 754
374 89
824 302
52 872
410 120
494 237
922 509
576 858
566 945
99 961
959 183
974 109
671 663
922 574
684 779
800 736
856 974
496 370
117 304
907 502
139 419
657 470
506 800
785 805
660 998
651 618
266 423
182 790
312 414
435 36
418 803
452 61
947 949
841 397
706 69
321 663
628 896
518 715
487 21
431 679
739 624
333 635
716 562
985 49
790 460
484 30
727 563
76 517
532 456
692 382
405 431
76 485
745 559
127 224
298 423
796 85
644 118
377 183
492 125
950 319
780 297
463 527
230 287
941 359
70 860
848 716
357 119
783 343
284 410
363 944
488 359
595 537
975 698
323 52
632 458
764 549
741 267
189 767
754 686
474 617
800 278
280 98
809 101
36 960
280 704
994 844
679 983
875 9
386 777
436 176
811 475
555 60
677 81
818 250
337 179
633 200
227 431
211 82
211 593
823 622
583 607
899 843
772 380
828 213
79 408
925 17
812 424
985 892
191 465
286 443
517 935
671 20
521 652
997 748
625 813
851 20
411 839
869 857
166 185
122 330
91 358
382 456
191 344
510 942
986 258
930 608
73 819
272 442
448 685
12 253
705 187
29 822
159 738
343 790
161 109
38 366
278 786
939 708
355 582
133 503
696 37
596 513
525 841
176 564
934 345
966 202
715 358
165 443
25 154
381 828
663 996
774 350
597 274
143 788
585 226
898 175
774 374
504 186
629 953
737 303
71 189
246 788
128 153
861 523
110 957
111 404
509 410
972 997
917 778
199 293
371 888
277 998
42 234
663 375
230 743
227 777
949 998
837 581
874 30
778 69
766 934
997 898
907 481
355 365
648 634
807 254
98 292
13 450
381 149
368 831
158 295
932 751
677 121
866 289
166 499
955 972
812 163
59 883
418 392
727 549
499 938
27 53
937 309
702 534
969 172
903 89
526 510
973 290
208 600
179 698
944 627
457 900
590 280
357 361
434 196
376 843
179 588
289 530
301 777
441 502
843 543
942 303
935 806
350 17
757 182
403 217
50 523
749 165
968 785
630 320
156 749
354 189
247 286
496 727
188 303
59 189
324 925
201 794
737 65
188 607
265 709
272 654
616 902
869 690
147 679
975 594
976 309
299 332
987 547
609 402
558 630
219 760
475 98
863 218
65 239
662 434
731 874
678 974
4 62
649 565
973 678
41 136
473 188
717 639
145 515
6 480
355 3
527 173
659 994
44 587
839 53
131 470
320 315
572 266
274 241
222 619
693 47
247 869
214 979
390 378
764 597
164 12
932 148
257 576
674 669
375 547
573 154
81 407
612 665
99 941
166 973
869 75
831 38
82 555
886 550
580 406
884 583
231 440
233 577
886 464
964 481
584 86
954 221
56 882
586 65
945 328
82 938
704 905
930 136
385 239
829 471
557 437
267 414
995 333
485 639
612 417
963 390
465 666
871 85
77 472
897 789
163 362
429 110
850 617
715 939
562 225
492 192
493 637
989 889
397 240
860 267
22 381
81 394
758 692
732 547
636 704
21 193
278 591
510 1
777 840
724 66
775 482
126 979
488 312
316 855
712 777
146 746
966 84
859 362
40 327
365 948
837 376
766 768
366 301
947 567
276 781
254 110
464 126
375 38
104 352
513 279
122 676
711 3
219 489
889 261
633 526
25 290
795 325
104 407
734 374
499 849
715 770
27 658
971 884
816 697
205 17
889 788
889 341
238 939
440 895
516 421
771 130
886 368
550 406
289 777
93 900
208 710
849 250
458 188
757 608
671 829
133 584
744 999
624 378
693 106
923 16
686 314
411 648
62 413
690 586
771 890
602 923
617 370
146 106
340 846
640 158
75 426
485 318
996 545
230 135
819 527
895 447
725 907
127 580
111 851
632 619
600 42
595 314
896 686
264 868
762 46
251 629
147 330
699 60
240 671
408 762
972 466
988 446
297 492
499 643
405 519
604 278
161 791
802 352
516 185
392 430
262 595
991 530
915 645
8 422
440 194
146 82
928 4
264 96
186 472
945 854
367 129
348 658
603 886
360 88
769 405
376 117
397 771
691 808
56 458
182 566
120 960
270 257
9 362
122 345
861 639
709 800
588 388
604 3
806 878
319 370
148 663
606 670
718 154
47 907
567 532
550 164
628 754
760 179
82 546
44 735
937 690
58 582
124 614
405 692
513 297
752 665
514 460
956 693
349 218
603 409
807 482
598 828
627 508
503 990
183 237
35 291
64 769
176 205
684 570
260 473
194 897
820 317
334 38
354 957
992 169
47 529
282 122
531 248
731 100
846 860
654 328
180 916
15 233
713 9
482 535
125 362
305 293
735 492
533 781
366 805
664 836
129 543
823 677
240 735
801 684
20 6
250 395
282 976
679 502
271 199
607 326
772 174
762 152
464 494
447 457
854 399
638 162
208 623
39 699
208 204
83 439
111 652
956 678
651 953
682 864
830 864
745 184
609 816
588 734
979 50
653 360
655 774
734 281
451 974
613 39
61 500
198 794
584 536
53 607
803 769
437 925
378 741
545 544
998 801
453 595
262 822
67 499
812 95
492 457
502 898
579 547
847 413
706 406
72 52
818 517
543 624
336 195
436 704
832 824
567 191
164 926
31 101
949 262
195 579
703 426
877 73
917 875
498 413
57 853
319 882
538 73
282 192
304 100
561 558
810 328
6 607
135 520
168 202
171 996
756 901
608 961
620 893
540 800
918 656
688 70
396 576
328 757
358 997
108 378
848 382
885 381
360 851
257 108
923 361
194 186
344 406
73 210
946 22
438 0
244 281
212 839
351 434
923 931
567 25
898 346
346 402
729 554
620 555
45 346
190 32
749 673
388 64
444 882
916 642
553 731
886 148
260 710
722 973
398 610
221 556
64 548
562 764
85 121
286 781
823 197
691 140
975 993
300 932
742 105
205 292
829 444
671 594
687 732
102 235
387 165
803 533
879 636
587 460
41 812
329 740
50 789
158 73
686 676
398 235
826 981
546 4
869 169
525 487
182 436
104 130
616 753
509 594
226 473
984 326
897 749
232 106
423 944
627 13
596 799
191 939
858 784
116 830
805 558
202 774
630 82
655 935
483 604
785 709
989 656
213 713
12 557
208 69
720 191
338 442
83 691
675 326
729 678
949 606
533 209
956 306
798 560
154 313
882 192
390 650
594 918
642 705
530 291
447 414
826 148
608 637
155 497
930 453
516 103
75 199
864 426
722 972
281 45
537 99
554 654
75 782
855 50
814 950
137 323
692 914
929 969
83 296
464 914
295 901
823 662
66 139
944 438
164 165
33 679
302 147
89 406
787 37
722 165
616 293
879 85
772 649
476 356
889 304
921 706
324 995
174 733
91 653
857 279
143 683
560 194
552 617
696 793
647 77
343 832
575 499
456 17
402 930
854 376
572 451
902 235
907 860
850 214
824 242
297 321
844 62
924 723
755 757
717 383
885 474
866 786
762 290
86 772
891 882
301 552
291 857
140 221
905 770
379 866
497 7
486 817
934 551
128 518
453 791
840 875
423 948
854 853
298 363
893 350
974 443
259 623
391 773
207 459
197 91
157 8
487 572
69 674
976 463
619 150
496 572
639 370
409 501
719 525
916 658
172 273
558 783
440 932
23 584
913 255
168 711
763 708
150 46
150 309
587 42
919 893
390 698
79 505
732 128
317 798
986 521
382 789
918 960
954 914
537 553
745 245
512 914
505 894
80 131
812 915
850 169
640 890
820 80
463 820
281 415
247 209
726 579
853 507
722 680
897 286
293 995
739 459
247 74
127 28
674 973
503 143
52 236
520 265
389 598
209 152
73 464
288 837
768 209
310 108
640 843
291 403
502 67
917 635
795 286
930 238
290 961
729 395
422 812
356 698
872 507
643 913
962 465
799 120
102 434
196 85
706 775
832 481
597 446
554 858
48 284
933 238
784 577
149 405
61 347
62 833
392 152
765 709
23 461
391 744
560 755
613 623
539 611
315 205
634 995
686 169
914 895
581 76
856 813
753 948
896 994
160 893
510 880
463 781
962 737
119 923
502 95
41 309
230 769
64 164
41 594
392 216
761 410
300 92
649 807
771 329
144 777
337 742
765 745
301 809
428 857
568 784
189 289
7 931
660 865
53 369
8 353
535 230
236 477
78 253
782 468
822 520
472 456
649 867
360 503
767 602
163 28
683 539
725 603
338 658
917 696
195 159
541 719
470 333
428 121
400 905
602 208
185 992
691 772
490 795
951 634
924 202
171 869
652 546
485 838
958 512
855 268
293 143
855 717
967 264
801 532
821 275
144 660
851 371
363 136
722 963
271 881
431 557
200 484
868 939
502 368
30 611
168 340
680 394
733 266
78 247
85 852
873 118
2 5
570 159
584 782
272 953
714 658
916 891
109 748
418 245
331 931
247 864
26 141
730 465
435 103
436 442
267 183
530 192
135 306
250 707
325 32
758 537
469 384
204 816
481 562
742 634
849 458
153 99
508 457
865 741
855 129
631 438
748 267
481 812
515 268
891 2
960 174
213 800
681 233
545 191
794 923
376 352
827 914
70 626
76 303
963 917
597 369
566 908
963 695
155 283
146 655
485 539
688 824
66 718
530 606
723 233
104 657
448 737
171 729
958 759
221 501
877 11
868 878
826 917
364 892
333 936
107 344
472 291
188 647
435 400
432 426
308 541
433 122
495 833
123 349
756 378
609 834
962 274
868 844
809 181
37 553
612 648
599 929
185 699
638 401
193 463
998 257
392 794
332 791
203 727
559 259
138 354
212 938
593 334
488 260
622 312
315 763
787 951
909 259
471 186
915 611
403 648
264 583
650 521
705 598
511 475
170 17
183 312
207 482
520 345
373 441
781 106
494 670
933 199
672 383
171 18
313 314
227 434
621 769
355 746
381 54
822 646
110 256
291 131
717 91
690 871
268 267
93 213
64 702
889 20
175 864
480 966
859 692
975 285
539 501
814 432
100 143
784 153
436 783
969 429
165 821
217 37
581 282
912 221
536 300
659 115
209 551
760 366
284 796
743 772
691 404
312 889
225 180
908 868
832 565
129 297
588 819
96 803
791 643
87 641
30 440
143 473
105 585
35 417
431 732
60 609
16 278
566 410
129 776
180 463
454 514
449 941
646 853
983 316
998 623
43 199
232 523
984 703
203 231
798 880
1 709
386 840
99 115
681 608
693 58
622 958
398 681
857 552
43 964
234 214
457 350
185 776
865 215
285 906
28 585
240 365
452 619
364 515
21 621
959 53
910 232
645 301
745 203
828 930
218 801
622 907
99 113
927 917
443 183
380 463
607 150
101 288
857 54
743 233
239 584
564 739
562 214
390 802
468 921
758 698
508 592
16 762
389 563
572 595
27 711
621 861
73 417
673 209
363 492
484 90
55 339
408 237
678 371
495 178
154 413
496 598
351 411
755 786
53 887
734 803
51 144
503 219
795 312
796 942
19 341
717 363
847 823
899 751
350 817
697 116
864 859
695 29
989 675
221 652
584 883
919 264
774 980
208 497
669 923
399 346
332 63
690 145
810 555
599 973
304 504
181 114
195 440
877 823
890 353
69 932
146 698
810 490
324 667
485 916
493 44
395 563
389 329
695 580
890 776
871 234
599 79
204 173
357 373
495 815
832 636
121 403
838 478
580 778
999 632
888 569
222 767
231 353
831 597
475 34
944 774
206 565
835 760
997 663
705 142
404 984
592 629
896 492
673 753
431 370
134 918
840 915
746 391
302 586
940 512
830 301
438 237
284 718
918 185
857 387
957 691
71 354
711 543
664 192
335 851
210 750
503 506
825 448
935 160
163 577
715 589
127 195
250 583
172 289
914 387
524 144
5 409
131 883
299 147
292 695
815 773
519 543
34 333
299 85
829 677
523 546
211 721
183 760
96 448
811 908
863 203
257 973
562 411
404 120
954 10
613 877
908 722
294 625
65 641
7 410
995 582
592 461
979 562
12 889
329 414
524 381
331 91
631 277
486 152
703 344
758 398
73 758
464 811
1 997
612 799
451 632
696 507
969 519
804 409
477 488
323 666
714 897
603 189
977 897
809 777
177 566
800 818
211 886
315 633
130 154
426 243
614 158
172 953
83 931
533 961
260 38
451 372
263 834
79 966
854 878
181 293
216 763
311 713
143 232
461 60
0 323
316 135
358 84
52 230
231 253
594 512
780 450
952 340
923 42
411 683
880 204
179 561
491 985
173 444
808 833
195 752
146 628
100 161
181 30
265 106
395 844
961 460
352 284
374 986
98 799
640 348
993 782
95 479
843 0
184 421
32 576
432 709
373 584
28 603
161 265
31 386
926 675
666 513
11 518
986 694
319 345
291 285
264 656
565 968
814 914
681 747
994 62
529 372
498 848
521 567
736 323
938 952
476 718
163 584
537 815
93 521
750 95
486 916
536 850
920 14
274 760
100 552
237 524
105 494
436 160
71 814
146 379
818 867
167 96
957 492
728 36
854 233
704 668
355 693
183 315
209 697
867 793
772 517
743 909
654 861
512 557
256 358
288 553
476 28
504 944
999 390
185 149
884 57
489 863
600 15
51 713
403 331
20 633
738 88
634 312
518 412
976 420
342 758
505 552
191 11
667 648
351 179
296 575
821 221
781 826
777 21
4 609
774 371
714 973
766 58
454 593
649 863
409 97
276 30
659 158
310 827
624 452
621 236
892 226
848 724
202 994
670 650
724 69
211 342
699 626
42 350
678 366
254 412
532 620
959 557
628 792
166 876
380 709
69 92
530 578
156 322
165 945
206 542
302 769
682 604
499 80
735 505
985 909
838 97
929 527
994 676
976 705
320 66
504 719
942 740
890 982
554 484
795 465
578 451
368 267
892 781
561 798
915 384
138 109
948 511
867 131
698 108
674 92
607 5
135 305
858 247
840 152
437 918
868 25
975 255
437 852
438 895
834 778
511 783
917 938
396 549
563 774
324 269
598 351
453 637
592 768
106 190
916 624
762 107
477 72
741 411
119 175
667 717
572 940
954 474
92 297
46 87
249 476
395 249
516 157
154 89
446 29
999 420
809 306
149 668
252 972
631 259
818 409
105 756
653 796
319 114
461 570
153 548
985 617
940 666
33 284
777 989
820 495
519 946
348 775
992 4
564 198
868 311
553 977
673 582
267 399
113 227
926 946
705 188
727 20
919 65
541 907
77 42
547 617
741 43
443 74
756 676
707 130
288 257
820 596
407 162
586 401
867 810
767 872
361 67
17 69
83 539
999 907
50 802
866 647
218 52
177 188
105 430
291 232
802 782
268 635
927 754
734 148
1 407
303 288
383 737
140 973
819 666
167 353
575 532
901 115
115 934
551 520
769 49
663 565
325 389
806 592
157 647
352 620
222 756
529 815
663 319
889 737
42 97
789 811
818 106
159 364
583 443
944 881
350 14
895 777
839 653
506 714
436 153
669 336
516 962
363 222
311 434
760 264
748 869
836 276
935 439
997 978
57 90
771 845
793 766
159 959
378 277
461 315
560 593
306 144
728 400
628 376
784 674
766 154
498 403
269 375
169 78
270 717
679 536
358 993
22 31
433 559
65 716
413 177
513 645
19 573
204 575
211 901
486 904
904 749
196 31
204 35
96 235
112 572
729 861
741 722
59 789
445 952
629 742
280 186
197 983
914 866
199 898
309 506
95 14
20 902
285 764
539 157
504 97
967 521
14 229
593 244
151 133
851 350
806 454
842 438
823 267
485 952
288 900
574 744
97 775
774 360
111 770
216 837
673 216
266 471
354 897
933 899
503 60
433 60
578 861
761 142
791 219
383 990
692 949
881 854
604 461
597 458
348 243
84 681
375 561
234 492
782 624
44 525
658 343
958 270
342 822
471 354
567 864
592 798
246 663
115 999
278 562
276 505
960 406
99 863
343 64
199 593
464 519
606 658
492 35
91 76
960 593
693 457
510 519
553 393
166 464
274 820
236 143
363 260
707 599
427 465
594 766
757 189
51 443
2 690
31 860
472 770
536 468
880 107
995 708
549 761
358 964
957 838
700 561
866 809
344 519
676 819
305 960
575 512
506 150
86 67
260 122
281 815
4 730
859 548
16 919
212 37
169 587
86 299
943 74
437 306
197 525
844 496
27 296
279 346
265 913
378 158
872 311
542 520
31 956
721 595
239 441
317 470
15 883
954 532
523 67
73 730
761 730
782 68
244 694
509 737
535 411
901 342
881 772
375 648
182 293
958 529
564 146
910 630
237 753
18 905
172 911
418 263
990 655
918 764
924 690
514 303
960 976
391 70
302 82
677 253
921 412
498 190
454 50
128 943
763 91
531 724
74 651
301 227
485 94
27 138
34 400
287 129
984 104
517 728
741 157
203 807
710 499
522 607
386 305
440 399
31 195
713 880
53 665
791 376
789 924
946 927
716 752
793 515
452 806
404 494
725 611
792 181
165 572
796 102
932 467
315 839
913 88
939 117
4 731
515 550
481 947
356 394
788 385
867 93
252 683
221 647
603 243
53 580
204 669
879 538
627 92
422 98
113 521
816 907
347 884
192 954
510 562
925 390
887 866
198 56
77 118
729 737
480 500
618 227
765 527
328 484
214 954
366 125
39 929
474 562
463 43
551 420
89 530
770 12
559 922
413 220
294 336
832 494
527 752
562 545
527 880
321 416
319 204
51 231
268 68
248 207
289 721
665 837
469 276
106 862
274 533
250 607
623 330
901 404
335 847
30 269
406 545
143 581
954 305
411 841
632 640
582 694
620 426
311 909
88 287
279 933
204 4
341 541
827 42
368 655
753 74
35 562
321 986
743 697
210 916
806 705
794 853
535 698
242 936
707 364
54 604
749 623
386 901
973 193
181 870
296 816
788 57
589 430
639 656
719 536
867 343
141 618
794 466
772 281
817 937
636 268
312 158
174 292
303 104
216 519
546 351
785 619
954 97
432 665
171 512
775 399
366 943
795 912
685 481
637 678
701 283
672 336
99 960
982 616
997 244
901 623
880 902
902 855
628 814
53 645
64 837
721 177
970 766
135 980
787 638
896 165
728 202
415 944
707 780
147 352
905 577
191 314
251 511
946 813
375 894
823 926
697 746
534 659
872 854
62 568
381 169
996 343
680 302
325 172
867 541
438 774
31 142
654 938
420 734
143 249
396 224
290 600
615 435
708 853
536 439
761 439
980 334
672 686
598 314
92 116
989 653
545 651
528 522
402 985
76 764
304 550
797 768
34 70
792 414
759 415
770 441
179 295
605 582
995 779
177 826
855 675
138 372
181 97
251 663
586 787
605 575
307 141
328 443
287 804
320 729
818 109
226 868
789 75
952 374
975 651
312 969
48 641
791 430
959 842
203 72
627 776
289 916
197 508
637 20
41 170
904 94
809 648
912 491
126 591
9 394
776 704
701 708
438 717
4 959
102 800
532 394
829 351
923 36
912 29
579 274
935 376
665 698
485 464
960 719
220 701
919 88
422 27
508 286
951 830
250 451
962 674
384 406
321 182
660 866
345 348
451 811
152 924
948 302
818 163
737 893
611 78
97 166
625 984
431 598
823 935
880 583
682 32
234 178
1304 2000
2000 2001
2 2001
1561 1771
1771 1478
1771 1851
1478 1917
1771 1964
1851 1875
1478 1738
1875 1016
1851 1356
1851 1223
1771 1309
1561 1120
1738 1234
1016 1057
1120 1006
1478 1076
1875 1631
1309 1155
1478 1533
1234 1497
1006 1405
1155 1053
1405 1153
1223 1625
1120 1114
1561 1249
1917 1014
1478 1331
1738 1801
1114 1454
1801 1918
1016 1512
1006 1947
1512 1442
1057 1377
1114 1335
1223 1821
1331 1660
1947 1696
1006 1020
1738 1538
1875 1511
1478 1795
1561 1136
1795 1002
1533 1043
1331 1776
1043 1455
1512 1494
1455 1514
1249 1638
1514 1493
1851 1446
1821 1231
1795 1823
1660 1726
1446 1525
1494 1340
1057 1549
1340 1872
1771 1769
1823 1396
1638 1775
1136 1930
1006 1548
1875 1489
1726 1793
1917 1802
1076 1172
1223 1560
1793 1332
1446 1081
1332 1251
1120 1077
1155 1184
1802 1381
1405 1430
1769 1101
1561 1285
1917 1881
1234 1049
1918 1445
1696 1299
1795 1404
1396 1449
1223 1488
1631 1450
1377 1767
1331 1015
1114 1523
1767 1927
1442 1753
1533 1530
1331 1994
1396 1607
1631 1978
1309 1129
1251 1029
1077 1146
1381 1800
1917 1887
1478 1297
1881 1816
1405 1919
1887 1078
1801 1138
1078 1532
1887 1551
1738 1521
1525 1159
1560 1832
1493 1275
1823 1941
1823 1509
1489 1166
1726 1892
1530 1882
1331 1346
1726 1555
1455 1434
1816 1880
1446 1104
1793 1270
1153 1790
1771 1713
1795 1151
1493 1852
1129 1612
1449 1161
1919 1524
1525 1368
1776 1130
1521 1993
1231 1986
1538 1322
1631 1056
1638 1652
1015 1232
1612 1570
1340 1681
1346 1276
1767 1857
1880 1858
1947 1867
1823 1732
1006 1508
1450 1337
1184 1694
1726 1957
1493 1610
1101 1096
1726 1140
1014 1182
1114 1687
1146 1352
1331 1659
1659 1588
1172 1542
1660 1191
1136 1869
1659 1692
1638 1195
1511 1819
1631 1545
1986 1374
1076 1579
1957 1985
1396 1839
1851 1886
1696 1189
1776 1498
1887 1920
1918 1972
1696 1383
1153 1127
1434 1651
1819 1905
1129 1968
1445 1960
1713 1250
1309 1580
1029 1376
1732 1147
1043 1522
1155 1843
1377 1400
1234 1343
1887 1111
1096 1163
1189 1496
1738 1734
1332 1586
1579 1224
1498 1319
1930 1791
1335 1576
1449 1443
1972 1347
1449 1814
1514 1778
1182 1499
1869 1942
1548 1785
1523 1290
1882 1747
1356 1781
1191 1571
1434 1995
1579 1353
1986 1010
1488 1462
1430 1503
1015 1711
1147 1842
1276 1005
1029 1675
1795 1724
1776 1242
1010 1744
1852 1314
1514 1870
1839 1797
1454 1490
1857 1983
1875 1468
1995 1021
1631 1157
1496 1438
1524 1429
1631 1183
1488 1128
1522 1371
1010 1310
1250 1084
1005 1667
1405 1650
1172 1418
1111 1589
1625 1914
1560 1423
1488 1387
1322 1475
1005 1591
1795 1326
1914 1059
1667 1844
1905 1773
1843 1298
1887 1448
1172 1954
1331 1358
1331 1702
1872 1705
1404 1134
1159 1896
1468 1188
1043 1257
1957 1116
1914 1338
1396 1079
1887 1017
1104 1728
1551 1470
1522 1796
1508 1227
1470 1584
1298 1550
1497 1641
1802 1220
1189 1818
1791 1199
1561 1243
1442 1787
1298 1058
1801 1639
1612 1656
1508 1912
1930 1907
1832 1040
1842 1888
1251 1093
1584 1815
1639 1355
1607 1419
1800 1849
1188 1891
1734 1070
1985 1425
1338 1235
1659 1246
1059 1050
1986 1126
1734 1186
1580 1426
1298 1741
1188 1859
1423 1245
1002 1211
1652 1803
1257 1476
1319 1261
1396 1940
1660 1403
1470 1766
1681 1770
1053 1283
1016 1642
1283 1634
1767 1943
1985 1674
1140 1772
1309 1392
1886 1185
1070 1452
1525 1158
1580 1236
1449 1344
1508 1393
1015 1789
1276 1841
1638 1180
1448 1132
1356 1739
1773 1596
1711 1563
1352 1845
1344 1214
1136 1416
1374 1620
1387 1379
1235 1176
1634 1830
1785 1909
1246 1982
1954 1027
1478 1627
1738 1922
1499 1461
1186 1974
1245 1312
1070 1247
1841 1341
1641 1025
1383 1998
1560 1030
1275 1253
1224 1458
1773 1736
1231 1145
1232 1363
1512 1170
1887 1600
1694 1212
1396 1749
1818 1301
1859 1003
1158 1707
1560 1955
1276 1109
1383 1402
1767 1263
1940 1581
1771 1479
1555 1060
1343 1202
1387 1088
1800 1847
1145 1689
1006 1583
1120 1602
1030 1809
1905 1119
1530 1961
1050 1481
1802 1385
1659 1897
1027 1262
1276 1062
1084 1364
1509 1194
1129 1152
1610 1051
1800 1171
1986 1684
1922 1193
1503 1204
1186 1143
1917 1991
1458 1637
1356 1677
1875 1221
1159 1089
1612 1013
1839 1700
1637 1411
1816 1150
1579 1351
1993 1196
1744 1731
1713 1280
1214 1228
1393 1718
1270 1241
1309 1946
1610 1192
1261 1647
1081 1113
1490 1115
1027 1848
1522 1474
1793 1519
1692 1252
1954 1743
1787 1999
1551 1536
1651 1720
1152 1451
1985 1655
1796 1860
1220 1988
1376 1664
1346 1644
1298 1225
1776 1281
1077 1975
1270 1683
1314 1609
1858 1380
1076 1835
1770 1977
1352 1915
1211 1520
1677 1853
1387 1099
1079 1653
1713 1661
1732 1547
1089 1266
1845 1755
1869 1820
1961 1822
1602 1047
1656 1008
1766 1162
1002 1824
1532 1036
1625 1617
1545 1777
1243 1388
1151 1754
1326 1495
1380 1516
1371 1034
1058 1122
1195 1087
1823 1693
1684 1805
1449 1779
1005 1156
1978 1709
1087 1378
1185 1238
1481 1688
1212 1735
1450 1410
1777 1691
1404 1031
1830 1996
1581 1203
1770 1535
1285 1463
1462 1022
1886 1577
1738 1618
1919 1066
1692 1632
1519 1969
1767 1107
1843 1095
1551 1398
1161 1406
1842 1976
1832 1989
1093 1303
1822 1630
1120 1725
1332 1590
1790 1923
1062 1933
1481 1357
1232 1850
1530 1967
1637 1292
1015 1197
1731 1939
1522 1871
1443 1566
1914 1593
1930 1877
1398 1665
1191 1178
1059 1574
1119 1349
1835 1187
1819 1673
1405 1213
1642 1765
1790 1901
1785 1727
1524 1279
1262 1315
1625 1069
1787 1433
1693 1774
1448 1902
1263 1169
1688 1611
1718 1000
1143 1833
1849 1614
1694 1072
1162 1048
1503 1597
1076 1698
1609 1294
1593 1259
1647 1938
1225 1044
1077 1074
1922 1207
1639 1258
1393 1133
1220 1038
1048 1921
1802 1200
1875 1484
1377 1992
1571 1460
1555 1323
1340 1864
1247 1125
1188 1740
1195 1695
1736 1668
1448 1806
1917 1733
1555 1810
1270 1118
1644 1256
1688 1510
1034 1233
1859 1906
1718 1959
1043 1615
1263 1105
1770 1414
1968 1485
1741 1318
1119 1491
1617 1963
1675 1325
1620 1209
1803 1517
1816 1112
1458 1395
1522 1971
1860 1333
1789 1564
1234 1482
1381 1313
1521 1102
1688 1255
1319 1893
1393 1330
1986 1165
1642 1492
1303 1898
1809 1483
1152 1706
1833 1926
1664 1697
1182 1962
1833 1792
1830 1984
1442 1710
1490 1177
1740 1534
1379 1782
1969 1750
1996 1825
1309 1316
1912 1569
1772 1752
1255 1903
1176 1265
1402 1174
1313 1144
1634 1272
1425 1828
1642 1440
1021 1085
1903 1447
1718 1071
1918 1855
1978 1149
1153 1717
1314 1559
1419 1515
1145 1291
1614 1883
1574 1987
1140 1672
1258 1556
1747 1956
1960 1678
1810 1286
1790 1762
1883 1100
1978 1595
1782 1339
1013 1237
1520 1018
1560 1289
1694 1567
1072 1413
1165 1123
1832 1742
1169 1950
1844 1366
1392 1676
1963 1268
1446 1712
1310 1024
1161 1041
1107 1846
1426 1431
1989 1572
1675 1372
1661 1399
1999 1719
1193 1336
1165 1716
1650 1537
1740 1768
1100 1362
1326 1327
1617 1137
1733 1783
1158 1643
1791 1083
1406 1826
1109 1397
1048 1033
1452 1663
1826 1562
1972 1624
1793 1477
1982 1979
1718 1148
1024 1799
1877 1931
1488 1295
1083 1531
1677 1042
1344 1680
1303 1670
1548 1585
1025 1311
1660 1282
1395 1103
1766 1063
1130 1578
1053 1944
1446 1229
1931 1746
1423 1619
1665 1092
1191 1928
1112 1669
1143 1780
1852 1032
1187 1546
1338 1055
1820 1916
1947 1181
1898 1654
1266 1666
1907 1812
1297 1011
1357 1441
1888 1649
1547 1924
1638 1004
1508 1208
1941 1342
1031 1748
1524 1599
1542 1168
1744 1073
1534 1453
1538 1527
1912 1350
1514 1605
1468 1622
1642 1554
1549 1714
1816 1296
1650 1098
1392 1723
1668 1764
1918 1345
1525 1640
1188 1990
1468 1679
1931 1565
1860 1173
1848 1465
1398 1737
1967 1671
1790 1865
1651 1361
1520 1540
1921 1067
1726 1904
1470 1862
1585 1868
1474 1911
1680 1304
1562 1973
1857 1278
1405 1784
1346 1621
1192 1949
1961 1594
1551 1124
1048 1086
1576 1239
1769 1504
1247 1981
1447 1798
1542 1375
1158 1856
1030 1486
1423 1219
1805 1216
1748 1324
1740 1302
1753 1568
1265 1592
1820 1715
1450 1836
1049 1854
1773 1539
1589 1365
1595 1210
1211 1459
1324 1876
1341 1817
1698 1573
1627 1761
1255 1141
1905 1648
1152 1794
1212 1575
1773 1500
1916 1932
1836 1925
1797 1507
1478 1936
1504 1260
1919 1061
1707 1198
1495 1788
1693 1167
1127 1686
1101 1604
1649 1382
1904 1019
1363 1889
1053 1910
1612 1009
1159 1068
1833 1424
1465 1948
1033 1472
1447 1007
1725 1367
1337 1384
1848 1467
1846 1505
1249 1608
1941 1529
1173 1662
1009 1699
1344 1838
1208 1513
1250 1386
1140 1065
1995 1958
1393 1348
1203 1813
1492 1929
1710 1526
1246 1046
1591 1745
1769 1090
1029 1244
1197 1863
1667 1305
1323 1201
1773 1354
1620 1908
1322 1334
1946 1175
1799 1935
1196 1108
1061 1026
1676 1288
1178 1284
1784 1091
1357 1804
1990 1407
1257 1001
1492 1760
1677 1829
1693 1421
1702 1636
1791 1215
1522 1878
1854 1273
1842 1139
1946 1952
1434 1873
1819 1164
1177 1900
1540 1432
1720 1729
1795 1703
1411 1254
1956 1866
1472 1966
1151 1094
1761 1469
1996 1306
1804 1230
1116 1879
1133 1558
1295 1721
1865 1913
1761 1606
1376 1308
1896 1997
1452 1685
1196 1704
1538 1135
1888 1623
1090 1827
1555 1240
1556 1506
1134 1117
1913 1409
1526 1899
1410 1934
1654 1121
1669 1328
1367 1439
1596 1226
1213 1808
1247 1885
1175 1840
1950 1028
1580 1045
1195 1502
1710 1657
1429 1811
1962 1471
1698 1160
1872 1464
1242 1466
1139 1422
1463 1894
1133 1456
1032 1408
1545 1320
1059 1035
1507 1142
1259 1626
1180 1756
1910 1629
1225 1080
1503 1179
1164 1480
1887 1321
1619 1646
1976 1039
1607 1359
1914 1658
1596 1582
1308 1682
1638 1937
1977 1708
1152 1874
1020 1206
1101 1412
1022 1945
1273 1428
1571 1064
1386 1394
1584 1457
1547 1274
1856 1329
1863 1730
1772 1616
1710 1831
1399 1473
1713 1598
1128 1487
1413 1205
1030 1884
1176 1722
1249 1097
1337 1222
1179 1890
1714 1444
1592 1437
1602 1417
1524 1267
1754 1390
1508 1287
1607 1269
1503 1758
1053 1307
1467 1980
1352 1391
1270 1373
1212 1953
1696 1420
1361 1190
1482 1248
1074 1834
1670 1951
1536 1970
1234 1012
1862 1552
1006 1628
1879 1645
1456 1757
1667 1052
1333 1690
1241 1601
1762 1369
1280 1131
1315 1037
1668 1106
1395 1635
1842 1389
1475 1701
1914 1528
1148 1054
1580 1837
1462 1518
1986 1435
1927 1217
1948 1807
1658 1075
1610 1603
1075 1317
1828 1023
1481 1300
1125 1965
1581 1401
1396 1110
1294 1082
1809 1154
1439 1218
1390 1277
1407 1541
1322 1751
1029 1895
1575 1543
1335 1271
1257 1501
1183 1264
1706 1415
1522 1861
1959 1293
1632 1370
1114 1633
1203 1759
1730 1613
1813 1360
1372 1553
1324 1557
1016 1763
1008 1436
1372 1786
1974 1427
1722 1587
1848 1544
1516 1118
1217 1804
1235 1976
1449 1424
1731 1168
1299 1882
1536 1913
1852 1442
1099 1546
1424 1375
1261 1365
1984 1174
1106 1640
1106 1219
1540 1768
1079 1141
1939 1002
1594 1765
1150 1082
1284 1098
1833 1163
1166 1924
1383 1903
1779 1452
1729 1599
1147 1603
1479 1348
1748 1799
1971 1276
1580 1594
1478 1576
1392 1149
1122 1234
1307 1506
1010 1799
1081 1179
1538 1986
1576 1328
1757 1388
1016 1763
1898 1515
1227 1547
1199 1331
1120 1553
1525 1816
1803 1460
1201 1611
1483 1595
1750 1469
1136 1892
1776 1223
1137 1436
1058 1597
1119 1808
1688 1458
1944 1138
1357 1931
1679 1277
1915 1869
1251 1650
1712 1284
1716 1599
1277 1296
1024 1893
1338 1231
1274 1389
1690 1062
1061 1868
1520 1551
1661 1860
1764 1951
1305 1616
1258 1605
1598 1719
1324 1416
1765 1230
1085 1965
1934 1315
1240 1926
1126 1205
1358 1522
1568 1387
1409 1622
1792 1025
1181 1905
1978 1205
1271 1610
1692 1634
1745 1912
1778 1112
1548 1523
1904 1574
1224 1891
1062 1446
1800 1030
1315 1545
1080 1500
1099 1079
1833 1438
1746 1671
1965 1138
1717 1470
1072 1531
1747 1777
1907 1921
1591 1709
1569 1000
1687 1238
1318 1859
1665 1081
1924 1541
1537 1589
1653 1250
1324 1075
1061 1276
1571 1911
1632 1209
1194 1944
1131 1989
1833 1507
1962 1513
1233 1184
1155 1104
1044 1738
1771 1874
1965 1669
1647 1760
1088 1030
1850 1634
1789 1657
1293 1798
1383 1974
1609 1040
1157 1912
1596 1784
1807 1702
1357 1628
1703 1474
1561 1217
1834 1040
1388 1975
1041 1182
1018 1748
1165 1402
1505 1095
1155 1542
1141 1770
1539 1875
1265 1959
1085 1022
1943 1821
1257 1202
1586 1620
1745 1600
1962 1970
1042 1430
1744 1277
1822 1738
1605 1840
1632 1155
1680 1830
1213 1989
1056 1915
1769 1839
1189 1594
1541 1467
1832 1221
1943 1785
1397 1043
1060 1297
1999 1582
1348 1192
1039 1091
1374 1757
1505 1958
1337 1765
1141 1662
1509 1342
1970 1307
1393 1773
1434 1392
1478 1605
1556 1150
1678 1314
1743 1440
1774 1229
1653 1356
1234 1082
1578 1026
1322 1602
1093 1307
1209 1375
1049 1206
1482 1765
1884 1098
1212 1662
1124 1354
1218 1706
1156 1760
1749 1414
1477 1897
1388 1656
1239 1769
1058 1039
1656 1290
1531 1095
1834 1022
1484 1246
1214 1521
1936 1542
1432 1980
1446 1868
1371 1949
1172 1949
1633 1496
1674 1026
1032 1152
1678 1021
1226 1806
1998 1878
1891 1593
1977 1613
1605 1157
1259 1162
1867 1117
1263 1814
1764 1263
1047 1323
1740 1333
1709 1799
1833 1951
1938 1797
1101 1922
1637 1501
1993 1668
1768 1938
1440 1738
1944 1753
1743 1410
1631 1114
1265 1449
1350 1491
1244 1999
1444 1753
1747 1815
1481 1460
1972 1172
1974 1285
1825 1002
1267 1412
1823 1114
1534 1093
1506 1926
1985 1906
1923 1747
1630 1460
1152 1934
1924 1307
1944 1610
1926 1530
1899 1651
1344 1415
1763 1891
1063 1980
1285 1949
1439 1309
1964 1166
1021 1034
1837 1868
1646 1807
1196 1202
1319 1546
1621 1630
1692 1338
1244 1118
1843 1269
1037 1414
1714 1227
1414 1672
1842 1515
1745 1439
1427 1428
1207 1942
1059 1632
1014 1017
1265 1258
1201 1104
1609 1920
1464 1193
1939 1482
1949 1469
1324 1614
1939 1817
1589 1495
1959 1335
1741 1071
1374 1852
1692 1057
1755 1261
1811 1199
1100 1283
1246 1477
1663 1939
1444 1635
1428 1959
1953 1598
1320 1568
1699 1912
1530 1633
1906 1659
1632 1162
1256 1801
1775 1331
1216 1363
1069 1712
1700 1931
1224 1432
1000 1111
1521 1123
1282 1854
1419 1743
1859 1017
1911 1000
1431 1756
1109 1443
1198 1627
1205 1581
1662 1196
1764 1508
1774 1047
1585 1374
1287 1780
1294 1711
1986 1298
1263 1755
1237 1241
1561 1127
1539 1968
1596 1805
1797 1969
1843 1436
1461 1247
1415 1254
1272 1289
1833 1570
1742 1313
1436 1885
1315 1697
1537 1498
1900 1178
1617 1758
1399 1916
1570 1406
1230 1343
1711 1440
1730 1271
1191 1859
1923 1491
1926 1939
1465 1880
1741 1948
1807 1114
1724 1150
1629 1737
1859 1497
1887 1699
1894 1269
1384 1506
1458 1381
1298 1166
1732 1547
1527 1470
1819 1196
1406 1159
1913 1751
1634 1314
1616 1734
1064 1560
1548 1896
1166 1631
1752 1083
1476 1134
1405 1862
1327 1554
1882 1117
1059 1442
1612 1882
1160 1928
1372 1371
1583 1869
1155 1432
1254 1012
1047 1094
1262 1715
1652 1743
1241 1172
1465 1747
1240 1831
1342 1170
1290 1162
1922 1762
1585 1143
1500 1884
1122 1504
1343 1434
1424 1289
1044 1702
1639 1295
1517 1186
1506 1778
1685 1314
1686 1971
1569 1038
1453 1422
1686 1969
1985 1008
1240 1998
1306 1459
1546 1851
1094 1323
1166 1265
1728 1560
1274 1585
1197 1180
1045 1975
1934 1596
1689 1362
1813 1093
1969 1590
1602 1912
1022 1284
1787 1323
1902 1865
1793 1173
1189 1590
1485 1057
1933 1602
1428 1784
1491 1708
1518 1039
1452 1861
1300 1361
1144 1942
1313 1651
1431 1774
1933 1368
1598 1267
1608 1673
1473 1470
1858 1810
1548 1845
1855 1024
1173 1903
1962 1830
1857 1657
1014 1349
1662 1095
1245 1511
1974 1464
1277 1268
1622 1859
1704 1036
1738 1457
1374 1170
1948 1625
1237 1584
1119 1809
1038 1504
1709 1065
1272 1696
1632 1873
1583 1368
1354 1535
1492 1249
1817 1705
1814 1612
1544 1715
1360 1207
1679 1576
1172 1460
1922 1420
1676 1402
1203 1641
1412 1063
1390 1175
1603 1488
1671 1301
1641 1508
1066 1439
1814 1786
1896 1488
1612 1883
1918 1829
1963 1216
1331 1961
1922 1106
1316 1739
1046 1862
1526 1546
1242 1289
1267 1320
1737 1674
1896 1940
1280 1357
1560 1742
1407 1140
1493 1953
1322 1022
1197 1426
1120 1056
1801 1470
1530 1132
1629 1645
1835 1119
1634 1154
1531 1608
1403 1151
1582 1923
1812 1158
1933 1574
1126 1536
1206 1767
1989 1627
1244 1732
1540 1817
1909 1087
1533 1976
1373 1457
1712 1719
1751 1037
1562 1320
1359 1413
1072 1774
1362 1764
1338 1887
1309 1492
1390 1781
1992 1130
1795 1559
1608 1539
1711 1239
1896 1517
1245 1608
1472 1170
1958 1517
1378 1045
1434 1272
1070 1044
1739 1174
1921 1758
1783 1387
1216 1003
1880 1079
1791 1146
1345 1497
1908 1802
1609 1398
1553 1448
1425 1961
1468 1283
1306 1377
1529 1452
1136 1441
1162 1068
1448 1593
1446 1434
1866 1806
1469 1494
1133 1836
1100 1815
1503 1265
1396 1889
1213 1950
1494 1229
1291 1322
1632 1567
1108 1264
1575 1986
1079 1734
1620 1869
1706 1369
1551 1091
1239 1224
1691 1313
1505 1908
1005 1836
1876 1189
1076 1499
1939 1873
1766 1951
1477 1575
1168 1507
1930 1454
1514 1879
1479 1878
1586 1382
1247 1872
1861 1751
1848 1288
1099 1999
1239 1833
1408 1815
1543 1712
1228 1043
1417 1678
1885 1222
1296 1453
1868 1220
1806 1376
1579 1265
1051 1653
1915 1971
1982 1923
1292 1281
1437 1841
1707 1740
1538 1127
1516 1782
1694 1559
1596 1094
1617 1303
1860 1236
1421 1309
1806 1948
1120 1937
1334 1186
1597 1359
1512 1129
1138 1092
1508 1971
1497 1465
1072 1606
1765 1771
1559 1129
1241 1776
1580 1021
1625 1544
1714 1868
1713 1450
1940 1016
1257 1972
1185 1070
1199 1074
1403 1286
1889 1499
1147 1507
1188 1171
1132 1574
1528 1015
1393 1507
1337 1752
1093 1437
1673 1173
1866 1632
1340 1783
1758 1526
1253 1392
1721 1999
1294 1512
1047 1985
1694 1391
1728 1855
1347 1732
1152 1013
1296 1770
1423 1184
1945 1618
1655 1717
1119 1334
1266 1837
1786 1869
1253 1418
1621 1826
1062 1449
1165 1865
1316 1204
1958 1893
1077 1173
1652 1410
1846 1785
1516 1845
1811 1152
1544 1449
1024 1021
1871 1585
1597 1642
1886 1146
1691 1785
1967 1059
1167 1769
1945 1419
1347 1370
1184 1539
1680 1352
1045 1725
1929 1023
1345 1607
1696 1248
1911 1228
1813 1640
1041 1547
1534 1512
1726 1111
1930 1966
1276 1497
1568 1013
1525 1752
1284 1537
1351 1952
1238 1016
1763 1903
1569 1763
1802 1457
1572 1940
1090 1767
1918 1053
1603 1802
1193 1878
1167 1907
1554 1234
1176 1088
1848 1077
1466 1740
1195 1302
1084 1906
1013 1508
1844 1280
1243 1739
1608 1300
1205 1872
1405 1338
1139 1224
1439 1792
1165 1328
1745 1854
1693 1200
1952 1000
1927 1423
1345 1956
1046 1921
1472 1139
1757 1733
1413 1871
1575 1459
1604 1413
1501 1420
1185 1306
1330 1945
1088 1918
1907 1450
1883 1522
1246 1144
1220 1392
1301 1732
1351 1623
1390 1470
1111 1161
1579 1559
1333 1380
1357 1500
1581 1866
1712 1220
1890 1746
1492 1774
1304 1154
1981 1395
1693 1725
1323 1811
1842 1463
1294 1327
1386 1868
1179 1327
1313 1127
1561 1404
1503 1668
1868 1854
1347 1588
1355 1820
1669 1144
1087 1571
1006 1935
1212 1152
1068 1812
1306 1701
1356 1627
1905 1234
1499 1194
1055 1977
1659 1202
1461 1804
1542 1038
1278 1093
1209 1748
1816 1120
1585 1178
1531 1516
1779 1126
1017 1465
1967 1419
1673 1337
1505 1736
1183 1968
1984 1448
1553 1443
1509 1651
1659 1474
1591 1155
1895 1449
1802 1370
1068 1182
1047 1477
1948 1597
1325 1060
1774 1114
1613 1202
1005 1925
1894 1442
1488 1588
1011 1426
1873 1342
1823 1205
1905 1524
1130 1558
1582 1591
1969 1271
1690 1532
1911 1418
1349 1032
1214 1857
1305 1783
1128 1181
1122 1751
1384 1349
1337 1102
1186 1033
1493 1558
1116 1594
1623 1332
1010 1026
1246 1669
1450 1513
1640 1539
1367 1775
1528 1337
1838 1832
1629 1857
1274 1068
1491 1376
1585 1872
1330 1388
1203 1015
1104 1267
1978 1678
1817 1551
1630 1578
1816 1682
1824 1390
1951 1609
1367 1545
1401 1752
1352 1128
1053 1807
1331 1611
1126 1975
1662 1665
1315 1667
1162 1582
1425 1172
1626 1102
1954 1846
1450 1984
1077 1452
1923 1400
1776 1460
1453 1875
1118 1684
1370 1613
1573 1923
1811 1861
1256 1464
1219 1521
1300 1860
1120 1590
1870 1090
1779 1587
1709 1796
1040 1877
1280 1372
1770 1262
1939 1119
1727 1192
1591 1776
1375 1402
1094 1014
1338 1179
1729 1227
1484 1310
1876 1657
1223 1995
1861 1245
1454 1481
1257 1931
1926 1433
1515 1502
1697 1220
1673 1030
1728 1906
1248 1630
1240 1670
1989 1279
1084 1788
1276 1498
1218 1006
1403 1908
1523 1177
1264 1927
1691 1358
1841 1577
1018 1566
1796 1293
1216 1447
1512 1788
1488 1479
1720 1565
1113 1008
1729 1276
1928 1831
1728 1491
1728 1000
1697 1487
1847 1752
1150 1972
1770 1983
1510 1291
1337 1928
1977 1995
1786 1642
1702 1496
1783 1850
1772 1209
1553 1623
1360 1426
1574 1279
1909 1181
1362 1102
1408 1548
1810 1417
1908 1994
1582 1876
1002 1482
1464 1897
1044 1174
1671 1662
1062 1365
1975 1595
1587 1384
1890 1193
1532 1626
1893 1296
1171 1015
1236 1997
1413 1691
1331 1179
1032 1524
1981 1141
1571 1653
1741 1330
1987 1887
1480 1690
1064 1925
1059 1740
1399 1268
1802 1805
1182 1215
1850 1830
1215 1036
1660 1013
1822 1159
1948 1534
1436 1928
1040 1595
1023 1079
1177 1805
1559 1962
1732 1181
1854 1092
1051 1138
1387 1318
1846 1078
1900 1712
1674 1762
1629 1419
1823 1036
1569 1390
1756 1397
1008 1656
1979 1674
1144 1531
1211 1840
1081 1260
155
5 1465
249 1242
836 1014
165 1701
365 1681
3 1978
941 1115
609 1578
239 1409
419 1781
23 1127
810 1306
706 1294
1 1965
247 1377
228 1053
827 1782
696 1055
121 1257
437 1201
177 1718
525 1080
513 1916
204 1439
670 1436
769 1399
57 1530
507 1333
555 1373
363 1132
937 1959
977 1208
882 1725
272 1493
796 1682
647 1277
595 1656
16 1235
837 1538
722 1338
608 1486
851 1768
84 1989
887 1726
740 1266
409 1006
370 1357
390 1278
63 1169
879 1904
493 1455
407 1877
86 1574
210 1382
195 1525
102 1161
717 1734
7 1923
924 1760
871 1829
845 1284
746 1647
363 1440
964 1192
825 1337
191 1079
692 1158
296 1269
110 1100
276 1924
446 1509
929 1230
799 1674
368 1490
798 1393
432 1774
66 1737
627 1992
186 1262
58 1608
340 1151
527 1868
539 1805
709 1917
523 1402
212 1693
96 1801
115 1912
686 1133
931 1593
23 1662
282 1213
88 1105
40 1368
734 1649
732 1998
217 1877
324 1846
992 1019
701 1755
522 1107
670 1727
833 1640
163 1502
562 1558
357 1673
390 1402
747 1574
418 1351
744 1023
941 1356
437 1805
858 1542
168 1265
886 1483
605 1501
935 1732
890 1250
125 1872
105 1750
871 1848
826 1999
561 1591
76 1367
295 1869
614 1987
473 1405
727 1876
537 1599
405 1636
90 1284
343 1504
248 1412
999 1782
889 1123
109 1259
590 1466
483 1320
68 1040
237 1739
755 538
203 468
41 178
332 272
800 939
372 775
344 519
296 161
273 548
333 346
1607 1026
1318 1276
1382 1102
1723 1318
1610 1009
