11
104
1 8 10
2 2 7
3 6 11
4 8 11
5 2 4
6 5 8
7 2 4
8 9 11
9 4 8
10 1 2
11 8 11
12 1 3
13 6 9
14 1 6
15 8 11
16 6 11
17 6 11
18 1 5
19 3 8
20 2 3
21 8 10
22 4 5
23 6 9
24 9 11
25 2 6
26 7 9
27 3 4
28 6 11
29 4 7
30 5 6
31 3 6
32 4 7
33 2 6
34 1 3
35 1 5
36 5 9
37 2 3
38 5 6
39 8 11
40 3 6
41 1 2
42 4 7
43 4 9
44 2 3
45 6 8
46 6 10
47 1 5
48 7 9
49 1 6
50 5 8
51 7 9
52 8 11
53 4 9
54 4 9
55 5 6
56 5 9
57 2 6
58 7 9
59 5 8
60 7 8
61 6 9
62 4 6
63 4 5
64 5 9
65 3 8
66 6 11
67 2 5
68 1 2
69 3 8
70 1 4
71 10 11
72 3 8
73 5 6
74 1 6
75 4 5
76 2 4
77 5 10
78 4 8
79 5 7
80 1 4
81 9 11
82 3 8
83 9 10
84 6 10
85 6 10
86 8 10
87 3 8
88 10 11
89 4 9
90 5 6
91 5 9
92 7 9
93 2 3
94 7 10
95 4 7
96 2 5
97 3 8
98 4 9
99 5 8
100 2 7
101 6 7
102 3 6
103 4 7
104 1 6
