29
98
1 19 23
2 2 3
3 23 26
4 18 21
5 16 20
6 16 18
7 2 6
8 3 7
9 16 19
10 11 12
11 6 8
12 21 24
13 19 21
14 17 21
15 12 15
16 6 7
17 13 17
18 19 20
19 8 9
20 19 21
21 27 28
22 22 26
23 7 10
24 23 26
25 21 22
26 2 4
27 25 27
28 15 16
29 24 26
30 4 6
31 4 5
32 6 8
33 23 25
34 22 25
35 24 26
36 17 20
37 25 28
38 15 17
39 9 11
40 28 29
41 5 7
42 15 16
43 9 12
44 5 7
45 7 9
46 21 22
47 6 7
48 21 23
49 7 11
50 15 16
51 3 5
52 7 10
53 15 17
54 8 12
55 13 14
56 13 15
57 1 5
58 5 9
59 4 7
60 17 18
61 22 25
62 4 8
63 18 19
64 16 18
65 11 12
66 14 17
67 23 27
68 19 20
69 19 22
70 23 25
71 10 14
72 16 20
73 12 15
74 7 8
75 17 19
76 4 5
77 21 22
78 25 29
79 25 28
80 16 18
81 25 28
82 11 15
83 23 26
84 8 10
85 17 21
86 15 19
87 13 15
88 4 5
89 19 21
90 19 23
91 17 21
92 10 13
93 2 3
94 16 17
95 9 13
96 4 8
97 22 24
98 22 23
