31
253
1 5 9
2 24 30
3 15 18
4 26 28
5 17 23
6 25 31
7 4 8
8 15 18
9 19 25
10 8 13
11 3 7
12 4 7
13 14 18
14 26 29
15 21 26
16 20 26
17 16 19
18 22 25
19 17 22
20 23 26
21 14 16
22 14 18
23 7 10
24 11 15
25 23 29
26 6 10
27 5 11
28 22 24
29 21 27
30 24 30
31 27 30
32 20 23
33 11 17
34 7 12
35 12 14
36 11 16
37 2 7
38 12 16
39 17 19
40 23 29
41 20 26
42 19 25
43 21 27
44 10 16
45 6 8
46 16 19
47 10 15
48 13 17
49 19 24
50 6 8
51 8 13
52 14 20
53 4 10
54 22 24
55 21 23
56 12 17
57 18 21
58 24 30
59 13 18
60 21 23
61 3 8
62 15 17
63 7 11
64 25 30
65 26 30
66 20 25
67 28 30
68 22 27
69 1 4
70 25 28
71 13 17
72 10 13
73 10 12
74 3 8
75 24 27
76 10 15
77 20 25
78 21 26
79 26 28
80 22 26
81 8 10
82 14 17
83 1 4
84 24 26
85 17 21
86 15 18
87 16 22
88 19 22
89 8 12
90 25 30
91 16 21
92 25 27
93 21 26
94 26 28
95 18 20
96 16 22
97 11 17
98 7 12
99 8 11
100 25 28
101 13 17
102 22 24
103 4 6
104 10 16
105 14 19
106 12 17
107 17 22
108 12 14
109 14 19
110 12 17
111 26 30
112 21 25
113 20 24
114 5 10
115 16 21
116 6 11
117 16 22
118 29 31
119 26 30
120 7 13
121 19 24
122 1 4
123 23 26
124 4 9
125 22 28
126 17 20
127 12 15
128 10 16
129 4 9
130 23 28
131 26 30
132 27 29
133 25 27
134 26 31
135 7 13
136 25 31
137 1 3
138 10 16
139 5 8
140 2 6
141 9 12
142 20 26
143 19 23
144 18 22
145 3 8
146 7 9
147 10 15
148 23 27
149 10 13
150 21 27
151 7 13
152 2 5
153 7 12
154 16 19
155 20 25
156 27 31
157 26 29
158 21 23
159 15 19
160 10 16
161 23 25
162 12 16
163 2 5
164 21 25
165 2 6
166 27 30
167 8 10
168 19 25
169 22 28
170 26 31
171 24 27
172 15 21
173 10 16
174 14 20
175 22 26
176 10 16
177 25 28
178 3 5
179 6 10
180 6 12
181 11 16
182 5 9
183 15 21
184 6 11
185 21 27
186 12 15
187 19 24
188 10 13
189 29 31
190 21 24
191 12 14
192 6 11
193 17 23
194 3 7
195 5 8
196 21 23
197 15 18
198 17 21
199 20 26
200 17 19
201 20 24
202 26 29
203 19 24
204 17 23
205 15 21
206 2 6
207 12 14
208 9 14
209 1 3
210 21 24
211 10 16
212 13 18
213 2 7
214 20 23
215 12 16
216 15 21
217 20 25
218 23 29
219 10 12
220 21 23
221 18 22
222 18 24
223 27 29
224 28 31
225 14 17
226 16 22
227 10 15
228 16 21
229 6 10
230 9 12
231 5 9
232 1 6
233 17 23
234 6 10
235 5 9
236 14 18
237 6 10
238 4 8
239 4 10
240 10 13
241 2 8
242 19 22
243 23 25
244 3 7
245 27 29
246 18 20
247 21 26
248 10 14
249 24 28
250 25 29
251 23 28
252 25 30
253 27 29
