46
187
1 9 12
2 19 22
3 15 23
4 19 24
5 9 13
6 10 19
7 31 37
8 24 27
9 1 7
10 7 10
11 3 7
12 13 23
13 22 25
14 8 11
15 33 38
16 2 6
17 2 9
18 8 13
19 34 42
20 37 44
21 36 40
22 26 34
23 10 13
24 7 14
25 20 25
26 9 15
27 14 19
28 27 31
29 29 38
30 39 46
31 22 30
32 16 23
33 8 15
34 39 42
35 20 28
36 13 23
37 25 29
38 36 43
39 42 46
40 18 21
41 6 9
42 2 9
43 10 20
44 35 42
45 34 41
46 10 15
47 30 34
48 18 21
49 22 29
50 7 11
51 31 37
52 7 16
53 32 36
54 41 46
55 14 24
56 19 28
57 20 29
58 30 36
59 31 37
60 34 40
61 13 18
62 40 44
63 18 26
64 4 11
65 11 18
66 25 34
67 39 46
68 18 22
69 38 46
70 38 44
71 23 31
72 11 15
73 21 29
74 23 29
75 25 29
76 33 41
77 40 44
78 10 17
79 36 44
80 4 12
81 41 45
82 8 16
83 16 21
84 32 36
85 15 20
86 42 45
87 25 33
88 5 11
89 18 21
90 32 41
91 14 23
92 34 41
93 35 43
94 15 25
95 4 13
96 24 30
97 20 23
98 28 31
99 42 45
100 17 20
101 6 14
102 15 22
103 15 25
104 2 10
105 28 34
106 1 9
107 22 27
108 17 21
109 33 38
110 28 35
111 26 36
112 18 22
113 2 7
114 38 45
115 27 30
116 7 16
117 5 15
118 20 29
119 25 30
120 27 32
121 11 20
122 24 29
123 16 25
124 23 30
125 18 23
126 26 29
127 19 22
128 34 44
129 11 20
130 10 16
131 3 7
132 21 27
133 12 17
134 35 40
135 29 38
136 6 11
137 20 23
138 7 15
139 5 13
140 5 14
141 2 7
142 22 31
143 29 35
144 7 10
145 5 10
146 26 31
147 36 41
148 18 21
149 2 5
150 35 44
151 11 21
152 11 21
153 32 39
154 17 27
155 28 33
156 13 23
157 7 16
158 11 14
159 35 42
160 27 33
161 34 38
162 16 20
163 16 25
164 20 27
165 5 9
166 16 24
167 19 25
168 22 26
169 12 19
170 12 17
171 34 42
172 7 16
173 31 37
174 13 16
175 5 9
176 26 32
177 38 44
178 31 38
179 1 10
180 42 45
181 25 29
182 2 10
183 12 21
184 32 36
185 8 11
186 20 28
187 16 24
