47
969
1 3 9
2 1 12
3 23 28
4 17 22
5 31 41
6 19 30
7 15 23
8 30 34
9 25 31
10 34 42
11 29 33
12 35 40
13 26 29
14 3 12
15 6 9
16 31 39
17 5 13
18 21 32
19 32 41
20 22 33
21 23 35
22 37 40
23 25 34
24 16 23
25 34 40
26 30 35
27 8 19
28 32 35
29 7 16
30 37 47
31 10 17
32 14 23
33 2 8
34 12 24
35 7 18
36 18 23
37 1 7
38 22 26
39 8 19
40 34 45
41 21 32
42 11 14
43 26 36
44 25 34
45 12 15
46 10 16
47 1 11
48 13 23
49 4 11
50 25 29
51 25 33
52 17 22
53 20 27
54 24 27
55 32 39
56 36 45
57 18 28
58 37 44
59 9 19
60 3 13
61 10 14
62 19 26
63 24 36
64 30 38
65 7 16
66 37 44
67 16 23
68 37 44
69 9 20
70 11 20
71 9 16
72 36 41
73 23 35
74 19 30
75 3 15
76 13 17
77 36 47
78 29 35
79 23 35
80 23 29
81 26 38
82 14 21
83 30 34
84 7 19
85 37 47
86 16 20
87 18 22
88 41 47
89 40 43
90 8 11
91 18 29
92 20 24
93 6 10
94 10 18
95 15 21
96 18 24
97 30 41
98 7 12
99 38 42
100 13 16
101 3 12
102 32 42
103 14 21
104 19 31
105 21 32
106 14 23
107 34 43
108 25 28
109 26 37
110 30 41
111 15 21
112 41 45
113 5 10
114 1 5
115 19 23
116 7 11
117 16 27
118 5 10
119 5 13
120 21 24
121 28 31
122 40 45
123 28 39
124 19 24
125 20 29
126 17 29
127 12 19
128 23 29
129 32 42
130 34 44
131 34 42
132 19 30
133 22 31
134 36 40
135 39 45
136 28 32
137 25 30
138 2 12
139 29 36
140 28 38
141 33 41
142 25 30
143 34 43
144 23 26
145 39 42
146 7 14
147 36 39
148 1 6
149 26 32
150 2 12
151 4 7
152 28 38
153 25 30
154 9 12
155 15 27
156 3 11
157 26 30
158 30 42
159 42 47
160 39 45
161 24 34
162 20 27
163 2 13
164 2 7
165 12 16
166 9 12
167 39 45
168 11 20
169 16 25
170 10 19
171 28 33
172 28 37
173 13 18
174 13 24
175 21 28
176 30 39
177 6 13
178 33 44
179 13 21
180 39 44
181 36 41
182 37 47
183 40 46
184 24 36
185 12 23
186 16 27
187 11 22
188 35 45
189 2 10
190 20 28
191 20 28
192 31 40
193 1 10
194 28 40
195 25 32
196 29 39
197 9 20
198 21 27
199 26 37
200 4 14
201 12 20
202 10 19
203 12 20
204 31 37
205 20 29
206 3 9
207 1 8
208 31 35
209 23 26
210 34 40
211 39 43
212 23 33
213 41 45
214 7 18
215 33 43
216 25 33
217 34 39
218 23 32
219 27 37
220 4 10
221 1 6
222 5 8
223 13 20
224 40 45
225 14 26
226 4 16
227 11 21
228 7 19
229 1 6
230 34 38
231 7 18
232 8 20
233 40 46
234 30 37
235 30 36
236 24 36
237 16 27
238 4 13
239 27 34
240 37 41
241 5 8
242 2 11
243 38 47
244 9 19
245 8 13
246 16 27
247 21 25
248 20 32
249 21 28
250 7 19
251 21 29
252 4 10
253 9 13
254 35 41
255 18 27
256 25 31
257 24 32
258 13 24
259 14 17
260 10 17
261 30 34
262 25 29
263 32 35
264 10 19
265 26 37
266 40 44
267 22 25
268 36 39
269 17 27
270 17 24
271 8 20
272 8 16
273 19 31
274 5 15
275 24 31
276 20 30
277 14 26
278 1 6
279 36 45
280 33 38
281 20 23
282 7 15
283 2 7
284 2 14
285 28 40
286 13 23
287 20 26
288 18 29
289 1 11
290 35 40
291 13 23
292 13 21
293 28 38
294 34 45
295 10 17
296 15 22
297 10 15
298 23 30
299 26 36
300 34 46
301 21 27
302 14 26
303 36 45
304 10 14
305 40 43
306 9 13
307 6 12
308 24 35
309 34 41
310 32 37
311 37 42
312 7 18
313 4 16
314 2 14
315 4 14
316 22 27
317 19 25
318 33 38
319 16 20
320 41 44
321 21 28
322 15 24
323 27 32
324 19 22
325 11 23
326 14 24
327 6 13
328 7 15
329 32 38
330 34 43
331 33 45
332 20 25
333 2 9
334 36 46
335 27 32
336 35 47
337 38 41
338 30 42
339 23 32
340 13 21
341 16 21
342 39 43
343 20 23
344 6 16
345 18 27
346 32 35
347 1 7
348 21 29
349 13 25
350 36 39
351 29 33
352 24 34
353 20 23
354 15 26
355 33 42
356 42 46
357 39 42
358 40 44
359 12 18
360 29 40
361 4 9
362 25 30
363 11 19
364 7 10
365 43 47
366 19 30
367 22 29
368 38 46
369 18 29
370 7 17
371 16 23
372 27 38
373 11 17
374 12 15
375 13 16
376 24 31
377 2 8
378 31 36
379 27 35
380 26 36
381 7 15
382 26 31
383 17 22
384 35 42
385 28 35
386 31 34
387 10 19
388 33 43
389 19 31
390 5 17
391 5 12
392 37 43
393 14 26
394 34 43
395 11 23
396 14 17
397 31 37
398 43 46
399 17 28
400 7 10
401 18 23
402 31 40
403 20 30
404 23 29
405 13 21
406 5 12
407 23 29
408 33 43
409 32 38
410 2 11
411 14 24
412 3 9
413 4 14
414 29 41
415 3 9
416 14 26
417 26 30
418 29 33
419 20 27
420 29 32
421 29 41
422 3 8
423 18 30
424 20 32
425 17 26
426 23 29
427 6 12
428 33 39
429 12 15
430 31 37
431 27 32
432 4 7
433 31 37
434 36 39
435 17 27
436 35 47
437 31 42
438 10 16
439 33 44
440 36 42
441 8 19
442 5 13
443 37 46
444 9 13
445 33 40
446 27 32
447 29 35
448 19 26
449 1 12
450 5 12
451 33 40
452 7 19
453 29 40
454 8 18
455 34 40
456 18 27
457 17 29
458 30 39
459 14 17
460 33 43
461 43 46
462 31 38
463 37 41
464 29 37
465 5 15
466 34 38
467 5 14
468 31 37
469 25 34
470 40 44
471 17 28
472 33 45
473 13 17
474 33 44
475 31 38
476 8 16
477 22 26
478 28 35
479 34 40
480 30 42
481 17 20
482 15 25
483 34 45
484 37 45
485 35 47
486 24 35
487 1 10
488 29 35
489 10 16
490 12 16
491 41 45
492 17 22
493 30 39
494 17 24
495 16 22
496 27 32
497 25 34
498 34 41
499 42 47
500 40 47
501 2 7
502 35 47
503 38 42
504 1 6
505 22 29
506 41 45
507 22 33
508 23 31
509 31 40
510 7 14
511 16 28
512 30 39
513 19 27
514 16 21
515 2 7
516 33 43
517 22 26
518 38 43
519 19 26
520 39 44
521 39 46
522 14 18
523 27 30
524 27 35
525 6 12
526 22 34
527 1 7
528 34 39
529 36 45
530 26 29
531 1 13
532 17 27
533 34 38
534 29 34
535 14 17
536 19 23
537 40 45
538 7 12
539 36 41
540 19 26
541 37 45
542 29 36
543 5 11
544 1 9
545 26 37
546 14 26
547 31 42
548 15 26
549 33 42
550 42 46
551 2 13
552 12 15
553 16 24
554 24 29
555 14 24
556 20 31
557 39 46
558 35 38
559 42 46
560 30 34
561 3 15
562 5 12
563 25 34
564 12 19
565 10 16
566 28 40
567 17 22
568 4 7
569 39 46
570 1 9
571 13 17
572 17 22
573 21 31
574 19 27
575 36 41
576 31 42
577 35 45
578 14 18
579 26 29
580 19 26
581 4 11
582 19 24
583 8 13
584 13 24
585 31 39
586 12 20
587 32 42
588 12 22
589 26 34
590 34 41
591 3 15
592 13 24
593 32 35
594 1 11
595 33 43
596 8 20
597 7 15
598 25 33
599 13 17
600 16 19
601 24 33
602 24 28
603 11 23
604 19 24
605 32 42
606 7 10
607 5 16
608 39 46
609 20 30
610 19 26
611 40 44
612 24 27
613 29 39
614 13 25
615 28 38
616 12 20
617 35 42
618 8 20
619 5 8
620 32 38
621 9 12
622 8 13
623 21 32
624 12 17
625 41 46
626 16 23
627 7 10
628 18 23
629 34 43
630 41 46
631 26 33
632 6 13
633 16 26
634 7 13
635 29 35
636 7 14
637 20 26
638 33 43
639 1 11
640 26 36
641 13 21
642 30 36
643 4 13
644 24 29
645 39 46
646 8 20
647 6 18
648 32 37
649 36 41
650 22 29
651 32 35
652 12 19
653 39 47
654 32 35
655 10 15
656 21 25
657 19 23
658 32 42
659 15 26
660 26 29
661 8 15
662 5 11
663 23 31
664 33 39
665 13 20
666 38 42
667 32 40
668 27 32
669 27 32
670 15 19
671 2 5
672 29 37
673 28 38
674 16 25
675 30 40
676 37 45
677 8 19
678 3 10
679 11 22
680 32 41
681 23 26
682 1 12
683 29 40
684 27 31
685 41 45
686 31 43
687 16 19
688 19 25
689 9 20
690 21 24
691 5 8
692 40 44
693 14 25
694 30 41
695 34 38
696 10 14
697 31 40
698 6 18
699 20 26
700 18 25
701 1 5
702 25 37
703 7 16
704 17 21
705 27 30
706 16 25
707 9 21
708 26 33
709 22 32
710 20 24
711 25 28
712 8 11
713 3 13
714 35 41
715 32 43
716 7 10
717 19 29
718 22 30
719 26 35
720 8 19
721 1 13
722 35 43
723 11 14
724 5 10
725 11 19
726 16 22
727 14 23
728 29 39
729 32 43
730 37 47
731 2 13
732 25 33
733 29 38
734 22 32
735 39 47
736 16 22
737 13 16
738 1 4
739 7 14
740 5 12
741 24 31
742 17 24
743 35 42
744 41 44
745 12 19
746 30 38
747 5 8
748 28 33
749 25 31
750 8 12
751 21 24
752 11 15
753 32 41
754 7 17
755 10 19
756 15 21
757 7 15
758 22 33
759 36 46
760 14 25
761 2 6
762 29 40
763 12 23
764 32 39
765 22 31
766 8 12
767 20 27
768 37 46
769 26 33
770 6 11
771 28 38
772 14 19
773 12 23
774 17 29
775 21 32
776 31 34
777 17 21
778 39 47
779 1 13
780 18 27
781 24 35
782 29 33
783 22 29
784 23 31
785 13 22
786 37 46
787 4 9
788 13 24
789 35 42
790 29 39
791 28 38
792 16 20
793 10 22
794 26 32
795 25 34
796 38 46
797 24 32
798 5 15
799 8 15
800 34 45
801 3 12
802 4 7
803 31 34
804 28 32
805 13 18
806 24 36
807 27 30
808 25 34
809 5 16
810 11 16
811 29 37
812 18 22
813 26 31
814 15 25
815 6 9
816 29 37
817 23 35
818 11 23
819 8 18
820 10 22
821 29 34
822 29 33
823 15 23
824 28 33
825 2 8
826 35 43
827 32 43
828 28 37
829 23 30
830 26 32
831 5 11
832 22 26
833 16 25
834 27 37
835 9 21
836 4 15
837 25 32
838 24 29
839 14 23
840 16 19
841 28 36
842 30 40
843 35 40
844 31 39
845 35 42
846 12 21
847 43 47
848 29 33
849 15 20
850 32 40
851 24 30
852 36 40
853 15 24
854 23 30
855 42 47
856 26 30
857 15 25
858 24 31
859 12 23
860 8 14
861 23 32
862 13 19
863 32 38
864 18 25
865 1 11
866 17 22
867 3 11
868 3 12
869 29 40
870 8 11
871 27 37
872 35 47
873 38 44
874 12 21
875 15 19
876 15 27
877 15 22
878 29 41
879 18 26
880 41 44
881 23 32
882 27 31
883 30 33
884 9 16
885 11 21
886 11 20
887 8 19
888 4 9
889 32 38
890 9 16
891 36 41
892 35 41
893 18 23
894 14 22
895 8 20
896 1 6
897 28 40
898 37 46
899 16 23
900 21 28
901 39 43
902 2 6
903 4 15
904 8 17
905 43 46
906 1 6
907 35 44
908 23 35
909 24 28
910 35 39
911 10 21
912 21 27
913 35 46
914 11 21
915 18 22
916 5 10
917 8 20
918 3 9
919 8 16
920 21 28
921 7 15
922 29 37
923 31 37
924 35 39
925 8 16
926 18 24
927 39 45
928 41 46
929 3 11
930 34 37
931 35 45
932 37 44
933 18 28
934 8 18
935 16 20
936 3 14
937 22 34
938 29 34
939 23 33
940 9 20
941 13 21
942 29 37
943 24 36
944 34 43
945 27 30
946 34 45
947 12 20
948 26 37
949 19 26
950 29 36
951 26 30
952 31 37
953 5 11
954 26 30
955 32 43
956 24 34
957 23 31
958 26 35
959 40 46
960 21 31
961 30 36
962 27 34
963 40 43
964 7 14
965 23 31
966 8 16
967 33 45
968 10 20
969 3 13
