995 500000 1
766 859 1
143 577 1
348 335 1
554 222 1
991 612 1
776 424 1
458 155 1
722 544 1
63 276 1
229 81 1
114 134 1
759 446 1
572 31 1
976 690 1
681 135 1
964 523 1
193 760 1
149 126 1
526 142 1
83 125 1
411 327 1
577 902 1
673 266 1
59 816 1
905 791 1
215 140 1
457 862 1
337 348 1
376 518 1
493 480 1
651 992 1
615 968 1
454 205 1
685 483 1
811 347 1
165 868 1
44 462 1
145 296 1
295 856 1
15 618 1
209 25 1
180 606 1
472 452 1
309 627 1
693 765 1
862 883 1
652 753 1
30 908 1
256 143 1
833 363 1
372 853 1
628 146 1
721 708 1
410 639 1
189 152 1
282 129 1
111 971 1
157 752 1
902 208 1
931 407 1
787 611 1
497 136 1
78 973 1
828 595 1
346 814 1
76 216 1
570 320 1
743 49 1
240 438 1
535 880 1
142 110 1
126 815 1
993 791 1
872 107 1
600 441 1
203 901 1
270 556 1
954 491 1
286 909 1
434 109 1
630 872 1
473 221 1
333 970 1
61 343 1
941 282 1
543 609 1
436 474 1
289 938 1
945 141 1
437 886 1
662 738 1
638 600 1
719 864 1
943 696 1
714 660 1
864 48 1
119 943 1
499 648 1
518 714 1
479 494 1
598 795 1
406 883 1
962 370 1
710 621 1
910 612 1
537 893 1
694 105 1
952 293 1
579 873 1
208 18 1
400 956 1
223 905 1
623 307 1
453 946 1
760 545 1
682 486 1
485 850 1
277 573 1
958 190 1
778 375 1
132 313 1
389 241 1
744 983 1
109 772 1
357 213 1
634 603 1
190 472 1
779 709 1
887 497 1
31 282 1
588 87 1
315 6 1
524 556 1
670 787 1
324 628 1
889 184 1
252 917 1
172 287 1
56 688 1
978 660 1
647 328 1
689 898 1
469 362 1
934 390 1
725 510 1
608 271 1
96 965 1
589 552 1
521 671 1
525 875 1
818 205 1
911 405 1
178 986 1
244 368 1
447 695 1
851 571 1
325 136 1
247 606 1
228 260 1
576 644 1
503 873 1
511 156 1
957 506 1
37 607 1
379 162 1
663 856 1
331 501 1
620 583 1
60 114 1
845 448 1
899 266 1
438 614 1
510 56 1
640 627 1
404 199 1
869 598 1
868 61 1
20 239 1
616 299 1
757 160 1
936 447 1
452 514 1
381 934 1
806 513 1
801 896 1
383 739 1
99 482 1
162 554 1
717 110 1
867 275 1
391 167 1
512 857 1
36 93 1
509 805 1
770 673 1
879 793 1
79 784 1
25 116 1
122 632 1
365 589 1
876 742 1
311 315 1
508 797 1
33 523 1
922 198 1
186 565 1
655 275 1
439 396 1
861 276 1
262 141 1
618 764 1
71 166 1
636 24 1
676 348 1
542 318 1
187 799 1
556 283 1
214 27 1
267 758 1
354 157 1
397 95 1
451 771 1
563 675 1
462 676 1
730 255 1
994 962 1
792 971 1
901 931 1
853 702 1
817 767 1
971 258 1
702 411 1
246 87 1
648 203 1
812 19 1
433 158 1
617 672 1
271 832 1
686 776 1
22 970 1
62 217 1
464 37 1
154 8 1
198 140 1
314 698 1
159 435 1
40 204 1
536 138 1
329 291 1
441 562 1
529 415 1
403 533 1
306 245 1
340 732 1
74 338 1
625 489 1
836 654 1
762 942 1
664 99 1
449 265 1
748 634 1
706 932 1
840 661 1
188 980 1
842 724 1
933 979 1
587 318 1
468 944 1
194 616 1
729 197 1
930 273 1
863 721 1
140 491 1
197 647 1
161 94 1
696 782 1
206 457 1
448 822 1
799 120 1
125 915 1
385 340 1
395 479 1
431 300 1
291 814 1
12 542 1
805 993 1
167 852 1
975 946 1
646 14 1
361 299 1
815 20 1
596 640 1
584 506 1
482 48 1
756 907 1
195 990 1
89 957 1
498 283 1
925 414 1
243 881 1
486 241 1
123 194 1
649 810 1
70 189 1
658 825 1
153 84 1
221 540 1
459 233 1
98 783 1
281 742 1
362 342 1
107 683 1
484 164 1
68 298 1
916 249 1
287 515 1
108 640 1
557 476 1
288 468 1
624 988 1
338 783 1
152 464 1
834 751 1
672 752 1
604 31 1
822 724 1
91 811 1
272 815 1
979 958 1
961 176 1
321 163 1
626 808 1
171 113 1
408 357 1
292 893 1
935 404 1
915 916 1
48 177 1
777 638 1
786 665 1
597 450 1
871 603 1
824 654 1
601 830 1
94 916 1
728 52 1
992 956 1
179 544 1
181 256 1
387 495 1
460 406 1
942 668 1
559 570 1
881 663 1
352 809 1
797 787 1
148 478 1
544 464 1
490 859 1
355 371 1
366 229 1
733 755 1
420 127 1
928 20 1
585 524 1
232 33 1
558 633 1
701 119 1
929 33 1
644 124 1
100 332 1
909 490 1
506 7 1
45 157 1
175 726 1
255 993 1
300 328 1
614 810 1
217 196 1
522 576 1
516 438 1
425 25 1
204 404 1
855 403 1
611 941 1
226 223 1
754 610 1
802 271 1
241 979 1
939 966 1
669 267 1
895 709 1
788 819 1
160 994 1
305 363 1
147 221 1
667 905 1
970 587 1
533 180 1
906 938 1
791 26 1
606 190 1
444 116 1
84 842 1
363 595 1
199 68 1
926 974 1
136 409 1
531 686 1
65 357 1
891 836 1
908 609 1
231 423 1
263 529 1
643 778 1
423 212 1
41 332 1
987 171 1
28 125 1
390 706 1
885 481 1
947 945 1
313 16 1
671 444 1
973 234 1
675 200 1
16 92 1
846 409 1
764 650 1
11 769 1
139 391 1
81 616 1
342 557 1
948 108 1
892 462 1
368 707 1
951 704 1
58 66 1
97 383 1
837 389 1
691 747 1
751 745 1
724 343 1
635 809 1
57 649 1
723 828 1
873 695 1
264 418 1
328 958 1
218 403 1
523 871 1
488 338 1
494 8 1
392 524 1
747 713 1
456 340 1
633 92 1
727 521 1
826 407 1
856 21 1
294 67 1
809 698 1
177 349 1
380 206 1
972 135 1
121 882 1
986 279 1
858 377 1
191 899 1
753 146 1
794 562 1
517 881 1
859 277 1
539 402 1
47 538 1
273 258 1
77 307 1
752 661 1
378 366 1
746 263 1
690 137 1
816 536 1
780 761 1
989 930 1
248 652 1
878 629 1
106 15 1
496 736 1
704 541 1
421 209 1
761 721 1
296 361 1
426 797 1
569 518 1
237 842 1
860 165 1
983 164 1
344 502 1
67 528 1
427 520 1
184 336 1
549 866 1
562 313 1
984 969 1
212 876 1
492 943 1
561 756 1
827 816 1
174 98 1
7 614 1
784 43 1
530 914 1
113 647 1
166 571 1
414 932 1
409 527 1
14 903 1
621 239 1
412 880 1
581 667 1
105 718 1
551 261 1
110 753 1
538 870 1
904 199 1
668 501 1
819 713 1
95 107 1
866 333 1
712 7 1
156 820 1
695 290 1
830 345 1
466 841 1
850 36 1
480 415 1
665 14 1
504 744 1
661 680 1
73 980 1
642 646 1
93 945 1
988 188 1
440 607 1
546 733 1
279 903 1
903 964 1
775 196 1
317 181 1
168 988 1
653 295 1
332 826 1
350 555 1
301 317 1
115 37 1
716 687 1
914 384 1
358 225 1
422 366 1
32 290 1
765 628 1
591 401 1
129 876 1
236 463 1
401 821 1
705 885 1
677 599 1
251 264 1
919 417 1
274 418 1
75 188 1
540 573 1
69 144 1
207 841 1
821 285 1
299 577 1
763 608 1
302 520 1
3 315 1
254 57 1
435 755 1
938 124 1
921 585 1
968 758 1
369 900 1
734 21 1
393 111 1
6 907 1
632 756 1
120 247 1
950 990 1
924 846 1
990 803 1
407 486 1
356 185 1
698 279 1
141 954 1
894 441 1
650 538 1
774 73 1
750 578 1
465 922 1
738 858 1
519 133 1
483 688 1
605 360 1
13 741 1
857 553 1
442 667 1
336 330 1
8 36 1
144 94 1
674 123 1
960 430 1
692 374 1
34 180 1
553 890 1
715 579 1
627 327 1
261 132 1
239 651 1
259 212 1
586 330 1
398 292 1
707 437 1
134 912 1
222 712 1
742 18 1
798 456 1
88 962 1
249 400 1
610 479 1
170 167 1
118 734 1
541 472 1
150 926 1
200 68 1
888 964 1
394 622 1
800 446 1
849 837 1
807 317 1
835 181 1
424 457 1
898 3 1
327 300 1
886 983 1
461 741 1
257 587 1
852 226 1
823 847 1
560 303 1
2 215 1
46 19 1
335 406 1
736 28 1
955 53 1
445 482 1
211 191 1
937 375 1
474 583 1
687 771 1
334 11 1
875 923 1
758 931 1
528 468 1
637 401 1
981 475 1
711 974 1
276 933 1
974 389 1
227 852 1
72 305 1
304 884 1
242 540 1
532 259 1
927 560 1
360 163 1
182 973 1
164 413 1
82 133 1
567 142 1
415 684 1
80 805 1
785 944 1
843 411 1
602 857 1
265 59 1
43 862 1
896 788 1
201 128 1
573 871 1
657 789 1
1 706 1
260 832 1
966 957 1
865 175 1
21 992 1
18 413 1
745 200 1
405 739 1
205 621 1
210 833 1
720 593 1
769 487 1
841 100 1
245 917 1
639 676 1
678 763 1
418 206 1
739 897 1
660 365 1
87 346 1
138 281 1
371 680 1
808 478 1
520 278 1
375 710 1
977 960 1
656 892 1
417 648 1
593 864 1
284 915 1
290 476 1
607 838 1
478 34 1
476 951 1
51 23 1
55 394 1
844 663 1
814 47 1
592 184 1
963 624 1
574 270 1
347 192 1
703 574 1
796 74 1
382 384 1
737 277 1
880 312 1
10 430 1
455 833 1
268 263 1
475 214 1
741 589 1
534 734 1
117 451 1
813 473 1
782 651 1
882 785 1
4 2 1
547 218 1
654 590 1
307 818 1
183 712 1
566 828 1
804 930 1
781 497 1
275 836 1
39 369 1
944 281 1
52 226 1
583 129 1
430 793 1
683 452 1
26 748 1
9 285 1
907 460 1
66 380 1
192 954 1
104 387 1
680 460 1
599 890 1
377 668 1
487 265 1
54 339 1
269 632 1
450 72 1
374 889 1
967 875 1
353 527 1
283 310 1
773 726 1
388 490 1
370 400 1
384 784 1
163 912 1
169 304 1
726 213 1
319 358 1
913 63 1
571 171 1
323 812 1
920 513 1
224 901 1
985 530 1
513 870 1
946 746 1
568 382 1
101 851 1
831 969 1
755 361 1
386 370 1
367 152 1
965 933 1
969 850 1
767 615 1
446 143 1
578 701 1
49 826 1
825 373 1
24 837 1
216 223 1
629 542 1
250 847 1
622 262 1
124 287 1
225 185 1
5 144 1
23 868 1
718 822 1
545 786 1
659 484 1
982 611 1
185 215 1
396 43 1
495 785 1
318 902 1
847 16 1
612 872 1
230 41 1
854 57 1
103 488 1
527 336 1
489 635 1
428 574 1
884 704 1
918 433 1
500 114 1
402 522 1
298 208 1
330 67 1
749 456 1
322 362 1
501 431 1
234 684 1
293 882 1
285 54 1
515 696 1
235 484 1
27 449 1
151 298 1
619 461 1
35 303 1
343 514 1
253 492 1
297 594 1
595 710 1
349 295 1
917 309 1
258 515 1
326 615 1
810 6 1
870 541 1
590 335 1
883 634 1
679 927 1
603 249 1
940 100 1
158 557 1
131 886 1
575 675 1
502 32 1
953 838 1
429 481 1
740 908 1
220 377 1
345 732 1
795 198 1
772 138 1
29 919 1
874 717 1
116 533 1
196 733 1
233 922 1
582 824 1
399 652 1
803 650 1
471 549 1
310 748 1
548 405 1
790 259 1
112 728 1
102 106 1
555 764 1
85 267 1
176 699 1
339 843 1
278 736 1
443 449 1
413 956 1
316 747 1
580 2 1
768 41 1
238 255 1
53 161 1
912 310 1
732 371 1
890 203 1
609 633 1
645 195 1
17 851 1
505 677 1
932 564 1
877 397 1
783 113 1
829 488 1
697 358 1
320 390 1
491 247 1
900 416 1
364 34 1
838 192 1
92 552 1
477 673 1
789 235 1
173 512 1
50 831 1
949 683 1
470 260 1
219 216 1
832 288 1
771 564 1
514 782 1
90 86 1
467 434 1
980 818 1
552 288 1
432 60 1
341 874 1
213 435 1
373 333 1
312 575 1
793 959 1
133 909 1
995 672 1
699 889 1
731 620 1
666 718 1
266 702 1
42 659 1
594 853 1
351 799 1
700 210 1
820 28 1
64 897 1
202 618 1
19 622 1
631 434 1
359 444 1
708 236 1
688 820 1
280 610 1
550 865 1
463 994 1
897 529 1
155 257 1
303 503 1
135 941 1
565 183 1
86 53 1
481 47 1
419 278 1
735 151 1
146 95 1
130 111 1
127 968 1
128 270 1
308 843 1
564 26 1
641 74 1
416 238 1
848 659 1
923 120 1
507 316 1
38 691 1
137 386 1
709 431 1
613 423 1
959 792 1
839 598 1
893 81 1
684 528 1
713 151 1
