998 500000 2
251 720 893542826
261 560 386696965
526 9 522249178
797 134 32103640
906 621 52690549
493 161 887595986
885 37 409604618
28 7 357272932
660 341 973618676
499 514 222426807
867 217 239394402
256 480 907919834
421 338 202490462
589 940 736374895
494 778 119365431
877 209 662374273
365 421 815643866
629 809 943036112
956 353 584739173
128 89 627173951
451 988 70170393
876 473 539746126
874 575 976104640
497 458 71410603
620 331 993941256
806 677 162829638
168 102 463763965
453 628 567903012
474 816 83037334
605 359 14129154
318 630 1864861
358 254 973523992
144 664 957331965
972 154 417625730
503 769 592957046
446 533 801667078
511 291 7018723
599 954 525066734
683 844 214843551
285 774 506162670
614 583 758401364
765 42 129614495
833 419 602415872
692 137 187422552
339 401 33538376
200 416 48614692
632 813 133980074
48 469 976599594
964 202 718842545
194 76 502587740
870 758 738600004
223 413 795430202
217 578 519287489
98 884 492928886
105 731 182513685
669 221 779482484
980 799 417440508
237 350 712737002
490 241 76727333
895 9 443309654
86 717 98805299
600 520 248142044
855 416 492918527
615 140 999376621
925 686 508022055
146 767 723602278
479 645 586886249
638 103 818277406
231 273 782680763
661 919 720257086
720 98 654990205
157 894 94656424
248 68 945470618
826 876 553529502
155 545 485754040
926 367 33505637
685 857 945739921
975 736 147114374
945 119 559442067
229 254 272657341
435 107 269568150
534 140 866939664
242 867 601414435
915 258 493769454
319 14 888368269
574 742 941033509
890 630 950988853
461 314 350377523
220 85 574011574
20 329 92706939
347 267 514747268
715 901 425582352
903 899 166467869
24 199 80205175
921 318 753479669
440 814 437599347
31 305 863460829
326 488 606345659
907 32 142316787
714 534 478621809
233 71 215095130
342 376 772220658
573 376 124270487
377 127 179215141
434 368 143952964
699 841 404886628
203 748 18904754
812 718 860898073
928 684 768187059
507 798 549831019
186 486 154727457
525 902 267821800
635 10 150033729
411 888 61691254
96 616 127907055
53 112 749685061
616 3 61466167
449 73 591254296
861 845 78065615
374 226 306248928
759 372 118412141
152 81 653070178
162 850 945283892
726 337 279334337
528 794 477975253
388 171 746455451
432 937 646969674
170 183 316257135
648 421 563611552
617 519 650474281
763 187 874240244
44 993 719977754
713 757 492814461
495 864 501046924
781 294 135359401
583 624 598371632
375 96 22636507
427 722 788629731
218 174 4395172
650 538 119851506
817 245 872519092
831 96 4832810
678 557 762908681
56 378 79952216
508 286 258806467
705 955 275414186
205 923 683480255
893 389 344958037
834 97 242418909
402 628 352837546
551 261 761243843
794 746 184615413
767 108 940868236
486 834 252974446
336 94 478459277
819 284 675689761
485 195 455582368
135 270 250651840
305 587 418613104
121 272 181393204
110 383 725876377
450 845 469602256
997 212 456359853
933 148 299375009
655 739 588522338
963 933 451179659
81 912 890111840
477 967 513888333
130 632 646417312
780 663 70301884
262 324 123757171
808 729 973084071
570 29 124225558
213 418 732142695
404 393 133842788
343 797 908112603
199 862 438203465
564 489 330640630
829 929 67598442
258 540 531874403
132 681 82742524
796 106 233724786
454 126 508643248
653 318 855428739
29 989 2343563
554 477 12416539
99 152 222588889
579 769 608755975
54 753 26910704
95 600 954576293
441 526 997898594
704 980 679823363
663 293 360921813
442 781 845578540
757 187 15927096
312 423 241365543
114 537 937752164
560 130 209989094
546 39 897004277
737 460 597459093
634 650 948885509
19 886 18120169
923 978 939052534
235 132 82798389
810 246 673164715
749 961 771497180
104 521 293353429
163 269 937106888
363 371 750121420
803 266 957388651
611 491 363759808
958 105 809300598
909 431 46190297
807 763 367036481
640 750 695505276
274 309 113217601
66 768 861206748
553 156 823062678
7 653 930927644
952 559 334605942
584 673 179948128
727 441 260834192
524 975 798737459
150 694 239111782
206 792 360347821
202 386 801627504
662 164 781528650
509 369 88234441
142 488 43552098
30 555 47632564
935 609 82281409
195 248 404801150
196 754 704737249
37 470 458524960
308 651 46346267
740 247 881000311
717 584 668145837
730 757 741993457
847 576 575809210
630 638 792222266
772 105 750465196
942 309 518287706
364 46 12674323
878 446 346096333
990 662 808445542
912 962 85715637
983 65 549178459
932 379 640294525
60 718 728623311
77 591 458141159
828 452 245596909
934 819 51219467
709 424 711538885
263 170 808516739
49 781 102491712
558 114 139292292
41 685 564228975
631 808 399072298
97 751 94528698
684 120 624794096
88 378 812558736
227 408 955088491
159 964 933253521
565 737 371259405
246 732 608515107
719 357 474731623
317 842 584173562
371 444 504510397
178 657 577949800
563 117 107984329
518 218 51854901
171 215 910108360
85 994 247025333
622 851 477418982
979 51 152019085
706 409 197642797
84 179 532941700
106 487 135954790
360 886 402113569
306 453 32475377
892 168 755942183
464 711 492283429
381 375 987059437
832 148 300579016
137 659 790133892
284 174 739985536
512 90 130149992
27 326 22955948
697 61 128751235
506 822 83314045
399 541 611638869
64 124 263646330
426 854 889332167
102 904 316998876
294 943 139069009
837 157 61993705
332 868 605011738
455 623 653835286
647 439 974694401
587 445 99657541
689 934 328845043
166 588 118254494
967 476 788759122
422 288 239334649
858 955 70889372
387 474 551798226
351 625 736700390
1 655 271791902
649 829 496346956
115 413 304861343
863 397 133005101
269 26 746915119
180 700 387628705
400 602 883046860
626 502 956428902
212 435 100899763
307 827 639880602
567 534 859983882
633 333 890824887
532 604 470477804
664 129 47035415
303 445 341598586
257 635 882962562
373 734 105634930
845 921 482582605
743 454 339233070
790 476 245803491
179 526 285247659
469 606 294113979
123 896 894274175
359 177 333988820
321 49 483307690
292 719 607941484
272 584 112974675
201 434 683605094
372 835 378227342
283 528 621522244
505 222 228558604
624 527 67004033
891 505 932073953
557 362 639499019
197 287 273149348
519 627 540753268
59 303 356686678
510 229 47161325
744 579 529766861
711 144 693254246
187 736 607241982
345 147 107004743
52 583 11626449
670 296 769517383
590 294 459473302
15 749 906758312
58 52 973455983
848 709 533752585
971 900 42067033
448 307 829157188
793 906 336161116
280 662 941663467
954 180 88364123
484 820 575010621
783 11 782653215
543 484 905982359
969 798 758929485
596 51 769747627
592 151 112232764
690 86 694619300
949 473 606010640
627 535 537139378
924 688 451542210
642 293 352739564
846 848 858787815
618 779 198301342
282 877 56569136
385 658 536645966
905 201 456608397
989 839 633066426
756 348 822734675
6 224 990297534
746 839 899841359
78 317 182750926
771 804 999884658
791 230 944490186
774 183 626523189
320 692 167336254
550 79 139591146
802 762 169282051
910 115 313805472
436 751 12169329
94 101 321604633
333 190 161551505
673 819 52019813
393 74 513600466
459 391 224553893
976 279 325205448
607 516 381571283
809 851 496255902
190 779 697226258
998 87 444711800
786 878 934916557
929 605 749101042
566 302 215115351
355 615 459758127
753 370 189743299
23 837 760438196
937 19 9672209
362 30 855802921
147 245 492277419
854 243 985141825
530 576 662620171
612 796 160768967
659 921 396570551
158 652 889772045
51 958 702103948
338 982 543233457
354 687 786931996
838 20 572309402
288 897 79181809
577 660 165808283
977 688 307362307
628 644 397970924
207 67 928532334
839 948 434247714
916 173 294740007
535 673 185493822
293 272 122355177
568 389 89283777
240 205 341785342
445 103 131593867
352 925 79972222
799 849 530940700
514 655 385188536
25 741 176733435
418 664 27131850
456 85 173629960
287 478 907590058
133 83 326010320
76 54 529976277
869 896 424197376
181 988 594600113
830 132 128030689
172 374 75250241
111 321 880295269
908 358 709029979
43 290 72342496
859 102 691077324
340 815 432821099
353 638 971042183
268 235 773453105
680 281 65048556
253 716 864860892
710 504 892524622
40 198 387060353
244 104 403780791
62 358 134784339
961 614 662313558
947 73 496796141
811 46 569064819
470 597 695596918
881 321 802173171
370 4 986168615
100 223 999705655
688 463 962955875
681 933 875238392
57 75 223551962
993 703 869160870
198 929 696669066
738 487 813102136
978 277 571408523
236 471 440919542
127 227 721688450
466 915 776984673
544 615 31302947
169 961 429939430
210 723 58101194
182 946 278406826
872 783 475937866
849 783 33573338
860 224 761918198
569 873 803565049
401 975 88265718
951 915 149660786
852 725 188729787
959 529 647128225
55 125 435989986
398 460 329734542
188 316 691829298
70 268 147909998
582 32 299438178
821 881 678174518
548 870 16228701
773 19 95483705
406 984 941940560
575 162 955509100
896 624 377572792
14 986 445726543
766 27 14145229
513 874 576468393
491 407 400280891
255 931 525466198
405 951 670157841
265 645 85051213
341 223 259908712
666 248 313986962
695 867 156151850
323 730 768068271
898 439 10875109
191 722 789747166
623 777 775936666
350 144 68978585
221 870 972132729
273 538 88357246
559 760 357680526
113 756 117054640
732 257 312446245
982 740 373172218
314 202 569680571
523 204 70387562
562 720 77929468
259 717 108909583
613 415 249453904
480 683 93364894
348 753 426285578
239 54 775260705
278 661 742546633
416 794 904795754
888 442 28396723
987 643 811507241
944 940 159538974
277 256 964603687
443 170 7509234
991 866 25600992
572 317 96992536
108 653 930702572
331 661 156513614
865 43 135831153
395 255 937450643
948 284 591033792
299 745 310821956
189 3 959565187
298 145 976097841
18 230 373429743
941 238 529827761
383 194 612308585
9 548 508431492
279 950 994223267
417 31 513596828
540 60 786671810
475 370 568170835
69 801 588840402
266 991 400077044
322 353 964935243
864 541 315077641
129 962 333396799
665 681 634832337
281 286 602283878
712 262 25161299
241 218 144749579
8 705 934065359
816 119 609844359
517 642 576452476
601 625 274272909
853 375 58585380
65 640 167349709
598 25 914804385
667 944 544727804
267 213 644348516
138 147 982339335
862 39 128976241
117 884 60617819
722 363 929499174
313 229 656895592
219 92 5984623
536 222 90560155
883 580 512720773
880 695 820489606
61 283 96399776
595 403 681991519
787 951 49793700
175 765 219173000
940 579 69874475
463 626 472048192
778 912 109223325
608 300 679834917
760 486 752118246
985 447 705311804
754 748 826033378
107 635 981557289
752 326 397001306
984 686 301954341
444 963 957533418
392 750 629534500
379 271 437791247
953 887 18343079
823 24 668046252
71 766 349026487
700 862 845572153
784 743 270896935
974 560 561266004
154 339 638460081
606 360 749427723
762 88 872399445
656 651 457244011
708 742 42267461
694 574 531210315
247 277 59407009
755 603 405775688
501 530 465493574
264 250 954785424
815 859 14626513
643 834 35791112
836 348 631375729
496 86 361415427
868 950 540730961
173 520 919091870
917 679 94035494
677 120 403463319
718 693 88841136
143 716 167041847
249 496 292177343
965 237 673008965
962 74 507313360
651 627 112615374
939 60 397467692
521 243 10501402
356 680 659789801
851 175 847247451
724 339 83839782
109 12 62761917
591 8 190948520
34 532 924553261
119 420 263002404
658 384 418911021
556 604 134178456
930 288 629514452
785 509 789851652
671 78 720739174
580 226 792224305
879 778 577066792
675 801 673623642
380 770 590816514
504 137 398455514
922 62 73063548
42 540 410667523
271 151 738705599
723 659 224334193
45 178 360070005
120 408 975913498
366 597 244199336
118 555 902721507
621 958 676269165
668 225 100466150
538 982 35375630
779 502 682669529
840 436 212658656
995 711 21571380
183 869 158534253
955 535 53912935
72 605 225096721
208 8 961809836
232 831 213175665
489 590 237123763
792 869 682696948
316 654 741523670
131 330 769452031
50 623 505999745
260 799 858719086
641 996 215129713
735 731 982457791
149 450 36848040
389 15 730131357
124 728 86005745
93 968 167057913
167 855 453759844
295 585 244180241
822 23 12873919
174 943 289303688
533 595 201171048
609 314 796598203
578 209 207869636
698 407 365950535
672 30 12866458
500 789 642229669
141 335 1749554
637 978 406010010
687 559 99313364
835 21 638451283
412 763 647319739
270 503 676529665
788 471 242788179
311 621 95856802
701 371 109069024
82 835 449915365
5 261 210567763
245 503 289563867
397 393 44891057
226 528 780005926
777 838 983832202
457 320 390965690
703 374 52741554
12 49 665550895
478 346 683327210
866 610 216680394
140 234 870766689
914 989 92550605
691 72 235692315
894 359 76751367
10 595 906811354
902 873 479672156
420 217 460287568
367 466 648956953
80 419 552215818
742 703 576076567
981 546 468497174
644 171 909773462
801 199 946013496
165 454 985264988
492 861 951530070
739 29 167877656
686 392 589848176
160 134 660865793
522 337 462639223
542 490 483078974
465 712 234736415
818 53 571251303
297 818 421633895
581 672 740056260
646 807 923075901
414 412 754876677
682 572 331857117
968 117 686268470
382 94 871985738
164 994 995817161
330 1 10093535
482 338 867921831
775 384 196899752
315 937 367257189
897 770 385725899
751 758 150016197
782 524 119734469
63 854 305594697
824 47 987493493
304 815 554173307
103 683 938373707
473 36 14022711
850 262 655001712
11 20 736810232
430 346 481956872
38 864 735731678
674 684 442267524
425 696 312888854
900 850 428461544
827 895 665681164
676 485 363237097
702 901 110832370
391 180 761009048
529 592 354823630
22 400 398846461
994 311 351850367
882 76 323547136
39 934 665534291
918 892 966004922
813 832 159765949
943 844 110046773
597 734 248100135
439 104 954256782
216 367 206531269
408 890 495085826
21 504 312092590
184 373 242295192
919 914 733206131
33 859 149986730
741 434 909728939
46 186 933572306
588 435 359320946
376 609 293534943
604 765 195942945
156 972 799396365
736 241 11049535
462 369 876559832
67 494 98797712
970 62 213640541
936 81 647693133
225 730 335629252
291 589 240651300
875 424 109704672
920 809 722095684
302 270 216061656
437 954 3958370
234 986 403026104
384 181 759473675
112 963 647662977
468 687 557412064
335 433 200232410
36 530 690647182
603 738 539658711
386 840 78668340
222 654 354716304
871 601 931424902
394 701 266148501
74 948 736525195
472 322 225770461
483 198 764560581
679 749 661916894
209 890 532243678
776 307 113363859
610 565 491743688
228 856 109832120
460 444 149757604
424 386 677307570
193 404 720828867
502 693 49961329
842 548 583768245
471 466 299294847
75 665 41705572
693 97 217714832
300 92 159758583
884 875 486128343
527 303 912769630
396 596 206195099
87 631 6864269
296 446 274749462
407 211 531886824
576 26 193189440
243 129 377307098
800 366 360815777
419 397 455326375
795 855 485622729
728 992 226195278
804 657 16266365
79 256 261427063
547 575 609307466
873 452 635538541
625 939 785418165
973 939 807835764
761 825 716982225
176 240 293108752
134 692 342536380
805 622 266744771
857 52 564840626
452 10 77128258
289 892 275380684
734 494 808541000
476 107 440584583
89 403 632782995
639 469 100419448
950 190 142904344
843 600 368712311
349 479 832758172
798 690 547348662
409 705 63048290
571 981 951872012
814 833 837879541
541 521 718290771
498 269 406940854
996 420 256965377
911 974 95251072
151 587 106499246
531 700 788254912
645 634 903479547
913 510 319397425
73 115 898595224
148 4 785312308
125 898 418833999
101 347 726579063
324 368 436375309
177 669 799600524
214 550 320605468
552 888 574406023
545 324 65454475
721 351 92682637
275 455 671397153
238 431 313470840
337 365 726946665
153 580 165970076
368 760 769677142
447 462 8844050
481 992 955926269
357 537 693183250
423 987 721024072
301 848 630052713
841 59 717055391
986 436 44226195
390 75 793787311
769 626 899292302
750 329 901990076
927 463 559622649
334 418 63116342
83 828 503184341
26 701 690886026
960 409 462463754
413 480 11458303
856 195 309588995
328 442 310151910
619 598 19610110
745 259 711209891
346 724 104583780
116 813 401608343
90 522 676838852
276 738 916429159
731 221 871477734
467 108 204123799
555 616 592005143
438 24 454068317
764 66 576463419
161 861 636577869
4 842 200042161
429 744 298083660
344 354 69324743
657 181 754360625
758 844 844567847
325 699 126378847
696 305 912737478
725 571 262963166
32 768 550133870
768 11 191461529
539 2 18504962
13 139 704586129
290 772 809201574
586 712 518731552
938 156 253634379
992 578 478842023
733 392 309322975
729 152 720094986
433 914 883520044
707 556 992516754
327 40 996972463
561 532 174343954
957 143 742935343
899 106 123688867
988 258 875881177
946 322 816804922
252 296 265815052
68 524 849952064
309 211 439982529
748 832 250710995
310 820 195270700
378 42 562807272
458 259 389423866
537 257 265028439
204 213 74527233
47 68 496180753
887 572 217257
92 362 524323245
139 462 907992973
636 709 487149325
403 527 207877784
825 287 379783824
889 877 852443910
286 518 486458462
361 642 462365519
122 264 304068842
593 78 991629404
602 89 653571302
549 930 497213540
3 689 58579831
488 164 120693988
91 507 810157320
901 546 558332082
716 772 689385306
428 79 6105226
415 744 575096780
145 972 681192216
931 672 663811929
820 669 879046476
585 31 282455363
410 875 625158537
136 967 26363981
211 689 194768668
516 441 184314962
126 128 14506045
652 250 385461920
369 482 716906722
230 923 823753780
747 897 284985653
966 139 522961822
2 126 191507537
654 650 2449714
789 964 550544583
185 812 68488412
250 247 793309606
520 175 993384082
515 459 615965426
770 128 448629578
215 754 214155748
192 150 397211787
254 177 50562858
224 267 64138256
329 904 970794678
17 976 42273940
16 204 612507509
594 767 750861682
886 840 429840599
487 59 912150670
431 458 587358034
35 36 447107836
904 746 281043830
