998 12000 3
167 28 1
394 937 1
441 487 1
720 648 1
998 324 1
171 302 1
986 360 1
500 167 1
637 927 1
913 110 1
916 766 1
556 254 1
325 205 1
252 197 1
79 158 1
240 49 1
160 370 1
290 169 1
389 542 1
777 632 1
821 223 1
60 29 1
673 355 1
100 848 1
433 612 1
37 15 1
969 683 1
56 466 1
872 347 1
3 337 1
758 348 1
662 406 1
903 233 1
902 774 1
233 264 1
659 900 1
40 537 1
552 795 1
668 731 1
906 88 1
829 82 1
914 853 1
432 564 1
475 115 1
62 259 1
674 619 1
229 431 1
946 825 1
257 330 1
593 765 1
114 186 1
576 884 1
733 129 1
401 693 1
314 913 1
868 72 1
602 793 1
907 12 1
959 680 1
995 736 1
50 898 1
213 220 1
684 938 1
579 733 1
691 627 1
136 420 1
754 432 1
929 533 1
250 75 1
299 808 1
33 176 1
126 569 1
13 240 1
381 458 1
724 949 1
630 785 1
545 994 1
10 934 1
154 338 1
771 888 1
18 603 1
195 350 1
113 543 1
118 135 1
847 882 1
812 177 1
467 805 1
749 357 1
418 798 1
204 886 1
964 809 1
107 838 1
406 861 1
367 924 1
285 600 1
479 800 1
690 156 1
336 761 1
125 362 1
972 346 1
205 444 1
153 652 1
990 893 1
530 636 1
763 435 1
953 247 1
775 160 1
942 387 1
424 243 1
601 660 1
106 114 1
21 833 1
49 397 1
762 500 1
808 576 1
313 409 1
848 224 1
614 864 1
386 881 1
189 616 1
456 278 1
370 437 1
421 653 1
836 613 1
197 6 1
799 217 1
218 931 1
140 531 1
54 905 1
948 958 1
700 979 1
104 607 1
472 818 1
537 739 1
525 804 1
150 912 1
747 621 1
536 295 1
230 747 1
332 921 1
196 525 1
15 991 1
158 744 1
919 384 1
365 492 1
804 363 1
170 702 1
324 69 1
643 462 1
231 202 1
52 42 1
940 649 1
439 784 1
76 540 1
859 815 1
792 845 1
343 986 1
705 405 1
449 79 1
738 759 1
144 123 1
977 203 1
599 666 1
348 677 1
156 885 1
963 311 1
176 532 1
910 779 1
555 748 1
759 534 1
292 509 1
245 70 1
592 166 1
667 773 1
366 21 1
923 791 1
384 336 1
382 119 1
508 463 1
822 819 1
501 236 1
701 498 1
613 741 1
831 843 1
431 84 1
362 299 1
235 493 1
199 148 1
97 959 1
122 583 1
293 610 1
905 976 1
452 213 1
699 239 1
941 139 1
806 448 1
133 857 1
988 794 1
180 875 1
838 485 1
294 421 1
796 442 1
66 786 1
849 229 1
397 438 1
794 789 1
616 971 1
148 618 1
842 266 1
427 586 1
261 14 1
166 595 1
810 945 1
874 460 1
447 538 1
442 681 1
943 735 1
901 96 1
904 974 1
858 647 1
211 464 1
586 159 1
851 333 1
95 291 1
27 824 1
652 244 1
426 497 1
663 654 1
715 310 1
843 237 1
873 300 1
87 17 1
481 960 1
560 162 1
198 456 1
61 209 1
364 985 1
258 494 1
816 83 1
28 380 1
531 474 1
951 52 1
750 472 1
244 184 1
651 968 1
295 491 1
585 943 1
718 772 1
683 520 1
437 467 1
207 626 1
944 334 1
752 813 1
111 53 1
664 738 1
284 836 1
909 246 1
817 842 1
357 915 1
633 904 1
871 777 1
915 917 1
612 816 1
575 77 1
329 922 1
29 211 1
352 855 1
117 981 1
434 746 1
22 19 1
178 8 1
975 501 1
495 956 1
729 878 1
318 179 1
188 742 1
839 412 1
509 664 1
177 404 1
726 955 1
9 478 1
595 286 1
409 877 1
489 605 1
105 434 1
685 170 1
414 426 1
341 255 1
141 232 1
316 671 1
635 948 1
192 709 1
562 962 1
522 624 1
523 172 1
896 544 1
611 710 1
84 364 1
175 521 1
908 173 1
800 596 1
120 122 1
317 734 1
338 46 1
408 679 1
551 193 1
642 725 1
793 587 1
157 594 1
703 210 1
423 513 1
132 925 1
645 578 1
249 196 1
53 541 1
921 894 1
693 303 1
734 147 1
217 678 1
865 113 1
393 711 1
795 919 1
147 978 1
155 969 1
392 865 1
844 535 1
48 754 1
765 325 1
860 382 1
98 797 1
521 699 1
542 312 1
895 190 1
932 705 1
476 262 1
71 977 1
260 109 1
138 588 1
435 515 1
927 755 1
457 810 1
782 4 1
31 305 1
57 852 1
127 274 1
272 997 1
64 553 1
776 993 1
682 207 1
622 445 1
657 987 1
278 952 1
814 120 1
707 379 1
677 518 1
58 273 1
236 817 1
710 250 1
181 930 1
857 214 1
744 992 1
159 181 1
928 871 1
463 327 1
648 585 1
785 80 1
577 726 1
5 25 1
410 659 1
971 117 1
41 351 1
564 195 1
200 799 1
255 814 1
582 377 1
854 168 1
11 516 1
996 631 1
917 481 1
32 3 1
488 482 1
787 698 1
373 354 1
617 715 1
411 277 1
840 376 1
254 58 1
649 356 1
471 854 1
12 763 1
36 408 1
924 606 1
900 643 1
725 507 1
297 208 1
728 504 1
478 718 1
962 461 1
45 837 1
740 375 1
388 91 1
563 104 1
745 422 1
778 306 1
436 669 1
322 227 1
92 127 1
440 939 1
899 526 1
802 821 1
818 137 1
957 451 1
8 188 1
696 395 1
466 762 1
507 633 1
403 275 1
598 629 1
444 850 1
491 749 1
820 134 1
791 76 1
374 414 1
797 883 1
790 26 1
375 18 1
202 625 1
376 675 1
493 161 1
578 23 1
225 826 1
469 847 1
534 48 1
739 611 1
89 285 1
446 383 1
628 856 1
354 519 1
687 622 1
735 125 1
208 957 1
422 178 1
20 686 1
756 975 1
624 760 1
216 859 1
400 128 1
716 261 1
296 301 1
351 388 1
276 81 1
589 16 1
918 441 1
965 469 1
935 694 1
885 723 1
108 769 1
535 641 1
887 92 1
474 252 1
419 339 1
514 341 1
241 331 1
841 459 1
746 368 1
70 737 1
825 56 1
695 514 1
309 10 1
583 811 1
672 936 1
845 242 1
398 57 1
732 5 1
288 719 1
339 970 1
460 963 1
340 393 1
529 655 1
146 267 1
936 182 1
152 941 1
372 145 1
333 206 1
558 98 1
870 687 1
588 326 1
137 803 1
680 964 1
855 396 1
533 645 1
349 43 1
753 722 1
528 130 1
124 452 1
641 94 1
815 560 1
801 392 1
897 835 1
477 729 1
210 163 1
346 471 1
420 381 1
566 602 1
264 470 1
538 758 1
686 907 1
214 783 1
55 476 1
102 591 1
665 140 1
234 701 1
262 133 1
722 828 1
417 954 1
934 270 1
459 508 1
661 263 1
455 851 1
161 524 1
997 751 1
869 868 1
650 512 1
961 298 1
559 846 1
713 860 1
24 998 1
251 753 1
212 479 1
67 323 1
524 151 1
803 820 1
505 353 1
283 891 1
165 427 1
647 910 1
149 684 1
38 807 1
511 234 1
270 668 1
164 966 1
883 174 1
631 872 1
323 552 1
34 36 1
201 844 1
377 581 1
369 926 1
490 656 1
748 572 1
539 425 1
974 32 1
326 691 1
623 276 1
301 670 1
711 68 1
893 417 1
644 928 1
390 593 1
546 584 1
320 416 1
574 908 1
731 318 1
242 574 1
263 290 1
973 873 1
220 634 1
565 335 1
880 468 1
134 424 1
634 307 1
99 495 1
438 984 1
985 95 1
846 235 1
228 829 1
937 50 1
669 832 1
823 620 1
827 568 1
681 768 1
277 548 1
380 592 1
16 932 1
327 365 1
513 488 1
119 256 1
306 665 1
947 995 1
415 685 1
544 630 1
179 428 1
856 700 1
567 517 1
945 436 1
553 2 1
383 720 1
875 39 1
396 713 1
359 546 1
930 502 1
162 292 1
347 165 1
889 480 1
280 31 1
350 215 1
344 13 1
967 778 1
632 241 1
970 9 1
342 834 1
335 457 1
281 896 1
496 609 1
282 40 1
269 7 1
448 317 1
470 389 1
387 944 1
654 65 1
504 64 1
892 914 1
656 143 1
25 923 1
219 608 1
184 597 1
73 54 1
547 506 1
719 812 1
51 841 1
737 78 1
861 71 1
187 269 1
109 589 1
866 897 1
358 283 1
912 194 1
139 272 1
82 906 1
760 340 1
112 154 1
243 663 1
266 822 1
83 902 1
502 433 1
103 155 1
610 359 1
172 22 1
819 429 1
597 942 1
730 47 1
798 446 1
101 394 1
454 551 1
23 823 1
321 399 1
425 961 1
2 198 1
833 566 1
755 35 1
911 764 1
399 911 1
786 831 1
407 411 1
805 623 1
922 598 1
994 511 1
308 1 1
938 142 1
223 876 1
980 199 1
979 555 1
881 708 1
591 449 1
714 284 1
360 489 1
587 59 1
17 536 1
991 44 1
473 37 1
697 332 1
395 570 1
88 617 1
608 530 1
497 287 1
867 909 1
569 101 1
736 279 1
780 367 1
287 920 1
638 757 1
361 316 1
709 895 1
464 258 1
926 750 1
289 550 1
891 443 1
580 667 1
968 410 1
532 390 1
453 770 1
143 146 1
253 118 1
43 644 1
429 33 1
355 288 1
992 775 1
954 967 1
894 556 1
606 867 1
549 228 1
666 557 1
621 688 1
609 573 1
952 116 1
310 579 1
96 454 1
279 293 1
168 953 1
784 121 1
145 126 1
702 136 1
203 503 1
190 528 1
379 185 1
492 289 1
248 61 1
618 565 1
77 889 1
331 756 1
519 430 1
239 628 1
298 245 1
59 473 1
75 575 1
291 599 1
743 982 1
413 282 1
46 63 1
837 103 1
807 547 1
265 149 1
506 802 1
405 727 1
864 124 1
268 265 1
72 539 1
876 692 1
781 132 1
1 453 1
206 790 1
835 24 1
371 171 1
989 972 1
356 563 1
116 418 1
135 55 1
368 99 1
764 138 1
670 545 1
879 201 1
640 947 1
573 309 1
581 792 1
949 345 1
925 724 1
769 400 1
751 164 1
779 319 1
312 144 1
412 706 1
494 730 1
826 30 1
627 505 1
430 238 1
512 152 1
337 97 1
853 950 1
221 106 1
183 732 1
47 601 1
74 980 1
163 672 1
811 200 1
625 697 1
788 45 1
987 604 1
378 90 1
4 946 1
128 361 1
465 413 1
772 839 1
302 108 1
194 929 1
694 248 1
353 221 1
94 20 1
286 862 1
960 385 1
773 559 1
80 73 1
727 858 1
169 690 1
7 887 1
955 111 1
91 349 1
688 752 1
247 933 1
692 745 1
571 87 1
226 650 1
676 549 1
813 60 1
678 131 1
572 34 1
723 86 1
30 329 1
209 728 1
956 67 1
85 707 1
334 567 1
862 280 1
487 849 1
615 281 1
345 973 1
761 27 1
931 342 1
256 93 1
993 840 1
741 218 1
789 527 1
6 916 1
63 391 1
888 646 1
319 638 1
626 423 1
93 257 1
304 796 1
129 806 1
300 415 1
468 260 1
130 386 1
142 935 1
416 477 1
757 496 1
503 988 1
527 721 1
658 640 1
605 358 1
42 322 1
958 296 1
976 320 1
238 74 1
966 637 1
222 781 1
65 561 1
274 695 1
151 529 1
783 490 1
607 304 1
774 717 1
770 712 1
518 780 1
520 661 1
568 321 1
824 222 1
462 940 1
445 141 1
237 11 1
485 642 1
584 892 1
510 100 1
742 771 1
391 402 1
515 419 1
271 373 1
629 192 1
596 577 1
486 315 1
604 486 1
39 983 1
450 328 1
689 371 1
68 830 1
259 874 1
717 827 1
852 523 1
185 890 1
311 225 1
543 102 1
981 38 1
224 41 1
443 673 1
706 191 1
594 510 1
675 522 1
81 743 1
44 651 1
863 343 1
174 150 1
90 676 1
173 105 1
660 580 1
639 704 1
232 990 1
404 157 1
590 226 1
273 180 1
483 297 1
646 689 1
561 696 1
330 465 1
307 352 1
600 455 1
890 582 1
679 499 1
19 658 1
303 51 1
939 903 1
499 268 1
69 716 1
498 996 1
182 204 1
721 674 1
482 787 1
886 635 1
86 989 1
315 788 1
517 308 1
884 403 1
878 372 1
121 89 1
708 183 1
767 483 1
193 863 1
540 901 1
550 899 1
385 554 1
78 965 1
766 314 1
275 253 1
548 639 1
570 440 1
554 869 1
526 216 1
557 187 1
982 484 1
978 740 1
671 447 1
35 219 1
402 776 1
110 880 1
131 175 1
541 657 1
26 66 1
516 475 1
704 366 1
832 231 1
768 870 1
363 112 1
712 271 1
328 251 1
305 107 1
191 230 1
850 374 1
619 153 1
123 407 1
636 615 1
480 313 1
834 951 1
983 558 1
809 682 1
428 62 1
882 439 1
620 767 1
246 879 1
461 571 1
898 398 1
227 294 1
215 866 1
830 401 1
186 918 1
653 614 1
933 662 1
458 212 1
828 369 1
984 249 1
451 189 1
920 801 1
655 782 1
267 590 1
698 378 1
484 703 1
603 562 1
115 344 1
877 450 1
950 85 1
