992 12000 4
987 636 314717166
713 526 65854807
913 215 314859881
862 516 100532053
828 344 702521944
340 476 617224428
422 819 8864597
982 849 114433851
377 739 168586644
205 956 760457414
957 339 130428554
241 510 377869076
77 937 21572593
738 781 22259362
521 80 839238831
751 559 853715746
449 319 740757107
795 421 481196923
60 139 77868083
939 908 622764836
582 459 137663072
634 182 386278989
953 210 408514332
438 474 87571952
61 576 888843991
138 277 502164338
601 942 521204323
515 727 770605338
489 204 46202477
162 895 890761621
672 322 325508126
573 658 19424835
885 225 328518112
586 818 478163067
382 652 127350790
320 349 507266109
408 262 636886669
199 68 138401482
447 60 296205103
702 884 781953875
6 119 404107912
276 719 500307367
425 836 65902627
575 460 209287199
136 300 357308690
231 965 481625030
904 396 116817777
616 877 570153310
145 36 520267199
655 752 833112477
420 533 261357979
762 46 558677842
935 682 596687882
596 51 723189620
797 379 470601481
605 509 213857008
104 33 329375362
947 759 520370149
571 257 528979634
770 53 636022734
196 813 694758163
708 934 354486459
938 145 133018516
28 429 368300546
203 898 891220132
197 234 112537670
253 543 316604126
453 82 935503073
498 838 339245643
329 644 316863739
890 700 241490628
832 912 504500100
664 184 449778004
153 590 638811825
917 747 177927421
33 370 224702493
353 191 307551362
546 667 518330346
852 668 198071770
504 713 792758822
416 810 734181047
871 403 996307689
21 313 89764362
399 549 763974592
725 811 565952769
874 778 5362548
462 692 232602021
256 163 936319938
18 862 43069718
805 932 132227875
101 986 80249295
610 72 123298448
7 548 643612252
962 688 538338728
775 224 447176296
973 437 879881144
621 502 698025510
293 146 626026582
966 253 689310137
925 24 503239817
824 708 814932404
624 359 63806866
351 14 683033947
131 385 890659389
829 444 837591984
604 829 155377981
144 623 722437179
501 521 338390617
878 496 967406716
5 391 867343467
694 610 690179051
177 646 654469069
844 161 690711777
358 514 287586452
714 312 603066335
403 789 554100836
407 604 868675038
17 226 904551881
955 792 17716763
742 143 408967887
68 111 196246623
54 753 329995788
341 445 51203048
200 698 92245449
385 791 100194747
93 560 747126504
487 251 578604974
639 903 949924803
142 423 397764092
623 954 803951623
227 889 884527014
130 358 116748236
749 179 765532967
609 598 924617716
89 689 264286901
936 916 148868097
750 247 849839416
376 152 156424568
95 656 138267062
622 715 419835756
165 7 748367672
669 834 448695461
712 193 158963662
445 987 478196176
494 342 233072636
841 142 170701237
689 360 749914820
189 181 468138406
123 286 779115766
410 585 830697627
811 301 989117740
771 513 118867193
635 138 857345604
554 416 982809258
338 273 503328062
71 676 249610940
703 626 594384059
757 861 10406394
538 920 940691500
299 458 414769089
759 5 122327382
484 500 814766232
524 255 288162948
850 362 165284902
249 114 319495726
822 386 561071143
9 640 351147127
647 841 784740056
266 706 777398762
873 122 893359200
343 972 897550682
886 671 602746877
787 324 933998864
530 47 231866441
580 432 787401376
842 402 890668199
91 642 169748601
911 167 206958057
916 675 473121590
724 488 902269802
711 672 12755032
331 131 433242597
259 817 624036617
46 723 162269545
927 309 288760878
228 777 927924888
267 767 218062933
474 763 318978497
323 803 453515635
37 557 620381117
248 223 655446343
667 611 52867727
779 343 185004375
558 390 67498630
786 430 954693036
260 949 367529458
746 187 817036445
291 321 404828283
684 953 395067030
268 572 70524114
458 770 181315059
526 482 179430001
989 873 766367136
121 249 724268214
278 317 401070649
90 491 137626438
270 631 190621724
211 582 805442990
744 220 864682140
459 140 371117608
312 741 763297046
243 922 583470513
763 983 861243794
780 135 734827700
81 454 444186044
470 244 706612120
563 859 997276317
1 363 435203328
147 745 127351537
964 353 99764927
417 468 958919808
170 196 781287619
658 766 182394591
942 130 468714867
946 605 34812042
24 127 383703617
495 545 528108255
252 241 142541104
760 771 713336215
737 746 547461696
905 654 486303551
218 124 403288199
971 899 941695527
564 882 6647283
864 519 218818807
178 256 379632703
992 439 388862689
27 601 76738518
47 297 637762860
113 573 274808800
776 58 388184152
316 588 270759210
661 958 22458388
339 427 339553105
322 772 594471107
670 150 868907004
364 328 638077509
219 816 400927800
369 377 549220699
42 19 763608688
44 678 926443233
319 887 719743037
665 638 187493367
393 265 812521526
279 579 799682503
117 620 979884670
560 547 423456257
232 387 417679280
836 463 910926566
764 400 93624111
799 397 350503111
505 230 67335884
745 608 131552254
10 380 151379518
457 730 994906070
306 540 68510713
908 927 783898179
460 846 813196367
880 330 786114095
451 110 651071451
974 686 349654059
283 212 950808175
392 761 67019089
424 607 254431484
488 575 203415255
99 177 733811462
239 428 340739926
105 465 492112897
859 106 333174502
815 733 625339078
835 594 722671283
555 657 979547514
152 246 33696567
818 633 543867411
103 980 70579570
543 665 564511626
429 940 201938766
467 779 739351310
55 693 585653043
860 59 332125884
308 67 537584139
191 42 926589035
858 108 552226199
254 303 738140761
477 157 33145746
706 74 251046377
629 346 736187567
595 551 962976403
720 441 702132424
581 112 287943878
456 553 385296735
39 311 359797980
686 501 980130779
476 869 114915641
587 821 772725072
25 293 315230048
522 120 743234692
187 100 759815517
506 316 503027225
741 352 24132021
645 156 245709902
603 824 60252833
650 894 975922290
803 368 750838363
176 290 986477453
286 433 325045734
212 2 591353766
817 904 664902911
352 984 111226236
941 450 712250471
660 647 918706248
884 701 811327410
112 378 545820993
548 635 393857284
619 784 679502882
443 852 309378369
589 577 81162767
240 229 139323266
676 643 296864913
13 530 495739225
520 865 811140943
902 263 89064879
84 925 670974894
368 248 94370398
373 92 195287652
985 900 447870317
865 814 591501015
202 634 979438108
574 426 69617203
161 406 637310533
892 466 245074418
856 683 387428382
736 435 198038042
536 25 810921887
195 97 639792104
897 737 666191407
325 757 88849616
82 314 642381165
437 783 93915951
834 292 608714539
898 805 229622903
825 392 327810457
83 22 848086041
347 89 351217133
404 489 191194192
814 154 490756958
194 952 63778702
446 228 829710046
516 764 898877419
209 306 920582786
588 542 825462470
85 820 477197029
370 103 3591642
233 765 933131946
261 561 156887504
135 673 679068133
375 271 611724139
914 443 432755332
34 670 816857567
682 669 810967767
100 799 582034705
732 707 176049443
671 812 658731702
540 917 655160606
618 372 138913746
378 525 226702461
895 79 66581540
551 299 18798307
302 453 528984104
570 369 886028977
739 924 335233210
503 702 829008428
889 141 805957287
182 272 130656407
290 350 520191
126 164 115808657
367 227 80282127
356 395 636878644
318 243 640862433
699 176 687849741
907 550 683525702
180 94 992575002
65 422 854114497
561 448 432745641
863 830 214727700
592 388 762711350
557 886 113650283
436 804 997803517
216 864 482576638
31 415 300756953
748 376 904801868
944 86 705893396
641 38 440960747
652 628 739768777
887 603 38350585
465 478 944034336
912 90 992740049
150 284 342959412
53 909 529684729
882 915 981183492
807 393 620510576
754 790 25842446
662 332 173415507
258 738 748715955
394 743 456156048
281 534 839631858
855 760 297281243
633 808 533765116
823 338 902905017
355 990 407382465
333 105 807672452
721 420 20916544
833 729 517178491
648 851 639282195
120 936 617135331
461 992 283351462
821 238 57084737
572 973 952623
607 831 678774025
455 567 298478494
98 697 6035734
421 503 932018528
481 773 975580037
765 101 20886220
428 77 164518077
632 473 277703377
225 699 10340768
271 988 999427533
468 680 350752351
801 722 694079886
80 615 643788074
57 570 543468904
125 961 458963556
67 933 432390844
510 685 236975095
784 288 916912485
379 856 99786235
909 486 639893153
298 921 332954390
980 280 128421892
958 61 877370547
528 946 209223970
512 451 923370974
646 315 769493313
350 979 58967348
439 968 143610085
734 595 657700857
593 944 189202349
11 858 435866941
872 724 290868221
427 298 436961021
418 278 563023652
497 527 465127323
688 677 801235298
235 867 44375685
499 978 130441562
442 583 126402987
275 198 880830622
968 168 100387906
311 541 362179944
359 512 709791875
921 581 512944737
157 731 491467065
140 99 380630624
78 696 801108802
207 438 843527032
583 307 30653804
613 45 593378146
806 361 617598022
729 963 124643391
398 714 770687869
215 169 479472581
366 237 547676447
960 69 383460853
679 259 277578947
134 399 396917825
796 866 581703494
72 769 303763186
475 843 260380026
934 333 417269284
151 231 780088784
877 479 413249179
986 55 132789045
175 749 520749988
901 504 341961838
328 151 204749852
883 624 116377214
179 323 508717356
386 39 462012153
740 201 996195588
313 136 306844432
792 117 366148239
441 367 364719472
210 95 770553141
638 202 766382129
238 404 800234798
406 681 739296349
509 515 548469612
486 860 85311026
482 826 998744845
631 571 933724103
402 49 588303815
190 896 560947492
870 497 582605409
950 449 461566020
782 651 599547227
198 73 403578052
677 12 730825778
262 419 895937271
500 498 725395679
594 461 743632038
409 492 346269271
717 976 996824845
127 842 623277481
92 991 237114026
875 941 199657099
793 116 682005002
932 662 498683546
761 341 888687857
185 252 156321885
419 802 456445921
837 850 752461253
414 172 725644790
172 219 303407368
315 704 877421546
730 948 972112623
891 26 594794541
263 487 478526916
768 815 251225915
983 10 306236543
464 180 12026658
726 578 578619935
972 91 821490564
496 740 109508137
918 785 212866604
820 848 806993761
237 797 346960280
345 962 545355037
63 6 946798703
541 641 288173888
716 366 370406735
390 65 837055902
743 115 22313129
758 98 108977933
332 977 802364023
285 562 817619796
640 705 578226345
644 885 829408217
169 318 207436551
334 592 68382801
304 591 183018672
576 4 638583427
690 431 567600924
710 63 312704105
400 295 182056658
391 326 280570118
550 612 591007821
614 285 91276252
344 240 346783491
653 587 213386794
952 125 800259978
29 194 671512033
314 768 785078507
804 222 473486201
164 52 122020921
929 950 778367868
389 294 82664761
990 275 526535187
731 188 669948395
36 847 657195385
937 23 190579341
893 147 93233587
137 621 400353949
372 308 539742029
362 289 89910672
896 165 794500121
533 11 590981142
288 938 710308636
181 205 626541493
321 320 386249357
502 600 732633934
432 854 347964056
755 756 372893177
697 195 250428614
272 609 377309496
948 254 522643937
141 347 111837312
485 413 569819186
73 499 463206490
492 345 364274278
659 711 253731181
719 955 497956200
224 250 111466174
591 470 27385392
861 982 983548203
395 171 818525878
649 535 129929809
954 197 475359964
569 40 252119622
473 544 320092690
566 43 95597620
184 409 562410131
155 795 421413822
683 174 204600198
307 245 925123182
537 926 806493294
888 717 917852809
769 84 60585785
959 833 403573782
19 840 517184396
188 853 350009485
819 694 847462295
657 776 835009163
519 310 721476320
50 735 133689705
783 691 651995912
388 871 81191626
678 568 878473661
336 383 230329036
183 401 130502277
56 614 754947062
214 897 65642674
599 907 505397672
192 888 948801438
674 892 918084670
371 102 682249430
666 96 85406894
448 418 158775846
244 355 771322486
413 661 962254957
663 30 785050447
531 630 193821283
269 876 984951811
454 835 365192436
133 539 881482366
556 742 121601639
444 786 33895495
247 556 137711707
411 901 880850034
611 537 88586694
945 981 372110010
396 891 267824690
337 837 196591604
542 967 427644940
839 484 566146505
840 566 93965268
691 337 706799080
773 945 334825288
280 456 481787818
602 599 391410752
845 158 427946258
415 495 26792530
217 989 210281249
64 687 874960279
132 639 449288293
111 78 977600039
788 270 411958936
919 62 224514750
74 828 840844773
970 208 108135274
977 522 273893358
798 336 64737553
704 398 607373326
70 629 624763347
535 874 807137692
848 472 587264586
2 76 580675939
148 832 316135875
246 710 880616667
15 622 313391046
612 109 142964470
961 20 783971584
110 440 678297820
208 726 828417532
756 37 30487489
154 721 345906725
96 794 79940056
139 236 357847408
727 214 446929643
166 260 790561114
656 475 951742461
709 351 113771196
274 969 110035839
59 469 339171751
857 809 477161756
766 335 441237816
480 15 693777266
693 21 201930709
471 806 481928470
94 960 663209578
20 655 994081260
58 206 350394211
851 712 761513398
910 493 999105222
159 81 99549594
827 725 734331652
87 211 5925173
606 410 438794969
899 183 129163123
562 485 922693461
69 166 938324940
680 325 978185656
695 529 943947749
160 50 121899894
627 649 740887261
115 507 886663492
965 825 920892026
626 798 754982503
114 148 95189368
430 750 241699896
584 83 97282809
984 690 75542649
146 964 292118809
129 625 377191038
119 304 815943922
292 931 803542768
8 703 844691744
143 302 909034192
106 951 897396296
687 801 515221193
924 305 360188465
309 218 451203477
472 207 968505946
940 31 407594607
975 552 147494769
452 736 381704357
450 523 269165063
879 173 600697951
301 754 464269550
440 617 619414357
637 192 204066024
675 149 358495673
752 881 33405760
969 48 398119067
384 66 940580194
41 276 36533272
365 44 996096317
810 616 824208591
478 857 901679431
102 674 429415530
86 87 693477029
76 365 239191467
951 371 1172186
534 893 371434196
809 546 295428363
673 199 852956648
305 695 617282105
250 190 349181614
3 520 489584772
297 787 556596517
866 483 641155844
22 957 914496275
685 935 625117741
66 267 583336410
282 751 128952521
469 64 884993528
221 975 858692480
565 943 217036638
14 389 399186058
48 844 743200033
277 974 644285898
335 186 31555186
23 518 302229783
35 574 891333722
967 880 907683617
643 947 439698528
568 666 610126066
75 663 199597070
774 452 14943066
360 235 555966984
236 555 92755790
552 511 67951405
426 17 686839993
928 261 476770845
174 27 51686890
651 129 63780326
490 660 702562832
681 28 469671362
118 744 31078471
547 914 587499568
466 872 562434045
52 632 838891480
813 870 648842034
310 464 971061369
264 35 269160714
109 153 868061295
97 88 477966442
167 467 153814199
523 407 104458966
38 34 856649870
186 374 614173767
642 457 248750579
361 233 154601750
287 329 622624716
431 70 997255212
51 524 940641980
988 788 35005275
949 528 635944978
981 189 229167037
43 780 577137298
303 29 441764305
963 266 810190969
234 121 88858818
255 412 786968322
628 923 918432139
295 580 680950315
920 281 418582330
348 918 850982858
843 155 730079763
330 905 108578823
696 589 973645384
791 728 552109789
847 425 788464859
363 327 760118058
222 334 251481581
220 411 204054904
30 373 332019242
600 536 204612761
354 480 929556545
158 394 633793191
705 1 674651257
116 126 406136149
49 878 527480722
585 209 27775640
380 619 349074929
108 648 493250943
511 637 575890971
479 822 529681590
636 268 646446723
549 123 787398100
544 569 744673739
853 348 173391633
620 175 635314784
598 970 784408056
412 93 593418309
881 807 758055851
846 879 709667849
514 506 448152974
790 505 612321961
128 137 741850520
527 664 498183231
979 827 367108076
767 446 436708798
257 855 260174713
513 170 444776011
903 279 846762246
405 32 498877675
300 239 779872698
553 291 774868614
781 9 777759221
617 563 591159754
838 494 735793297
206 928 740393242
830 775 182590403
772 75 29789460
991 868 248315919
289 720 60857293
854 930 953302422
346 269 185004773
88 3 841588368
529 796 16247584
625 762 387566652
204 565 264504347
577 597 641953574
483 593 610631642
491 890 674248701
525 375 977920539
16 178 120513649
579 732 542834396
381 709 166591212
923 517 640823110
156 381 44222123
978 823 700442965
435 354 81524606
434 118 636453981
578 417 237298396
831 910 453405807
747 774 307276422
4 554 247071294
296 57 459729252
326 650 760957828
507 56 6697910
242 531 720192883
349 162 351260585
816 296 655643549
777 508 791389487
826 477 47323679
517 538 488484732
163 384 469695262
956 586 921544212
785 906 861241373
463 602 653736242
976 584 14656244
723 41 491308918
230 434 789139491
201 71 84154952
931 8 111905038
590 883 232594847
122 734 479441962
357 113 536847523
876 282 205986023
213 436 815628820
62 462 813897486
433 618 249410252
124 875 925647546
532 919 759704552
518 782 995690583
508 679 326512295
26 274 299329916
273 939 675286698
922 959 275819351
171 258 513472321
869 132 458578095
630 134 521632570
79 13 547852188
342 18 517173063
915 471 13324521
32 596 764134564
722 490 703056667
615 54 929891631
778 613 173067884
545 213 680389655
226 340 365822305
668 160 53265908
223 659 693119077
906 653 837460310
229 128 74956018
894 408 766873668
718 221 184356582
284 203 125529966
597 845 528683679
715 107 102890134
707 481 956570007
397 800 399733244
294 758 746840812
107 382 99906262
849 716 603784540
808 217 702677816
794 16 824853765
40 755 306298746
753 283 989694798
423 200 545197469
800 185 929998760
168 414 1194557
868 85 572478690
926 793 692352400
327 606 899353749
324 356 854998683
943 718 511040789
700 405 132532508
12 971 51283464
789 442 260220272
383 159 964206473
317 424 280796766
387 447 13218160
692 264 190681385
701 913 209633035
149 242 787451524
900 216 80653211
930 985 890291509
401 627 919616065
193 863 201466395
265 144 935617936
698 902 875927158
567 684 372434075
173 645 171110390
654 558 23412490
608 839 845103687
539 966 99384303
735 929 628219438
559 287 640205869
493 532 930893646
728 133 187951751
802 748 343517517
374 364 605813263
867 104 84056202
733 564 338037823
245 455 95737115
45 331 534342181
933 911 396391898
812 232 26419467
