996 25000 5
323 832 164401168
620 400 581266266
135 820 760970081
175 832 723872592
511 579 219572
602 461 38779293
255 702 886116412
55 481 527817411
57 719 564508794
894 797 711914024
224 194 398333288
909 926 42371714
888 192 130812925
966 600 405867425
608 416 308837257
435 257 235308416
279 478 661335683
145 639 541237033
299 520 388491565
715 206 661671596
920 261 396937376
513 287 666312674
354 986 309139823
190 628 823556704
34 547 684795862
674 752 889744051
253 205 708342623
854 811 633591202
895 856 453434039
763 110 37975096
623 927 827093822
972 298 199324546
582 746 25688061
228 536 326772819
564 569 857603792
45 67 252943799
941 641 71286955
348 579 411311575
256 544 552018833
824 10 629710471
208 580 746741588
75 49 532965436
2 952 210417876
698 464 444259544
556 146 924601572
12 896 165087303
162 342 825691318
189 996 361755065
124 746 502007853
322 36 608539491
874 315 134181340
447 338 162626519
107 969 82065597
338 204 202003202
296 598 518866211
350 512 408860680
985 229 596182285
482 678 869488901
981 29 539681234
388 201 721823093
153 764 168182916
293 780 314304491
41 499 821679814
681 922 970527559
372 566 108257575
113 990 863521596
39 824 341541015
687 311 3313578
968 876 776322867
116 656 937156529
121 184 694184612
982 944 357189105
86 603 667714566
570 351 820979505
385 178 401483558
836 15 615495691
110 241 937349991
484 645 870246371
134 943 187891476
757 48 140803825
492 11 392215026
832 330 931651808
703 77 948335564
724 627 661099282
848 607 127720317
643 68 159730655
243 130 76091133
901 365 362579088
171 775 719247875
631 169 641683729
722 421 99264054
562 701 196570851
122 248 224830339
518 816 588281203
419 394 241111932
400 511 215550146
288 228 516658019
151 334 123046679
95 197 687351579
689 722 140268814
310 571 960696968
935 720 307306758
101 730 890417927
844 346 257074777
434 497 305291465
366 573 193964804
311 358 451431046
959 411 277452038
332 576 556466353
810 48 354827797
735 350 207767849
866 524 528221157
719 457 16331362
457 72 88211475
647 709 803315004
108 542 212911288
331 870 228716709
816 42 109223946
658 911 158204515
601 439 701563736
611 606 807726994
387 240 348156786
183 534 740249484
536 175 99677031
630 904 352575828
15 36 314190541
803 879 497142862
223 339 447082791
199 68 57804911
638 27 479548147
892 566 547449394
739 108 256538609
649 533 956666904
262 392 810991843
879 459 182308648
558 47 245839841
427 670 665543079
445 290 297751792
215 847 288006731
267 148 183134628
702 412 807690809
749 577 435214862
417 239 575631310
575 333 694051227
460 321 536482012
111 390 228955307
552 882 213483585
510 285 913267554
123 913 356610966
450 60 657295523
928 309 602951878
221 722 65309963
636 31 385414249
750 591 289938419
1 789 452312558
206 232 426390157
494 451 141407365
432 493 503505126
914 691 413245363
886 265 131904678
906 254 597745677
337 351 598587849
880 109 2808952
56 3 919192342
87 620 721224861
960 554 941094279
591 434 772613712
413 866 590723118
59 711 952106444
692 160 97505294
991 498 208597055
127 678 460198951
590 50 99811833
887 286 114787313
820 583 53477638
398 804 263324110
83 567 362998988
452 509 968242672
924 476 225756541
799 161 406116237
406 184 575609046
764 965 861989931
619 199 757640833
28 270 930411800
584 676 939894638
660 850 656866220
449 618 585097906
729 590 655984149
442 933 690055964
964 205 799733032
839 159 394970203
884 585 832565620
138 249 160091046
819 837 649943120
903 953 699700231
277 510 272281056
566 542 14522027
268 296 142561062
568 820 799317805
868 563 129927633
149 570 104053708
926 839 257446730
62 125 165669904
817 994 103192283
114 242 609748690
504 897 934410806
970 917 310908596
867 862 300085610
254 867 607447741
662 281 851606604
172 65 659272507
455 65 325278657
92 515 43789386
90 642 738018963
840 245 802132186
329 828 219233299
472 165 767477650
800 276 192496168
379 909 836737771
594 886 696524921
699 301 571054161
144 774 744119717
204 132 316291718
7 797 681524991
521 358 985006236
216 232 723439004
822 903 153038854
496 684 61228915
321 238 474643919
31 829 785858906
506 961 229558338
248 291 470991562
667 17 262275050
396 266 798667883
644 669 952753982
25 948 625670017
738 322 774619851
827 504 188977272
514 778 798832950
194 606 420656669
785 317 952266866
862 465 942466472
779 10 219657067
341 487 258930449
603 493 90531176
150 213 754897157
351 464 216691453
16 82 194740588
346 559 122926626
491 861 743658202
343 590 807668849
626 482 220719735
458 13 630632588
467 791 113061124
260 791 748922970
352 26 988836547
597 329 491262928
433 289 166261182
615 621 357323418
567 260 70358323
635 288 552064006
68 934 460356778
96 128 933952196
446 651 107387641
441 625 965288127
685 126 611528624
163 803 85962225
26 406 745526735
539 724 658962788
645 698 957127065
709 861 111892075
173 20 128041256
261 505 982697543
318 356 797008710
411 319 81994337
538 500 821342675
784 873 675095221
573 992 497389316
913 912 472082468
777 328 232754211
399 957 611644019
266 839 92866890
646 240 298441064
361 450 561450812
428 548 3353068
714 945 392400133
205 912 869260821
896 622 343538796
550 78 260212452
46 929 166160776
965 71 875094277
596 146 183878144
688 104 915903057
6 673 762422058
746 667 976339632
948 539 36278618
180 215 329358362
878 522 227662706
307 826 799939011
792 659 632071590
690 752 930830771
678 551 847359780
290 537 64393098
917 876 411520878
725 915 184565912
613 935 683951821
269 158 735619451
508 323 31750630
273 682 485912223
610 227 662453227
136 433 877178877
720 790 306816265
618 910 550169946
53 745 955474046
219 600 838019792
509 844 876754949
673 287 180714922
500 578 469717767
770 677 412046374
980 98 125056214
721 731 8752701
237 719 69723834
949 413 669985324
856 910 711032387
8 415 183164525
244 174 350481723
560 139 156804462
782 674 210242896
160 747 231624000
380 510 325394908
235 754 885487981
600 265 277539541
753 867 947786408
547 704 999982824
284 708 492144152
36 536 812957170
934 494 756828964
640 625 655769577
314 235 560587595
958 115 480323199
193 162 840681048
252 711 888527263
165 707 456535392
893 427 338013107
713 962 672557921
531 573 794735848
922 292 192065761
192 543 194838267
463 701 117867459
360 487 895139048
841 230 852660934
217 656 836679903
91 315 713344875
461 687 223628583
415 21 83364421
240 585 24905199
772 884 152970241
437 630 798301314
776 186 999410194
897 918 805650625
696 629 36159887
168 476 133083873
780 561 918891434
744 525 767794304
846 738 794709435
740 672 787108917
246 445 604386843
802 429 442194508
962 360 94724824
89 470 714911945
528 243 984698844
464 879 642280717
106 21 671975179
883 718 339069967
882 828 793452030
762 166 295299444
671 180 254925496
404 789 307575332
781 125 151031256
374 330 486303177
529 875 156691489
213 90 176751824
843 44 534954556
986 643 33980920
505 148 935406056
989 486 20349823
936 619 932918851
542 389 104124301
139 660 381896396
80 233 60488947
793 15 842028549
236 427 160885668
275 215 420799472
202 748 415515755
488 83 792865754
527 87 75184796
670 175 95371505
336 936 918898158
885 478 732786558
439 956 848918649
486 821 499078770
637 85 606510808
71 465 232800620
952 897 463574495
541 11 784251883
390 560 480227970
826 870 17660207
33 757 791920635
408 246 793906459
708 489 700706317
5 78 282565446
675 761 818302284
831 980 834004420
978 440 616762663
716 737 584876231
158 930 25763860
188 531 937166024
200 223 94767033
910 445 175887515
69 529 918101163
495 818 271848573
258 900 733643444
921 810 544208284
456 350 499770507
309 840 66321499
362 372 76540782
580 33 381319172
278 192 119863379
747 514 112828825
197 423 200915110
120 117 612062188
734 267 513832254
164 697 591001536
88 618 815183372
365 475 939149468
544 457 727172694
169 346 765449392
790 437 770418088
829 14 961103952
742 550 203919790
668 889 812448264
239 812 426150761
286 376 51320674
595 575 274809174
126 323 785743422
115 499 602274814
475 704 31648328
420 91 476686288
761 627 371360313
257 756 19780048
218 71 268489329
786 748 982472095
551 845 212867895
728 635 779341144
10 505 798802045
29 760 204156295
497 348 88691727
833 304 453827036
231 229 708243074
375 971 642489910
666 552 539145593
251 180 509750274
812 858 41988930
451 858 956623227
835 717 723192697
987 145 925109921
520 198 308291324
389 342 270139517
821 96 467996230
181 942 921363284
470 41 590550056
353 142 177170885
176 377 871612449
397 689 615393736
861 698 352350264
306 965 500410003
680 285 565521004
553 158 13874296
125 127 598722363
624 632 762227741
317 389 222417367
143 84 944495642
756 904 461585098
682 878 751827664
112 440 930430028
938 547 54114689
969 892 973130356
24 670 139203359
898 308 352170280
512 927 737314
37 13 191122292
84 388 480942436
421 228 376453995
927 963 505889177
765 601 958388316
159 497 320746425
47 890 125774006
621 162 741294995
617 401 976967676
232 220 500769871
954 329 185008779
97 648 499445980
480 24 507624782
157 507 685619004
677 432 790240606
393 252 368040647
710 743 482856630
944 743 251650396
119 32 210015097
49 50 733262931
578 824 338174027
410 944 914420156
65 325 233180222
48 785 924302814
625 454 622646575
605 147 185354233
3 105 255434663
807 202 938351172
391 809 183750243
818 843 157463226
628 386 51113204
72 480 81926420
54 294 6287729
727 652 88439504
155 749 497913090
247 548 23758278
345 469 911471184
718 400 285162813
382 863 477540312
129 516 512742651
606 126 940348357
483 599 386234830
395 660 163036573
401 770 89686636
166 758 617669934
522 680 604418741
238 122 83153597
778 197 560143593
955 624 679536167
454 86 622930337
992 96 290264178
479 757 211824896
485 280 264576377
42 17 596248023
249 706 469900531
650 63 408664370
102 247 133805260
130 241 76549700
994 810 918531772
956 511 8283940
289 305 633239512
137 172 149041158
316 113 125725365
13 508 644328223
186 558 154615537
767 799 809623495
40 187 841251647
283 434 293735107
902 38 473634914
230 545 525293466
653 304 820389079
632 738 228687258
731 786 888376183
147 786 25246590
234 772 82609305
493 128 72121909
659 952 15214736
187 921 161454422
891 794 984549956
524 934 195034267
312 428 464656163
525 219 124091363
988 305 703994741
276 844 330456631
242 492 198486478
44 889 316595560
857 691 142672532
225 914 544424150
973 42 646342661
174 723 950547648
733 830 471179269
66 883 904244197
616 893 907096536
359 790 469349044
706 77 11029869
612 835 952040788
684 467 399841490
368 729 190313876
444 966 551653694
78 848 111035078
599 281 824917028
788 692 95457870
358 426 896834358
297 503 635751652
609 690 250404995
931 31 781745442
769 557 152405024
30 782 460822245
300 502 951830114
664 492 749028196
424 19 129414859
847 763 462275209
937 739 305703819
324 854 894201049
890 399 123066034
409 986 310096813
579 603 373711276
758 884 367937963
515 353 186415916
313 223 789409828
477 143 934339305
996 473 48289484
672 922 681090954
791 930 631258820
950 137 159249756
334 817 327077126
355 338 763324251
943 471 447459403
830 540 275090366
530 808 637415000
598 531 585834588
132 199 943458857
947 221 8398428
333 489 425903366
378 455 803981142
58 614 150121770
315 59 751646406
939 799 99484129
100 835 198491953
384 86 125395770
303 529 674402185
705 460 903402588
581 687 577504226
339 369 908599184
285 421 66869345
152 54 779290503
429 929 279369029
98 289 407367691
851 775 461246652
789 731 861361336
471 415 805605021
103 770 932531426
870 760 694150650
281 747 50619131
503 507 353114257
226 578 283736623
501 700 138105245
855 331 199445075
274 907 932784596
340 55 79158947
394 586 528579444
639 741 107125830
294 811 230275628
592 340 36173863
245 754 355454785
131 367 928414357
787 751 428095022
569 27 633801532
834 776 329367424
264 847 971523994
335 778 222787643
487 480 236042635
540 680 767434732
291 374 184495527
748 67 88338922
178 509 51962358
436 589 85244156
990 49 858719451
627 782 19595969
572 397 328101003
760 475 341500758
490 907 621980850
523 369 583402638
179 182 276416147
154 896 948755532
79 677 510476616
912 139 33429703
587 191 405453799
11 384 127774633
21 494 630342137
443 628 860859736
586 256 814360271
81 632 279998619
974 584 459890687
942 848 563693164
342 992 540209476
726 640 354413120
282 692 452859944
823 624 40816839
481 537 343894614
271 826 729324601
871 40 967287257
933 694 312793257
953 652 621033736
9 327 88342883
652 559 54131667
412 862 141509013
17 866 506946895
185 512 383970393
663 621 249863587
533 815 220549707
14 814 320779734
241 694 100377601
535 819 774539831
263 33 349796201
641 471 965677628
373 38 248425882
554 657 756461878
853 262 576097395
555 417 902023953
768 238 917463564
557 552 5662136
930 850 664861005
865 236 907261831
18 267 187960097
430 463 586886514
74 132 988038394
736 413 649080405
683 882 516755207
730 674 671820272
478 795 926354412
423 243 952051632
330 963 274246313
737 558 329550159
347 22 5616277
905 845 935402199
911 569 874902472
177 580 393527320
325 676 169753606
305 808 655406035
967 449 196576530
357 894 633372389
957 317 573317699
23 147 28196385
148 340 321888047
864 116 85146384
717 956 25318128
118 804 762492951
656 623 934988859
806 500 620726289
546 362 200571338
676 395 109575716
448 568 142089623
280 961 620295618
220 544 557077577
364 485 317673785
711 795 585325824
422 426 969513025
327 583 289774023
694 454 342997611
548 24 910602387
805 504 43960182
287 942 380387199
142 276 291442600
815 8 142667642
52 406 277612821
852 668 984467959
732 316 61716862
951 334 78663611
559 623 148531379
462 111 659676856
665 522 26974936
133 420 693609135
837 816 796184190
700 395 722425807
695 518 792195256
356 598 341805280
629 444 802154457
693 689 53056658
371 869 879177413
872 6 590553760
900 366 86368188
588 54 131625594
93 849 97515022
302 638 404736258
344 721 669836924
104 875 448677436
27 159 994579940
916 851 732643631
571 412 917622370
51 63 221407196
367 955 847751245
140 643 945607974
915 642 310188311
701 8 492502937
858 374 265720915
141 365 319663343
828 386 367228946
203 815 250544637
801 398 594148926
474 730 893332743
191 479 42922246
76 688 790372057
117 833 146171162
796 974 982645829
426 607 343958920
73 428 58836567
370 640 543489566
845 933 909679004
229 951 271946430
751 758 984532701
195 226 850804136
875 422 150361916
918 763 816750473
377 47 708940902
207 926 413285333
794 325 579430155
850 170 406167609
469 108 91518048
233 809 161553587
842 900 175323908
35 44 332795750
507 170 939661135
577 720 750841352
614 432 921983670
607 130 408677861
908 186 666902377
971 189 898521592
407 80 228054008
589 18 587478161
128 291 683001942
414 988 467723174
301 966 878257808
707 302 676934928
923 902 34303603
691 638 182602363
38 877 618065068
723 62 134972697
633 468 569776223
210 302 664295935
881 280 111174230
295 651 84607928
876 405 209329008
929 567 27844196
534 978 25381638
712 869 645903313
328 119 903122055
214 560 251270554
993 570 987301778
250 685 398434605
745 106 277872900
438 320 185822213
545 314 369435749
292 236 60605251
783 122 704250722
473 264 2678848
561 703 759292040
585 105 948255599
651 60 208039469
863 290 782299946
679 275 295105603
604 275 132918334
771 779 328355182
20 6 71557488
4 227 976546526
919 486 554566363
70 648 288566324
425 448 269848971
386 442 757526676
808 459 946216318
227 951 147144221
465 399 843150348
222 664 170074394
50 201 278653128
67 957 486899600
804 423 606151303
209 686 594792510
489 989 357920599
889 322 959301746
565 669 305181425
85 218 920279875
899 883 252831107
19 706 410226968
798 219 667492184
517 224 112774992
961 359 707180309
146 189 126284857
752 508 920538947
99 792 863876765
77 481 219663543
326 766 497157741
704 72 381521550
743 296 403436049
825 198 35031531
349 320 148432923
983 314 423143772
622 890 588451208
979 284 487428827
661 502 334154832
405 785 952605318
877 437 724356188
156 458 26000058
654 684 972931539
369 127 290345874
532 909 15670874
516 565 909204732
869 260 843540559
634 169 180942373
873 390 34490938
669 639 177339926
814 751 360042294
376 814 777417056
642 609 641399695
860 565 26483103
182 160 17841826
453 919 535013798
82 30 126257298
468 109 80769208
697 367 785996850
932 479 588612823
946 626 39092955
63 729 6306295
502 235 395121021
904 963 969680222
105 366 157072869
849 614 778667121
686 817 398043840
363 83 374995251
498 425 292025431
403 57 776919689
319 727 199497606
383 80 469836516
809 630 750678828
392 473 853304861
576 710 749937268
198 918 854429045
22 20 716922450
537 821 841421178
270 203 617143229
308 118 287648755
64 248 763392641
774 980 908659525
977 204 516192074
265 609 303074737
304 741 862948889
797 384 954075208
161 605 445377644
775 3 244266845
167 994 878623898
766 252 758600879
402 553 841323121
211 69 753290542
563 7 750489180
60 30 490254850
925 592 172844413
431 736 818082984
657 202 821606485
940 679 433378121
109 442 98135623
466 631 295572434
759 420 68219283
655 294 138487424
94 79 145716493
298 563 820638617
549 756 396005697
440 717 874449214
741 391 43884108
381 425 252222128
984 755 180490290
583 181 236917992
196 284 667707459
416 990 835479473
272 401 530457220
418 794 855288935
813 801 474333737
212 802 658144107
907 39 860884111
945 299 890380954
170 451 671916388
476 605 545063472
543 337 307062134
519 654 101515261
459 348 681028731
184 422 272704937
593 102 699777216
259 619 82405184
648 73 797609411
526 176 62373474
32 703 411308057
811 846 151595766
976 14 606726617
574 58 753153985
975 695 548278635
773 939 793983864
201 727 435069122
499 463 533504130
795 877 888718895
859 110 2091456
995 405 662508450
320 402 927409282
754 551 450082032
755 894 524056113
61 449 286773836
838 913 689137496
43 919 113696963
