200
183
125
83
35
11
20
27
160
78
38
26
176
139
79
67
73
118
22
180
6
131
152
92
63
33
171
112
23
17
179
156
8
97
158
70
129
60
95
14
76
40
25
194
72
13
120
140
102
44
96
151
16
126
57
86
157
172
81
46
193
7
150
147
185
105
65
71
19
32
195
48
191
18
123
117
178
2
177
144
143
42
49
21
197
28
53
199
169
155
15
55
192
103
39
99
174
93
80
189
146
127
188
111
109
85
167
182
54
153
56
37
137
74
45
64
122
200
154
148
175
75
91
36
68
52
121
115
116
184
110
61
196
88
113
98
84
170
1
136
58
133
163
142
145
31
166
34
69
149
132
4
100
51
29
107
181
164
43
41
135
9
186
87
10
128
89
130
47
104
173
90
159
161
77
66
134
162
62
59
30
101
168
50
108
190
82
106
5
114
24
3
187
119
124
12
94
141
198
138
165
