965
2 535 16
3 536 56
4 537 22
5 538 64
7 270 12
8 327 13
9 540 64
10 541 38
11 314 10
12 542 42
13 543 28
14 349 15
15 544 73
16 545 28
17 546 10
18 336 12
19 547 29
20 548 22
21 348 13
22 906 71
23 550 38
24 382 18
25 551 1
26 552 12
27 553 98
28 554 94
29 325 11
30 555 18
31 389 22
32 556 41
33 557 64
34 274 17
35 312 71
36 558 14
37 559 64
38 560 16
39 561 20
40 562 48
41 563 94
42 564 14
43 565 17
44 362 25
45 907 13
46 350 18
47 567 27
48 568 48
49 569 14
50 293 74
51 315 82
52 570 11
53 571 28
54 572 24
55 286 44
56 573 32
57 908 20
58 301 78
59 575 53
60 576 88
61 577 35
62 309 69
63 578 13
64 579 37
65 580 59
66 409 22
67 581 12
68 582 21
69 583 64
70 584 13
71 305 85
72 585 24
73 586 24
74 587 27
75 588 25
76 363 22
77 589 45
78 279 32
79 590 67
80 591 32
81 337 14
82 592 77
83 593 71
84 594 13
85 595 30
86 596 17
87 272 23
88 396 18
89 597 14
90 598 1
91 599 20
92 343 17
93 600 56
94 601 16
95 602 67
96 603 21
97 604 89
98 909 74
99 605 20
100 606 12
101 607 48
102 356 20
103 608 83
104 609 74
105 610 92
106 287 56
107 448 97
108 611 79
109 612 11
110 613 72
111 422 32
112 614 67
113 364 24
114 615 16
115 346 17
116 616 68
117 910 29
118 618 45
119 619 11
120 323 81
121 620 11
122 621 95
123 369 32
124 622 38
125 341 12
126 623 32
127 353 14
128 624 30
129 911 12
130 626 30
131 627 11
132 628 15
133 629 14
134 912 12
135 630 14
136 631 20
137 632 93
138 633 30
139 634 12
140 635 18
141 636 26
142 318 92
143 637 24
144 638 98
145 294 43
146 639 13
147 640 12
148 641 44
149 642 17
150 463 26
151 643 94
152 644 10
153 645 61
154 913 11
155 441 34
156 647 15
157 367 25
158 648 15
159 649 27
160 374 24
161 650 55
162 651 49
163 365 27
164 302 99
165 340 16
166 652 76
167 653 63
168 317 71
169 654 71
170 282 32
171 328 94
172 391 16
173 914 10
174 269 15
175 656 15
176 657 59
177 915 17
178 313 82
179 659 11
180 660 15
181 661 29
182 662 45
183 663 16
184 664 11
185 665 7
186 666 45
187 667 36
188 668 38
189 669 49
190 916 20
191 277 31
192 670 23
193 671 72
194 672 67
195 673 18
196 674 25
197 675 23
198 676 21
199 368 29
200 677 22
201 678 10
202 679 22
203 680 84
204 681 33
205 682 28
206 683 28
207 684 43
208 685 73
209 686 13
210 687 13
211 688 66
212 689 10
213 690 35
214 691 73
215 692 91
216 693 48
217 694 35
218 355 14
219 695 63
220 696 31
221 697 50
222 698 68
223 699 12
224 700 27
225 701 73
226 702 89
227 416 24
228 703 68
229 704 32
230 306 55
231 268 10
232 917 58
233 342 17
234 706 18
235 707 82
236 708 75
237 322 10
238 709 86
239 311 81
240 710 97
241 711 10
242 712 17
243 713 94
244 714 17
245 334 14
246 715 11
247 918 27
248 292 51
249 716 16
250 717 10
251 718 10
252 719 32
253 720 72
254 721 10
255 290 50
256 722 26
257 723 33
258 724 32
259 725 10
260 332 13
261 299 84
262 726 27
263 727 14
264 280 32
265 319 12
266 354 18
267 728 89
268 401 16
269 729 63
270 730 14
271 731 35
272 732 95
273 733 34
274 734 92
275 735 84
276 736 32
277 737 15
278 390 90
279 388 36
280 738 68
281 739 30
282 740 10
283 741 59
284 742 78
285 743 13
286 744 12
287 745 29
288 746 35
289 747 13
290 436 16
291 748 53
292 749 65
293 750 12
294 751 23
295 919 14
296 753 10
297 754 10
298 755 71
299 920 23
300 756 22
301 757 26
302 475 91
303 758 67
304 759 19
305 376 20
306 434 36
307 760 10
308 921 89
309 762 20
310 763 62
311 407 59
312 764 16
313 412 83
314 375 11
315 417 20
316 765 10
317 395 11
318 446 18
319 766 12
320 767 10
321 768 17
322 769 94
323 444 83
324 770 26
325 384 81
326 771 81
327 772 24
328 406 56
329 773 12
330 774 13
331 775 32
332 454 22
333 776 31
334 777 49
335 778 48
336 379 98
337 403 52
338 779 12
339 780 38
340 415 81
341 419 83
342 414 11
343 410 38
344 781 58
345 782 32
346 447 41
347 783 11
348 922 24
349 785 32
350 455 19
351 786 13
352 787 26
353 443 28
354 923 32
355 420 15
356 428 20
357 788 82
358 789 57
359 790 40
360 924 11
361 792 48
362 793 48
363 478 75
364 451 56
365 794 13
366 925 35
367 385 16
368 430 21
369 435 22
370 433 22
371 796 64
372 797 20
373 798 44
374 799 13
375 800 59
376 464 20
377 801 15
378 802 29
379 803 14
380 804 69
381 805 11
382 806 65
383 807 31
384 808 94
385 809 41
386 810 36
387 811 21
388 466 23
389 457 12
390 465 40
391 812 17
392 813 18
393 814 43
394 815 38
395 467 13
396 816 50
397 817 20
398 818 11
399 819 11
400 820 21
401 440 12
402 821 44
403 438 23
404 822 95
405 926 11
406 824 86
407 927 13
408 825 10
409 483 39
410 826 48
411 827 51
412 928 24
413 828 36
414 485 28
415 829 11
416 830 35
417 462 1
418 831 31
419 468 16
420 452 11
421 832 16
422 833 26
423 834 53
424 835 10
425 836 31
426 837 14
427 838 27
428 473 42
429 839 85
430 474 35
431 840 19
432 841 48
433 842 99
434 492 27
435 843 12
436 479 32
437 844 12
438 845 49
439 846 68
440 491 69
441 487 69
442 929 35
443 848 92
444 849 73
445 850 20
446 488 15
447 930 97
448 851 52
449 852 16
450 504 50
451 853 20
452 854 12
453 855 22
454 931 34
455 493 28
456 856 18
457 857 28
458 932 20
459 859 51
460 860 46
461 861 10
462 489 61
463 933 38
464 476 29
465 507 43
466 862 25
467 863 12
468 934 12
469 864 19
470 865 29
471 866 37
472 495 29
473 494 15
474 935 68
475 499 44
476 508 18
477 867 27
478 503 24
479 868 42
480 869 51
481 870 16
482 871 48
483 872 34
484 873 16
485 502 13
486 874 37
487 936 63
488 875 75
489 515 67
490 876 47
491 877 32
492 878 21
493 937 27
494 880 46
495 938 24
496 882 25
497 883 52
498 884 36
499 939 16
500 885 33
501 513 80
502 514 34
503 886 66
504 887 65
505 888 14
506 889 68
507 518 48
508 890 24
509 891 34
510 892 18
511 893 36
512 521 76
513 894 18
514 524 68
515 895 54
516 896 65
517 523 62
518 897 69
519 526 14
520 898 36
521 940 39
522 899 83
523 527 81
524 900 22
525 941 11
526 942 45
527 530 52
528 903 73
529 532 24
530 531 13
531 943 12
532 905 10
534 298 12
535 355 63
536 314 22
537 338 13
538 300 11
539 373 11
540 300 11
541 371 18
542 371 18
543 366 32
544 349 12
545 465 40
546 278 30
547 280 15
548 393 15
549 390 15
550 292 18
551 281 47
552 944 20
553 350 65
554 312 78
555 294 60
556 319 28
557 318 37
558 276 15
559 271 64
560 362 73
561 351 13
562 361 24
563 367 22
564 945 83
565 365 11
566 395 46
567 431 38
568 351 86
569 296 33
570 329 86
571 315 76
572 288 13
573 286 15
574 284 18
575 316 37
576 316 10
577 289 15
578 289 47
579 309 61
580 392 76
581 388 23
582 392 13
583 330 63
584 376 16
585 331 79
586 331 12
587 305 51
588 378 94
589 345 10
590 329 78
591 288 26
592 307 88
593 313 86
594 345 39
595 293 13
596 275 17
597 276 18
598 281 31
599 325 82
600 304 19
601 283 15
602 303 68
603 358 8
604 303 70
605 352 15
606 339 38
607 335 12
608 387 66
609 405 41
610 410 13
611 339 14
612 356 16
613 448 5
614 364 21
615 359 19
616 346 80
617 359 19
618 435 16
619 946 25
620 347 14
621 323 35
622 394 17
623 947 74
624 321 93
625 344 73
626 321 50
627 347 15
628 271 12
629 296 67
630 343 11
631 353 14
632 304 38
633 287 78
634 341 41
635 283 31
636 335 11
637 273 70
638 274 21
639 397 16
640 421 29
641 282 42
642 384 76
643 269 14
644 275 10
645 328 80
646 295 54
647 361 57
648 385 34
649 374 28
650 340 67
651 302 63
652 324 36
653 324 36
654 317 48
655 407 26
656 277 18
657 370 27
658 360 32
659 377 28
660 412 31
661 402 35
662 399 21
663 386 58
664 381 22
665 272 18
666 291 14
667 311 53
668 295 17
669 413 13
670 360 55
671 307 88
672 337 65
673 403 10
674 363 44
675 279 21
676 333 92
677 368 63
678 333 40
679 297 48
680 322 14
681 301 41
682 310 49
683 310 64
684 297 17
685 425 22
686 320 11
687 320 88
688 284 36
689 330 13
690 308 57
691 375 20
692 327 57
693 338 77
694 308 40
695 326 68
696 462 28
697 291 14
698 298 12
699 342 11
700 285 24
701 440 32
702 326 81
703 357 90
704 401 46
705 398 99
706 285 18
707 357 22
708 270 78
709 306 23
710 273 70
711 400 14
712 358 8
713 348 19
714 393 19
715 290 37
716 354 12
717 336 32
718 948 38
719 380 47
720 332 51
721 383 17
722 436 19
723 372 17
724 372 17
725 334 11
726 366 87
727 379 14
728 268 38
729 413 36
730 427 86
731 404 27
732 398 11
733 382 74
734 389 11
735 391 36
736 404 19
737 402 15
738 400 19
739 453 13
740 406 40
741 387 15
742 408 66
743 491 22
744 425 31
745 405 29
746 484 13
747 424 18
748 386 35
749 397 20
750 399 11
751 445 10
752 381 13
753 441 10
754 408 17
755 414 11
756 427 15
757 424 26
758 411 13
759 394 43
760 377 11
761 452 12
762 949 10
763 378 62
764 481 17
765 423 16
766 421 10
767 489 26
768 418 56
769 420 17
770 432 11
771 416 88
772 426 14
773 417 11
774 409 13
775 426 18
776 430 21
777 380 47
778 429 26
779 373 22
780 411 12
781 467 21
782 438 39
783 418 12
784 469 19
785 449 30
786 431 15
787 428 25
788 434 23
789 429 19
790 422 66
791 433 55
792 950 23
793 432 20
794 951 16
795 497 32
796 952 83
797 437 18
798 953 10
799 439 37
800 954 10
801 472 13
802 474 42
803 490 13
804 437 43
805 458 11
806 457 65
807 449 13
808 445 70
809 475 31
810 456 57
811 486 21
812 487 34
813 461 13
814 479 15
815 443 21
816 463 16
817 446 29
818 458 13
819 459 80
820 454 68
821 459 15
822 455 46
823 468 40
824 453 13
825 461 13
826 480 14
827 473 77
828 456 11
829 471 37
830 485 33
831 444 23
832 450 82
833 447 13
834 476 39
835 464 13
836 466 14
837 470 26
838 460 68
839 469 97
840 442 18
841 471 22
842 495 35
843 451 10
844 509 11
845 503 22
846 499 13
847 498 97
848 496 33
849 500 27
850 480 70
851 486 52
852 497 32
853 955 17
854 492 49
855 505 51
856 502 18
857 488 68
858 482 11
859 484 51
860 506 59
861 483 85
862 478 38
863 493 11
864 494 26
865 477 20
866 498 97
867 506 59
868 509 34
869 516 11
870 505 65
871 514 11
872 508 35
873 956 22
874 501 21
875 504 24
876 507 59
877 957 39
878 515 99
879 958 11
880 513 20
881 511 29
882 510 18
883 518 13
884 519 51
885 520 49
886 522 59
887 516 13
888 517 15
889 521 89
890 512 46
891 525 79
892 520 10
893 522 29
894 959 75
895 528 25
896 523 25
897 960 90
898 961 65
899 962 47
900 528 22
901 963 26
902 964 81
903 529 38
904 965 11
905 533 79
906 549 14
907 566 15
908 574 75
909 352 10
910 617 16
911 625 96
912 344 12
913 646 14
914 655 80
915 658 11
916 370 17
917 705 87
918 278 4
919 752 32
920 383 83
921 761 23
922 784 17
923 450 13
924 791 34
925 795 27
926 823 12
927 482 25
928 472 24
929 847 83
930 501 26
931 490 30
932 858 80
933 481 14
934 496 25
935 512 14
936 517 48
937 879 14
938 881 64
939 519 34
940 529 38
941 901 12
942 902 17
943 904 19
944 396 21
945 415 39
946 369 16
947 419 22
948 299 23
949 423 15
950 442 40
951 439 15
952 477 77
953 470 28
954 460 89
955 510 20
956 511 50
957 524 37
958 500 16
959 527 40
960 525 26
961 526 81
962 532 90
6 539 18
963 530 40
964 531 11
965 533 18
1 534 40
