2091
1 1196 15
2 1197 41
3 1198 22
5 1200 64
7 1202 72
8 1203 86
9 1204 31
10 1205 21
11 1206 61
12 1207 91
13 1208 29
14 613 20
15 609 20
16 631 21
17 1209 17
18 1210 78
19 1211 26
20 655 44
21 706 83
22 1212 10
23 1213 19
24 617 15
25 748 10
26 1214 32
27 1215 96
28 1216 13
29 732 84
30 1987 78
31 873 15
32 1218 11
33 1219 19
34 1220 50
35 1221 44
36 1222 32
37 1223 41
38 1224 22
39 1225 94
40 1226 26
41 1227 98
42 1228 14
43 1988 32
44 1229 26
45 1230 86
46 670 54
47 1231 15
48 1989 57
49 1232 18
50 837 13
51 703 79
52 1233 32
53 1234 42
54 793 17
55 1235 19
56 1236 40
57 605 10
58 1237 23
59 686 60
60 614 14
61 1238 68
62 1239 11
63 1240 17
64 1241 38
65 724 82
66 1242 19
67 1243 31
68 1244 13
69 1245 27
70 1246 13
71 726 12
72 1247 30
73 1248 10
74 1249 16
75 1250 13
76 1251 23
77 1252 28
78 1253 60
79 1254 29
80 1255 12
81 1256 5
82 1257 26
83 682 80
84 651 42
85 1258 94
86 608 16
87 1259 13
88 1260 92
89 1261 34
90 1262 13
91 1263 21
92 1264 21
93 1265 24
94 1266 90
95 1267 17
96 1268 37
97 1269 31
98 1270 69
99 764 16
100 1271 70
101 1272 61
102 1273 14
103 1274 46
104 1275 20
105 1276 83
106 759 97
107 872 32
108 1990 32
109 1277 61
110 1278 95
111 1279 32
112 1280 96
113 1281 15
114 1282 17
115 744 10
116 1283 14
117 1284 15
118 1285 21
119 1286 86
120 1287 69
121 695 61
122 714 83
123 1288 91
124 612 15
125 1289 12
126 1290 90
127 659 41
128 1291 15
129 935 26
130 1991 14
131 1292 16
132 906 87
133 1293 87
134 798 16
135 1294 18
136 1295 36
137 1296 16
138 679 77
139 1297 21
140 1298 16
141 1299 19
142 667 55
143 1300 62
144 1301 2
145 1302 13
146 1303 14
147 1304 87
148 923 15
149 1305 11
150 675 61
151 1992 59
152 1306 93
153 1307 26
154 1308 31
155 717 97
156 1309 54
157 1310 14
158 877 20
159 618 21
160 820 24
161 1311 10
162 1312 17
163 1313 10
164 1011 29
165 1314 73
166 777 12
167 1315 97
168 1316 11
169 1317 20
170 1318 94
171 806 18
172 696 69
173 1319 19
174 629 22
175 1320 27
176 1321 37
177 1322 19
178 821 25
179 1323 65
180 1324 21
181 845 17
182 1325 28
183 1326 79
184 1327 26
185 1328 56
186 1329 42
187 658 36
188 1330 18
189 685 64
190 1331 55
191 1332 12
192 814 24
193 817 21
194 1333 68
195 1334 36
196 1335 17
197 760 10
198 1336 67
199 1337 13
200 780 12
201 1338 10
202 805 23
203 1339 59
204 1340 70
205 1341 11
206 1342 16
207 810 21
208 1343 12
209 1344 17
210 802 19
211 1345 67
212 813 20
213 1346 24
214 783 16
215 1347 18
216 1348 13
217 1349 17
218 1350 47
219 1351 39
220 1352 13
221 622 17
222 911 16
223 1353 10
224 1354 56
225 1355 66
226 610 11
227 1356 85
228 1357 2
229 1358 84
230 716 10
231 1359 21
232 1360 19
233 1361 65
234 1362 90
235 662 60
236 1363 64
237 770 12
238 1364 10
239 647 54
240 1365 41
241 1366 14
242 1367 64
243 1368 33
244 822 25
245 1369 47
246 1370 26
247 1371 12
248 1372 48
249 1373 69
250 1374 91
251 693 57
252 897 14
253 699 64
254 1375 2
255 879 17
256 996 24
257 1376 66
258 1377 32
259 1378 22
260 1379 35
261 1380 77
262 1381 5
263 1382 14
264 1383 51
265 1384 9
266 644 37
267 782 11
268 1385 8
269 1386 11
270 786 13
271 803 21
272 1387 2
273 745 13
274 1388 17
275 722 10
276 747 11
277 1389 69
278 1390 69
279 611 20
280 1391 22
281 824 28
282 1392 26
283 728 10
284 1393 32
285 1394 27
286 1395 23
287 1396 2
288 792 13
289 1397 11
290 1398 36
291 1399 23
292 816 27
293 1400 27
294 1401 32
295 1402 44
296 1993 15
297 828 32
298 1403 3
299 1404 28
300 1405 17
301 656 42
302 664 39
303 1406 57
304 648 42
305 1407 11
306 1408 86
307 1409 36
308 1410 61
309 1411 58
310 1412 64
311 1413 16
312 642 35
313 739 10
314 883 13
315 1994 42
316 1415 30
317 1416 82
318 1417 25
319 1418 21
320 1419 38
321 896 85
322 767 12
323 635 38
324 603 84
325 1420 62
326 1421 95
327 1422 75
328 1423 58
329 638 30
330 698 78
331 800 20
332 1424 12
333 1425 72
334 1426 78
335 887 63
336 1427 10
337 788 16
338 1428 72
339 1429 27
340 599 10
341 1430 3
342 1431 16
343 1432 39
344 663 46
345 1433 35
346 1434 24
347 1435 33
348 834 23
349 1436 13
350 653 34
351 1437 62
352 681 53
353 1438 63
354 829 39
355 690 91
356 1439 17
357 895 19
358 1440 11
359 1441 15
360 1442 11
361 1443 58
362 918 15
363 650 44
364 1444 86
365 1445 84
366 854 35
367 1446 10
368 1447 82
369 1448 18
370 1449 17
371 711 72
372 1450 19
373 1451 23
374 1452 23
375 1453 16
376 1454 15
377 753 10
378 1455 17
379 893 56
380 1995 22
381 1457 15
382 1458 41
383 1459 25
384 719 10
385 1460 69
386 643 26
387 846 13
388 1461 20
389 1462 47
390 720 94
391 1463 71
392 1464 46
393 1996 98
394 819 28
395 1466 7
396 649 56
397 1467 55
398 1997 99
399 1468 46
400 713 10
401 674 55
402 1469 29
403 1470 12
404 749 12
405 1471 63
406 1472 93
407 628 35
408 1473 78
409 878 18
410 761 95
411 1474 22
412 1475 15
413 1476 56
414 789 11
415 1477 69
416 1478 55
417 1479 45
418 1480 17
419 1481 38
420 1482 24
421 1483 99
422 1484 72
423 1485 17
424 766 11
425 1486 44
426 1487 53
427 885 14
428 1488 96
429 1489 44
430 1490 16
431 1491 30
432 1492 22
433 1493 36
434 1494 24
435 1495 16
436 1496 31
437 1497 10
438 666 43
439 1498 65
440 1499 24
441 1500 13
442 791 17
443 1501 55
444 637 23
445 1502 80
446 769 11
447 751 85
448 1503 17
449 1504 23
450 1505 50
451 1506 50
452 1507 17
453 1508 96
454 1509 99
455 1510 42
456 1511 94
457 1512 65
458 808 23
459 1513 57
460 1514 14
461 1515 16
462 694 80
463 1998 78
464 665 66
465 1517 15
466 677 46
467 811 22
468 1518 10
469 825 33
470 1519 12
471 1520 13
472 875 33
473 737 11
474 1999 31
475 1522 43
476 1523 100
477 1524 33
478 1525 10
479 712 83
480 1526 17
481 1527 16
482 1528 31
483 742 85
484 1529 31
485 1530 26
486 2000 15
487 708 75
488 678 55
489 1531 66
490 797 16
491 1532 26
492 831 14
493 1533 46
494 1534 40
495 1535 83
496 1536 69
497 1537 13
498 1538 19
499 673 67
500 671 60
501 1539 81
502 1540 23
503 1541 63
504 1542 85
505 1543 45
506 1544 34
507 1545 71
508 1546 17
509 1547 83
510 1548 2
511 725 79
512 1549 4
513 1550 18
514 799 20
515 1551 17
516 1552 34
517 752 12
518 1553 31
519 606 13
520 1554 26
521 775 16
522 710 10
523 1555 15
524 1556 98
525 781 13
526 1557 27
527 1558 77
528 1559 93
529 1560 28
530 1561 28
531 705 70
532 646 39
533 1562 33
534 1563 58
535 1564 18
536 607 13
537 1565 62
538 1566 15
539 1567 37
540 1568 15
541 1569 30
542 1570 14
543 1571 92
544 1572 22
545 1573 39
546 823 26
547 832 28
548 1574 59
549 652 39
550 1575 18
551 1576 34
552 787 12
553 2001 27
554 842 32
555 779 13
556 1577 53
557 730 11
558 1578 62
559 1579 37
560 1580 24
561 1581 24
562 826 29
563 1582 58
564 1583 16
565 1584 12
566 1585 12
567 1586 14
568 634 29
569 889 10
570 1587 13
571 1588 14
572 1589 42
573 1590 12
574 1591 34
575 1592 91
576 1593 60
577 697 68
578 1594 17
579 2002 20
580 1596 28
581 763 15
582 771 12
583 1597 54
584 1598 14
585 1599 17
586 1600 67
587 1601 65
588 683 71
589 843 34
590 2003 91
591 756 12
592 1603 13
593 715 85
594 1604 16
595 2004 17
596 1606 32
597 1607 21
598 1608 85
599 1609 93
600 1610 74
601 1611 32
602 1612 51
603 1613 38
604 1614 47
605 899 28
606 886 13
607 1615 14
608 1616 86
609 910 11
610 1617 7
611 1618 94
612 1619 20
613 1620 13
614 869 85
615 1621 7
616 1622 63
617 1623 13
618 1006 17
619 1624 17
620 1625 29
621 1626 66
622 871 85
623 1627 12
624 2005 17
625 1629 29
626 1630 16
627 2006 22
628 1632 42
629 929 75
630 1633 11
631 920 71
632 1634 66
633 1635 42
634 1636 19
635 925 14
636 1637 58
637 1638 18
638 868 38
639 1639 23
640 1640 51
641 1641 18
642 863 39
643 1642 19
644 963 23
645 1643 10
646 1644 35
647 2007 26
648 866 46
649 876 56
650 1645 33
651 858 46
652 1646 93
653 853 35
654 1647 48
655 861 12
656 1648 21
657 1649 22
658 1650 45
659 1651 20
660 1009 99
661 1652 43
662 865 49
663 1653 45
664 1654 21
665 901 57
666 1655 11
667 1656 75
668 1657 11
669 1658 11
670 1659 51
671 1660 18
672 1661 13
673 1662 59
674 1663 43
675 1664 38
676 1665 69
677 1666 82
678 1667 32
679 1014 41
680 937 14
681 850 12
682 927 15
683 849 86
684 1668 11
685 1669 35
686 1670 25
687 1671 23
688 1672 56
689 1673 27
690 1674 18
691 1675 13
692 1676 65
693 913 59
694 852 20
695 892 13
696 1677 25
697 964 23
698 856 78
699 2008 49
700 1678 24
701 1679 41
702 1680 87
703 864 80
704 1681 14
705 946 68
706 1682 76
707 1683 2
708 1684 11
709 1685 96
710 867 10
711 1686 19
712 928 55
713 1687 69
714 903 12
715 839 10
716 955 15
717 841 79
718 1688 86
719 1689 78
720 943 14
721 1690 5
722 914 10
723 891 14
724 1691 18
725 1692 44
726 1693 98
727 921 59
728 836 12
729 1694 16
730 1695 21
731 1696 18
732 1697 14
733 1698 16
734 1699 11
735 1700 26
736 1701 10
737 1017 16
738 1702 89
739 1703 21
740 1704 83
741 1705 56
742 1706 61
743 953 11
744 1707 10
745 1042 27
746 1708 48
747 1029 22
748 1709 66
749 1710 16
750 1711 34
751 939 12
752 902 28
753 1065 24
754 1712 10
755 1713 46
756 1714 39
757 1715 18
758 1716 13
759 1717 71
760 961 21
761 1718 38
762 1719 94
763 932 44
764 1720 47
765 1721 74
766 934 13
767 1722 24
768 907 1
769 1723 22
770 1724 15
771 952 80
772 1725 47
773 1726 10
774 2009 70
775 966 12
776 1728 68
777 1020 11
778 1729 55
779 971 30
780 962 16
781 1730 21
782 1731 17
783 1732 32
784 1733 43
785 2010 89
786 975 32
787 1735 29
788 933 85
789 940 10
790 1736 94
791 1737 19
792 2011 15
793 1739 10
794 1740 11
795 1741 58
796 1742 39
797 909 51
798 844 14
799 958 14
800 1743 34
801 1744 20
802 1062 80
803 2012 24
804 1745 16
805 981 36
806 1746 95
807 1747 23
808 954 14
809 1748 80
810 2013 10
811 884 63
812 1749 23
813 950 95
814 1750 10
815 930 1
816 855 55
817 982 26
818 1751 28
819 1752 42
820 967 23
821 1753 26
822 1068 73
823 956 10
824 1754 58
825 931 48
826 1755 15
827 1756 12
828 1757 11
829 973 32
830 1758 55
831 1759 66
832 1054 40
833 1760 80
834 1761 13
835 1762 19
836 1047 21
837 1763 86
838 1007 1
839 1016 71
840 1010 1
841 1027 74
842 2014 30
843 989 89
844 1765 94
845 1766 90
846 1767 35
847 2015 10
848 1769 61
849 1770 25
850 1771 13
851 1772 44
852 1090 51
853 1773 30
854 1100 24
855 1774 24
856 1775 94
857 1776 19
858 1022 10
859 1777 27
860 1778 29
861 1023 93
862 1779 16
863 986 16
864 1087 17
865 1780 21
866 1025 14
867 1781 25
868 1782 32
869 983 1
870 1783 92
871 1034 22
872 1081 18
873 1784 22
874 1785 19
875 1008 46
876 1786 23
877 1041 16
878 1051 34
879 995 1
880 1787 14
881 1788 70
882 1789 58
883 998 57
884 1012 10
885 1790 85
886 1003 52
887 1791 15
888 1792 37
889 2016 93
890 1793 13
891 2017 55
892 1046 18
893 1794 19
894 1795 94
895 1018 68
896 990 19
897 1796 54
898 1797 85
899 1798 14
900 1013 42
901 1799 90
902 984 49
903 1800 33
904 1801 77
905 1802 58
906 992 11
907 2018 18
908 2019 44
909 987 77
910 1002 18
911 1805 30
912 1806 22
913 1807 16
914 1808 14
915 1809 58
916 1810 65
917 1811 10
918 1812 68
919 1813 39
920 1063 26
921 1814 16
922 1815 48
923 1816 84
924 1817 21
925 1043 22
926 1818 24
927 1019 43
928 1819 14
929 1028 17
930 2020 13
931 977 22
932 1820 34
933 1026 60
934 1821 31
935 1822 24
936 1823 10
937 1824 68
938 1825 32
939 1826 17
940 1827 78
941 1828 25
942 1004 1
943 1040 11
944 1829 89
945 1830 49
946 1058 69
947 1831 27
948 1832 13
949 1833 53
950 2021 4
951 1834 28
952 1835 62
953 1061 34
954 1044 92
955 2022 6
956 1038 10
957 1836 70
958 979 49
959 1837 63
960 1838 84
961 1037 64
962 1108 17
963 1005 66
964 1036 12
965 1839 10
966 1840 30
967 1841 24
968 1842 21
969 1843 26
970 1032 10
971 1844 48
972 1052 1
973 1845 44
974 1846 12
975 1847 19
976 1848 16
977 1125 10
978 1849 34
979 1113 30
980 1074 1
981 1850 18
982 1110 29
983 1091 11
984 1851 22
985 1852 11
986 1094 11
987 1853 83
988 1075 1
989 1089 21
990 1096 31
991 1854 32
992 1126 60
993 1855 69
994 1856 34
995 1857 71
996 1858 10
997 1859 12
998 1086 36
999 1860 36
1000 1861 16
1001 1084 1
1002 2023 13
1003 1114 73
1004 2024 16
1005 1863 16
1006 1097 21
1007 1864 16
1008 1865 21
1009 1083 10
1010 1866 20
1011 1867 84
1012 1868 64
1013 1088 15
1014 1869 76
1015 1870 43
1016 1871 12
1017 1872 13
1018 1873 18
1019 1874 56
1020 1875 22
1021 1073 82
1022 1064 20
1023 1076 19
1024 1876 98
1025 1877 11
1026 1878 26
1027 1879 10
1028 1880 62
1029 1881 16
1030 1882 22
1031 1099 17
1032 1106 14
1033 1883 39
1034 1884 14
1035 1885 12
1036 1105 98
1037 1886 20
1038 1071 24
1039 1887 64
1040 1888 55
1041 2025 13
1042 1889 40
1043 1890 14
1044 1891 16
1045 1118 84
1046 1892 43
1047 1077 17
1048 1893 63
1049 1894 13
1050 1135 22
1051 1111 14
1052 1895 30
1053 1896 76
1054 1095 13
1055 1897 66
1056 1898 24
1057 1899 25
1058 1900 15
1059 1116 24
1060 1901 57
1061 1131 14
1062 1902 26
1063 1119 42
1064 1136 14
1065 1133 16
1066 1129 1
1067 1903 16
1068 1146 42
1069 1904 10
1070 1905 12
1071 1906 28
1072 1907 42
1073 1134 79
1074 1908 37
1075 1909 20
1076 1120 27
1077 1144 49
1078 1910 33
1079 2026 79
1080 1912 50
1081 1117 34
1082 1913 33
1083 2027 36
1084 1914 15
1085 1915 47
1086 1916 12
1087 1143 51
1088 1917 64
1089 1123 41
1090 1918 68
1091 1919 10
1092 1156 33
1093 1920 11
1094 1921 23
1095 1139 80
1096 2028 15
1097 1140 20
1098 1922 35
1099 1127 93
1100 1153 49
1101 1923 55
1102 1924 89
1103 1925 21
1104 1926 14
1105 1927 16
1106 1928 25
1107 1929 15
1108 2029 48
1109 1930 22
1110 2030 15
1111 1931 86
1112 1932 10
1113 1138 78
1114 1145 27
1115 1933 35
1116 1155 69
1117 1164 77
1118 2031 99
1119 1935 91
1120 1154 1
1121 1936 25
1122 1937 67
1123 1938 30
1124 1157 13
1125 1175 36
1126 1161 29
1127 1939 41
1128 2032 18
1129 1941 36
1130 1942 61
1131 2033 55
1132 1944 31
1133 1152 25
1134 2034 14
1135 1172 66
1136 1945 89
1137 1946 30
1138 1173 85
1139 1166 77
1140 1947 54
1141 1948 58
1142 1158 1
1143 1159 29
1144 2035 98
1145 2036 35
1146 1162 33
1147 1170 70
1148 2037 11
1149 1950 86
1150 1951 47
1151 1952 26
1152 1953 34
1153 1954 79
1154 1955 70
1155 2038 57
1156 1956 38
1157 1957 20
1158 1958 12
1159 1959 25
1160 1171 1
1161 1177 11
1162 1960 36
1163 1961 38
1164 1962 12
1165 1179 32
1166 1963 13
1167 2039 72
1168 1965 52
1169 1966 50
1170 1967 10
1171 1183 64
1172 1968 13
1173 2040 15
1174 1969 73
1175 2041 92
1176 1971 88
1177 1972 72
1178 1973 11
1179 1974 39
1180 1187 18
1181 1975 22
1182 1976 11
1183 1977 13
1184 2042 11
1185 1186 71
1186 2043 48
1187 1979 34
1188 1980 25
1189 2044 23
1190 1982 18
1191 1983 16
1192 1984 99
1193 2045 12
1194 1985 68
1196 2046 100
1197 792 12
1198 754 99
1199 828 13
1200 814 13
1201 755 58
1202 688 96
1203 810 10
1204 733 11
1205 688 31
1206 901 15
1207 1018 15
1208 729 71
1209 809 80
1210 681 62
1211 602 96
1212 632 23
1213 709 65
1214 655 19
1215 658 52
1216 890 64
1217 768 38
1218 797 63
1219 709 63
1220 663 72
1221 762 85
1222 718 89
1223 2047 16
1224 1013 4
1225 790 17
1226 669 47
1227 740 60
1228 871 84
1229 669 58
1230 866 92
1231 849 61
1232 727 74
1233 696 72
1234 899 61
1235 807 12
1236 600 73
1237 676 29
1238 753 12
1239 731 78
1240 978 23
1241 862 18
1242 668 45
1243 847 16
1244 761 17
1245 654 20
1246 714 81
1247 989 42
1248 908 11
1249 775 88
1250 752 98
1251 672 34
1252 746 75
1253 678 33
1254 620 22
1255 800 25
1256 608 15
1257 1050 23
1258 618 13
1259 851 70
1260 846 90
1261 624 14
1262 638 26
1263 951 73
1264 880 28
1265 622 11
1266 730 1
1267 891 11
1268 700 31
1269 634 44
1270 930 19
1271 944 15
1272 649 25
1273 815 21
1274 720 52
1275 764 72
1276 759 68
1277 723 49
1278 756 32
1279 715 66
1280 781 56
1281 990 30
1282 636 18
1283 789 42
1284 984 85
1285 633 72
1286 886 14
1287 606 47
1288 601 14
1289 698 65
1290 702 21
1291 992 27
1292 915 10
1293 928 94
1294 812 21
1295 640 78
1296 804 38
1297 979 32
1298 639 16
1299 651 48
1300 757 32
1301 616 22
1302 856 11
1303 1004 15
1304 776 50
1305 738 70
1306 738 4
1307 623 32
1308 706 46
1309 691 23
1310 820 12
1311 835 19
1312 801 28
1313 675 44
1314 833 17
1315 2048 95
1316 748 11
1317 617 74
1318 629 28
1319 743 92
1320 929 16
1321 821 21
1322 829 20
1323 692 54
1324 632 66
1325 690 42
1326 783 46
1327 735 65
1328 708 32
1329 702 60
1330 645 14
1331 607 11
1332 898 60
1333 684 35
1334 631 41
1335 778 13
1336 707 73
1337 796 77
1338 798 17
1339 733 30
1340 791 12
1341 904 84
1342 660 31
1343 760 19
1344 785 99
1345 2049 80
1346 1052 39
1347 644 45
1348 742 12
1349 648 28
1350 604 69
1351 603 10
1352 857 32
1353 767 34
1354 700 31
1355 2050 14
1356 2051 64
1357 626 32
1358 750 27
1359 862 16
1360 668 26
1361 625 30
1362 2052 41
1363 731 21
1364 770 42
1365 882 45
1366 777 41
1367 831 13
1368 827 14
1369 2053 21
1370 623 17
1371 647 21
1372 724 69
1373 869 11
1374 620 12
1375 616 20
1376 693 15
1377 718 94
1378 635 82
1379 712 55
1380 790 38
1381 721 10
1382 766 35
1383 741 47
1384 609 11
1385 627 24
1386 765 74
1387 627 34
1388 784 14
1389 808 94
1390 774 70
1391 836 13
1392 611 14
1393 785 14
1394 803 13
1395 848 24
1396 707 83
1397 926 44
1398 874 10
1399 661 39
1400 816 17
1401 946 20
1402 646 17
1403 787 17
1404 664 35
1405 652 37
1406 721 33
1407 913 15
1408 868 53
1409 670 23
1410 703 18
1411 653 54
1412 604 65
1413 612 67
1414 624 14
1415 642 12
1416 865 82
1417 630 1
1418 762 11
1419 659 18
1420 746 63
1421 888 73
1422 863 23
1423 636 27
1424 615 7
1425 704 20
1426 773 12
1427 614 15
1428 983 94
1429 2054 76
1430 599 85
1431 650 30
1432 841 16
1433 630 1
1434 667 28
1435 711 67
1436 907 61
1437 735 57
1438 692 15
1439 802 16
1440 780 34
1441 850 62
1442 861 86
1443 676 69
1444 788 50
1445 776 50
1446 615 17
1447 704 20
1448 860 18
1449 807 12
1450 801 28
1451 822 30
1452 2055 91
1453 881 86
1454 757 1
1455 686 56
1456 699 40
1457 980 20
1458 671 13
1459 847 12
1460 903 38
1461 628 22
1462 859 77
1463 695 88
1464 643 55
1465 966 15
1466 974 72
1467 710 14
1468 713 18
1469 997 92
1470 876 28
1471 739 45
1472 749 92
1473 763 24
1474 952 30
1475 1075 16
1476 697 25
1477 719 23
1478 701 17
1479 736 75
1480 725 10
1481 672 20
1482 998 22
1483 799 55
1484 812 13
1485 844 32
1486 755 99
1487 689 27
1488 809 12
1489 2056 49
1490 729 89
1491 1002 53
1492 613 16
1493 765 10
1494 769 12
1495 665 20
1496 920 11
1497 741 12
1498 661 32
1499 825 45
1500 641 27
1501 684 11
1502 782 90
1503 784 14
1504 677 48
1505 824 28
1506 728 50
1507 778 11
1508 786 61
1509 747 12
1510 852 31
1511 745 16
1512 774 65
1513 694 54
1514 941 23
1515 722 80
1516 884 15
1517 811 29
1518 818 10
1519 818 13
1520 641 19
1521 737 95
1522 666 19
1523 685 54
1524 640 25
1525 740 60
1526 1007 11
1527 864 55
1528 796 12
1529 853 10
1530 602 58
1531 605 76
1532 2057 11
1533 768 12
1534 600 50
1535 858 55
1536 662 36
1537 673 36
1538 1074 17
1539 837 71
1540 894 56
1541 717 28
1542 773 52
1543 682 15
1544 654 13
1545 870 46
1546 771 12
1547 601 14
1548 626 26
1549 726 83
1550 897 21
1551 639 22
1552 621 24
1553 2058 13
1554 633 72
1555 610 68
1556 997 19
1557 679 40
1558 734 11
1559 922 16
1560 758 12
1561 758 12
1562 689 46
1563 637 40
1564 817 24
1565 754 58
1566 794 42
1567 645 14
1568 805 30
1569 1008 28
1570 795 16
1571 794 73
1572 657 41
1573 657 14
1574 830 55
1575 680 43
1576 830 14
1577 734 11
1578 772 69
1579 826 1
1580 1016 41
1581 839 11
1582 772 79
1583 687 66
1584 779 27
1585 795 48
1586 804 38
1587 2059 17
1588 838 33
1589 744 75
1590 995 43
1591 621 22
1592 750 27
1593 716 69
1594 619 29
1595 1003 93
1596 819 19
1597 988 15
1598 932 83
1599 619 13
1600 701 17
1601 625 15
1602 815 82
1603 674 47
1604 687 36
1605 823 32
1606 656 22
1607 855 84
1608 705 43
1609 933 89
1610 894 85
1611 1084 15
1612 890 38
1613 896 70
1614 888 47
1615 898 85
1616 916 38
1617 974 54
1618 939 16
1619 893 45
1620 885 53
1621 887 33
1622 916 73
1623 919 96
1624 940 15
1625 851 57
1626 879 53
1627 835 18
1628 921 87
1629 870 29
1630 938 23
1631 1012 2
1632 902 37
1633 942 14
1634 919 97
1635 878 14
1636 947 29
1637 889 27
1638 965 11
1639 986 19
1640 906 33
1641 874 18
1642 1089 51
1643 875 51
1644 931 18
1645 905 19
1646 922 39
1647 859 13
1648 960 49
1649 937 14
1650 957 84
1651 1088 10
1652 969 65
1653 873 37
1654 924 14
1655 904 21
1656 942 65
1657 991 59
1658 900 65
1659 1015 14
1660 860 77
1661 883 13
1662 905 19
1663 872 15
1664 923 32
1665 909 10
1666 914 80
1667 918 28
1668 963 19
1669 926 35
1670 917 81
1671 956 24
1672 895 96
1673 982 45
1674 2060 49
1675 877 19
1676 845 80
1677 987 65
1678 971 38
1679 938 63
1680 912 21
1681 955 57
1682 936 89
1683 934 13
1684 953 11
1685 1079 18
1686 1027 19
1687 993 23
1688 840 94
1689 978 78
1690 925 80
1691 881 35
1692 943 11
1693 843 18
1694 910 41
1695 968 27
1696 945 78
1697 948 54
1698 959 31
1699 915 53
1700 985 26
1701 908 17
1702 833 4
1703 958 55
1704 947 21
1705 848 12
1706 962 25
1707 917 10
1708 838 28
1709 1000 11
1710 1035 24
1711 964 16
1712 935 10
1713 959 15
1714 949 39
1715 1019 1
1716 832 78
1717 944 89
1718 1001 27
1719 912 21
1720 857 58
1721 941 43
1722 951 24
1723 954 18
1724 854 22
1725 842 47
1726 945 78
1727 1044 21
1728 1122 68
1729 970 25
1730 911 18
1731 961 15
1732 972 15
1733 975 33
1734 1005 17
1735 1060 10
1736 880 73
1737 1063 15
1738 1080 13
1739 2061 49
1740 960 42
1741 924 16
1742 1048 31
1743 927 35
1744 967 91
1745 968 10
1746 948 34
1747 1041 18
1748 972 27
1749 994 18
1750 965 14
1751 977 24
1752 1056 30
1753 973 23
1754 1077 65
1755 1069 61
1756 882 47
1757 969 13
1758 1054 31
1759 1000 16
1760 1011 8
1761 1030 22
1762 1020 19
1763 1022 28
1764 1071 14
1765 1048 50
1766 1028 29
1767 1086 10
1768 1098 31
1769 999 58
1770 1101 14
1771 2062 73
1772 1021 58
1773 1087 33
1774 1049 21
1775 1030 56
1776 1045 13
1777 988 46
1778 980 29
1779 991 42
1780 1036 42
1781 1035 77
1782 996 33
1783 1001 11
1784 1076 21
1785 1083 36
1786 1057 43
1787 994 18
1788 1024 18
1789 1066 94
1790 1047 23
1791 1024 98
1792 1031 10
1793 1023 14
1794 1073 83
1795 1006 94
1796 1040 24
1797 1009 79
1798 1026 76
1799 1037 23
1800 1046 23
1801 1017 38
1802 1091 63
1803 1079 16
1804 1082 12
1805 1053 76
1806 1103 89
1807 1015 87
1808 1042 30
1809 1038 23
1810 1065 11
1811 1134 22
1812 1064 30
1813 985 97
1814 1094 52
1815 1060 31
1816 1070 28
1817 1039 24
1818 1067 22
1819 1043 55
1820 1085 76
1821 981 14
1822 2063 27
1823 1120 65
1824 2064 46
1825 1085 23
1826 1032 42
1827 1102 14
1828 1029 48
1829 993 13
1830 1072 20
1831 2065 81
1832 1033 13
1833 1117 27
1834 1078 50
1835 1051 18
1836 1025 45
1837 2066 18
1838 1067 25
1839 1055 32
1840 1056 65
1841 1107 36
1842 1039 14
1843 1058 16
1844 1014 91
1845 1059 29
1846 1057 79
1847 2067 15
1848 1095 52
1849 1111 88
1850 1119 14
1851 1102 89
1852 1131 32
1853 1103 73
1854 1072 26
1855 1115 17
1856 1124 16
1857 2068 16
1858 1127 46
1859 1081 92
1860 1104 25
1861 1129 40
1862 1112 28
1863 1112 10
1864 1099 71
1865 1080 13
1866 1093 22
1867 1070 12
1868 1110 22
1869 2069 18
1870 1113 16
1871 1069 40
1872 1130 12
1873 1108 15
1874 1098 63
1875 1068 13
1876 1100 16
1877 1093 75
1878 1136 30
1879 1097 59
1880 1116 48
1881 1090 17
1882 1092 69
1883 1066 41
1884 2070 85
1885 1082 16
1886 2071 35
1887 1128 88
1888 1101 47
1889 1132 12
1890 1096 57
1891 1141 44
1892 2072 11
1893 1142 40
1894 1121 54
1895 1062 17
1896 1109 14
1897 1104 12
1898 1114 30
1899 1115 80
1900 1121 33
1901 2073 32
1902 1147 13
1903 1126 15
1904 1151 12
1905 1146 42
1906 1128 31
1907 1153 95
1908 1140 73
1909 1149 67
1910 1157 53
1911 1154 10
1912 1161 13
1913 2074 19
1914 1135 25
1915 1171 91
1916 1138 38
1917 1158 10
1918 1132 68
1919 1133 37
1920 2075 48
1921 1150 44
1922 1152 61
1923 2076 23
1924 1137 30
1925 1143 73
1926 1125 38
1927 2077 14
1928 1144 86
1929 1122 15
1930 1118 77
1931 1149 11
1932 1148 25
1933 1164 41
1934 2078 12
1935 1163 41
1936 1166 43
1937 1162 85
1938 2079 14
1939 1159 54
1940 1151 13
1941 2080 92
1942 1163 38
1943 1155 16
1944 1165 60
1945 1156 11
1946 1160 11
1947 1169 50
1948 1179 94
1949 1170 45
1950 1172 29
1951 1174 47
1952 1168 45
1953 1169 53
1954 1182 60
1955 1178 11
1956 1178 28
1957 1173 27
1958 2081 21
1959 1176 46
1960 1167 33
1961 2082 15
1962 1181 60
1963 2083 13
1964 1190 12
1965 2084 72
1966 1182 12
1967 2085 71
1968 1188 11
1969 2086 18
1970 1184 13
1971 1180 88
1972 2087 13
1973 1187 11
1974 1189 13
1975 1186 74
1976 1190 79
1977 1188 14
1978 1191 89
1979 1192 11
1980 2088 15
1981 1191 10
1982 2089 95
1983 2090 16
1984 1194 14
1985 1195 46
1986 1199 18
1987 1217 18
1988 900 26
1989 727 55
1990 723 55
1991 680 46
1992 691 4
1993 660 36
1994 1414 17
1995 1456 49
1996 1465 21
1997 736 33
1998 1516 93
1999 1521 56
2000 743 95
2001 976 63
2002 1595 27
2003 1602 13
2004 1605 51
2005 1628 55
2006 1631 93
2007 1033 51
2008 1021 63
2009 1727 68
2010 1734 18
2011 1738 33
2012 970 12
2013 999 16
2014 1764 15
2015 1768 22
2016 1031 72
2017 1053 25
2018 1803 79
2019 1804 24
2020 1045 99
2021 1059 70
2022 1050 63
2023 1862 18
2024 1092 31
2025 1107 89
2026 1911 35
2027 1130 11
2028 1124 12
2029 1147 13
2030 1141 51
2031 1934 10
2032 1940 12
2033 1943 57
2034 1150 19
2035 1165 40
2036 1181 13
2037 1949 13
2038 1180 93
2039 1964 41
2040 1185 48
2041 1970 11
2042 1978 12
2043 1193 13
2044 1981 13
2045 1194 96
2046 840 26
2047 1010 26
2048 806 99
2049 813 96
2050 949 41
2051 892 11
2052 683 68
2053 827 10
2054 834 78
2055 732 10
2056 751 55
2057 793 49
2058 867 99
2059 957 79
2060 950 4
2061 936 11
2062 1061 39
2063 1049 25
2064 976 16
2065 1034 85
2066 1055 20
2067 1106 12
2068 1105 14
2069 1109 48
2070 1078 68
2071 1148 26
2072 1123 14
2073 1139 13
2074 1145 35
2075 1142 21
2076 1137 26
2077 1174 18
2078 1168 72
2079 1160 15
2080 1167 10
2081 1176 61
2082 1175 21
2083 1177 13
2084 1185 39
4 1986 21
2085 1189 27
2086 1183 15
2087 1184 75
2088 1193 21
2089 1192 63
2090 2091 25
2091 1195 35
6 1201 44
