2998
1 1724 10
2 1725 31
4 1044 92
5 1727 31
6 1728 25
7 1005 81
8 1729 58
9 1154 17
10 1730 5
11 1731 24
12 1732 20
13 1196 35
14 906 28
15 881 13
16 1310 10
17 1733 91
18 1734 52
20 1736 55
21 887 22
22 1737 64
23 1039 78
24 1738 59
25 1739 13
26 1740 16
27 1741 32
28 1742 25
29 1247 13
30 1121 12
31 1078 91
32 1743 38
33 2880 16
34 892 26
35 1271 13
36 1744 30
37 1745 32
38 1746 50
39 1747 58
40 1748 21
41 1749 23
42 1750 48
43 1751 35
44 1173 23
45 2881 64
46 1753 25
47 1754 54
48 1260 12
49 920 38
50 922 51
51 1755 13
52 1756 60
53 1068 78
54 1757 65
55 1129 13
56 1060 94
57 1758 66
58 1759 57
59 1760 10
60 1761 10
61 1762 10
62 1763 27
63 1026 89
64 1764 34
65 1133 17
66 1765 59
67 1766 10
68 1767 31
69 1158 18
70 1087 87
71 1768 57
72 2882 12
73 1769 38
74 904 37
75 1770 81
76 1771 40
77 1772 85
78 1773 57
79 1774 80
80 1775 37
81 1112 12
82 1095 12
83 1776 40
84 1777 4
85 1778 69
86 1779 36
87 1780 46
88 1781 43
89 1437 19
90 1194 51
91 1782 11
92 972 61
93 1172 23
94 1783 15
95 1784 54
96 1785 20
97 1786 22
98 1787 12
99 1788 24
100 1170 25
101 994 85
102 1789 75
103 1790 16
104 1791 40
105 1792 23
106 1793 26
107 1794 18
108 1795 95
109 944 46
110 1796 31
111 1797 42
112 1798 94
113 1799 26
114 908 25
115 1800 13
116 1801 55
117 1165 18
118 1179 40
119 1163 24
120 1802 43
121 917 28
122 1803 72
123 1804 10
124 1805 28
125 1806 62
126 1070 95
127 869 13
128 2883 14
129 1808 60
130 1809 33
131 1169 23
132 1099 11
133 1810 75
134 1811 34
135 1812 14
136 1813 28
137 1144 18
138 1814 55
139 1057 76
140 1815 39
141 904 27
142 1816 10
143 1817 10
144 1818 29
145 1819 94
146 1820 16
147 1821 97
148 1822 21
149 1823 3
150 946 49
151 1092 13
152 1824 52
153 1825 66
154 1826 57
155 899 24
156 1827 26
157 1828 58
158 1829 66
159 1830 10
160 867 10
161 1831 7
162 1832 46
163 1833 33
164 1834 29
165 1835 15
166 1379 26
167 1836 24
168 1837 17
169 1838 12
170 1839 33
171 1840 72
172 2884 12
173 1841 27
174 1842 86
175 1843 22
176 1844 27
177 1845 15
178 1037 78
179 1846 18
180 1847 65
181 1848 51
182 1849 13
183 1850 16
184 1476 27
185 1851 10
186 1852 12
187 879 19
188 1853 16
189 1854 26
190 1116 13
191 1855 33
192 1856 46
193 1162 19
194 1857 85
195 1003 87
196 1858 5
197 1859 2
198 1860 10
199 1299 23
200 947 55
201 1861 46
202 1149 15
203 1862 2
204 1863 49
205 1864 19
206 897 27
207 1865 15
208 1866 12
209 1294 96
210 1023 91
211 985 76
212 1019 81
213 993 87
214 925 48
215 1867 90
216 1868 44
217 905 38
218 1869 55
219 1870 11
220 923 46
221 940 59
222 1871 74
223 935 39
224 1320 10
225 1872 33
226 1873 87
227 969 66
228 1874 34
229 1875 34
230 1876 19
231 2885 14
232 2886 93
233 1877 19
234 884 19
235 1878 22
236 1879 84
237 1880 51
238 1486 27
239 1881 14
240 1156 17
241 1882 96
242 1883 13
243 1884 41
244 1152 18
245 1885 11
246 1886 78
247 1887 38
248 1888 33
249 1889 32
250 1890 56
251 1891 89
252 953 46
253 1892 32
254 1126 16
255 1893 10
256 1081 91
257 1894 49
258 2887 36
259 1896 53
260 1897 28
261 1898 13
262 1899 19
263 1900 19
264 1901 31
265 1296 10
266 1902 24
267 2888 49
268 1903 16
269 1904 26
270 1905 14
271 1906 17
272 1907 15
273 1908 64
274 954 58
275 1909 21
276 1910 54
277 1911 67
278 1912 84
279 960 48
280 902 30
281 979 73
282 1913 26
283 1108 12
284 1914 25
285 1915 45
286 1111 12
287 1916 15
288 1917 63
289 868 14
290 1918 19
291 1919 28
292 1920 92
293 1197 14
294 872 18
295 1921 17
296 1922 91
297 975 80
298 1923 25
299 1924 23
300 1925 38
301 1926 26
302 1927 85
303 983 71
304 1069 71
305 885 15
306 877 16
307 1928 44
308 1022 75
309 1929 22
310 964 55
311 1103 11
312 1930 71
313 1931 94
314 1160 17
315 1932 11
316 1933 34
317 1934 34
318 1192 25
319 1935 10
320 1230 13
321 1936 42
322 1076 89
323 1937 18
324 1938 12
325 961 66
326 1939 23
327 971 75
328 1940 26
329 1941 3
330 1942 96
331 1311 11
332 1055 95
333 1943 67
334 1944 13
335 1945 33
336 1946 59
337 1947 12
338 973 63
339 1948 16
340 1949 17
341 1950 53
342 1951 28
343 1952 74
344 962 67
345 1953 43
346 1954 13
347 1143 16
348 1040 80
349 1955 81
350 1956 13
351 1957 15
352 1958 11
353 1959 45
354 1960 67
355 955 51
356 1204 22
357 1961 26
358 1962 10
359 1963 13
360 1964 10
361 1024 73
362 1965 12
363 1966 58
364 1232 12
365 1967 25
366 1968 51
367 1969 25
368 1970 20
369 1435 55
370 1186 57
371 1971 15
372 1972 62
373 888 16
374 1226 12
375 1973 12
376 1974 41
377 978 57
378 1975 13
379 1976 82
380 1977 34
381 2889 50
382 1979 68
383 1980 87
384 1981 14
385 1982 12
386 1983 31
387 1984 12
388 1140 12
389 1985 62
390 1986 13
391 1987 41
392 1988 69
393 1989 80
394 1990 19
395 1120 12
396 993 46
397 1991 16
398 976 49
399 958 67
400 1992 86
401 1027 63
402 1993 12
403 1994 56
404 1995 98
405 999 70
406 1996 81
407 1997 32
408 1998 40
409 1122 12
410 1999 16
411 2000 38
412 2001 13
413 2002 14
414 2003 28
415 2004 79
416 2005 70
417 2890 44
418 2006 45
419 936 45
420 1142 16
421 2007 17
422 921 38
423 2008 11
424 2009 39
425 2010 27
426 2011 35
427 889 18
428 2012 25
429 2013 84
430 1085 87
431 2891 12
432 2014 14
433 2015 37
434 2016 31
435 1006 65
436 2017 27
437 2018 34
438 2019 31
439 2020 65
440 2021 25
441 2022 52
442 2023 33
443 2024 40
444 2025 37
445 1175 27
446 2026 14
447 2027 20
448 2028 17
449 2029 47
450 2030 70
451 2031 18
452 2032 22
453 2033 46
454 949 48
455 2034 16
456 2035 12
457 2036 22
458 2037 86
459 2038 14
460 873 21
461 1009 60
462 2039 20
463 1407 10
464 2040 62
465 916 27
466 1177 30
467 2041 39
468 2042 45
469 981 74
470 2043 11
471 2044 33
472 2045 62
473 2046 22
474 2047 88
475 2048 10
476 1000 87
477 2049 34
478 1134 12
479 2050 43
480 2051 44
481 2052 29
482 1045 86
483 2053 51
484 2054 29
485 1119 13
486 2055 22
487 2056 5
488 2057 50
489 2058 46
490 2059 65
491 2060 13
492 2061 10
493 2062 10
494 2063 17
495 990 46
496 886 22
497 2064 60
498 2892 18
499 1312 14
500 1010 67
501 2066 100
502 1148 14
503 1082 11
504 1017 76
505 1077 71
506 1052 10
507 918 36
508 2067 16
509 2068 22
510 2069 10
511 2070 74
512 1408 27
513 2071 22
514 2072 57
515 2073 76
516 2074 49
517 2075 21
518 1137 14
519 2076 19
520 1284 16
521 2077 12
522 2078 63
523 2079 35
524 2080 10
525 2081 49
526 2082 60
527 1195 23
528 2083 32
529 1125 11
530 2084 17
531 2085 10
532 2086 55
533 1301 90
534 2087 10
535 2088 17
536 966 66
537 2089 36
538 2090 68
539 2091 14
540 1340 20
541 2092 52
542 2093 10
543 1151 16
544 2094 36
545 2095 13
546 2096 10
547 2097 98
548 2098 26
549 2893 27
550 2100 17
551 2101 13
552 2102 10
553 963 59
554 2103 66
555 2104 10
556 1094 93
557 2105 15
558 1222 16
559 2106 42
560 2107 10
561 2108 27
562 2109 13
563 1028 83
564 2110 22
565 2111 89
566 2112 39
567 2113 15
568 2114 10
569 2115 1
570 2116 21
571 883 13
572 2117 10
573 1138 11
574 1117 12
575 2118 28
576 2119 22
577 2120 42
578 919 29
579 2121 61
580 2122 10
581 2123 86
582 2124 15
583 2125 67
584 2126 17
585 2127 96
586 2128 73
587 1086 96
588 901 31
589 2129 46
590 1409 15
591 2130 15
592 2131 15
593 2132 25
594 2133 38
595 1135 12
596 2894 27
597 1074 98
598 2135 61
599 2136 37
600 914 30
601 2137 17
602 2138 17
603 1054 98
604 1234 20
605 952 46
606 1274 14
607 2139 18
608 2140 43
609 1188 29
610 2141 10
611 2142 23
612 1090 88
613 2143 98
614 2144 13
615 1166 20
616 2145 74
617 1127 12
618 2146 35
619 2147 18
620 2148 17
621 2149 85
622 927 30
623 2150 57
624 2151 37
625 2152 20
626 2153 33
627 2154 40
628 2155 5
629 2895 13
630 2156 10
631 2157 25
632 2158 48
633 2159 37
634 1004 67
635 1075 84
636 2160 52
637 1265 21
638 2161 41
639 2162 38
640 2163 33
641 915 41
642 2164 20
643 1083 11
644 1061 82
645 1113 14
646 2165 13
647 2166 31
648 1250 18
649 1067 77
650 2167 13
651 2168 49
652 2169 27
653 2170 32
654 2171 55
655 2172 79
656 2173 16
657 931 37
658 2174 87
659 2175 59
660 2176 20
661 2177 46
662 1123 12
663 2178 20
664 2179 100
665 2180 87
666 870 97
667 2181 22
668 1047 61
669 2182 76
670 2183 18
671 2184 53
672 2185 61
673 2186 6
674 2187 29
675 2188 21
676 1150 16
677 2189 20
678 1441 32
679 2190 11
680 2191 27
681 2192 16
682 2193 28
683 2194 44
684 2195 39
685 1118 10
686 2196 91
687 2197 50
688 2198 63
689 2199 98
690 2200 24
691 2201 42
692 2202 92
693 1159 19
694 2203 28
695 2204 17
696 2205 10
697 2206 24
698 2896 20
699 2207 96
700 2208 98
701 2209 38
702 2210 66
703 1180 56
704 1101 10
705 2211 87
706 2212 50
707 2213 10
708 1063 98
709 2214 34
710 2215 16
711 995 55
712 1237 19
713 1145 18
714 2216 59
715 2217 36
716 1215 18
717 2218 13
718 2219 39
719 1073 91
720 2220 25
721 2221 18
722 2222 41
723 2223 13
724 2224 91
725 2225 12
726 2226 67
727 1239 13
728 1015 75
729 2227 17
730 1071 93
731 2228 44
732 1291 10
733 2229 83
734 1147 16
735 1189 39
736 992 50
737 2230 29
738 2231 26
739 2232 34
740 2233 24
741 2234 99
742 2235 39
743 2236 55
744 2237 10
745 996 54
746 2238 36
747 2239 72
748 2240 27
749 2897 20
750 2242 90
751 2243 6
752 2244 10
753 2245 25
754 2246 24
755 2247 10
756 2248 35
757 2249 92
758 2250 35
759 2251 12
760 2252 52
761 2253 57
762 1107 10
763 2254 16
764 1322 12
765 2255 13
766 2256 23
767 2257 21
768 2258 51
769 2259 10
770 1270 23
771 2260 68
772 2261 29
773 2898 24
774 2262 16
775 2263 31
776 2264 53
777 2265 8
778 2266 20
779 2267 40
780 1287 17
781 2268 79
782 863 16
783 1088 97
784 2269 72
785 2270 24
786 2271 59
787 2272 12
788 2273 22
789 1096 11
790 2274 64
791 2275 22
792 970 50
793 2276 86
794 2277 15
795 2278 85
796 2279 15
797 2280 15
798 2281 79
799 896 30
800 2282 78
801 1080 10
802 2283 4
803 2284 10
804 987 79
805 1001 69
806 2285 16
807 2286 10
808 2287 34
809 2288 26
810 2289 10
811 2290 20
812 2291 16
813 2292 14
814 2293 13
815 2294 89
816 2295 4
817 2296 11
818 1157 14
819 2297 54
820 2298 77
821 1059 77
822 2299 30
823 1035 65
824 2300 81
825 2301 57
826 2302 19
827 2303 12
828 2304 6
829 2305 12
830 2306 54
831 1473 22
832 2307 26
833 2308 39
834 864 16
835 2309 7
836 943 64
837 2310 67
838 986 55
839 2311 68
840 2312 49
841 2313 12
842 2314 21
843 2315 71
844 956 51
845 2316 21
846 2317 16
847 2318 24
848 2319 20
849 2320 19
850 874 16
851 1029 72
852 2321 14
853 2899 14
854 1036 56
855 1187 10
856 1132 12
857 2323 10
858 2324 40
859 1031 80
860 1210 16
861 1110 12
862 1539 41
863 2900 73
864 2325 91
865 2326 13
866 2327 46
867 2328 27
868 2329 53
869 2330 50
870 2331 20
871 2332 89
872 2333 93
873 2334 20
874 2335 10
875 2336 44
876 2337 52
877 1349 14
878 2338 25
879 2339 21
880 2340 21
881 1318 66
882 2341 30
883 2342 53
884 2343 54
885 2344 44
886 1269 91
887 2345 14
888 2346 52
889 2347 14
890 2348 21
891 2349 17
892 1292 49
893 2350 16
894 2351 58
895 2352 18
896 2353 42
897 2354 30
898 2355 51
899 1266 12
900 2356 15
901 1255 68
902 1256 25
903 2357 25
904 2358 10
905 1248 39
906 2901 26
907 2359 23
908 2360 12
909 2361 68
910 2362 15
911 2363 44
912 2364 27
913 2365 18
914 1236 66
915 1338 72
916 2366 47
917 2367 64
918 2368 38
919 1258 10
920 2369 18
921 1304 9
922 1283 11
923 1238 32
924 2370 66
925 1470 19
926 2371 54
927 2372 12
928 2373 47
929 2374 91
930 2902 22
931 1249 44
932 2903 30
933 2377 62
934 2378 39
935 2379 72
936 2380 38
937 2381 40
938 2382 18
939 2383 65
940 2384 50
941 2385 84
942 2386 24
943 1253 61
944 2387 19
945 2388 8
946 1315 71
947 1208 12
948 2389 31
949 2390 62
950 1305 1
951 2391 15
952 1469 13
953 2392 21
954 2393 19
955 2904 63
956 2394 65
957 2395 11
958 2396 21
959 2397 21
960 1233 41
961 1211 62
962 1240 91
963 1225 93
964 1306 39
965 2398 54
966 1341 68
967 2399 43
968 2400 74
969 2401 80
970 2402 19
971 2403 25
972 1380 18
973 1339 57
974 2404 53
975 1193 11
976 1282 63
977 2405 32
978 2406 70
979 1328 94
980 2407 11
981 1229 13
982 2408 21
983 1228 67
984 2409 64
985 1323 93
986 2410 62
987 2411 39
988 2412 50
989 2413 29
990 1444 16
991 2414 40
992 1360 87
993 2415 53
994 1350 74
995 1219 71
996 1190 10
997 2416 45
998 2417 56
999 2418 23
1000 2419 31
1001 2420 21
1002 2421 61
1003 2422 36
1004 2905 25
1005 2424 73
1006 2425 57
1007 2426 16
1008 2427 11
1009 1337 59
1010 2428 33
1011 2429 5
1012 2430 15
1013 2431 88
1014 2432 90
1015 1417 12
1016 2433 95
1017 1242 90
1018 1357 91
1019 2434 16
1020 2435 52
1021 2436 84
1022 1201 94
1023 1333 11
1024 1359 14
1025 2437 16
1026 1293 48
1027 2438 68
1028 1335 47
1029 1461 80
1030 2439 62
1031 2906 15
1032 2440 14
1033 2441 83
1034 2442 41
1035 2443 52
1036 2444 30
1037 1403 22
1038 2445 15
1039 1191 78
1040 1309 42
1041 2446 96
1042 2447 15
1043 2448 44
1044 2449 19
1045 2450 26
1046 2451 19
1047 2452 26
1048 2453 61
1049 2454 10
1050 2455 24
1051 2456 13
1052 1418 27
1053 2457 89
1054 1202 10
1055 2458 25
1056 2459 17
1057 1397 13
1058 2460 98
1059 1198 48
1060 2461 37
1061 1367 12
1062 1363 70
1063 2462 70
1064 2463 43
1065 2464 12
1066 2465 21
1067 2466 15
1068 1279 25
1069 1307 20
1070 1378 64
1071 1370 65
1072 2467 53
1073 2468 15
1074 1332 11
1075 2469 62
1076 2470 76
1077 2471 44
1078 1361 10
1079 2472 27
1080 2473 11
1081 2474 38
1082 2907 80
1083 1324 17
1084 2475 74
1085 1534 31
1086 1369 15
1087 1245 54
1088 1477 24
1089 2476 22
1090 1262 13
1091 2477 11
1092 1375 99
1093 2478 93
1094 2479 60
1095 1251 96
1096 1297 50
1097 2480 94
1098 2908 13
1099 2909 19
1100 2482 87
1101 2483 89
1102 1331 70
1103 1183 20
1104 2484 12
1105 1371 71
1106 2485 11
1107 1327 37
1108 2486 95
1109 2487 12
1110 1336 83
1111 1416 25
1112 1419 22
1113 1383 21
1114 2488 97
1115 2489 91
1116 1490 25
1117 1227 10
1118 2490 30
1119 1281 26
1120 1482 19
1121 1432 17
1122 2491 16
1123 1343 15
1124 2492 97
1125 2493 29
1126 2494 42
1127 1385 23
1128 2495 10
1129 1381 23
1130 2496 12
1131 2497 46
1132 1334 90
1133 2498 22
1134 1241 13
1135 2499 91
1136 1368 12
1137 2500 13
1138 1347 12
1139 2501 11
1140 2502 12
1141 2503 12
1142 1346 83
1143 1366 68
1144 1388 36
1145 1364 49
1146 2504 44
1147 2910 10
1148 2505 45
1149 1376 12
1150 1348 18
1151 1406 30
1152 1413 65
1153 2506 34
1154 1523 31
1155 2507 11
1156 1386 21
1157 2508 15
1158 2509 12
1159 2510 30
1160 1285 96
1161 2511 13
1162 2512 46
1163 2513 38
1164 2514 32
1165 1330 10
1166 2515 31
1167 2516 10
1168 2517 13
1169 1178 22
1170 1509 35
1171 2518 17
1172 2519 72
1173 2520 11
1174 2521 75
1175 2522 25
1176 2523 18
1177 1387 56
1178 2524 6
1179 2525 13
1180 2526 10
1181 2527 14
1182 2528 73
1183 2529 48
1184 2530 48
1185 1483 10
1186 1429 16
1187 2531 99
1188 1438 87
1189 2532 24
1190 2533 15
1191 2534 18
1192 2911 12
1193 1393 1
1194 1484 79
1195 2535 17
1196 2536 68
1197 2537 56
1198 1423 1
1199 2538 82
1200 2539 19
1201 2540 15
1202 1492 18
1203 2541 67
1204 1450 23
1205 2542 27
1206 1415 16
1207 2543 13
1208 2544 49
1209 2545 34
1210 1426 62
1211 1465 12
1212 2546 16
1213 2547 70
1214 2548 43
1215 1576 33
1216 2549 49
1217 1493 22
1218 2912 11
1219 1404 63
1220 2551 12
1221 2552 19
1222 2553 77
1223 2554 17
1224 2555 82
1225 2556 23
1226 1471 12
1227 2557 19
1228 1512 27
1229 2913 25
1230 1510 29
1231 2558 33
1232 1455 15
1233 2559 14
1234 1389 17
1235 2560 28
1236 1479 16
1237 1458 21
1238 1463 22
1239 1478 22
1240 2561 56
1241 1515 25
1242 2562 19
1243 2563 11
1244 2564 14
1245 2565 81
1246 2566 68
1247 2567 68
1248 1460 11
1249 2568 66
1250 2569 84
1251 1572 26
1252 2570 20
1253 1431 16
1254 2571 72
1255 2572 51
1256 2573 71
1257 2574 70
1258 2575 10
1259 2576 14
1260 2577 48
1261 2578 10
1262 1501 18
1263 2579 36
1264 2580 15
1265 1447 36
1266 1428 19
1267 2581 27
1268 2582 57
1269 2583 16
1270 2584 13
1271 2585 83
1272 2586 87
1273 2587 5
1274 2588 26
1275 2589 18
1276 2590 48
1277 2591 10
1278 2592 89
1279 2593 52
1280 2594 14
1281 1491 22
1282 2595 94
1283 1457 12
1284 1443 76
1285 1505 76
1286 2596 24
1287 1414 50
1288 2597 27
1289 2598 54
1290 2599 19
1291 1467 10
1292 2914 27
1293 1481 15
1294 2600 30
1295 2601 44
1296 2915 33
1297 2603 16
1298 2604 44
1299 1439 43
1300 2605 26
1301 2606 48
1302 2607 17
1303 2608 24
1304 1420 12
1305 2609 34
1306 2610 10
1307 1522 33
1308 2611 64
1309 1436 21
1310 2612 60
1311 1448 13
1312 2613 84
1313 2614 73
1314 2615 33
1315 1497 26
1316 2616 94
1317 2617 56
1318 2618 39
1319 2619 37
1320 2620 11
1321 2621 14
1322 2622 18
1323 1494 16
1324 2623 51
1325 1390 1
1326 2624 42
1327 2625 10
1328 1487 12
1329 2626 28
1330 1495 17
1331 2627 12
1332 2628 26
1333 2629 18
1334 2630 17
1335 1400 18
1336 1575 19
1337 2631 82
1338 1544 20
1339 1508 32
1340 2632 10
1341 1548 25
1342 2633 44
1343 1518 24
1344 2634 65
1345 2635 41
1346 1394 17
1347 1543 39
1348 1480 12
1349 1398 12
1350 1511 34
1351 2636 90
1352 2637 13
1353 2638 35
1354 2639 34
1355 2640 33
1356 2641 18
1357 2642 36
1358 2643 33
1359 2916 22
1360 2644 75
1361 1524 26
1362 2645 17
1363 2917 76
1364 2647 24
1365 2648 65
1366 1540 31
1367 1525 11
1368 2649 13
1369 2650 47
1370 2651 38
1371 2652 24
1372 2653 72
1373 1446 1
1374 2654 33
1375 2655 31
1376 1488 89
1377 2656 18
1378 2657 72
1379 2658 21
1380 2659 19
1381 2660 61
1382 2661 16
1383 1430 20
1384 2662 28
1385 1507 17
1386 2663 99
1387 1612 70
1388 2664 52
1389 2665 56
1390 2666 11
1391 2667 35
1392 2668 24
1393 2669 44
1394 1600 55
1395 2670 13
1396 2671 25
1397 1531 14
1398 2672 78
1399 2673 29
1400 2674 24
1401 2675 56
1402 2676 13
1403 2677 84
1404 2678 31
1405 2679 46
1406 1587 23
1407 2680 62
1408 2681 42
1409 2682 43
1410 2683 30
1411 2684 66
1412 2685 17
1413 2918 35
1414 1529 1
1415 2686 29
1416 1559 53
1417 2919 11
1418 2687 51
1419 2688 23
1420 2689 13
1421 2690 12
1422 2691 19
1423 1571 30
1424 1626 20
1425 2692 32
1426 2693 21
1427 2694 97
1428 1537 21
1429 1520 74
1430 1603 63
1431 1579 20
1432 2695 34
1433 2696 31
1434 2697 21
1435 2698 43
1436 2920 10
1437 2699 84
1438 2700 18
1439 1567 71
1440 2701 19
1441 1527 20
1442 2921 22
1443 2702 12
1444 1620 92
1445 2703 26
1446 2922 18
1447 2704 30
1448 2923 14
1449 2705 42
1450 2706 43
1451 2707 20
1452 2708 54
1453 2709 16
1454 2710 82
1455 1553 16
1456 2711 15
1457 1535 11
1458 1577 94
1459 2712 88
1460 2924 55
1461 1606 11
1462 2714 33
1463 1581 20
1464 2715 19
1465 1519 47
1466 2716 16
1467 1586 34
1468 2717 24
1469 1569 25
1470 1564 14
1471 1560 98
1472 2718 10
1473 2719 40
1474 2720 18
1475 2721 13
1476 2722 16
1477 2723 31
1478 2724 50
1479 1611 98
1480 1594 48
1481 2725 34
1482 1547 74
1483 2726 23
1484 1601 41
1485 2727 38
1486 2925 43
1487 2729 32
1488 1574 1
1489 2730 66
1490 2731 14
1491 2732 11
1492 1592 38
1493 2733 85
1494 1617 27
1495 1551 22
1496 2734 29
1497 2735 16
1498 2736 84
1499 2737 18
1500 2738 24
1501 2739 74
1502 2740 55
1503 2741 14
1504 1549 23
1505 2742 21
1506 1598 32
1507 2743 14
1508 2744 26
1509 2745 39
1510 1621 13
1511 2746 78
1512 1595 34
1513 1597 75
1514 2747 10
1515 1596 53
1516 2748 41
1517 2749 97
1518 1628 15
1519 1630 11
1520 2750 85
1521 2751 39
1522 1625 17
1523 1618 98
1524 2752 67
1525 2753 32
1526 2754 48
1527 1599 1
1528 2755 46
1529 2926 33
1530 2757 31
1531 1609 58
1532 2758 1
1533 2759 33
1534 1608 15
1535 1632 31
1536 2760 51
1537 2761 16
1538 2762 92
1539 1636 49
1540 1658 28
1541 2763 10
1542 2764 12
1543 1604 58
1544 1610 10
1545 1602 35
1546 2765 93
1547 1624 64
1548 2766 60
1549 2767 15
1550 2768 92
1551 1684 54
1552 2769 25
1553 1662 32
1554 2770 40
1555 2771 43
1556 2772 14
1557 2773 10
1558 2774 25
1559 1649 53
1560 2775 37
1561 2776 23
1562 2777 83
1563 2778 39
1564 1629 21
1565 2779 27
1566 2780 45
1567 1605 25
1568 2781 16
1569 1614 1
1570 2782 41
1571 1670 32
1572 2783 54
1573 2927 49
1574 1638 36
1575 1633 27
1576 2785 38
1577 1640 55
1578 2786 17
1579 2787 18
1580 2788 26
1581 1641 18
1582 2789 76
1583 2790 86
1584 2928 13
1585 1654 37
1586 1657 35
1587 1634 10
1588 2792 13
1589 2793 26
1590 2794 24
1591 2795 16
1592 2796 13
1593 2797 26
1594 2798 23
1595 2799 54
1596 1677 10
1597 1680 61
1598 1675 74
1599 2929 31
1600 1669 17
1601 1664 12
1602 2801 45
1603 2802 86
1604 2803 32
1605 2804 24
1606 1660 60
1607 2805 41
1608 1656 26
1609 2806 38
1610 2807 54
1611 1665 23
1612 2808 33
1613 2809 2
1614 1668 27
1615 2810 17
1616 2811 77
1617 2812 50
1618 2813 91
1619 2814 44
1620 2815 20
1621 1645 29
1622 2816 28
1623 2817 34
1624 2818 23
1625 1652 45
1626 1650 46
1627 2819 13
1628 2820 21
1629 1674 29
1630 2821 34
1631 2822 16
1632 2823 30
1633 1673 32
1634 2930 40
1635 2824 33
1636 2931 20
1637 2932 21
1638 2826 11
1639 2933 23
1640 1646 35
1641 2828 69
1642 2934 27
1643 2830 46
1644 2831 36
1645 2832 80
1646 1696 22
1647 2833 77
1648 2834 39
1649 1691 81
1650 2835 77
1651 2836 75
1652 1689 80
1653 2935 26
1654 2838 40
1655 2839 59
1656 1678 43
1657 1685 13
1658 2936 28
1659 2840 22
1660 2841 28
1661 2842 2
1662 2843 28
1663 2844 48
1664 1686 30
1665 2937 15
1666 2846 58
1667 2847 34
1668 1683 59
1669 2848 35
1670 1687 30
1671 2849 65
1672 2850 39
1673 2938 31
1674 2851 12
1675 2939 24
1676 2852 85
1677 2940 26
1678 1704 99
1679 2853 26
1680 2941 61
1681 1698 25
1682 2854 17
1683 1702 41
1684 1705 73
1685 2855 10
1686 2856 27
1687 2857 60
1688 1699 22
1689 2858 24
1690 2859 53
1691 1701 58
1692 2860 55
1693 2861 12
1694 2942 66
1695 2863 80
1696 2864 22
1697 2943 76
1698 2944 47
1699 2865 18
1700 2866 42
1701 2867 47
1702 2868 56
1703 2945 42
1704 2946 38
1705 2947 26
1706 2869 12
1707 2870 31
1708 1717 93
1709 1716 1
1710 2948 75
1711 2949 14
1712 2872 10
1713 2950 72
1714 2873 42
1715 2874 20
1716 2875 10
1717 2951 32
1718 2952 12
1719 2877 62
1720 2953 19
1721 2954 11
1722 2879 75
1724 1075 4
1725 986 40
1726 1031 33
1727 1005 29
1728 880 10
1729 1038 37
1730 1014 62
1731 1339 15
1732 1375 48
1733 1211 44
1734 1026 10
1735 1133 97
1736 911 43
1737 984 33
1738 1093 37
1739 1428 13
1740 1146 32
1741 902 12
1742 1050 42
1743 947 52
1744 1062 59
1745 865 86
1746 1102 43
1747 2955 21
1748 1514 67
1749 1173 36
1750 1129 91
1751 906 43
1752 1093 25
1753 923 12
1754 948 51
1755 881 11
1756 1059 38
1757 1363 21
1758 942 43
1759 954 44
1760 1130 33
1761 1130 39
1762 892 16
1763 1043 57
1764 912 43
1765 1079 49
1766 893 32
1767 1013 31
1768 1091 66
1769 1087 78
1770 1106 28
1771 1519 15
1772 1318 23
1773 945 8
1774 1235 18
1775 938 14
1776 945 36
1777 1064 96
1778 1112 47
1779 979 12
1780 1104 72
1781 941 11
1782 1360 18
1783 1170 58
1784 1080 39
1785 1054 54
1786 1203 23
1787 1141 14
1788 1177 26
1789 1174 19
1790 1350 16
1791 1276 22
1792 1168 13
1793 1278 13
1794 1167 13
1795 1289 30
1796 1178 20
1797 1289 22
1798 1099 20
1799 1190 40
1800 1165 91
1801 992 27
1802 980 24
1803 1004 26
1804 1104 12
1805 917 47
1806 1018 24
1807 1357 15
1808 996 22
1809 1278 89
1810 1172 18
1811 1056 47
1812 1032 64
1813 1153 16
1814 1096 59
1815 934 13
1816 1042 59
1817 1108 10
1818 1221 10
1819 971 33
1820 1198 43
1821 1302 17
1822 1057 77
1823 1114 14
1824 984 33
1825 1039 14
1826 1292 59
1827 938 14
1828 1176 21
1829 942 40
1830 1146 32
1831 1037 81
1832 2956 10
1833 1422 57
1834 1191 20
1835 1055 64
1836 895 24
1837 1002 59
1838 928 35
1839 1208 23
1840 1089 22
1841 1043 51
1842 1092 74
1843 1293 19
1844 961 43
1845 905 11
1846 1040 63
1847 1044 69
1848 1210 11
1849 874 31
1850 1436 94
1851 872 23
1852 2957 10
1853 1095 85
1854 941 24
1855 1003 20
1856 1012 32
1857 1157 13
1858 868 100
1859 1019 67
1860 1154 71
1861 865 8
1862 1305 86
1863 950 2
1864 1390 52
1865 1149 23
1866 897 20
1867 1091 11
1868 1098 47
1869 911 21
1870 878 35
1871 1050 28
1872 940 26
1873 1078 13
1874 866 55
1875 866 61
1876 2958 20
1877 884 19
1878 2959 36
1879 1023 51
1880 1097 60
1881 908 32
1882 1257 37
1883 2960 30
1884 867 46
1885 980 53
1886 1152 83
1887 1227 26
1888 907 74
1889 1001 38
1890 1048 10
1891 1297 98
1892 1144 10
1893 1184 23
1894 1072 38
1895 1147 26
1896 972 28
1897 1153 13
1898 1109 96
1899 1171 25
1900 1371 77
1901 1070 58
1902 1179 87
1903 1162 32
1904 935 50
1905 1268 27
1906 878 35
1907 960 47
1908 1266 17
1909 899 16
1910 1243 11
1911 1286 72
1912 1256 25
1913 985 22
1914 1038 61
1915 1065 20
1916 1205 65
1917 953 54
1918 1209 29
1919 1065 11
1920 1048 10
1921 968 26
1922 1110 10
1923 939 13
1924 1193 1
1925 1288 17
1926 1022 48
1927 1011 69
1928 1113 59
1929 890 50
1930 1107 62
1931 1125 63
1932 1085 44
1933 900 32
1934 900 23
1935 1181 93
1936 1013 39
1937 1098 13
1938 1275 21
1939 946 26
1940 1089 84
1941 1114 10
1942 922 21
1943 1008 11
1944 2961 16
1945 1008 30
1946 1068 43
1947 928 28
1948 913 16
1949 968 54
1950 1291 85
1951 1035 66
1952 1030 37
1953 1025 16
1954 1290 96
1955 1042 11
1956 912 15
1957 891 48
1958 895 19
1959 1034 31
1960 1131 70
1961 1344 20
1962 1214 12
1963 1201 11
1964 1269 32
1965 1450 94
1966 1084 21
1967 937 48
1968 1245 18
1969 937 40
1970 910 26
1971 877 19
1972 939 49
1973 1421 21
1974 1034 76
1975 1122 78
1976 1186 27
1977 1341 13
1978 1082 32
1979 1066 18
1980 1058 92
1981 882 39
1982 1119 10
1983 1425 20
1984 1046 81
1985 1263 65
1986 1342 17
1987 948 16
1988 1120 65
1989 1248 68
1990 876 10
1991 1366 72
1992 1155 18
1993 1046 60
1994 1446 31
1995 1155 77
1996 976 63
1997 1267 10
1998 1083 45
1999 1434 11
2000 997 31
2001 1453 23
2002 1187 15
2003 913 16
2004 936 39
2005 1161 84
2006 1460 35
2007 1399 24
2008 921 32
2009 1118 11
2010 1599 32
2011 998 44
2012 889 37
2013 1160 11
2014 1455 14
2015 929 20
2016 959 44
2017 888 24
2018 982 21
2019 959 60
2020 982 21
2021 1006 52
2022 875 52
2023 958 90
2024 1159 14
2025 1240 22
2026 1440 44
2027 909 17
2028 933 32
2029 1033 39
2030 1515 12
2031 977 69
2032 1051 49
2033 1016 33
2034 1337 14
2035 1224 23
2036 914 25
2037 1124 38
2038 1213 16
2039 1213 16
2040 1229 20
2041 994 100
2042 981 25
2043 1225 47
2044 1016 33
2045 933 32
2046 1015 48
2047 1074 13
2048 1134 63
2049 1033 34
2050 995 36
2051 1409 15
2052 915 68
2053 1025 41
2054 1298 33
2055 989 50
2056 1011 51
2057 886 15
2058 929 20
2059 1007 75
2060 1128 18
2061 1214 13
2062 999 59
2063 991 32
2064 1024 16
2065 1052 26
2066 1049 58
2067 882 39
2068 989 33
2069 1115 37
2070 1090 48
2071 1355 17
2072 964 2
2073 990 56
2074 898 16
2075 1047 10
2076 1295 2
2077 1137 28
2078 1007 75
2079 1228 14
2080 2962 16
2081 898 34
2082 1351 10
2083 903 98
2084 1253 36
2085 893 19
2086 965 29
2087 924 41
2088 2963 10
2089 1061 59
2090 870 11
2091 1017 57
2092 1069 58
2093 1140 79
2094 871 14
2095 1051 87
2096 1242 98
2097 1000 43
2098 1100 60
2099 1532 79
2100 926 17
2101 1139 11
2102 1224 23
2103 2964 45
2104 1277 43
2105 1218 13
2106 1100 99
2107 1300 16
2108 975 12
2109 1200 20
2110 1231 10
2111 1216 16
2112 1030 37
2113 1396 11
2114 924 22
2115 1197 19
2116 1374 57
2117 1163 51
2118 1138 15
2119 907 74
2120 1021 25
2121 1072 38
2122 1169 12
2123 1167 14
2124 957 38
2125 1071 25
2126 1370 97
2127 1202 12
2128 1063 75
2129 1009 36
2130 1329 23
2131 1219 55
2132 951 57
2133 952 22
2134 1241 46
2135 1020 10
2136 1135 13
2137 909 17
2138 1244 48
2139 977 48
2140 1255 39
2141 1145 30
2142 1364 13
2143 1115 91
2144 1273 5
2145 1084 11
2146 1443 71
2147 1431 62
2148 1158 11
2149 1217 11
2150 1272 35
2151 1142 10
2152 920 22
2153 1395 14
2154 973 15
2155 1014 83
2156 1235 13
2157 1060 57
2158 1283 52
2159 1423 10
2160 965 29
2161 966 67
2162 974 13
2163 1151 14
2164 1124 12
2165 1220 94
2166 918 12
2167 1249 60
2168 1139 10
2169 1182 15
2170 1262 33
2171 1010 21
2172 1066 14
2173 1335 78
2174 1077 32
2175 1123 13
2176 1252 17
2177 1027 44
2178 1148 16
2179 1049 92
2180 1058 66
2181 983 29
2182 1029 50
2183 885 72
2184 932 24
2185 1041 21
2186 2965 13
2187 967 20
2188 1348 13
2189 1362 17
2190 1377 22
2191 891 48
2192 1164 14
2193 988 54
2194 956 12
2195 1382 26
2196 1254 20
2197 988 40
2198 1150 11
2199 1076 10
2200 2966 26
2201 978 21
2202 1282 42
2203 894 12
2204 1067 86
2205 970 56
2206 926 26
2207 949 43
2208 1407 35
2209 963 15
2210 1020 10
2211 1246 13
2212 1168 13
2213 1174 13
2214 1094 89
2215 1281 14
2216 1045 19
2217 871 70
2218 1326 53
2219 896 23
2220 1207 33
2221 901 13
2222 916 99
2223 951 29
2224 1259 11
2225 1236 36
2226 1086 39
2227 873 84
2228 962 16
2229 1117 45
2230 1378 47
2231 1405 24
2232 1012 32
2233 1105 70
2234 1116 19
2235 869 80
2236 1021 25
2237 930 24
2238 944 14
2239 919 43
2240 1303 29
2241 1264 57
2242 1111 31
2243 987 47
2244 1081 30
2245 1028 46
2246 894 12
2247 1308 29
2248 997 31
2249 1223 23
2250 927 52
2251 903 98
2252 998 56
2253 1270 11
2254 1327 15
2255 1181 93
2256 2967 69
2257 1529 50
2258 1223 11
2259 1285 28
2260 1041 96
2261 943 28
2262 890 50
2263 1127 11
2264 932 53
2265 1307 96
2266 1166 68
2267 1103 11
2268 1088 28
2269 1304 13
2270 934 13
2271 1036 44
2272 1143 24
2273 1261 89
2274 1199 11
2275 1231 10
2276 1175 19
2277 957 68
2278 1352 86
2279 1203 23
2280 1338 11
2281 1073 17
2282 1141 70
2283 1156 18
2284 1126 27
2285 1258 38
2286 930 41
2287 1056 59
2288 1097 86
2289 883 26
2290 950 31
2291 879 20
2292 1251 16
2293 969 36
2294 1313 15
2295 1064 82
2296 1121 23
2297 1212 15
2298 1463 13
2299 1456 11
2300 1280 14
2301 1079 27
2302 876 23
2303 875 10
2304 863 7
2305 1053 71
2306 1435 50
2307 931 24
2308 991 40
2309 864 7
2310 1393 22
2311 1136 60
2312 925 33
2313 1238 12
2314 1161 18
2315 887 13
2316 1164 73
2317 1106 11
2318 1391 12
2319 910 44
2320 1131 12
2321 1324 32
2322 1132 70
2323 880 10
2324 974 28
2325 1295 41
2326 1331 8
2327 1286 38
2328 1302 28
2329 1303 53
2330 1296 14
2331 2968 14
2332 1277 94
2333 1316 25
2334 1454 27
2335 1314 82
2336 1267 96
2337 1301 19
2338 1271 29
2339 1361 15
2340 1261 34
2341 1182 69
2342 1264 53
2343 1320 21
2344 1284 65
2345 1317 11
2346 1447 88
2347 1272 14
2348 1306 41
2349 1384 26
2350 1353 25
2351 1263 20
2352 1358 24
2353 1352 42
2354 1313 15
2355 1273 74
2356 1410 14
2357 1505 16
2358 1449 59
2359 1257 23
2360 1372 24
2361 2969 30
2362 1434 14
2363 1260 25
2364 1308 34
2365 1354 12
2366 1274 25
2367 1328 10
2368 1398 26
2369 1382 10
2370 1309 32
2371 1218 31
2372 1322 48
2373 1354 69
2374 1349 12
2375 1380 92
2376 1429 13
2377 1259 10
2378 1226 29
2379 1412 18
2380 1317 16
2381 1230 78
2382 1243 40
2383 1220 62
2384 1376 18
2385 1294 11
2386 1567 91
2387 2970 51
2388 1439 14
2389 1311 16
2390 1404 17
2391 1458 25
2392 1321 10
2393 1247 21
2394 1254 10
2395 1246 77
2396 1265 12
2397 1520 29
2398 1216 35
2399 1287 47
2400 1368 11
2401 1325 41
2402 1239 38
2403 1315 57
2404 1462 13
2405 1329 17
2406 1342 20
2407 1209 69
2408 1353 91
2409 1275 12
2410 1396 62
2411 1499 31
2412 1346 15
2413 1222 52
2414 1232 17
2415 1426 73
2416 1206 49
2417 1377 11
2418 1300 66
2419 1425 90
2420 1321 79
2421 2971 37
2422 1323 62
2423 1574 14
2424 1316 25
2425 1288 37
2426 1204 44
2427 1310 27
2428 1250 44
2429 1472 17
2430 1194 32
2431 1558 10
2432 1464 14
2433 1438 15
2434 1268 16
2435 1234 17
2436 1401 16
2437 1215 31
2438 1290 21
2439 1200 37
2440 2972 18
2441 1188 64
2442 1314 41
2443 1379 47
2444 1280 30
2445 1466 25
2446 1195 10
2447 1397 10
2448 1196 19
2449 1334 11
2450 1244 65
2451 1392 23
2452 1344 39
2453 1333 40
2454 1365 10
2455 1299 24
2456 1237 36
2457 1385 12
2458 1457 14
2459 1386 13
2460 1345 32
2461 1319 50
2462 1427 22
2463 1325 35
2464 1374 28
2465 1252 14
2466 1373 34
2467 1184 53
2468 1389 33
2469 2973 15
2470 1384 64
2471 1312 67
2472 1358 66
2473 1445 69
2474 1205 19
2475 1192 98
2476 1319 67
2477 1420 15
2478 1185 25
2479 1356 15
2480 1347 26
2481 1502 18
2482 1345 26
2483 2974 13
2484 1487 21
2485 1421 16
2486 1411 73
2487 1546 11
2488 1221 17
2489 1408 52
2490 1533 91
2491 1367 24
2492 1298 20
2493 1451 95
2494 1326 13
2495 1359 20
2496 1433 33
2497 1362 19
2498 1535 10
2499 1332 75
2500 1383 70
2501 1340 25
2502 1373 29
2503 1207 67
2504 1489 19
2505 1343 46
2506 1607 63
2507 1355 86
2508 1562 25
2509 1415 89
2510 1400 15
2511 1448 18
2512 1189 85
2513 1330 64
2514 1394 73
2515 1430 13
2516 1276 13
2517 1445 14
2518 2975 30
2519 1372 76
2520 1381 29
2521 1180 87
2522 1516 15
2523 2976 29
2524 1513 15
2525 1495 10
2526 1387 13
2527 2977 19
2528 1506 16
2529 1556 77
2530 1604 20
2531 1403 12
2532 1542 20
2533 1468 24
2534 1528 10
2535 1451 95
2536 1504 37
2537 1467 40
2538 1424 28
2539 1466 74
2540 1442 31
2541 1526 25
2542 1388 19
2543 1511 10
2544 1500 18
2545 1405 23
2546 1488 26
2547 1544 17
2548 1525 28
2549 1476 49
2550 1392 15
2551 1461 16
2552 1500 17
2553 1418 10
2554 1480 92
2555 1577 21
2556 1503 24
2557 1550 79
2558 1462 24
2559 2978 10
2560 1537 80
2561 1406 15
2562 1501 75
2563 1433 33
2564 1491 26
2565 1482 40
2566 1440 68
2567 1402 32
2568 1474 13
2569 1518 26
2570 1496 20
2571 1395 65
2572 1469 37
2573 1412 71
2574 1401 50
2575 1416 16
2576 1475 11
2577 1481 10
2578 1541 79
2579 1459 32
2580 1648 46
2581 1459 32
2582 1641 55
2583 1473 24
2584 1410 30
2585 1456 83
2586 1441 89
2587 1472 72
2588 1475 92
2589 1465 32
2590 1517 22
2591 1454 97
2592 1509 19
2593 2979 31
2594 1531 14
2595 1570 21
2596 1432 19
2597 1582 37
2598 1517 22
2599 1496 21
2600 1437 45
2601 1444 2
2602 1486 42
2603 1623 10
2604 1478 33
2605 1606 16
2606 1471 10
2607 1411 13
2608 1521 31
2609 1494 21
2610 1553 92
2611 1449 29
2612 1422 67
2613 1498 23
2614 1419 18
2615 1547 12
2616 1485 36
2617 1399 14
2618 1464 14
2619 1497 14
2620 1485 10
2621 1559 31
2622 1534 26
2623 1616 13
2624 1516 34
2625 1545 18
2626 1566 23
2627 1489 66
2628 1427 23
2629 1550 79
2630 1552 10
2631 1479 55
2632 1498 97
2633 1391 17
2634 1512 24
2635 1565 15
2636 1510 17
2637 1492 75
2638 1627 34
2639 1508 18
2640 1474 33
2641 1503 56
2642 1554 88
2643 1453 49
2644 1490 57
2645 1493 16
2646 1549 29
2647 2980 23
2648 2981 29
2649 1470 18
2650 1530 12
2651 1555 27
2652 1542 32
2653 1468 50
2654 1618 97
2655 1630 53
2656 1527 11
2657 1551 35
2658 1581 13
2659 1452 33
2660 1514 61
2661 1502 18
2662 1477 22
2663 1499 99
2664 1583 21
2665 1569 20
2666 1622 13
2667 1624 26
2668 1653 30
2669 1570 81
2670 1593 37
2671 1609 15
2672 1568 26
2673 1539 20
2674 1587 54
2675 1536 56
2676 1589 68
2677 1564 62
2678 1585 19
2679 1546 92
2680 1532 1
2681 1590 18
2682 1614 53
2683 1608 15
2684 1523 34
2685 1524 97
2686 1615 28
2687 1565 51
2688 1605 98
2689 1558 88
2690 1573 32
2691 1528 57
2692 1538 36
2693 1578 19
2694 1561 23
2695 1572 89
2696 1589 68
2697 1579 16
2698 1557 31
2699 1562 25
2700 1596 53
2701 1555 25
2702 1557 71
2703 1526 45
2704 1582 15
2705 1560 11
2706 1595 24
2707 1602 23
2708 1584 99
2709 1575 98
2710 1610 29
2711 1563 22
2712 1548 82
2713 1573 10
2714 1634 24
2715 1591 61
2716 1552 51
2717 1543 19
2718 1522 14
2719 1568 18
2720 1580 51
2721 1561 23
2722 1540 49
2723 1533 31
2724 1576 95
2725 1655 53
2726 1563 25
2727 1586 11
2728 1584 27
2729 1647 35
2730 2982 83
2731 1554 88
2732 1653 60
2733 1594 30
2734 1628 42
2735 1588 29
2736 1590 15
2737 1583 15
2738 1571 24
2739 1646 42
2740 1593 22
2741 1566 23
2742 1656 36
2743 2983 33
2744 1613 16
2745 1651 25
2746 1592 19
2747 1643 27
2748 1631 84
2749 1597 52
2750 1621 86
2751 1623 39
2752 1638 33
2753 1667 14
2754 1651 53
2755 1642 11
2756 1637 37
2757 1654 12
2758 1611 31
2759 1600 90
2760 1607 51
2761 1619 79
2762 1640 92
2763 2984 50
2764 1664 33
2765 2985 20
2766 1627 93
2767 1642 20
2768 1649 43
2769 1650 27
2770 1648 40
2771 1644 26
2772 2986 76
2773 1620 71
2774 1615 88
2775 1633 22
2776 1668 69
2777 2987 33
2778 2988 87
2779 1635 70
2780 2989 24
2781 1625 26
2782 1658 94
2783 1622 38
2784 1661 65
2785 1682 33
2786 1629 86
2787 1645 41
2788 1660 35
2789 1616 75
2790 1631 25
2791 1659 64
2792 1639 28
2793 1679 85
2794 1635 16
2795 1632 52
2796 1612 31
2797 1636 81
2798 1637 23
2799 1652 55
2800 1678 37
2801 1672 70
2802 2990 12
2803 1659 22
2804 1666 10
2805 1691 22
2806 1674 35
2807 1644 36
2808 1683 17
2809 1661 18
2810 1669 46
2811 1663 13
2812 2991 10
2813 1657 22
2814 1671 13
2815 1662 42
2816 1647 38
2817 1685 39
2818 1673 35
2819 1667 70
2820 1682 17
2821 1655 19
2822 1698 10
2823 2992 25
2824 1675 47
2825 1672 46
2826 1666 15
2827 1671 13
2828 1670 25
2829 1643 23
2830 1694 50
2831 1692 29
2832 1695 41
2833 1679 56
2834 1684 24
2835 2993 11
2836 1680 10
2837 1696 12
2838 1692 55
2839 1688 47
2840 1701 52
2841 1693 31
2842 1699 92
2843 1689 20
2844 1693 31
2845 2994 90
2846 1700 15
2847 1695 27
2848 1697 39
2849 1694 47
2850 1676 21
2851 1690 92
2852 1704 85
2853 1700 15
2854 2995 10
2855 1716 14
2856 1705 20
2857 2996 35
2858 1707 39
2859 1709 86
2860 2997 20
2861 1706 55
2862 1712 18
2863 1706 52
2864 1703 37
2865 1708 97
2866 1713 73
2867 1711 28
2868 2998 47
2869 1710 12
2870 1715 11
2871 1718 75
2872 1717 27
2873 1720 46
2874 1718 20
2875 1719 51
2876 1722 90
2877 1721 41
2878 1723 37
2879 1723 40
2880 1185 62
2881 1752 52
2882 1206 69
2883 1807 12
2884 1062 76
2885 1105 30
2886 1212 64
2887 1895 10
2888 1018 12
2889 1978 22
2890 1136 12
2891 1053 78
2892 2065 18
2893 2099 15
2894 2134 16
2895 1102 56
2896 1356 60
2897 2241 18
2898 967 41
2899 2322 79
2900 1351 84
2901 1504 11
2902 2375 66
2903 2376 14
2904 1217 69
2905 2423 81
2906 1424 11
2907 1442 27
2908 2481 17
2909 1513 39
2910 1536 25
2911 1545 93
2912 2550 19
2913 1530 30
2914 1588 22
2915 2602 43
2916 1506 24
2917 2646 11
2918 1521 10
2919 1585 15
2920 1578 87
2921 1580 19
2922 1663 24
2923 1613 20
2924 2713 49
2925 2728 13
2926 2756 21
2927 2784 44
2928 2791 65
2929 2800 33
2930 1681 52
2931 1688 44
2932 2825 18
2933 2827 8
2934 2829 11
2935 2837 65
2936 1690 24
2937 2845 42
2938 1697 32
2939 1707 56
2940 1703 28
2941 1711 75
2942 2862 42
2943 1708 25
2944 1709 40
2945 1714 11
2946 1715 99
2947 1713 91
2948 2871 12
2949 1720 10
2950 1719 81
2951 1721 13
2952 2876 15
2953 1722 55
2954 2878 32
2955 1176 29
2956 1279 31
2957 1413 35
2958 1171 30
2959 1032 18
2960 1109 88
2961 1233 10
2962 1128 26
2963 1002 37
2964 1101 13
2965 1414 19
2966 955 63
2967 1183 15
2968 1365 29
2969 1417 11
2970 1452 35
2971 1336 41
2972 1199 40
2973 1541 50
2974 1369 15
2975 1484 62
2976 1402 79
2977 1507 33
2978 1483 62
2979 1591 31
2980 1538 21
2981 1598 24
2982 1619 32
2983 1556 76
2984 1626 11
2985 1617 10
2986 1603 12
2987 1601 62
2988 1639 30
2989 1665 90
2990 1676 30
2991 1686 62
2992 1687 35
2993 1681 47
3 1726 71
2994 1677 26
2995 1710 70
2996 1712 60
2997 1702 47
2998 1714 28
19 1735 17
