6485
1 2038 45
3 3806 18
4 3807 28
5 3808 11
6 3809 70
7 2798 16
8 3810 98
9 3811 10
10 3812 45
11 2549 11
12 2354 66
13 1906 27
14 3813 5
15 3814 51
16 3815 16
17 2489 12
18 2652 46
19 3816 64
20 3817 11
21 2997 19
22 2589 14
23 3818 35
24 3819 79
26 3820 38
27 3821 12
28 3822 96
29 3823 60
30 3824 25
31 2620 21
32 3825 75
33 3826 79
34 3827 26
35 2458 86
36 3828 15
37 3829 40
38 2578 13
39 3830 20
40 2163 51
41 3831 19
42 3832 12
43 3833 18
44 3834 23
45 3835 85
46 3836 53
47 3837 61
48 3838 83
49 2697 17
50 3839 12
51 3840 86
52 2827 68
53 3841 40
54 2203 62
55 3842 56
56 2080 50
57 2307 77
58 3843 74
59 2334 85
60 3844 72
61 3845 12
62 3846 41
63 3847 10
64 3848 58
65 1984 36
66 3849 22
67 3850 10
68 3851 29
69 3852 12
70 2351 68
71 1953 27
72 3853 29
73 3854 33
74 2496 11
75 2286 64
76 2020 26
77 3855 44
78 3856 11
79 3857 29
80 3858 86
81 6313 11
82 3859 19
83 3860 78
84 3861 12
85 2394 67
86 1972 28
87 2577 18
88 3862 30
89 2517 11
90 2357 69
91 3863 78
92 3864 21
93 3865 25
94 2012 37
95 3866 30
96 2380 78
97 3867 72
98 3868 12
99 3869 80
100 2637 41
101 3870 81
102 3871 12
103 3872 76
104 3873 16
105 3874 52
106 2470 10
107 2942 11
108 3875 38
109 3876 20
110 3877 63
111 1919 11
112 3878 72
113 3879 55
114 2498 14
115 2571 11
116 2240 77
117 3880 44
118 3881 12
119 3882 48
120 3883 12
121 3884 21
122 6314 35
123 3886 74
124 3887 39
125 3888 47
126 3889 46
127 3890 16
128 3891 10
129 2094 40
130 3892 13
131 1988 28
132 3893 99
133 3894 29
134 3895 30
135 3896 78
136 3897 15
137 3898 65
138 3899 31
139 3900 32
140 3901 89
141 3902 76
142 3903 12
143 3904 68
144 3905 13
145 3906 18
146 3907 24
147 3908 24
148 3909 12
149 3910 62
150 3911 19
151 2614 20
152 3912 32
153 3913 19
154 2574 15
155 3091 51
156 3914 11
157 2627 20
158 2361 10
159 3915 37
160 3916 63
161 3917 7
162 2236 73
163 3918 65
164 3919 26
165 2547 14
166 2593 16
167 2118 48
168 3920 18
169 3921 57
170 2464 85
171 3922 15
172 2516 14
173 3923 44
174 3924 47
175 3925 26
176 3926 10
177 2232 60
178 2125 66
179 3927 41
180 3928 35
181 2425 10
182 2318 62
183 3929 15
184 3930 23
185 2089 42
186 2182 46
187 2202 59
188 2852 14
189 3931 19
190 3932 33
191 3933 91
192 3934 18
193 3935 46
194 3936 20
195 3937 38
196 3938 38
197 2335 71
198 3939 35
199 3940 23
200 2420 11
201 3941 95
202 3942 87
203 2070 34
204 3943 44
205 3944 15
206 3945 43
207 2484 13
208 2160 44
209 3946 11
210 3947 99
211 2410 10
212 3948 40
213 3949 58
214 3950 70
215 3951 62
216 3952 15
217 3027 18
218 2320 76
219 2715 15
220 3953 17
221 3954 26
222 3955 39
223 2974 16
224 3956 70
225 3957 33
226 3958 17
227 3959 14
228 3960 10
229 3961 19
230 3962 22
231 2267 64
232 2818 13
233 3963 11
234 3964 25
235 3965 46
236 3966 23
237 6315 13
238 3967 14
239 3968 23
240 3969 15
241 3970 47
242 3971 86
243 2513 14
244 3972 70
245 6316 10
246 2499 10
247 3973 41
248 2636 35
249 3974 48
250 3975 74
251 3976 68
252 3977 17
253 3978 17
254 3979 17
255 2348 84
256 2207 53
257 3980 19
258 2164 58
259 1957 31
260 3981 41
261 3982 29
262 3983 91
263 3984 10
264 3985 25
265 3986 55
266 3987 78
267 3988 35
268 3989 65
269 1937 17
270 3990 11
271 1950 22
272 2897 88
273 3991 28
274 2479 11
275 3992 5
276 3993 25
277 2258 72
278 2437 11
279 3994 59
280 2252 60
281 1931 17
282 3995 13
283 3996 21
284 2580 14
285 2298 73
286 6317 83
287 3998 78
288 3999 19
289 2174 67
290 4000 51
291 2306 83
292 4001 70
293 4002 16
294 4003 36
295 4004 80
296 4005 17
297 2584 11
298 4006 17
299 2412 10
300 4007 11
301 2029 36
302 4008 19
303 2097 43
304 4009 39
305 4010 74
306 4011 14
307 4012 70
308 4013 60
309 4014 66
310 4015 10
311 4016 54
312 4017 19
313 4018 11
314 4019 58
315 4020 38
316 4021 12
317 2812 97
318 2255 62
319 4022 15
320 4023 57
321 4024 11
322 4025 65
323 4026 42
324 4027 20
325 4028 10
326 4029 93
327 2151 70
328 4030 14
329 4031 17
330 4032 30
331 2536 14
332 4033 11
333 4034 36
334 4035 83
335 2016 42
336 4036 56
337 2407 10
338 4037 26
339 4038 97
340 4039 16
341 4040 38
342 4041 31
343 2056 53
344 4042 72
345 4043 11
346 4044 88
347 4045 52
348 4046 15
349 2121 44
350 4047 88
351 4048 33
352 4049 71
353 2613 19
354 1987 27
355 2177 53
356 4050 14
357 4051 98
358 2127 52
359 4052 15
360 4053 41
361 4054 24
362 4055 11
363 4056 73
364 4057 84
365 4058 70
366 2228 62
367 4059 28
368 4060 64
369 2409 79
370 4061 27
371 2432 10
372 4062 11
373 4063 14
374 4064 62
375 2065 39
376 4065 40
377 4066 32
378 4067 29
379 2141 55
380 2431 89
381 2575 15
382 4068 10
383 4069 33
384 4070 12
385 2392 71
386 2288 55
387 6318 47
388 2845 12
389 4071 76
390 1990 30
391 4072 15
392 4073 21
393 2473 12
394 4074 18
395 4075 14
396 2031 32
397 4076 84
398 4077 37
399 4078 55
400 2090 34
401 4079 16
402 4080 82
403 4081 83
404 4082 82
405 2180 52
406 4083 34
407 2430 13
408 4084 16
409 4085 61
410 4086 56
411 4087 36
412 4088 31
413 4089 47
414 4090 38
415 4091 84
416 4092 39
417 2497 10
418 2615 17
419 4093 16
420 2242 75
421 4094 12
422 4095 44
423 2305 72
424 4096 71
425 4097 36
426 2423 90
427 2338 10
428 4098 59
429 4099 95
430 2227 64
431 2518 11
432 4100 12
433 6319 79
434 4101 40
435 2055 48
436 4102 64
437 2333 84
438 2386 87
439 4103 46
440 4104 11
441 4105 10
442 1982 20
443 2611 21
444 2243 78
445 2810 97
446 4106 21
447 4107 64
448 4108 11
449 1911 11
450 2341 59
451 2566 12
452 6320 14
453 4110 32
454 4111 28
455 2189 67
456 4112 45
457 4113 80
458 4114 10
459 4115 46
460 4116 42
461 4117 94
462 1947 20
463 4118 28
464 4119 18
465 3047 22
466 4120 67
467 2609 18
468 4121 45
469 2728 19
470 4122 57
471 4123 18
472 4124 82
473 2480 12
474 4125 93
475 4126 67
476 4127 22
477 2310 78
478 2752 17
479 4128 41
480 2078 40
481 4129 12
482 4130 47
483 2869 13
484 4131 40
485 4132 22
486 4133 29
487 4134 70
488 4135 11
489 4136 18
490 4137 38
491 4138 19
492 4139 88
493 4140 70
494 4141 12
495 4142 26
496 2040 34
497 1980 30
498 2021 27
499 4143 39
500 4144 13
501 4145 59
502 4146 26
503 2641 19
504 4147 43
505 4148 19
506 4149 13
507 4150 20
508 2782 18
509 4151 34
510 4152 30
511 4153 24
512 2604 15
513 4154 10
514 4155 30
515 4156 11
516 4157 10
517 2587 12
518 2034 40
519 4158 44
520 4159 37
521 4160 35
522 4161 27
523 2902 11
524 4162 11
525 1912 12
526 2036 42
527 4163 13
528 2378 88
529 2052 34
530 4164 46
531 4165 42
532 4166 80
533 4167 17
534 4168 82
535 4169 62
536 4170 25
537 6321 58
538 2372 84
539 4172 13
540 4173 29
541 4174 11
542 4175 58
543 4176 46
544 4177 13
545 4178 83
546 2066 53
547 4179 74
548 4180 91
549 4181 90
550 2419 92
551 2173 52
552 4182 96
553 4183 30
554 2438 10
555 4184 57
556 4185 22
557 4186 21
558 4187 59
559 2363 83
560 4188 45
561 2804 10
562 4189 10
563 4190 55
564 4191 33
565 4192 55
566 4193 25
567 4194 32
568 1975 27
569 2221 87
570 2482 11
571 4195 16
572 4196 10
573 4197 58
574 4198 34
575 4199 16
576 1930 14
577 4200 11
578 4201 56
579 4202 81
580 2735 17
581 4203 14
582 4204 51
583 4205 47
584 4206 26
585 4207 42
586 4208 37
587 2530 11
588 4209 20
589 3166 31
590 4210 10
591 4211 84
592 4212 12
593 4213 29
594 2628 24
595 4214 10
596 4215 14
597 4216 78
598 4217 11
599 4218 77
600 4219 32
601 4220 86
602 4221 10
603 4222 37
604 4223 29
605 2276 51
606 4224 34
607 1935 13
608 4225 66
609 4226 43
610 4227 70
611 2481 12
612 4228 10
613 4229 17
614 4230 73
615 4231 14
616 6322 75
617 4233 54
618 4234 38
619 2832 11
620 4235 45
621 4236 10
622 2045 35
623 4237 39
624 4238 41
625 2103 48
626 2461 83
627 4239 98
628 4240 72
629 2528 12
630 4241 12
631 2005 28
632 4242 51
633 2229 56
634 4243 69
635 2414 83
636 1936 20
637 4244 16
638 4245 29
639 4246 13
640 2369 10
641 4247 64
642 4248 10
643 4249 18
644 4250 18
645 2851 97
646 4251 87
647 4252 11
648 4253 81
649 1964 33
650 4254 15
651 4255 15
652 4256 98
653 4257 36
654 4258 51
655 4259 50
656 4260 17
657 1971 26
658 4261 52
659 4262 24
660 1932 18
661 2058 44
662 4263 29
663 2311 64
664 4264 74
665 2292 80
666 4265 24
667 2808 26
668 4266 8
669 2181 66
670 4267 80
671 4268 69
672 4269 24
673 2764 12
674 2000 30
675 2126 51
676 4270 33
677 4271 10
678 4272 72
679 2167 59
680 4273 81
681 6323 30
682 4275 31
683 2170 66
684 4276 47
685 2138 49
686 3062 24
687 4277 39
688 2689 33
689 4278 70
690 2254 72
691 4279 5
692 4280 43
693 4281 21
694 4282 18
695 4283 43
696 4284 18
697 4285 51
698 4286 13
699 4287 20
700 4288 76
701 4289 16
702 4290 21
703 2208 48
704 4291 80
705 4292 27
706 4293 19
707 4294 36
708 4295 19
709 4296 84
710 4297 23
711 6324 84
712 4298 28
713 4299 10
714 4300 35
715 2374 96
716 4301 32
717 4302 20
718 4303 32
719 4304 50
720 4305 10
721 4306 25
722 4307 71
723 2502 13
724 4308 25
725 4309 61
726 2237 64
727 2533 12
728 4310 81
729 2460 10
730 4311 78
731 4312 14
732 4313 11
733 4314 11
734 4315 49
735 4316 47
736 4317 78
737 2353 84
738 1966 25
739 4318 40
740 1986 29
741 4319 82
742 4320 24
743 4321 51
744 4322 69
745 2076 37
746 4323 13
747 4324 71
748 4325 78
749 4326 82
750 4327 66
751 4328 15
752 4329 41
753 4330 38
754 4331 10
755 4332 11
756 4333 11
757 4334 25
758 2006 29
759 4335 43
760 3206 17
761 4336 56
762 4337 12
763 4338 21
764 4339 49
765 2111 48
766 2271 74
767 2393 10
768 4340 10
769 4341 28
770 2087 45
771 6325 42
772 4343 18
773 4344 16
774 4345 11
775 4346 26
776 4347 46
777 4348 92
778 4349 15
779 6326 82
780 1928 19
781 2086 48
782 4350 32
783 2136 67
784 2301 71
785 2077 60
786 2385 10
787 4351 42
788 4352 13
789 4353 13
790 2492 13
791 4354 90
792 4355 69
793 4356 76
794 2663 15
795 4357 10
796 4358 34
797 4359 80
798 4360 12
799 3064 25
800 6327 41
801 4362 12
802 6328 19
803 4364 82
804 4365 92
805 4366 38
806 2449 11
807 4367 11
808 2063 43
809 4368 33
810 4369 86
811 4370 32
812 2428 10
813 2550 11
814 4371 10
815 2472 11
816 4372 26
817 2391 87
818 4373 28
819 4374 30
820 4375 14
821 4376 15
822 4377 13
823 4378 80
824 2226 55
825 2346 88
826 4379 18
827 2662 21
828 4380 12
829 2422 90
830 4381 12
831 4382 69
832 2427 79
833 2366 10
834 2454 10
835 4383 94
836 4384 17
837 4385 12
838 4386 44
839 4387 16
840 4388 18
841 2606 16
842 4389 65
843 4390 67
844 2654 18
845 4391 34
846 4392 94
847 4393 17
848 4394 11
849 2585 14
850 4395 12
851 2406 10
852 2579 13
853 2014 38
854 2358 10
855 4396 20
856 4397 16
857 4398 43
858 4399 38
859 4400 38
860 2238 61
861 4401 10
862 4402 13
863 4403 7
864 4404 22
865 4405 30
866 2204 42
867 4406 65
868 2319 77
869 4407 32
870 4408 12
871 4409 16
872 2337 82
873 2050 30
874 4410 35
875 4411 92
876 2059 44
877 4412 15
878 4413 26
879 4414 53
880 1944 21
881 2104 54
882 4415 14
883 2108 39
884 4416 11
885 2569 11
886 1970 31
887 4417 39
888 4418 49
889 4419 62
890 2445 96
891 4420 12
892 2048 30
893 4421 12
894 4422 64
895 4423 29
896 2396 72
897 4424 46
898 2754 22
899 4425 18
900 4426 12
901 2023 32
902 4427 17
903 2283 58
904 4428 63
905 2478 10
906 2706 10
907 4429 59
908 4430 54
909 4431 23
910 4432 10
911 4433 40
912 4434 14
913 4435 47
914 2212 59
915 4436 22
916 4437 72
917 2123 36
918 4438 80
919 4439 37
920 4440 23
921 4441 10
922 4442 15
923 4443 59
924 2195 74
925 2534 14
926 4444 13
927 6329 5
928 4445 46
929 4446 62
930 4447 16
931 4448 25
932 4449 11
933 4450 64
934 4451 37
935 4452 23
936 2465 10
937 2850 19
938 2145 65
939 2107 38
940 4453 14
941 4454 33
942 4455 56
943 4456 13
944 4457 70
945 4458 14
946 2144 50
947 4459 37
948 4460 28
949 4461 11
950 4462 27
951 4463 27
952 1929 20
953 4464 39
954 4465 46
955 2467 10
956 2331 82
957 4466 66
958 2435 10
959 4467 50
960 2004 37
961 1948 25
962 2190 52
963 4468 14
964 4469 61
965 4470 30
966 2362 91
967 4471 22
968 2377 94
969 4472 10
970 4473 45
971 4474 26
972 4475 14
973 4476 83
974 2568 15
975 2676 20
976 4477 14
977 4478 91
978 4479 53
979 2863 64
980 4480 90
981 2051 40
982 4481 38
983 4482 74
984 4483 25
985 4484 70
986 4485 16
987 2209 60
988 2400 83
989 4486 5
990 2524 12
991 2510 12
992 4487 53
993 4488 15
994 4489 35
995 4490 14
996 4491 32
997 4492 47
998 4493 14
999 2140 60
1000 4494 28
1001 4495 13
1002 2130 52
1003 4496 17
1004 2235 77
1005 2256 65
1006 4497 38
1007 3194 28
1008 4498 95
1009 4499 48
1010 4500 38
1011 4501 14
1012 2968 12
1013 4502 39
1014 4503 23
1015 2183 58
1016 4504 15
1017 4505 17
1018 4506 31
1019 2088 49
1020 4507 36
1021 2098 47
1022 4508 57
1023 4509 5
1024 4510 59
1025 4511 15
1026 4512 79
1027 4513 59
1028 4514 28
1029 4515 30
1030 4516 11
1031 2266 59
1032 4517 63
1033 4518 81
1034 4519 18
1035 2621 21
1036 4520 94
1037 4521 19
1038 2865 59
1039 4522 14
1040 4523 41
1041 4524 48
1042 4525 11
1043 4526 19
1044 2658 27
1045 4527 14
1046 4528 63
1047 4529 22
1048 4530 11
1049 4531 14
1050 4532 3
1051 2546 12
1052 4533 71
1053 4534 21
1054 2583 13
1055 4535 18
1056 6330 76
1057 4536 38
1058 4537 77
1059 2158 44
1060 6331 45
1061 4539 36
1062 2081 39
1063 4540 99
1064 4541 90
1065 4542 78
1066 4543 35
1067 4544 50
1068 2263 62
1069 4545 4
1070 4546 11
1071 4547 43
1072 4548 48
1073 4549 80
1074 4550 14
1075 4551 32
1076 1918 14
1077 4552 67
1078 4553 12
1079 4554 24
1080 4555 17
1081 4556 81
1082 4557 52
1083 4558 53
1084 4559 46
1085 4560 37
1086 2275 65
1087 4561 10
1088 4562 41
1089 2205 63
1090 4563 61
1091 4564 11
1092 4565 20
1093 4566 73
1094 6332 44
1095 4567 1
1096 2122 71
1097 2193 66
1098 2285 10
1099 4568 25
1100 2605 19
1101 1934 15
1102 4569 79
1103 4570 70
1104 2597 14
1105 4571 37
1106 4572 12
1107 4573 13
1108 4574 14
1109 4575 84
1110 4576 42
1111 2699 19
1112 2548 12
1113 4577 40
1114 4578 12
1115 4579 41
1116 4580 96
1117 4581 39
1118 4582 39
1119 4583 31
1120 4584 89
1121 4585 31
1122 4586 11
1123 4587 38
1124 1977 30
1125 4588 32
1126 2602 17
1127 4589 40
1128 4590 13
1129 4591 20
1130 4592 26
1131 4593 96
1132 4594 27
1133 2026 29
1134 4595 15
1135 4596 83
1136 2572 12
1137 4597 36
1138 4598 28
1139 2134 51
1140 4599 16
1141 4600 13
1142 4601 85
1143 4602 12
1144 3034 17
1145 1998 42
1146 4603 10
1147 6333 57
1148 4604 44
1149 4605 29
1150 2009 32
1151 2018 48
1152 4606 14
1153 4607 10
1154 2287 89
1155 4608 46
1156 4609 20
1157 4610 91
1158 4611 17
1159 4612 39
1160 4613 73
1161 4614 11
1162 4615 40
1163 4616 13
1164 4617 10
1165 2210 55
1166 4618 79
1167 4619 37
1168 4620 45
1169 4621 30
1170 4622 23
1171 4623 44
1172 2325 61
1173 2042 30
1174 4624 33
1175 4625 43
1176 2653 18
1177 4626 74
1178 4627 65
1179 4628 9
1180 4629 82
1181 2049 45
1182 4630 13
1183 4631 83
1184 4632 20
1185 4633 81
1186 4634 22
1187 2219 76
1188 2623 21
1189 4635 69
1190 2250 69
1191 2448 87
1192 2507 99
1193 2459 92
1194 2635 38
1195 2540 11
1196 4636 47
1197 6334 10
1198 2291 60
1199 4637 18
1200 2594 18
1201 1940 16
1202 4638 64
1203 2600 15
1204 4639 16
1205 4640 22
1206 4641 12
1207 4642 19
1208 2486 10
1209 4643 23
1210 2493 11
1211 4644 39
1212 2537 12
1213 4645 83
1214 4646 22
1215 4647 44
1216 2340 85
1217 2376 75
1218 4648 57
1219 2297 82
1220 2634 32
1221 4649 83
1222 4650 65
1223 4651 24
1224 2110 50
1225 4652 14
1226 1922 16
1227 4653 38
1228 4654 53
1229 4655 11
1230 2854 93
1231 2303 72
1232 4656 79
1233 4657 8
1234 2347 10
1235 4658 62
1236 1992 33
1237 2057 50
1238 2332 88
1239 4659 36
1240 2017 34
1241 4660 26
1242 4661 54
1243 4662 14
1244 4663 31
1245 2688 13
1246 4664 37
1247 4665 30
1248 2206 76
1249 4666 40
1250 2858 15
1251 2176 41
1252 4667 45
1253 4668 34
1254 4669 16
1255 2418 87
1256 2035 37
1257 4670 45
1258 2404 10
1259 4671 12
1260 4672 19
1261 4673 21
1262 2198 57
1263 2514 11
1264 4674 11
1265 4675 25
1266 4676 57
1267 4677 74
1268 4678 34
1269 4679 70
1270 2216 57
1271 4680 93
1272 4681 5
1273 4682 15
1274 4683 39
1275 4684 18
1276 4685 24
1277 1962 21
1278 4686 50
1279 2187 46
1280 2265 76
1281 4687 16
1282 2424 94
1283 2816 65
1284 4688 33
1285 4689 57
1286 4690 35
1287 4691 41
1288 2586 11
1289 2225 73
1290 4692 35
1291 4693 31
1292 4694 57
1293 4695 84
1294 4696 31
1295 4697 13
1296 2336 94
1297 2433 86
1298 4698 62
1299 4699 17
1300 2008 34
1301 4700 58
1302 2218 63
1303 4701 57
1304 4702 84
1305 4703 79
1306 4704 10
1307 4705 59
1308 2239 80
1309 4706 72
1310 2350 86
1311 4707 40
1312 4708 90
1313 2921 14
1314 4709 50
1315 4710 81
1316 4711 77
1317 4712 17
1318 4713 16
1319 4714 52
1320 4715 15
1321 4716 24
1322 4717 64
1323 4718 10
1324 4719 15
1325 4720 11
1326 4721 31
1327 4722 72
1328 4723 29
1329 4724 58
1330 2002 34
1331 4725 23
1332 4726 28
1333 4727 23
1334 2261 66
1335 4728 38
1336 1939 14
1337 4729 70
1338 4730 52
1339 2402 10
1340 4731 1
1341 2387 87
1342 4732 13
1343 2381 85
1344 4733 31
1345 3204 13
1346 2767 13
1347 6335 66
1348 4734 17
1349 4735 18
1350 4736 20
1351 4737 99
1352 4738 62
1353 4739 44
1354 4740 83
1355 4741 16
1356 4742 68
1357 4743 18
1358 4744 10
1359 2161 70
1360 2251 75
1361 2293 54
1362 4745 11
1363 4746 22
1364 2128 48
1365 4747 14
1366 6336 13
1367 2779 42
1368 1952 20
1369 4749 61
1370 4750 19
1371 4751 14
1372 4752 13
1373 4753 10
1374 4754 34
1375 4755 24
1376 2426 10
1377 4756 28
1378 4757 12
1379 4758 33
1380 4759 62
1381 4760 82
1382 3228 17
1383 4761 36
1384 4762 26
1385 4763 45
1386 4764 65
1387 1908 41
1388 4765 36
1389 4766 81
1390 4767 49
1391 4768 22
1392 4769 30
1393 4770 55
1394 4771 11
1395 4772 84
1396 4773 27
1397 6337 29
1398 2028 40
1399 4774 14
1400 2132 57
1401 4775 89
1402 2741 18
1403 4776 27
1404 2889 68
1405 4777 19
1406 4778 62
1407 4779 13
1408 2268 75
1409 4780 63
1410 4781 17
1411 4782 28
1412 4783 87
1413 2074 45
1414 4784 33
1415 4785 89
1416 4786 11
1417 4787 39
1418 3240 29
1419 4788 25
1420 4789 90
1421 4790 70
1422 4791 18
1423 2317 78
1424 4792 10
1425 4793 45
1426 4794 73
1427 2388 82
1428 4795 15
1429 4796 17
1430 4797 38
1431 6338 65
1432 2759 17
1433 4798 38
1434 4799 50
1435 4800 26
1436 2152 54
1437 4801 21
1438 2231 55
1439 4802 19
1440 4803 51
1441 2556 16
1442 2820 16
1443 4804 16
1444 4805 58
1445 4806 30
1446 2618 16
1447 2562 13
1448 4807 21
1449 4808 35
1450 4809 50
1451 4810 11
1452 4811 47
1453 4812 75
1454 4813 21
1455 4814 11
1456 4815 58
1457 4816 56
1458 4817 50
1459 2442 13
1460 4818 45
1461 4819 33
1462 2861 17
1463 4820 55
1464 2469 11
1465 2355 72
1466 4821 24
1467 4822 35
1468 2538 11
1469 4823 13
1470 2829 14
1471 4824 16
1472 1926 13
1473 2278 66
1474 4825 36
1475 4826 43
1476 2289 72
1477 4827 14
1478 4828 40
1479 4829 96
1480 4830 12
1481 4831 8
1482 2166 51
1483 1999 37
1484 2457 90
1485 4832 75
1486 1951 23
1487 2405 84
1488 4833 26
1489 2417 11
1490 4834 37
1491 4835 11
1492 4836 71
1493 4837 25
1494 4838 34
1495 2440 92
1496 4839 58
1497 4840 50
1498 4841 72
1499 4842 51
1500 2444 12
1501 4843 15
1502 4844 81
1503 4845 17
1504 2947 16
1505 4846 16
1506 4847 32
1507 4848 18
1508 2679 13
1509 4849 11
1510 4850 10
1511 4851 17
1512 4852 77
1513 4853 45
1514 4854 29
1515 4855 29
1516 4856 53
1517 2156 48
1518 4857 22
1519 4858 30
1520 2523 13
1521 4859 10
1522 4860 47
1523 4861 10
1524 4862 34
1525 4863 12
1526 4864 49
1527 6339 13
1528 4866 91
1529 4867 96
1530 4868 45
1531 1981 39
1532 1933 20
1533 4869 17
1534 4870 43
1535 1910 98
1536 4871 11
1537 1905 43
1538 4872 24
1539 4873 27
1540 4874 16
1541 4875 30
1542 4876 72
1543 4877 53
1544 4878 67
1545 1924 15
1546 4879 4
1547 2709 12
1548 2260 84
1549 4880 58
1550 4881 13
1551 4882 84
1552 1946 19
1553 4883 11
1554 4884 23
1555 2910 97
1556 4885 11
1557 2463 10
1558 4886 11
1559 2503 10
1560 2522 11
1561 2413 69
1562 4887 45
1563 4888 40
1564 4889 15
1565 4890 27
1566 4891 58
1567 4892 13
1568 2032 27
1569 4893 39
1570 4894 45
1571 4895 18
1572 4896 23
1573 4897 51
1574 4898 16
1575 2452 84
1576 2443 11
1577 4899 39
1578 4900 21
1579 4901 49
1580 4902 87
1581 4903 57
1582 4904 97
1583 4905 14
1584 4906 31
1585 4907 11
1586 4908 31
1587 4909 74
1588 4910 88
1589 4911 57
1590 2024 37
1591 4912 78
1592 4913 18
1593 4914 10
1594 4915 56
1595 4916 18
1596 4917 82
1597 4918 82
1598 4919 35
1599 4920 22
1600 4921 30
1601 4922 60
1602 4923 58
1603 2723 28
1604 4924 18
1605 2359 86
1606 4925 73
1607 4926 23
1608 2093 42
1609 2054 43
1610 4927 81
1611 4928 31
1612 4929 60
1613 4930 11
1614 4931 22
1615 4932 25
1616 4933 41
1617 4934 11
1618 4935 29
1619 2573 14
1620 4936 11
1621 4937 17
1622 6340 77
1623 4938 43
1624 2531 14
1625 4939 79
1626 4940 15
1627 2526 10
1628 4941 13
1629 4942 96
1630 4943 84
1631 4944 30
1632 3072 24
1633 4945 24
1634 2279 70
1635 4946 30
1636 2398 94
1637 4947 48
1638 1956 22
1639 2168 57
1640 4948 37
1641 2687 21
1642 2117 38
1643 4949 88
1644 4950 62
1645 2119 50
1646 4951 65
1647 4952 97
1648 4953 22
1649 4954 14
1650 3230 25
1651 4955 21
1652 2025 31
1653 2836 13
1654 4956 15
1655 4957 22
1656 4958 28
1657 4959 51
1658 4960 22
1659 2389 89
1660 4961 10
1661 4962 21
1662 4963 64
1663 2382 81
1664 2102 40
1665 4964 93
1666 4965 17
1667 6341 17
1668 4966 10
1669 4967 60
1670 4968 20
1671 1955 15
1672 4969 18
1673 2649 19
1674 4970 11
1675 4971 39
1676 4972 11
1677 4973 16
1678 4974 17
1679 4975 61
1680 4976 77
1681 4977 72
1682 4978 14
1683 4979 10
1684 2603 14
1685 4980 21
1686 2561 11
1687 2105 55
1688 1968 20
1689 4981 18
1690 4982 38
1691 4983 26
1692 2809 16
1693 2329 74
1694 6342 17
1695 2411 10
1696 4985 11
1697 4986 57
1698 4987 51
1699 2095 49
1700 4988 15
1701 4989 11
1702 4990 62
1703 4991 16
1704 4992 97
1705 4993 82
1706 4994 63
1707 6343 10
1708 2640 51
1709 4996 24
1710 4997 20
1711 4998 97
1712 2113 53
1713 4999 30
1714 2192 59
1715 5000 36
1716 2772 25
1717 5001 87
1718 5002 19
1719 2501 11
1720 5003 19
1721 5004 21
1722 3087 52
1723 5005 54
1724 5006 75
1725 2401 91
1726 5007 77
1727 2986 16
1728 2064 29
1729 2421 70
1730 2114 62
1731 5008 91
1732 2007 27
1733 5009 98
1734 5010 25
1735 5011 27
1736 3001 20
1737 5012 79
1738 5013 17
1739 5014 25
1740 5015 45
1741 2632 33
1742 2365 88
1743 5016 16
1744 5017 77
1745 5018 77
1746 2599 19
1747 1927 10
1748 5019 30
1749 2197 76
1750 2220 67
1751 5020 15
1752 5021 24
1753 5022 16
1754 5023 34
1755 5024 11
1756 2441 10
1757 5025 88
1758 5026 64
1759 1974 38
1760 1976 31
1761 5027 93
1762 2567 11
1763 1963 24
1764 5028 11
1765 2624 23
1766 5029 72
1767 2416 10
1768 5030 78
1769 5031 14
1770 5032 17
1771 5033 59
1772 5034 48
1773 2084 49
1774 5035 24
1775 2515 98
1776 2379 91
1777 5036 16
1778 5037 11
1779 5038 21
1780 5039 97
1781 1989 33
1782 5040 67
1783 5041 35
1784 2545 10
1785 2153 57
1786 2373 87
1787 2630 28
1788 1958 20
1789 2644 17
1790 2370 98
1791 2299 84
1792 5042 52
1793 2883 10
1794 5043 53
1795 5044 80
1796 5045 10
1797 5046 17
1798 5047 40
1799 5048 18
1800 5049 24
1801 5050 37
1802 5051 57
1803 5052 10
1804 5053 43
1805 5054 16
1806 2495 12
1807 5055 29
1808 5056 13
1809 2505 95
1810 5057 32
1811 5058 22
1812 5059 53
1813 5060 11
1814 5061 42
1815 5062 24
1816 5063 50
1817 2582 13
1818 2194 50
1819 5064 69
1820 2295 75
1821 5065 21
1822 5066 14
1823 2222 63
1824 2241 63
1825 5067 31
1826 5068 61
1827 5069 88
1828 5070 31
1829 2555 14
1830 5071 18
1831 5072 85
1832 5073 60
1833 5074 23
1834 5075 23
1835 5076 46
1836 5077 76
1837 2675 12
1838 2308 86
1839 5078 34
1840 5079 25
1841 5080 67
1842 5081 33
1843 5082 99
1844 5083 17
1845 2344 87
1846 5084 33
1847 5085 37
1848 5086 50
1849 2269 67
1850 5087 18
1851 5088 40
1852 5089 43
1853 5090 74
1854 5091 21
1855 2742 16
1856 5092 15
1857 2560 13
1858 2262 57
1859 5093 14
1860 5094 19
1861 5095 12
1862 5096 28
1863 5097 10
1864 5098 27
1865 2068 47
1866 5099 43
1867 2674 16
1868 2596 15
1869 2169 68
1870 2771 15
1871 2665 22
1872 5100 52
1873 5101 12
1874 5102 27
1875 5103 13
1876 2179 61
1877 5104 47
1878 5105 24
1879 5106 24
1880 5107 99
1881 5108 17
1882 2247 70
1883 2633 31
1884 2015 29
1885 2284 81
1886 5109 42
1887 2116 60
1888 5110 15
1889 2617 22
1890 2053 37
1891 5111 83
1892 5112 76
1893 5113 38
1894 5114 26
1895 5115 58
1896 5116 55
1897 5117 52
1898 5118 85
1899 5119 86
1900 5120 13
1901 5121 26
1902 5122 22
1903 1965 30
1904 5123 36
1905 2856 53
1906 5124 55
1907 5125 20
1908 5126 19
1909 5127 25
1910 5128 25
1911 5129 12
1912 5130 23
1913 6344 14
1914 5132 26
1915 5133 30
1916 5134 10
1917 5135 43
1918 3015 10
1919 5136 17
1920 5137 41
1921 5138 60
1922 5139 38
1923 5140 38
1924 5141 52
1925 5142 17
1926 5143 57
1927 5144 58
1928 5145 50
1929 2985 11
1930 2835 47
1931 2981 13
1932 2828 24
1933 2964 56
1934 2833 34
1935 5146 61
1936 2915 77
1937 5147 31
1938 5148 24
1939 5149 18
1940 3108 17
1941 5150 63
1942 5151 57
1943 5152 61
1944 3107 42
1945 5153 36
1946 5154 13
1947 3310 22
1948 5155 33
1949 6345 35
1950 5157 66
1951 2837 32
1952 2807 37
1953 2801 34
1954 5158 77
1955 5159 39
1956 2817 69
1957 5160 72
1958 5161 46
1959 5162 62
1960 5163 17
1961 5164 11
1962 5165 53
1963 5166 71
1964 2876 10
1965 5167 13
1966 2919 28
1967 5168 24
1968 2781 20
1969 5169 37
1970 5170 16
1971 3180 27
1972 5171 67
1973 5172 79
1974 2946 12
1975 5173 91
1976 5174 13
1977 5175 20
1978 5176 43
1979 5177 24
1980 2805 48
1981 5178 11
1982 5179 28
1983 5180 10
1984 3215 16
1985 5181 18
1986 5182 27
1987 2934 83
1988 5183 13
1989 5184 36
1990 2896 68
1991 5185 10
1992 5186 15
1993 5187 10
1994 5188 59
1995 5189 52
1996 5190 26
1997 5191 68
1998 5192 26
1999 5193 10
2000 2945 91
2001 5194 10
2002 6346 31
2003 5196 12
2004 2787 35
2005 5197 31
2006 5198 11
2007 2979 62
2008 2778 48
2009 5199 14
2010 6347 39
2011 5201 69
2012 5202 18
2013 5203 22
2014 3307 25
2015 5204 84
2016 5205 22
2017 6348 53
2018 3182 23
2019 5207 14
2020 3173 16
2021 5208 16
2022 5209 54
2023 5210 33
2024 5211 19
2025 2791 75
2026 2756 56
2027 5212 79
2028 5213 25
2029 5214 54
2030 5215 61
2031 5216 22
2032 5217 23
2033 5218 29
2034 3096 39
2035 2774 26
2036 5219 98
2037 5220 63
2038 2884 21
2039 5221 32
2040 2848 18
2041 5222 17
2042 2874 19
2043 5223 78
2044 5224 15
2045 5225 20
2046 5226 15
2047 5227 54
2048 5228 62
2049 2972 11
2050 5229 19
2051 2894 54
2052 5230 28
2053 5231 40
2054 2844 52
2055 2908 58
2056 2936 79
2057 2825 44
2058 2768 86
2059 2901 53
2060 5232 30
2061 5233 13
2062 5234 33
2063 5235 15
2064 5236 81
2065 5237 77
2066 2975 12
2067 5238 32
2068 2916 81
2069 5239 57
2070 2714 68
2071 5240 23
2072 5241 20
2073 5242 11
2074 5243 20
2075 5244 26
2076 2923 31
2077 5245 25
2078 5246 82
2079 5247 68
2080 2777 52
2081 3000 82
2082 5248 12
2083 5249 41
2084 5250 16
2085 5251 78
2086 2846 29
2087 5252 20
2088 5253 37
2089 2811 67
2090 5254 20
2091 5255 18
2092 5256 19
2093 5257 11
2094 2766 93
2095 3058 17
2096 5258 15
2097 5259 17
2098 5260 30
2099 5261 95
2100 2990 76
2101 5262 76
2102 5263 62
2103 2738 74
2104 5264 13
2105 2932 59
2106 5265 35
2107 2704 85
2108 3077 23
2109 5266 82
2110 3023 13
2111 2993 94
2112 5267 57
2113 2750 52
2114 3113 36
2115 5268 11
2116 5269 79
2117 5270 47
2118 2819 76
2119 3041 17
2120 5271 17
2121 2708 53
2122 2898 73
2123 5272 21
2124 5273 36
2125 3245 96
2126 3129 19
2127 6349 11
2128 5274 29
2129 5275 12
2130 2726 57
2131 5276 45
2132 2927 24
2133 5277 70
2134 2745 74
2135 5278 96
2136 3153 17
2137 5279 13
2138 5280 11
2139 5281 14
2140 5282 17
2141 5283 15
2142 5284 15
2143 5285 61
2144 5286 12
2145 2749 14
2146 5287 97
2147 5288 25
2148 5289 31
2149 5290 61
2150 5291 11
2151 5292 29
2152 5293 79
2153 6350 99
2154 5294 15
2155 5295 41
2156 2834 60
2157 5296 14
2158 2684 78
2159 5297 16
2160 5298 43
2161 5299 79
2162 5300 84
2163 2693 89
2164 5301 66
2165 5302 19
2166 5303 44
2167 5304 53
2168 3074 22
2169 3479 20
2170 3081 32
2171 5305 82
2172 5306 57
2173 5307 35
2174 2692 50
2175 5308 24
2176 2765 11
2177 2806 55
2178 5309 93
2179 3099 29
2180 2878 19
2181 3059 17
2182 2673 83
2183 2702 59
2184 5310 34
2185 5311 65
2186 5312 18
2187 2680 53
2188 5313 23
2189 5314 13
2190 2891 24
2191 5315 18
2192 5316 27
2193 2924 17
2194 5317 79
2195 5318 10
2196 5319 18
2197 5320 10
2198 5321 65
2199 5322 82
2200 5323 11
2201 5324 51
2202 5325 10
2203 2718 56
2204 5326 11
2205 5327 37
2206 3200 77
2207 3282 16
2208 5328 12
2209 5329 94
2210 5330 25
2211 5331 11
2212 5332 33
2213 5333 27
2214 5334 82
2215 5335 17
2216 5336 13
2217 5337 46
2218 2755 45
2219 2796 75
2220 2877 80
2221 3236 22
2222 2867 24
2223 5338 11
2224 5339 95
2225 2868 52
2226 2950 10
2227 2918 83
2228 2875 95
2229 2906 28
2230 5340 34
2231 5341 40
2232 5342 98
2233 5343 18
2234 5344 14
2235 5345 27
2236 5346 17
2237 5347 14
2238 3262 13
2239 5348 38
2240 2893 24
2241 2911 20
2242 3097 54
2243 2940 82
2244 5349 34
2245 5350 14
2246 5351 19
2247 2690 13
2248 5352 11
2249 2895 61
2250 2996 13
2251 5353 36
2252 2961 99
2253 5354 68
2254 6351 14
2255 5356 10
2256 2839 99
2257 5357 11
2258 5358 13
2259 5359 30
2260 5360 71
2261 5361 11
2262 5362 23
2263 5363 73
2264 5364 94
2265 5365 35
2266 5366 37
2267 3022 10
2268 3294 13
2269 2860 30
2270 5367 54
2271 3249 59
2272 5368 90
2273 5369 94
2274 2886 1
2275 3150 24
2276 5370 17
2277 5371 70
2278 3055 10
2279 2813 54
2280 5372 98
2281 5373 14
2282 5374 44
2283 5375 18
2284 2760 67
2285 5376 35
2286 2917 54
2287 2892 24
2288 5377 54
2289 5378 2
2290 5379 21
2291 3035 76
2292 5380 2
2293 2719 75
2294 5381 98
2295 3110 24
2296 5382 95
2297 5383 12
2298 3144 24
2299 3198 23
2300 5384 21
2301 5385 36
2302 5386 85
2303 3018 13
2304 5387 25
2305 5388 32
2306 3286 15
2307 2870 27
2308 3067 24
2309 5389 68
2310 2988 59
2311 3019 12
2312 5390 42
2313 5391 49
2314 5392 20
2315 5393 97
2316 5394 59
2317 5395 55
2318 2701 49
2319 5396 22
2320 5397 38
2321 5398 95
2322 5399 10
2323 5400 94
2324 5401 29
2325 5402 30
2326 5403 39
2327 5404 50
2328 5405 16
2329 2991 86
2330 5406 10
2331 5407 56
2332 2956 11
2333 5408 92
2334 5409 11
2335 5410 12
2336 5411 42
2337 2667 73
2338 2949 24
2339 5412 74
2340 5413 47
2341 5414 47
2342 5415 12
2343 5416 13
2344 2962 50
2345 5417 11
2346 2938 73
2347 3137 27
2348 2783 78
2349 5418 23
2350 2935 76
2351 2887 64
2352 5419 11
2353 2905 35
2354 2720 79
2355 5420 15
2356 5421 19
2357 3028 14
2358 5422 22
2359 5423 80
2360 5424 48
2361 5425 12
2362 2903 50
2363 2928 44
2364 5426 5
2365 2664 11
2366 3216 19
2367 5427 19
2368 5428 44
2369 3029 14
2370 5429 21
2371 5430 10
2372 6352 98
2373 5431 40
2374 2995 13
2375 5432 11
2376 2953 22
2377 5433 69
2378 5434 66
2379 5435 13
2380 5436 48
2381 2992 94
2382 3203 22
2383 5437 64
2384 5438 49
2385 5439 35
2386 3004 10
2387 3159 11
2388 3037 16
2389 5440 16
2390 5441 26
2391 3285 18
2392 2909 19
2393 3050 93
2394 5442 11
2395 5443 52
2396 3051 14
2397 5444 62
2398 5445 63
2399 5446 87
2400 3039 42
2401 3126 24
2402 5447 43
2403 5448 18
2404 5449 28
2405 3199 20
2406 5450 89
2407 2929 22
2408 5451 26
2409 3183 16
2410 3289 16
2411 3119 30
2412 5452 58
2413 2685 10
2414 2800 45
2415 5453 10
2416 3025 12
2417 5454 21
2418 5455 24
2419 3247 96
2420 2989 50
2421 5456 18
2422 3069 11
2423 2732 12
2424 5457 28
2425 2802 46
2426 5458 75
2427 2826 68
2428 5459 44
2429 5460 30
2430 3070 17
2431 5461 18
2432 5462 79
2433 5463 22
2434 5464 17
2435 3314 17
2436 5465 93
2437 5466 16
2438 2926 68
2439 5467 10
2440 5468 64
2441 2930 58
2442 5469 31
2443 2977 43
2444 5470 95
2445 5471 17
2446 5472 31
2447 5473 12
2448 5474 92
2449 3197 21
2450 5475 91
2451 5476 37
2452 2744 15
2453 5477 16
2454 3116 19
2455 5478 11
2456 5479 16
2457 3026 88
2458 2646 11
2459 5480 87
2460 5481 69
2461 3071 11
2462 5482 14
2463 3109 16
2464 3032 10
2465 5483 25
2466 5484 11
2467 2885 71
2468 5485 12
2469 5486 69
2470 3105 43
2471 5487 50
2472 2727 90
2473 3140 19
2474 5488 18
2475 5489 24
2476 5490 39
2477 5491 14
2478 2780 17
2479 3403 50
2480 5492 22
2481 6353 41
2482 3214 14
2483 5493 16
2484 5494 22
2485 6354 20
2486 3061 18
2487 5496 71
2488 5497 11
2489 3056 13
2490 5498 36
2491 5499 93
2492 3049 16
2493 5500 77
2494 5501 18
2495 5502 10
2496 5503 21
2497 2655 13
2498 2920 55
2499 5504 21
2500 5505 18
2501 3094 16
2502 2954 91
2503 5506 14
2504 5507 28
2505 3042 11
2506 5508 31
2507 2958 26
2508 5509 22
2509 5510 14
2510 5511 15
2511 5512 12
2512 5513 10
2513 5514 34
2514 3009 11
2515 3079 18
2516 3169 12
2517 6355 82
2518 2970 77
2519 5516 98
2520 5517 94
2521 5518 35
2522 5519 53
2523 3075 87
2524 5520 16
2525 5521 34
2526 5522 23
2527 5523 15
2528 2963 84
2529 5524 69
2530 2840 89
2531 3120 26
2532 5525 76
2533 2959 19
2534 3006 99
2535 5526 84
2536 3012 50
2537 3308 19
2538 2998 85
2539 5527 92
2540 3008 73
2541 5528 11
2542 5529 93
2543 5530 36
2544 5531 23
2545 5532 47
2546 5533 29
2547 5534 31
2548 2859 36
2549 3005 46
2550 5535 68
2551 5536 28
2552 5537 30
2553 5538 27
2554 5539 20
2555 5540 61
2556 3187 36
2557 5541 66
2558 2967 73
2559 5542 43
2560 3175 19
2561 5543 13
2562 3237 26
2563 5544 15
2564 5545 37
2565 5546 71
2566 2763 38
2567 2879 25
2568 2999 98
2569 3412 27
2570 5547 29
2571 2650 10
2572 2983 90
2573 3040 14
2574 3065 23
2575 3162 12
2576 5548 15
2577 2965 82
2578 3202 21
2579 3045 92
2580 5549 14
2581 5550 32
2582 5551 22
2583 5552 10
2584 2648 15
2585 5553 25
2586 5554 88
2587 3078 11
2588 5555 14
2589 5556 21
2590 5557 82
2591 5558 32
2592 5559 18
2593 3052 16
2594 5560 11
2595 5561 35
2596 2831 57
2597 2639 18
2598 5562 69
2599 2922 50
2600 3111 25
2601 5563 24
2602 6356 21
2603 5564 32
2604 3031 29
2605 5565 62
2606 5566 77
2607 5567 11
2608 5568 21
2609 3082 19
2610 5569 48
2611 2982 50
2612 5570 47
2613 5571 20
2614 3089 41
2615 5572 73
2616 5573 15
2617 3053 11
2618 3021 57
2619 5574 73
2620 3088 41
2621 5575 45
2622 5576 16
2623 3036 88
2624 3068 26
2625 5577 20
2626 5578 80
2627 5579 10
2628 5580 48
2629 5581 77
2630 3073 20
2631 5582 31
2632 5583 26
2633 5584 17
2634 5585 20
2635 5586 28
2636 3090 30
2637 3084 12
2638 5587 40
2639 3323 19
2640 3123 1
2641 5588 12
2642 6357 39
2643 5590 19
2644 3319 20
2645 5591 40
2646 3355 19
2647 5592 22
2648 5593 20
2649 3257 11
2650 6358 85
2651 5595 75
2652 5596 54
2653 3326 18
2654 3267 69
2655 5597 16
2656 5598 16
2657 5599 63
2658 3322 15
2659 5600 34
2660 5601 76
2661 3103 19
2662 5602 22
2663 5603 23
2664 5604 19
2665 3358 25
2666 3293 1
2667 3114 34
2668 5605 10
2669 5606 81
2670 5607 21
2671 5608 14
2672 5609 61
2673 3288 51
2674 6359 64
2675 5610 38
2676 3158 16
2677 5611 14
2678 5612 11
2679 5613 13
2680 3328 16
2681 5614 87
2682 5615 63
2683 3263 64
2684 3348 53
2685 3210 35
2686 5616 15
2687 5617 55
2688 3258 52
2689 3353 12
2690 5618 21
2691 3121 1
2692 5619 79
2693 3418 86
2694 5620 46
2695 5621 36
2696 5622 19
2697 3283 10
2698 5623 29
2699 3213 1
2700 5624 33
2701 5625 61
2702 5626 61
2703 5627 11
2704 3454 23
2705 6360 98
2706 5629 82
2707 5630 24
2708 3218 1
2709 5631 53
2710 5632 28
2711 5633 78
2712 5634 29
2713 3195 1
2714 5635 12
2715 3336 19
2716 5636 77
2717 5637 7
2718 5638 98
2719 5639 62
2720 6361 16
2721 5640 38
2722 5641 42
2723 5642 27
2724 5643 16
2725 5644 12
2726 3426 27
2727 3212 59
2728 5645 74
2729 3134 1
2730 5646 30
2731 5647 15
2732 3272 63
2733 5648 59
2734 6362 68
2735 3305 15
2736 5650 31
2737 5651 19
2738 5652 46
2739 5653 93
2740 5654 40
2741 3334 17
2742 3299 12
2743 5655 17
2744 5656 10
2745 3525 35
2746 5657 14
2747 5658 64
2748 5659 10
2749 3330 19
2750 3571 30
2751 5660 22
2752 5661 21
2753 5662 12
2754 5663 28
2755 5664 23
2756 3404 26
2757 5665 13
2758 3252 1
2759 5666 15
2760 3179 81
2761 6363 54
2762 5668 22
2763 3346 18
2764 3405 37
2765 3373 45
2766 3327 18
2767 3246 33
2768 3292 14
2769 5669 52
2770 5670 40
2771 3231 36
2772 3152 1
2773 5671 27
2774 3451 12
2775 5672 31
2776 5673 10
2777 3265 85
2778 5674 88
2779 3372 25
2780 6364 17
2781 5676 19
2782 3599 11
2783 5677 20
2784 5678 65
2785 5679 49
2786 5680 78
2787 5681 78
2788 5682 98
2789 5683 10
2790 5684 34
2791 3157 15
2792 5685 13
2793 5686 22
2794 5687 95
2795 5688 13
2796 3161 1
2797 5689 19
2798 5690 42
2799 5691 88
2800 5692 22
2801 3271 10
2802 3359 21
2803 5693 11
2804 3234 29
2805 5694 27
2806 3290 58
2807 3383 11
2808 5695 74
2809 5696 12
2810 3209 45
2811 3254 42
2812 3244 96
2813 6365 10
2814 5697 41
2815 6366 15
2816 5699 43
2817 3145 18
2818 5700 33
2819 5701 37
2820 3261 34
2821 5702 14
2822 5703 25
2823 3093 12
2824 5704 67
2825 5705 78
2826 3248 25
2827 3253 39
2828 3232 51
2829 5706 97
2830 5707 10
2831 5708 15
2832 3462 19
2833 3189 10
2834 5709 13
2835 3201 14
2836 5710 14
2837 3415 31
2838 5711 54
2839 3279 64
2840 3316 12
2841 5712 19
2842 5713 12
2843 5714 94
2844 3185 45
2845 3349 17
2846 3402 11
2847 5715 30
2848 5716 12
2849 5717 87
2850 3281 44
2851 5718 51
2852 5719 19
2853 5720 75
2854 6367 17
2855 5721 61
2856 5722 12
2857 5723 28
2858 3176 55
2859 5724 88
2860 5725 68
2861 5726 41
2862 5727 12
2863 5728 37
2864 5729 41
2865 3370 89
2866 5730 27
2867 3298 21
2868 3335 21
2869 3147 22
2870 5731 53
2871 5732 11
2872 5733 30
2873 5734 84
2874 3226 45
2875 5735 27
2876 5736 99
2877 5737 16
2878 5738 73
2879 5739 1
2880 5740 50
2881 5741 18
2882 5742 47
2883 3115 69
2884 3178 78
2885 5743 12
2886 3143 11
2887 3264 71
2888 5744 31
2889 5745 54
2890 5746 30
2891 3160 60
2892 3291 10
2893 3223 12
2894 5747 26
2895 3329 15
2896 5748 64
2897 3277 11
2898 5749 55
2899 5750 70
2900 5751 10
2901 3409 19
2902 5752 97
2903 3130 1
2904 5753 14
2905 3174 11
2906 3452 13
2907 5754 16
2908 3220 91
2909 5755 14
2910 3250 60
2911 5756 11
2912 5757 16
2913 5758 93
2914 5759 30
2915 5760 40
2916 3423 20
2917 3392 17
2918 5761 99
2919 3498 26
2920 3433 32
2921 3117 19
2922 6368 13
2923 5762 46
2924 5763 19
2925 6369 78
2926 5765 45
2927 5766 15
2928 3318 15
2929 5767 12
2930 3485 23
2931 5768 13
2932 5769 20
2933 5770 26
2934 5771 15
2935 3127 16
2936 5772 17
2937 5773 25
2938 3172 10
2939 5774 74
2940 3207 93
2941 5775 11
2942 5776 28
2943 6370 32
2944 5778 94
2945 3339 11
2946 3208 1
2947 6371 61
2948 5779 13
2949 5780 15
2950 5781 35
2951 5782 64
2952 5783 24
2953 5784 84
2954 5785 72
2955 5786 48
2956 5787 32
2957 5788 25
2958 3317 16
2959 5789 11
2960 5790 23
2961 5791 11
2962 5792 74
2963 3448 10
2964 3167 12
2965 3224 41
2966 5793 61
2967 3303 12
2968 5794 22
2969 5795 12
2970 5796 10
2971 5797 11
2972 5798 11
2973 5799 84
2974 3225 99
2975 5800 13
2976 5801 79
2977 5802 79
2978 5803 22
2979 5804 11
2980 5805 17
2981 3181 62
2982 5806 15
2983 5807 4
2984 5808 6
2985 3301 97
2986 5809 16
2987 5810 10
2988 3146 35
2989 5811 11
2990 3343 79
2991 3164 53
2992 3475 14
2993 5812 28
2994 6372 14
2995 3495 25
2996 5814 11
2997 5815 77
2998 3296 82
2999 5816 19
3000 5817 17
3001 5818 37
3002 3274 58
3003 5819 11
3004 5820 29
3005 5821 15
3006 3239 19
3007 5822 56
3008 5823 20
3009 5824 83
3010 5825 2
3011 5826 87
3012 5827 54
3013 5828 15
3014 5829 28
3015 5830 76
3016 5831 12
3017 5832 47
3018 5833 10
3019 3332 14
3020 5834 32
3021 3131 10
3022 3321 15
3023 3297 67
3024 5835 18
3025 3229 34
3026 5836 17
3027 3378 19
3028 3278 46
3029 5837 55
3030 5838 15
3031 3104 1
3032 3400 28
3033 5839 15
3034 3333 14
3035 3100 18
3036 3306 77
3037 3356 13
3038 5840 24
3039 3515 39
3040 3270 40
3041 3436 14
3042 3312 11
3043 5841 40
3044 5842 34
3045 5843 54
3046 5844 20
3047 3302 19
3048 5845 87
3049 5846 99
3050 3235 85
3051 3276 43
3052 3478 92
3053 5847 26
3054 5848 77
3055 5849 12
3056 3386 36
3057 5850 98
3058 5851 87
3059 3275 63
3060 5852 41
3061 3342 95
3062 5853 21
3063 5854 36
3064 5855 54
3065 5856 11
3066 5857 25
3067 3344 93
3068 3566 56
3069 3325 13
3070 3453 13
3071 5858 54
3072 3347 18
3073 5859 99
3074 5860 76
3075 5861 16
3076 5862 16
3077 3345 13
3078 3133 1
3079 3360 26
3080 5863 37
3081 3357 17
3082 3352 98
3083 5864 20
3084 3361 13
3085 5865 36
3086 5866 24
3087 3368 37
3088 3365 17
3089 3366 31
3090 3363 94
3091 3565 12
3092 5867 17
3093 5868 73
3094 3508 28
3095 5869 29
3096 3382 38
3097 5870 49
3098 5871 10
3099 3526 31
3100 5872 31
3101 5873 27
3102 5874 38
3103 5875 42
3104 5876 10
3105 5877 10
3106 5878 15
3107 5879 19
3108 5880 15
3109 3504 21
3110 5881 68
3111 3458 81
3112 5882 14
3113 3618 40
3114 5883 52
3115 3557 36
3116 6373 75
3117 5884 13
3118 5885 18
3119 5886 18
3120 5887 10
3121 3505 20
3122 5888 10
3123 5889 21
3124 5890 22
3125 5891 29
3126 3444 31
3127 3519 19
3128 5892 84
3129 3411 21
3130 3484 19
3131 3646 72
3132 5893 39
3133 3534 44
3134 5894 31
3135 5895 24
3136 5896 74
3137 3487 14
3138 3397 1
3139 6374 21
3140 5898 29
3141 5899 51
3142 5900 52
3143 3506 16
3144 5901 13
3145 5902 52
3146 5903 13
3147 5904 46
3148 5905 27
3149 5906 55
3150 5907 41
3151 5908 14
3152 3408 13
3153 3396 22
3154 5909 23
3155 5910 85
3156 5911 25
3157 3376 1
3158 5912 17
3159 5913 14
3160 5914 37
3161 6375 44
3162 5915 30
3163 5916 15
3164 3388 50
3165 5917 13
3166 3466 72
3167 3522 26
3168 5918 20
3169 3490 12
3170 5919 34
3171 5920 75
3172 3461 20
3173 3465 11
3174 5921 29
3175 3420 33
3176 3552 30
3177 5922 93
3178 3488 72
3179 3494 17
3180 3416 1
3181 5923 17
3182 5924 69
3183 3449 47
3184 5925 13
3185 5926 17
3186 5927 61
3187 3533 24
3188 5928 12
3189 5929 26
3190 3560 44
3191 5930 14
3192 5931 58
3193 5932 18
3194 5933 24
3195 5934 52
3196 5935 52
3197 5936 12
3198 5937 10
3199 5938 92
3200 5939 97
3201 5940 25
3202 5941 32
3203 5942 10
3204 3414 13
3205 3584 49
3206 5943 26
3207 6376 85
3208 3486 18
3209 5944 22
3210 5945 16
3211 5946 26
3212 3440 10
3213 5947 37
3214 3556 14
3215 3477 67
3216 5948 20
3217 5949 33
3218 5950 28
3219 5951 34
3220 5952 12
3221 5953 11
3222 5954 25
3223 5955 11
3224 3585 32
3225 5956 16
3226 3483 14
3227 5957 23
3228 5958 30
3229 5959 30
3230 3410 28
3231 5960 52
3232 3596 31
3233 5961 90
3234 3492 18
3235 5962 19
3236 5963 39
3237 3636 55
3238 5964 26
3239 3468 75
3240 5965 32
3241 5966 46
3242 6377 10
3243 5968 14
3244 3393 89
3245 5969 9
3246 5970 11
3247 3611 25
3248 5971 32
3249 5972 12
3250 3456 19
3251 5973 35
3252 5974 38
3253 5975 57
3254 3395 89
3255 5976 13
3256 5977 90
3257 6378 22
3258 5978 44
3259 3469 1
3260 5979 59
3261 5980 14
3262 5981 29
3263 5982 15
3264 5983 52
3265 3647 32
3266 5984 27
3267 3387 17
3268 5985 16
3269 5986 69
3270 3499 88
3271 3500 13
3272 5987 42
3273 5988 27
3274 5989 30
3275 3545 44
3276 3551 28
3277 3445 19
3278 5990 12
3279 3390 20
3280 5991 19
3281 5992 98
3282 5993 35
3283 3425 20
3284 5994 31
3285 5995 26
3286 5996 19
3287 5997 38
3288 3587 37
3289 3496 49
3290 5998 60
3291 3476 73
3292 5999 69
3293 3501 30
3294 3374 23
3295 6000 12
3296 6001 10
3297 6002 88
3298 3562 17
3299 3467 79
3300 6003 29
3301 6379 71
3302 6004 27
3303 3531 26
3304 6005 10
3305 3398 26
3306 3430 18
3307 6380 13
3308 3377 90
3309 6006 21
3310 3460 13
3311 6007 34
3312 3447 95
3313 6008 27
3314 6009 17
3315 6010 12
3316 3401 12
3317 3427 69
3318 3473 98
3319 6381 23
3320 6012 17
3321 3435 1
3322 6013 14
3323 3574 16
3324 6014 12
3325 6382 19
3326 3573 23
3327 3493 94
3328 3502 13
3329 3503 97
3330 6015 45
3331 6016 76
3332 6017 68
3333 3578 21
3334 6018 89
3335 6019 15
3336 3497 80
3337 6383 46
3338 6021 55
3339 6022 56
3340 6023 15
3341 6384 67
3342 6385 72
3343 3439 17
3344 3520 16
3345 3459 65
3346 6026 13
3347 3407 10
3348 3371 52
3349 3563 21
3350 6027 32
3351 6028 91
3352 6029 44
3353 6030 85
3354 6031 31
3355 6032 38
3356 3619 32
3357 3535 41
3358 3528 26
3359 3529 28
3360 3640 51
3361 6033 10
3362 6034 40
3363 6386 20
3364 6036 21
3365 3537 16
3366 6037 26
3367 6038 30
3368 3702 79
3369 6387 35
3370 6040 38
3371 3576 15
3372 3616 11
3373 3621 17
3374 3583 22
3375 6041 22
3376 6042 13
3377 6043 43
3378 6044 11
3379 6045 1
3380 6046 14
3381 6047 52
3382 6048 45
3383 3601 78
3384 6049 11
3385 6050 28
3386 6051 48
3387 6052 20
3388 3620 24
3389 6053 16
3390 3626 22
3391 3645 31
3392 6054 13
3393 3598 1
3394 6055 10
3395 6056 15
3396 3600 20
3397 6057 15
3398 3582 26
3399 6058 31
3400 3615 12
3401 3590 86
3402 6059 97
3403 3550 21
3404 6060 10
3405 3628 28
3406 6061 29
3407 3544 90
3408 6062 15
3409 6063 11
3410 6064 39
3411 6065 11
3412 3581 17
3413 6066 17
3414 3629 50
3415 3593 19
3416 6067 10
3417 6068 21
3418 6069 10
3419 6070 43
3420 6071 61
3421 6072 28
3422 6073 28
3423 3613 21
3424 6074 12
3425 3577 13
3426 6075 79
3427 6076 60
3428 6077 18
3429 6078 10
3430 3637 42
3431 6079 12
3432 6080 48
3433 6081 80
3434 6082 49
3435 3681 30
3436 6083 55
3437 6084 89
3438 6085 18
3439 3568 14
3440 6086 70
3441 6087 34
3442 6088 14
3443 6089 57
3444 3539 72
3445 6090 39
3446 6388 15
3447 6092 28
3448 6093 21
3449 3588 13
3450 6094 10
3451 6389 15
3452 3602 10
3453 3569 25
3454 6095 16
3455 6096 80
3456 3548 26
3457 6097 27
3458 6098 42
3459 6099 73
3460 6100 80
3461 6101 94
3462 3579 30
3463 6102 10
3464 6103 48
3465 3559 27
3466 3630 31
3467 3666 46
3468 3558 20
3469 3608 21
3470 6104 31
3471 6105 84
3472 6106 94
3473 3689 42
3474 6107 34
3475 6108 24
3476 6390 28
3477 3564 19
3478 3638 60
3479 3589 25
3480 6109 42
3481 6110 35
3482 6111 27
3483 3607 15
3484 3595 19
3485 6391 19
3486 3605 22
3487 6112 14
3488 6113 20
3489 6114 19
3490 6115 30
3491 6116 88
3492 3625 29
3493 6117 20
3494 6118 13
3495 6119 10
3496 3673 25
3497 6120 30
3498 6121 10
3499 3663 13
3500 6122 20
3501 3701 56
3502 3614 13
3503 3567 76
3504 6123 12
3505 6124 19
3506 6125 24
3507 3612 33
3508 3643 15
3509 6126 22
3510 6127 74
3511 6128 13
3512 6129 16
3513 6130 26
3514 3670 32
3515 6131 13
3516 6132 22
3517 6133 52
3518 6134 32
3519 3657 90
3520 3633 90
3521 6135 20
3522 3604 84
3523 6136 40
3524 6392 60
3525 3665 53
3526 3627 59
3527 6138 98
3528 3540 20
3529 6139 72
3530 6140 14
3531 6141 12
3532 3603 65
3533 3655 32
3534 6142 56
3535 3719 97
3536 6393 34
3537 3580 18
3538 6144 25
3539 3705 40
3540 6145 15
3541 6146 54
3542 6147 36
3543 3709 44
3544 3690 31
3545 6394 97
3546 6148 56
3547 6149 28
3548 3688 21
3549 6150 13
3550 6395 58
3551 6151 10
3552 3674 11
3553 6152 35
3554 6153 17
3555 6154 22
3556 3660 16
3557 6155 51
3558 6156 24
3559 6157 45
3560 3672 28
3561 6158 30
3562 3726 49
3563 3682 22
3564 6159 12
3565 6396 22
3566 3699 21
3567 6161 26
3568 3733 64
3569 3642 57
3570 6162 40
3571 6397 39
3572 6163 12
3573 6164 28
3574 6165 56
3575 6166 62
3576 6167 57
3577 6168 26
3578 6169 12
3579 6398 17
3580 3652 23
3581 6170 17
3582 3694 25
3583 3693 42
3584 6171 47
3585 3649 32
3586 6172 16
3587 3664 12
3588 6173 66
3589 6174 29
3590 3678 95
3591 6399 10
3592 6176 45
3593 3659 19
3594 6177 55
3595 3644 89
3596 6178 19
3597 6179 77
3598 3679 25
3599 6180 31
3600 3654 78
3601 6181 37
3602 3669 15
3603 6182 37
3604 6183 29
3605 6184 18
3606 6185 15
3607 6186 10
3608 3724 54
3609 6187 17
3610 6188 34
3611 3676 13
3612 3667 20
3613 6189 94
3614 6190 20
3615 3648 23
3616 6191 35
3617 6192 42
3618 6400 15
3619 3692 20
3620 6193 40
3621 3675 66
3622 3736 59
3623 6194 21
3624 6195 70
3625 6196 33
3626 6197 53
3627 3661 75
3628 6198 70
3629 6199 47
3630 6200 11
3631 6201 82
3632 6202 57
3633 3698 30
3634 6203 69
3635 6204 29
3636 3704 76
3637 3695 13
3638 6205 29
3639 6206 29
3640 3703 41
3641 6207 39
3642 3741 61
3643 3725 69
3644 6208 32
3645 6401 86
3646 6210 48
3647 6211 17
3648 6212 70
3649 6213 13
3650 6214 11
3651 6215 13
3652 6216 15
3653 6217 53
3654 3717 36
3655 6218 70
3656 6219 16
3657 6402 12
3658 6220 38
3659 6221 67
3660 6222 11
3661 3742 45
3662 3744 10
3663 6223 12
3664 3729 19
3665 3710 45
3666 6224 30
3667 3713 26
3668 6225 28
3669 6403 11
3670 6404 10
3671 6227 46
3672 6228 42
3673 6229 45
3674 6405 55
3675 3739 50
3676 6230 17
3677 6231 43
3678 3737 37
3679 6232 36
3680 6233 25
3681 3715 22
3682 3734 42
3683 6234 30
3684 6235 56
3685 6236 52
3686 6237 44
3687 6238 46
3688 3731 31
3689 3740 52
3690 3743 85
3691 6239 54
3692 6240 21
3693 3730 92
3694 6241 11
3695 6242 17
3696 6243 70
3697 6244 63
3698 6245 13
3699 6246 14
3700 6406 87
3701 6407 19
3702 3746 13
3703 6248 77
3704 3720 1
3705 3750 12
3706 6408 10
3707 6409 13
3708 6251 12
3709 3753 25
3710 3777 81
3711 6252 95
3712 6253 93
3713 3761 10
3714 6254 56
3715 6255 17
3716 3757 1
3717 3763 24
3718 6256 12
3719 6410 32
3720 6411 13
3721 6412 23
3722 6259 77
3723 6260 17
3724 3766 66
3725 6261 58
3726 6262 28
3727 6413 59
3728 6264 41
3729 6265 67
3730 3765 42
3731 3767 81
3732 6266 48
3733 6267 49
3734 3759 24
3735 3764 10
3736 6268 39
3737 3758 12
3738 3768 40
3739 3769 36
3740 6414 20
3741 6270 14
3742 6271 76
3743 6415 50
3744 6273 21
3745 6274 94
3746 3748 87
3747 3780 13
3748 6416 10
3749 6275 10
3750 3791 85
3751 6276 91
3752 6277 39
3753 6278 16
3754 6417 14
3755 3779 31
3756 6280 68
3757 6281 26
3758 3787 13
3759 6282 27
3760 6283 55
3761 6418 11
3762 6284 70
3763 3772 10
3764 3771 71
3765 6419 44
3766 6286 18
3767 6420 10
3768 6421 53
3769 6422 14
3770 6288 27
3771 3790 12
3772 6289 14
3773 6290 21
3774 6423 12
3775 6292 11
3776 6293 17
3777 6294 60
3778 6424 12
3779 6425 14
3780 3785 46
3781 3788 19
3782 6297 15
3783 6426 59
3784 6298 48
3785 6427 20
3786 3796 22
3787 3795 61
3788 6428 16
3789 6301 47
3790 6429 17
3791 6430 85
3792 6302 82
3793 6303 17
3794 6304 68
3795 6305 13
3796 6431 32
3797 6307 39
3798 3803 20
3799 3801 17
3800 3802 1
3801 6308 15
3802 6432 13
3803 6310 32
3804 6311 21
3806 2306 52
3807 1991 6
3808 2196 55
3809 2561 92
3810 2174 40
3811 2692 75
3812 2400 61
3813 2214 65
3814 2200 11
3815 1991 20
3816 2279 10
3817 2570 29
3818 2321 44
3819 2354 25
3820 2466 49
3821 1927 10
3822 2120 58
3823 2389 37
3824 2512 69
3825 2343 13
3826 2298 70
3827 2138 32
3828 2646 14
3829 2412 52
3830 3000 13
3831 2322 76
3832 2112 43
3833 2438 80
3834 2509 12
3835 2088 36
3836 2126 47
3837 2340 23
3838 2314 17
3839 2573 20
3840 1920 61
3841 2409 73
3842 2446 24
3843 2443 13
3844 2909 49
3845 2131 46
3846 2072 42
3847 3021 19
3848 2415 33
3849 1992 10
3850 2773 46
3851 1993 36
3852 2413 16
3853 2175 24
3854 2079 21
3855 2678 73
3856 2859 16
3857 2007 12
3858 3348 28
3859 2449 69
3860 2468 13
3861 3094 20
3862 2069 12
3863 2817 59
3864 2594 11
3865 2227 39
3866 1994 54
3867 2215 48
3868 2563 52
3869 2551 28
3870 3536 62
3871 2592 18
3872 2532 12
3873 2434 77
3874 2911 70
3875 1941 13
3876 2320 63
3877 2268 38
3878 2745 99
3879 2875 13
3880 2047 7
3881 2804 20
3882 2171 90
3883 2793 76
3884 2012 13
3885 2650 21
3886 3231 15
3887 2501 12
3888 2139 26
3889 2216 24
3890 1913 87
3891 2964 28
3892 2871 36
3893 2380 66
3894 2274 48
3895 2635 36
3896 2315 12
3897 2010 24
3898 2338 24
3899 2504 88
3900 2401 66
3901 2368 17
3902 2539 33
3903 2291 77
3904 2383 30
3905 1960 21
3906 3044 43
3907 2574 10
3908 2168 34
3909 2515 28
3910 2397 10
3911 2638 27
3912 2129 46
3913 2734 16
3914 2607 45
3915 2118 15
3916 2361 93
3917 2717 12
3918 2213 3
3919 2245 53
3920 2430 49
3921 2498 28
3922 2590 82
3923 2381 54
3924 2386 51
3925 2101 76
3926 2257 65
3927 2536 73
3928 2471 72
3929 2529 11
3930 2849 23
3931 2225 37
3932 2023 98
3933 3124 14
3934 2018 24
3935 2146 53
3936 2704 14
3937 2410 54
3938 2585 11
3939 6433 42
3940 2300 34
3941 1964 10
3942 2714 56
3943 2241 28
3944 2149 57
3945 2124 13
3946 3118 92
3947 3374 28
3948 2284 25
3949 2358 16
3950 2317 10
3951 2274 26
3952 2219 36
3953 2215 70
3954 2519 93
3955 2041 9
3956 2484 92
3957 2222 32
3958 1925 8
3959 2009 22
3960 2473 18
3961 2371 91
3962 1994 76
3963 2348 85
3964 2021 45
3965 2134 52
3966 2769 35
3967 2571 18
3968 2559 86
3969 2448 10
3970 2157 51
3971 2408 30
3972 2475 24
3973 3100 70
3974 2596 11
3975 2545 79
3976 2290 40
3977 3020 53
3978 2766 17
3979 2062 19
3980 3146 17
3981 2736 12
3982 3121 30
3983 2874 47
3984 1924 45
3985 2698 14
3986 2178 21
3987 2710 51
3988 2184 13
3989 2595 91
3990 1904 11
3991 3134 98
3992 2453 85
3993 3063 74
3994 2254 73
3995 1930 74
3996 2720 7
3997 2648 22
3998 2106 40
3999 3039 23
4000 2731 81
4001 2660 17
4002 2786 12
4003 2450 58
4004 2524 45
4005 2027 34
4006 2866 41
4007 2466 22
4008 2649 25
4009 2784 10
4010 2677 14
4011 2694 19
4012 2568 11
4013 1948 12
4014 2210 64
4015 2384 12
4016 2282 29
4017 2691 24
4018 2345 71
4019 2907 46
4020 2332 37
4021 1932 53
4022 2807 61
4023 2476 54
4024 1954 96
4025 2356 14
4026 2619 17
4027 2051 22
4028 2375 74
4029 2491 10
4030 2289 63
4031 2016 14
4032 2004 11
4033 2165 31
4034 2688 10
4035 2924 55
4036 2190 12
4037 2870 79
4038 2481 47
4039 1916 4
4040 2233 15
4041 2177 61
4042 2324 34
4043 2508 28
4044 2613 84
4045 2349 32
4046 2711 78
4047 2716 32
4048 3186 20
4049 2541 53
4050 3213 16
4051 2086 35
4052 2578 16
4053 2598 11
4054 2489 84
4055 2541 16
4056 2522 66
4057 2491 32
4058 2224 19
4059 2100 17
4060 2441 30
4061 1966 14
4062 2623 19
4063 1959 14
4064 2280 73
4065 2144 20
4066 2483 80
4067 2101 33
4068 2566 48
4069 2078 17
4070 2131 57
4071 2006 32
4072 1919 20
4073 2262 61
4074 2643 19
4075 2878 53
4076 2756 57
4077 2199 17
4078 2240 22
4079 2098 32
4080 2171 51
4081 3152 60
4082 2550 68
4083 6434 41
4084 2732 72
4085 2513 38
4086 2312 10
4087 2085 56
4088 1928 10
4089 2330 58
4090 2064 19
4091 2762 60
4092 1938 20
4093 2622 23
4094 2625 91
4095 3091 16
4096 2500 18
4097 2487 83
4098 2502 97
4099 2505 49
4100 2546 12
4101 2884 47
4102 2233 15
4103 2099 24
4104 2604 17
4105 2733 45
4106 2864 32
4107 2554 39
4108 2447 12
4109 2721 41
4110 2246 19
4111 2057 50
4112 2201 98
4113 2143 36
4114 1947 12
4115 2601 15
4116 2166 23
4117 2457 11
4118 2404 83
4119 2651 14
4120 2258 1
4121 2730 12
4122 2719 13
4123 3195 40
4124 2713 65
4125 2923 29
4126 2182 58
4127 2751 10
4128 2435 56
4129 2076 41
4130 2444 37
4131 2310 36
4132 6435 21
4133 2294 84
4134 2334 86
4135 2802 99
4136 2304 82
4137 1951 18
4138 3130 83
4139 1953 12
4140 2252 77
4141 2713 16
4142 2161 19
4143 2238 34
4144 2089 38
4145 2384 12
4146 1921 10
4147 2828 43
4148 2093 33
4149 2733 76
4150 3343 11
4151 1995 91
4152 2260 25
4153 2853 11
4154 2272 47
4155 6436 66
4156 2507 29
4157 2364 5
4158 2067 24
4159 2559 12
4160 2103 14
4161 2248 30
4162 2783 59
4163 1976 15
4164 2372 50
4165 2958 15
4166 2626 16
4167 2247 50
4168 3161 32
4169 2760 10
4170 2637 25
4171 2633 17
4172 2563 52
4173 3133 35
4174 3007 19
4175 2683 11
4176 2146 48
4177 2780 21
4178 2659 16
4179 2352 82
4180 1943 13
4181 2781 79
4182 2740 31
4183 2419 74
4184 2249 76
4185 1980 72
4186 2087 25
4187 2888 19
4188 2234 14
4189 2588 13
4190 2218 10
4191 2163 31
4192 2224 19
4193 2056 50
4194 2091 15
4195 3469 39
4196 2382 12
4197 2474 84
4198 2000 34
4199 2695 25
4200 2510 10
4201 2778 68
4202 2855 20
4203 3054 24
4204 2565 87
4205 2121 10
4206 3383 16
4207 2200 16
4208 2230 18
4209 2669 18
4210 1952 15
4211 2542 32
4212 2543 55
4213 2170 20
4214 2450 91
4215 2580 69
4216 2106 42
4217 2808 10
4218 2565 59
4219 2079 38
4220 2452 38
4221 2462 33
4222 2032 14
4223 2837 35
4224 2775 12
4225 2328 16
4226 2718 11
4227 2277 52
4228 1931 86
4229 3426 73
4230 2192 54
4231 2819 74
4232 2464 54
4233 2234 18
4234 2003 34
4235 2026 15
4236 3191 29
4237 2071 10
4238 2113 40
4239 2461 34
4240 2335 21
4241 2867 13
4242 2048 8
4243 2556 35
4244 2586 26
4245 2019 28
4246 2525 66
4247 2273 23
4248 2451 37
4249 3127 29
4250 3364 59
4251 2360 31
4252 1939 24
4253 2346 4
4254 2978 13
4255 2044 23
4256 2611 14
4257 2024 25
4258 1975 26
4259 2328 28
4260 2407 70
4261 2150 37
4262 6437 49
4263 1993 24
4264 2204 76
4265 2336 49
4266 1906 61
4267 2035 34
4268 2275 95
4269 2083 10
4270 2893 64
4271 6438 17
4272 2588 88
4273 2324 34
4274 3386 69
4275 2631 22
4276 2092 34
4277 3367 34
4278 2531 38
4279 1915 12
4280 2447 36
4281 2108 37
4282 1996 11
4283 2244 37
4284 2984 6
4285 3142 16
4286 2610 47
4287 2426 75
4288 2232 65
4289 2039 22
4290 1908 53
4291 2143 58
4292 1985 43
4293 2656 14
4294 2047 7
4295 1973 15
4296 2082 41
4297 2038 11
4298 1918 96
4299 2599 31
4300 2069 12
4301 2600 13
4302 2379 72
4303 2581 11
4304 6439 10
4305 2408 30
4306 2831 90
4307 2475 58
4308 2624 17
4309 2315 17
4310 2281 54
4311 2797 12
4312 2959 22
4313 2369 67
4314 2109 41
4315 2160 22
4316 3114 26
4317 2043 20
4318 2987 11
4319 2821 50
4320 2155 47
4321 2137 79
4322 2011 23
4323 2575 57
4324 2776 48
4325 2844 17
4326 1965 15
4327 2342 21
4328 2044 26
4329 2030 83
4330 2080 34
4331 2564 13
4332 2514 12
4333 1937 95
4334 2054 13
4335 2256 31
4336 2516 46
4337 2814 13
4338 1967 62
4339 2877 23
4340 2322 54
4341 2029 13
4342 2726 12
4343 2303 62
4344 2066 18
4345 1904 14
4346 1985 43
4347 2083 10
4348 1922 40
4349 2060 20
4350 2136 75
4351 2266 39
4352 2717 32
4353 2608 50
4354 2236 51
4355 2939 48
4356 2031 38
4357 2785 20
4358 2084 88
4359 2517 50
4360 2791 36
4361 3093 44
4362 2602 34
4363 1949 8
4364 2312 74
4365 2790 21
4366 2003 26
4367 1960 64
4368 1989 27
4369 2368 17
4370 2090 27
4371 2521 42
4372 1981 19
4373 2148 39
4374 2316 35
4375 2821 69
4376 1998 86
4377 2287 57
4378 2856 37
4379 1997 11
4380 1983 17
4381 2931 76
4382 2427 50
4383 2273 45
4384 2002 16
4385 1925 8
4386 2099 24
4387 1913 11
4388 1946 29
4389 2535 55
4390 2228 4
4391 2191 20
4392 2626 84
4393 2194 54
4394 2551 38
4395 2014 33
4396 3115 76
4397 1986 17
4398 2261 30
4399 2033 38
4400 2155 41
4401 2834 43
4402 1995 91
4403 1905 22
4404 1983 10
4405 2885 74
4406 2362 79
4407 2282 29
4408 2534 95
4409 1978 11
4410 2187 38
4411 2265 56
4412 1962 16
4413 2325 73
4414 2904 74
4415 2609 25
4416 2977 47
4417 2202 25
4418 2042 8
4419 2667 16
4420 2226 62
4421 2124 47
4422 2528 68
4423 2019 40
4424 2133 20
4425 2011 21
4426 2096 50
4427 2316 76
4428 2231 71
4429 2706 61
4430 2239 3
4431 2145 22
4432 2295 65
4433 2465 79
4434 1926 43
4435 2868 15
4436 2506 13
4437 2927 62
4438 2612 13
4439 2399 60
4440 3293 47
4441 2701 95
4442 2154 62
4443 2737 84
4444 2800 78
4445 1982 36
4446 2299 61
4447 1945 45
4448 2070 29
4449 2142 51
4450 2420 14
4451 2366 39
4452 2876 45
4453 6440 14
4454 2073 15
4455 2133 20
4456 2525 10
4457 1910 3
4458 2278 63
4459 2115 55
4460 2308 41
4461 1923 64
4462 2816 19
4463 2424 75
4464 2046 15
4465 3011 13
4466 2562 71
4467 2752 61
4468 2347 48
4469 2943 12
4470 2277 54
4471 2506 10
4472 1914 14
4473 2843 47
4474 2405 81
4475 2257 50
4476 2569 80
4477 1942 54
4478 2774 31
4479 2244 29
4480 2488 24
4481 2286 45
4482 3218 13
4483 2744 15
4484 2711 11
4485 2552 90
4486 2453 12
4487 2530 82
4488 2866 41
4489 2705 23
4490 2526 83
4491 2570 16
4492 2092 51
4493 2813 47
4494 2105 13
4495 1955 20
4496 1974 25
4497 2130 15
4498 2363 84
4499 2271 19
4500 2135 19
4501 2055 21
4502 2806 14
4503 2376 84
4504 3376 20
4505 2702 42
4506 2183 30
4507 1973 15
4508 2184 13
4509 2214 61
4510 1909 46
4511 2678 11
4512 2548 55
4513 2263 19
4514 3211 20
4515 2071 10
4516 2357 92
4517 2385 15
4518 2383 42
4519 2636 40
4520 2492 58
4521 2627 45
4522 2622 19
4523 2815 37
4524 1917 48
4525 2553 16
4526 2665 41
4527 2809 13
4528 2180 33
4529 2485 10
4530 1961 11
4531 2966 20
4532 2196 55
4533 2253 20
4534 2707 34
4535 2173 46
4536 2197 82
4537 2323 61
4538 2696 19
4539 2487 75
4540 2740 31
4541 1916 4
4542 2799 35
4543 2518 99
4544 2199 17
4545 1940 23
4546 1917 53
4547 2245 14
4548 2297 21
4549 2395 52
4550 2953 17
4551 1968 18
4552 2045 39
4553 1943 61
4554 2235 31
4555 2839 33
4556 2311 10
4557 2181 11
4558 2437 32
4559 2601 16
4560 2246 48
4561 2765 99
4562 2206 78
4563 2326 30
4564 2488 10
4565 1950 20
4566 2641 10
4567 1984 25
4568 3016 16
4569 2288 85
4570 3122 16
4571 2479 69
4572 2543 55
4573 2628 10
4574 2631 19
4575 2603 11
4576 2835 46
4577 2394 80
4578 2500 18
4579 2025 43
4580 2557 56
4581 1938 10
4582 2314 17
4583 2301 49
4584 2169 39
4585 2663 10
4586 2411 74
4587 2117 24
4588 2129 52
4589 6441 70
4590 2607 45
4591 2625 18
4592 2242 33
4593 2615 10
4594 2553 12
4595 2647 20
4596 2703 37
4597 2085 29
4598 2504 90
4599 3104 97
4600 2990 89
4601 2302 74
4602 1971 19
4603 2478 13
4604 2617 11
4605 2296 65
4606 2826 90
4607 2748 39
4608 2390 52
4609 1978 11
4610 2680 71
4611 2833 78
4612 2891 90
4613 1957 12
4614 2912 9
4615 1911 56
4616 2951 11
4617 2679 10
4618 3176 13
4619 2399 55
4620 2186 18
4621 2259 33
4622 2700 44
4623 2605 10
4624 2229 40
4625 2470 72
4626 2944 14
4627 2582 96
4628 1958 30
4629 2749 18
4630 2671 66
4631 2532 37
4632 2770 97
4633 2935 76
4634 2630 81
4635 2280 73
4636 2157 54
4637 2063 24
4638 2581 84
4639 2655 11
4640 1977 57
4641 2591 48
4642 2486 10
4643 2616 15
4644 2339 39
4645 2439 10
4646 2114 14
4647 2339 45
4648 2230 18
4649 2456 10
4650 2725 88
4651 2490 92
4652 2329 74
4653 2937 12
4654 2511 53
4655 2743 55
4656 2097 45
4657 2096 32
4658 2017 33
4659 2480 66
4660 2825 52
4661 2673 11
4662 2294 49
4663 2666 17
4664 2259 39
4665 2842 97
4666 2326 30
4667 2037 63
4668 2186 22
4669 2552 14
4670 2292 25
4671 2520 92
4672 2840 30
4673 2656 19
4674 2708 97
4675 1909 32
4676 2112 37
4677 2511 61
4678 2028 24
4679 2327 16
4680 2178 32
4681 1915 12
4682 1942 54
4683 2046 15
4684 2304 67
4685 2392 11
4686 2223 16
4687 2618 49
4688 1996 26
4689 2747 13
4690 2162 32
4691 2072 39
4692 2302 33
4693 1934 18
4694 2123 99
4695 2377 52
4696 2639 42
4697 2847 28
4698 2544 12
4699 2496 100
4700 2482 55
4701 1907 8
4702 2738 15
4703 2527 65
4704 2881 82
4705 2460 52
4706 2533 63
4707 3538 12
4708 2061 36
4709 2579 11
4710 2281 75
4711 2803 11
4712 2653 81
4713 2434 90
4714 2445 57
4715 2820 21
4716 1979 11
4717 2892 31
4718 2527 26
4719 2477 99
4720 2142 34
4721 2015 12
4722 2116 32
4723 2296 80
4724 2370 75
4725 3071 41
4726 2355 71
4727 2159 20
4728 2053 79
4729 2451 95
4730 3057 22
4731 2052 49
4732 2049 24
4733 2065 16
4734 2319 65
4735 2811 12
4736 2125 18
4737 3147 61
4738 2919 60
4739 2812 12
4740 1912 12
4741 2248 63
4742 2250 2
4743 2022 18
4744 2753 49
4745 2520 92
4746 2619 20
4747 2293 95
4748 2433 45
4749 2418 47
4750 2037 95
4751 2729 12
4752 2341 97
4753 1914 76
4754 2162 14
4755 2841 85
4756 1969 41
4757 2446 31
4758 2331 47
4759 1923 62
4760 2109 37
4761 2677 58
4762 1921 14
4763 2675 11
4764 2309 11
4765 2132 12
4766 1970 16
4767 2165 23
4768 2075 25
4769 2176 45
4770 2597 12
4771 2542 32
4772 1920 61
4773 2020 21
4774 2657 13
4775 2276 42
4776 2442 46
4777 1969 41
4778 2390 26
4779 2610 47
4780 3092 19
4781 2153 55
4782 2237 40
4783 3078 23
4784 2690 18
4785 2587 99
4786 2459 62
4787 2067 24
4788 2001 13
4789 2061 30
4790 2388 33
4791 2788 20
4792 2001 19
4793 2794 13
4794 2555 46
4795 2005 24
4796 3136 23
4797 1941 18
4798 3118 15
4799 2115 55
4800 2477 12
4801 2474 11
4802 2267 58
4803 2353 35
4804 2039 24
4805 2203 34
4806 2857 15
4807 2686 36
4808 3131 74
4809 2403 29
4810 3012 88
4811 2612 10
4812 1944 11
4813 2344 61
4814 2467 37
4815 2787 72
4816 2208 21
4817 2538 88
4818 2223 16
4819 2164 23
4820 6442 31
4821 1997 12
4822 2269 39
4823 3069 12
4824 2159 55
4825 2207 35
4826 2307 33
4827 2657 14
4828 2198 25
4829 2135 40
4830 3200 32
4831 2462 82
4832 2670 14
4833 3375 11
4834 2059 34
4835 2141 42
4836 2415 95
4837 2193 29
4838 2425 61
4839 2440 52
4840 2830 48
4841 2723 14
4842 2147 12
4843 2529 11
4844 2861 60
4845 1929 12
4846 2672 14
4847 2763 23
4848 2403 92
4849 2722 42
4850 2431 34
4851 2212 50
4852 1935 16
4853 2313 26
4854 1990 31
4855 2073 11
4856 2150 37
4857 2682 39
4858 2270 47
4859 2591 38
4860 2838 25
4861 2547 17
4862 2158 37
4863 2497 40
4864 2493 71
4865 2761 6
4866 6443 42
4867 2509 16
4868 2077 26
4869 1959 62
4870 2472 70
4871 2900 30
4872 1979 21
4873 2152 32
4874 2724 17
4875 2043 22
4876 2345 15
4877 2414 57
4878 2757 77
4879 2685 25
4880 2327 16
4881 2560 53
4882 2391 14
4883 2606 62
4884 2040 43
4885 2768 41
4886 2595 51
4887 2255 31
4888 2251 23
4889 2554 21
4890 2205 59
4891 2201 98
4892 2712 49
4893 2175 24
4894 2801 58
4895 1954 96
4896 2349 62
4897 2209 14
4898 1999 13
4899 2104 31
4900 2075 21
4901 2211 99
4902 2971 31
4903 2211 99
4904 2503 32
4905 3295 10
4906 2091 15
4907 2468 12
4908 2111 18
4909 2416 20
4910 2330 13
4911 2750 11
4912 2709 43
4913 2243 39
4914 2941 98
4915 2822 19
4916 2417 62
4917 2264 72
4918 2264 53
4919 2471 78
4920 2969 12
4921 2122 17
4922 2359 28
4923 2147 12
4924 2285 28
4925 2375 24
4926 2154 47
4927 2313 49
4928 2058 85
4929 2342 21
4930 2929 22
4931 2463 94
4932 1907 8
4933 2221 4
4934 2148 33
4935 2846 11
4936 2167 45
4937 3188 16
4938 2356 88
4939 2027 17
4940 2584 28
4941 2629 19
4942 2140 39
4943 2082 33
4944 2095 15
4945 2494 84
4946 2795 12
4947 2455 82
4948 2305 44
4949 2614 80
4950 2593 87
4951 2577 43
4952 2979 47
4953 1972 74
4954 2398 81
4955 2456 10
4956 2110 33
4957 6444 12
4958 6445 16
4959 2374 80
4960 2429 10
4961 2421 22
4962 3024 18
4963 2792 44
4964 1933 71
4965 2523 99
4966 2687 58
4967 2220 15
4968 1967 62
4969 2436 83
4970 1987 25
4971 2476 10
4972 2008 23
4973 2185 44
4974 2185 41
4975 3201 45
4976 2697 97
4977 2458 12
4978 2589 23
4979 3005 83
4980 2343 59
4981 2755 13
4982 2832 49
4983 1956 7
4984 2213 10
4985 2455 77
4986 3410 29
4987 2439 10
4988 2583 2
4989 2642 19
4990 2549 87
4991 2598 69
4992 2664 20
4993 2537 53
4994 2253 20
4995 3080 18
4996 2494 14
4997 2558 11
4998 2693 10
4999 2013 89
5000 2805 12
5001 3050 22
5002 2139 14
5003 1949 8
5004 2608 15
5005 3035 15
5006 2576 12
5007 2540 68
5008 2119 41
5009 2696 21
5010 2862 13
5011 2632 28
5012 2365 10
5013 2120 32
5014 2512 12
5015 3123 10
5016 2669 81
5017 2620 17
5018 2629 16
5019 2395 72
5020 2060 33
5021 2013 89
5022 1961 14
5023 2081 49
5024 3234 20
5025 2428 26
5026 2848 27
5027 3031 24
5028 2034 27
5029 2789 20
5030 2668 12
5031 2746 50
5032 2684 29
5033 2557 56
5034 2397 27
5035 2490 92
5036 3075 30
5037 2539 14
5038 2949 13
5039 2621 93
5040 2364 63
5041 2378 60
5042 2107 70
5043 2283 82
5044 2824 15
5045 1936 72
5046 2062 32
5047 2137 79
5048 2727 70
5049 2371 63
5050 2179 20
5051 2217 35
5052 2272 74
5053 2188 44
5054 1988 19
5055 2068 12
5056 2980 61
5057 2393 49
5058 2485 78
5059 2191 13
5060 2654 79
5061 2495 10
5062 3143 51
5063 2644 16
5064 2041 33
5065 2803 67
5066 3105 12
5067 2373 62
5068 2406 30
5069 2454 17
5070 2350 53
5071 2402 87
5072 2989 16
5073 2300 34
5074 2860 96
5075 2422 84
5076 2195 12
5077 2645 26
5078 2172 17
5079 2564 13
5080 2351 35
5081 2151 95
5082 2128 46
5083 2777 12
5084 2172 31
5085 2050 14
5086 2337 35
5087 2758 17
5088 2156 25
5089 2333 37
5090 2352 74
5091 2102 34
5092 2960 25
5093 3208 75
5094 2022 18
5095 2499 6
5096 2423 79
5097 2367 86
5098 2643 14
5099 2188 67
5100 2010 26
5101 2590 23
5102 2739 96
5103 2681 20
5104 2681 15
5105 2217 43
5106 1963 27
5107 2886 10
5108 2074 27
5109 2360 42
5110 2149 25
5111 2592 83
5112 2396 38
5113 2033 32
5114 2519 10
5115 3222 96
5116 2976 17
5117 6446 10
5118 2387 13
5119 2906 24
5120 2094 41
5121 2567 15
5122 2036 15
5123 2863 27
5124 2855 20
5125 2854 37
5126 2889 26
5127 2742 94
5128 3002 43
5129 2969 34
5130 2853 23
5131 3032 25
5132 2773 31
5133 2842 44
5134 3181 19
5135 2785 15
5136 3036 21
5137 2894 30
5138 3226 34
5139 2937 39
5140 2841 39
5141 2903 34
5142 2914 70
5143 2915 14
5144 3268 14
5145 2793 76
5146 2943 37
5147 2888 32
5148 3003 13
5149 3045 34
5150 3053 15
5151 2880 46
5152 2928 10
5153 3261 84
5154 2792 28
5155 2872 4
5156 2815 19
5157 2827 20
5158 2917 17
5159 3402 22
5160 2869 9
5161 2794 95
5162 2814 54
5163 3048 64
5164 2882 49
5165 2901 30
5166 3020 53
5167 2982 29
5168 2799 24
5169 3219 15
5170 2757 22
5171 2836 47
5172 2695 21
5173 3171 38
5174 2769 35
5175 3085 10
5176 2988 11
5177 2873 48
5178 3223 14
5179 2824 15
5180 2852 38
5181 3253 73
5182 2871 27
5183 3092 17
5184 3090 57
5185 2932 6
5186 2843 70
5187 2973 55
5188 2759 54
5189 2818 22
5190 2904 55
5191 3136 11
5192 3034 11
5193 3163 95
5194 2770 18
5195 3116 79
5196 3217 55
5197 2850 73
5198 3004 20
5199 2948 10
5200 2789 52
5201 2767 74
5202 3167 13
5203 3411 30
5204 3179 13
5205 2864 12
5206 2962 76
5207 2899 50
5208 3095 29
5209 2772 72
5210 2987 33
5211 3169 15
5212 2731 26
5213 2698 98
5214 2971 22
5215 2940 25
5216 2790 21
5217 2728 48
5218 2931 38
5219 3227 75
5220 2729 16
5221 2905 70
5222 3281 9
5223 2722 40
5224 2810 16
5225 2882 20
5226 3149 49
5227 2993 74
5228 2899 70
5229 2776 13
5230 2957 83
5231 3241 65
5232 3420 75
5233 2851 15
5234 3435 34
5235 3060 10
5236 2920 16
5237 3212 25
5238 6447 17
5239 2746 57
5240 3229 18
5241 3125 99
5242 3243 42
5243 3304 19
5244 2741 27
5245 2939 25
5246 2830 82
5247 2716 38
5248 3132 31
5249 2908 41
5250 3102 96
5251 2703 57
5252 2945 65
5253 3015 10
5254 3070 8
5255 2743 73
5256 2952 66
5257 3246 74
5258 3185 8
5259 3155 28
5260 3418 35
5261 3406 24
5262 2782 62
5263 2930 41
5264 2847 15
5265 2735 15
5266 2724 94
5267 2764 56
5268 3022 41
5269 3027 53
5270 2838 69
5271 2705 75
5272 2872 4
5273 2748 13
5274 2775 29
5275 2734 12
5276 2747 72
5277 2950 85
5278 2710 70
5279 2896 48
5280 3062 10
5281 6448 55
5282 2795 17
5283 3397 12
5284 3225 44
5285 2999 72
5286 3416 53
5287 2948 52
5288 2751 25
5289 2753 11
5290 3051 12
5291 3252 11
5292 2973 53
5293 3159 42
5294 2736 44
5295 3274 13
5296 3008 21
5297 2754 75
5298 2942 12
5299 2910 36
5300 2985 14
5301 3006 74
5302 2858 11
5303 2925 40
5304 2968 14
5305 2933 11
5306 2956 17
5307 2798 41
5308 3047 67
5309 2913 96
5310 2926 53
5311 2934 16
5312 2700 89
5313 2739 34
5314 3288 47
5315 3038 13
5316 3235 19
5317 2797 19
5318 2998 45
5319 3290 3
5320 2970 10
5321 2955 24
5322 2983 41
5323 2699 45
5324 3170 10
5325 2941 50
5326 2880 35
5327 2712 45
5328 3170 16
5329 3066 84
5330 3189 10
5331 3026 72
5332 2784 65
5333 2761 3
5334 3040 70
5335 2715 81
5336 3128 42
5337 2986 35
5338 2691 20
5339 2936 77
5340 3377 15
5341 2992 87
5342 3168 55
5343 2961 70
5344 3192 11
5345 2895 37
5346 2762 17
5347 3101 19
5348 2881 38
5349 2845 29
5350 3023 10
5351 2730 68
5352 2902 11
5353 3160 11
5354 2862 15
5355 2994 56
5356 3019 24
5357 3168 10
5358 3135 67
5359 3258 64
5360 3018 55
5361 3029 15
5362 3227 92
5363 3164 18
5364 3331 15
5365 2912 9
5366 3251 95
5367 2674 37
5368 3017 60
5369 2972 73
5370 2907 16
5371 2694 78
5372 3042 85
5373 2671 28
5374 3174 27
5375 2914 41
5376 2898 26
5377 2676 81
5378 2737 71
5379 3205 40
5380 2897 42
5381 2666 29
5382 3037 36
5383 6449 14
5384 2829 21
5385 3003 45
5386 3232 51
5387 2686 68
5388 3076 24
5389 3209 76
5390 2771 74
5391 3256 10
5392 3242 79
5393 3038 12
5394 2659 17
5395 2976 13
5396 3239 49
5397 2890 28
5398 3056 12
5399 3214 18
5400 2922 94
5401 3178 13
5402 2857 16
5403 2955 55
5404 3210 96
5405 3183 18
5406 3217 47
5407 2822 26
5408 3010 95
5409 3077 75
5410 3216 15
5411 3574 30
5412 3157 17
5413 3024 18
5414 2721 41
5415 3010 21
5416 6450 57
5417 3124 26
5418 2786 23
5419 3009 16
5420 2758 54
5421 3275 43
5422 2938 73
5423 2947 10
5424 3084 31
5425 2823 67
5426 3007 46
5427 3060 50
5428 3287 10
5429 2879 44
5430 2682 19
5431 2788 98
5432 2670 10
5433 3011 21
5434 3190 95
5435 3052 16
5436 2957 25
5437 2661 42
5438 3207 16
5439 3025 11
5440 2967 10
5441 2662 49
5442 3013 97
5443 2668 70
5444 3079 23
5445 3058 11
5446 3082 21
5447 2883 20
5448 2672 76
5449 3188 16
5450 2974 25
5451 3156 53
5452 3072 81
5453 3269 71
5454 3165 13
5455 3086 31
5456 3177 46
5457 3409 57
5458 3043 10
5459 2946 90
5460 6451 37
5461 3337 12
5462 2963 28
5463 2925 49
5464 3413 87
5465 3014 32
5466 3150 15
5467 2965 51
5468 2951 33
5469 3162 14
5470 2849 87
5471 3184 80
5472 3138 20
5473 3016 54
5474 3263 56
5475 3120 25
5476 2944 17
5477 3066 17
5478 3013 48
5479 3046 10
5480 6452 50
5481 2921 39
5482 3284 8
5483 3248 71
5484 3033 22
5485 2918 55
5486 6453 21
5487 3233 29
5488 3193 58
5489 3048 11
5490 3465 84
5491 2900 15
5492 3450 26
5493 2984 10
5494 3351 48
5495 3141 47
5496 2991 63
5497 3428 33
5498 3041 80
5499 2913 32
5500 3064 35
5501 2642 85
5502 2980 10
5503 2960 21
5504 2647 79
5505 3436 23
5506 3432 18
5507 2658 47
5508 2887 16
5509 3098 11
5510 3177 23
5511 3001 97
5512 3220 87
5513 2640 14
5514 3044 42
5515 3061 29
5516 3172 86
5517 3059 83
5518 3221 22
5519 2981 72
5520 2779 35
5521 2978 66
5522 3154 21
5523 3196 26
5524 2645 24
5525 3030 13
5526 3339 18
5527 2954 11
5528 3014 16
5529 2651 88
5530 2660 78
5531 3392 56
5532 3017 58
5533 2707 11
5534 2995 64
5535 2996 22
5536 3139 18
5537 3106 39
5538 3145 27
5539 3311 21
5540 3117 23
5541 3046 82
5542 2916 23
5543 3488 10
5544 3541 44
5545 3393 10
5546 2689 51
5547 2652 17
5548 3363 53
5549 3054 60
5550 3049 12
5551 3057 52
5552 3033 45
5553 2890 26
5554 3043 40
5555 2966 10
5556 3088 15
5557 2933 34
5558 3103 38
5559 3030 11
5560 3028 99
5561 2975 35
5562 2997 26
5563 3086 28
5564 3350 23
5565 3158 15
5566 3128 42
5567 3089 25
5568 3085 27
5569 3067 86
5570 3112 17
5571 3063 20
5572 2865 15
5573 3074 23
5574 2994 22
5575 3087 87
5576 3076 12
5577 2638 19
5578 3096 17
5579 3065 30
5580 3398 16
5581 3365 55
5582 3081 12
5583 3080 26
5584 3073 20
5585 3083 17
5586 3068 88
5587 3366 47
5588 3449 73
5589 3544 20
5590 3287 69
5591 3455 25
5592 3446 21
5593 3362 32
5594 3400 20
5595 3106 75
5596 3367 54
5597 3458 14
5598 3109 21
5599 3349 20
5600 3440 23
5601 3305 42
5602 3335 14
5603 3388 24
5604 3407 94
5605 3132 19
5606 3286 68
5607 3292 77
5608 3326 22
5609 3165 36
5610 3254 50
5611 3180 11
5612 3202 16
5613 3280 19
5614 3267 20
5615 3312 11
5616 3338 27
5617 3342 24
5618 3382 41
5619 3284 17
5620 3548 22
5621 3247 20
5622 3242 67
5623 3271 56
5624 3135 44
5625 3269 14
5626 3308 28
5627 3278 14
5628 3347 52
5629 3241 82
5630 3438 11
5631 3598 20
5632 3171 19
5633 3163 48
5634 3379 37
5635 3276 38
5636 3173 39
5637 3108 10
5638 3256 27
5639 3474 96
5640 3459 46
5641 3328 18
5642 3516 35
5643 3344 13
5644 3320 63
5645 3277 14
5646 3352 38
5647 3353 32
5648 3095 45
5649 3369 16
5650 3138 11
5651 3245 2
5652 3419 10
5653 6454 14
5654 3249 23
5655 3421 33
5656 3257 20
5657 3230 14
5658 3346 17
5659 3182 26
5660 3280 42
5661 3314 10
5662 3206 12
5663 3260 35
5664 3268 11
5665 3442 16
5666 3306 52
5667 3119 17
5668 3197 10
5669 3447 30
5670 3361 16
5671 3215 74
5672 3137 95
5673 3228 10
5674 3555 15
5675 3340 6
5676 3259 66
5677 3321 16
5678 3142 34
5679 3102 48
5680 3186 78
5681 3266 90
5682 3139 80
5683 3221 98
5684 3191 34
5685 3259 49
5686 6455 48
5687 3240 40
5688 3354 12
5689 3391 29
5690 3236 52
5691 3129 42
5692 3282 46
5693 3243 38
5694 3329 19
5695 3399 21
5696 3272 11
5697 3194 44
5698 6456 21
5699 3255 54
5700 3273 33
5701 3251 25
5702 3294 10
5703 3375 25
5704 3196 35
5705 3266 90
5706 3389 11
5707 3199 53
5708 3444 42
5709 3554 24
5710 3300 18
5711 3111 12
5712 3255 19
5713 3334 75
5714 3125 70
5715 3107 11
5716 3279 25
5717 6457 60
5718 3222 51
5719 3395 37
5720 3273 54
5721 3166 21
5722 3291 93
5723 3324 14
5724 3300 18
5725 3325 14
5726 3219 73
5727 3283 88
5728 3250 30
5729 3384 12
5730 3437 28
5731 3265 35
5732 3110 43
5733 3149 94
5734 3204 29
5735 3408 12
5736 3496 23
5737 3211 42
5738 3453 30
5739 3430 48
5740 3122 50
5741 3356 15
5742 3153 28
5743 6458 12
5744 3575 40
5745 3296 12
5746 3592 25
5747 3310 36
5748 3262 21
5749 3331 55
5750 3148 16
5751 3333 12
5752 3193 11
5753 3309 40
5754 3315 17
5755 3338 54
5756 3378 18
5757 3313 17
5758 3443 91
5759 3198 51
5760 3452 63
5761 3492 74
5762 3470 13
5763 3463 11
5764 3460 22
5765 3203 41
5766 3477 24
5767 3155 28
5768 3472 15
5769 3354 74
5770 3433 41
5771 3270 13
5772 3175 11
5773 3556 10
5774 3422 11
5775 3301 56
5776 3260 57
5777 3337 15
5778 3441 20
5779 3327 29
5780 3358 12
5781 3184 34
5782 3237 14
5783 6459 26
5784 3381 20
5785 3126 12
5786 3151 24
5787 3315 87
5788 3099 91
5789 3464 18
5790 3401 37
5791 3332 95
5792 3309 27
5793 3318 11
5794 3316 16
5795 3359 30
5796 3396 27
5797 3299 22
5798 3340 60
5799 3264 87
5800 3490 61
5801 3336 17
5802 3445 27
5803 3482 14
5804 3297 79
5805 3506 74
5806 3439 15
5807 3295 4
5808 3341 18
5809 3387 16
5810 3414 63
5811 3351 48
5812 3285 48
5813 3302 44
5814 3141 15
5815 3537 51
5816 3379 1
5817 3381 52
5818 3350 13
5819 3113 28
5820 3390 24
5821 3355 12
5822 3101 12
5823 3304 32
5824 3394 13
5825 3244 2
5826 3311 21
5827 3233 15
5828 3527 24
5829 3559 83
5830 3320 63
5831 3345 15
5832 3423 10
5833 3456 12
5834 3317 11
5835 3591 28
5836 3457 15
5837 3289 65
5838 3461 31
5839 3425 13
5840 3434 21
5841 3187 77
5842 3368 52
5843 3307 21
5844 3431 66
5845 3156 12
5846 3540 10
5847 3298 21
5848 3362 29
5849 6460 16
5850 3319 22
5851 3303 54
5852 6461 60
5853 3357 32
5854 3550 31
5855 3371 31
5856 3369 47
5857 3372 16
5858 3330 11
5859 3364 99
5860 3097 12
5861 3322 97
5862 3360 12
5863 3380 73
5864 6462 22
5865 3238 36
5866 3323 12
5867 3429 10
5868 3524 82
5869 3475 67
5870 3542 16
5871 3481 19
5872 3528 81
5873 3534 57
5874 3576 16
5875 3513 13
5876 3522 18
5877 3512 22
5878 3403 15
5879 3517 66
5880 3478 70
5881 3583 11
5882 3491 88
5883 3633 79
5884 3441 13
5885 3471 38
5886 3527 13
5887 3616 36
5888 3659 48
5889 3580 70
5890 3476 14
5891 3609 16
5892 3567 35
5893 3549 75
5894 3517 66
5895 3373 88
5896 3389 15
5897 3541 19
5898 3672 25
5899 3546 11
5900 3450 13
5901 3481 19
5902 3510 27
5903 3455 92
5904 3470 78
5905 3482 14
5906 3415 30
5907 3474 36
5908 3487 17
5909 3530 22
5910 3428 15
5911 3424 16
5912 3491 88
5913 3493 12
5914 3644 37
5915 3489 63
5916 3399 15
5917 3516 12
5918 3468 10
5919 3442 16
5920 3394 67
5921 3523 40
5922 3654 35
5923 3432 17
5924 3602 87
5925 3512 80
5926 3588 22
5927 3466 20
5928 3601 20
5929 3509 24
5930 3404 55
5931 3417 36
5932 3406 18
5933 3605 22
5934 3500 21
5935 3480 14
5936 3589 29
5937 3480 11
5938 3507 14
5939 3451 29
5940 3499 43
5941 3577 15
5942 3473 32
5943 3503 40
5944 3498 99
5945 3504 27
5946 3462 16
5947 3590 10
5948 3472 42
5949 3422 89
5950 3663 34
5951 3533 17
5952 3405 1
5953 3446 21
5954 3497 50
5955 3486 14
5956 3494 17
5957 3419 98
5958 3489 18
5959 3725 31
5960 3479 47
5961 3501 54
5962 3615 12
5963 3467 59
5964 3370 24
5965 3519 10
5966 3413 63
5967 3385 15
5968 3562 39
5969 3412 10
5970 3483 26
5971 3597 34
5972 3421 28
5973 3643 29
5974 3471 77
5975 3443 11
5976 3502 12
5977 3514 20
5978 3561 45
5979 3521 27
5980 6463 87
5981 3511 13
5982 6464 56
5983 3484 96
5984 3564 63
5985 3438 11
5986 6465 11
5987 3513 26
5988 3568 97
5989 3570 84
5990 3508 15
5991 3518 24
5992 3454 91
5993 3520 13
5994 3532 92
5995 3547 96
5996 3530 24
5997 3525 20
5998 3555 60
5999 3595 40
6000 6466 22
6001 3558 26
6002 3495 34
6003 3531 17
6004 3545 30
6005 3632 48
6006 3581 27
6007 3593 54
6008 3553 15
6009 3505 29
6010 3647 11
6011 3645 83
6012 3579 72
6013 3569 12
6014 3509 15
6015 3526 24
6016 3529 30
6017 3457 27
6018 3552 39
6019 3523 91
6020 3384 12
6021 3586 54
6022 3485 10
6023 3606 6
6024 3511 39
6025 3510 11
6026 3463 13
6027 3515 74
6028 3551 27
6029 3561 98
6030 3582 49
6031 3380 74
6032 3437 38
6033 3538 10
6034 3535 20
6035 3539 30
6036 3536 21
6037 3565 63
6038 6467 61
6039 3594 53
6040 3594 55
6041 3612 15
6042 3585 12
6043 3617 38
6044 3592 89
6045 3674 24
6046 3639 46
6047 3660 18
6048 3641 18
6049 3721 38
6050 3591 28
6051 3631 44
6052 3613 18
6053 3658 27
6054 3603 12
6055 3575 10
6056 3614 26
6057 3623 32
6058 3630 31
6059 3611 48
6060 3620 17
6061 6468 17
6062 3604 34
6063 3553 33
6064 3624 86
6065 3572 13
6066 3573 54
6067 3599 14
6068 3571 45
6069 3600 83
6070 3700 20
6071 3635 32
6072 3608 10
6073 3625 42
6074 6469 22
6075 6470 26
6076 6471 11
6077 3683 45
6078 3627 48
6079 3749 37
6080 3628 31
6081 3648 41
6082 6472 19
6083 3662 14
6084 3656 57
6085 3549 94
6086 3715 40
6087 3634 65
6088 3563 78
6089 3688 32
6090 3675 28
6091 3665 26
6092 3546 45
6093 3669 68
6094 3596 30
6095 3606 12
6096 3655 45
6097 3622 10
6098 3640 10
6099 3712 63
6100 3686 30
6101 3543 14
6102 3720 90
6103 3661 12
6104 3664 17
6105 3578 14
6106 3557 10
6107 3621 36
6108 3554 82
6109 3570 42
6110 3639 19
6111 3658 24
6112 3610 16
6113 3676 67
6114 3623 59
6115 3626 10
6116 3687 31
6117 3637 26
6118 3619 34
6119 3649 36
6120 3634 69
6121 3607 81
6122 3610 16
6123 3668 23
6124 3609 19
6125 3566 39
6126 3587 22
6127 3618 52
6128 3629 14
6129 3597 66
6130 3638 11
6131 6473 62
6132 3636 60
6133 3650 25
6134 3667 39
6135 3716 47
6136 3698 43
6137 3542 82
6138 3624 13
6139 3586 72
6140 3631 22
6141 3617 54
6142 3632 56
6143 3641 15
6144 3657 20
6145 3702 75
6146 3699 39
6147 3707 70
6148 3710 45
6149 3680 26
6150 3696 16
6151 3709 69
6152 3646 35
6153 3681 24
6154 3678 10
6155 3730 19
6156 3685 44
6157 3697 44
6158 3650 96
6159 3701 26
6160 3748 11
6161 3760 26
6162 3695 17
6163 3680 12
6164 3673 67
6165 3708 23
6166 3668 24
6167 3703 13
6168 3690 22
6169 3726 32
6170 3687 23
6171 3718 11
6172 3704 40
6173 3679 12
6174 3691 26
6175 6474 16
6176 3692 11
6177 3707 46
6178 3682 10
6179 3757 50
6180 3671 56
6181 3684 42
6182 3684 39
6183 3700 13
6184 3677 18
6185 3693 10
6186 3670 68
6187 6475 49
6188 3683 27
6189 3756 63
6190 3685 44
6191 3694 71
6192 3706 12
6193 3717 42
6194 3729 37
6195 3723 26
6196 3728 10
6197 3653 14
6198 3666 75
6199 3727 15
6200 3697 16
6201 6476 95
6202 3705 38
6203 6477 50
6204 3689 14
6205 3691 22
6206 3651 34
6207 3711 38
6208 3755 27
6209 6478 15
6210 3761 11
6211 3721 43
6212 3728 75
6213 3723 19
6214 3712 31
6215 3743 62
6216 3752 11
6217 3733 15
6218 3745 31
6219 6479 69
6220 3716 55
6221 3764 29
6222 3732 48
6223 3737 44
6224 3740 32
6225 3731 52
6226 3759 26
6227 3727 22
6228 3718 43
6229 3753 43
6230 3758 74
6231 3722 21
6232 3734 80
6233 3724 16
6234 3736 37
6235 3751 37
6236 3745 49
6237 3739 77
6238 3735 45
6239 3741 22
6240 3714 27
6241 3770 77
6242 3762 28
6243 3732 33
6244 3751 45
6245 3738 11
6246 3711 72
6247 3754 29
6248 3744 44
6249 3784 24
6250 3746 11
6251 3769 78
6252 3750 14
6253 3771 65
6254 3747 13
6255 3762 44
6256 3756 11
6257 3790 10
6258 3775 43
6259 6480 57
6260 3749 53
6261 3763 55
6262 3765 39
6263 3768 22
6264 3754 70
6265 3775 26
6266 3766 33
6267 3773 28
25 6312 24
6268 3779 10
6269 3767 17
6270 3772 71
6271 3776 44
6272 3778 35
6273 3774 34
6274 3781 60
6275 3774 73
6276 3770 75
6277 3778 51
6278 3780 55
6279 3777 21
6280 3776 22
6281 3785 20
6282 3783 89
6283 3773 13
6284 3782 13
6285 3782 28
6286 3784 31
6287 3787 40
6288 3789 18
6289 3786 66
6290 6481 15
6291 3796 52
6292 3788 67
6293 6482 78
6294 3793 42
6295 3794 51
6296 3795 27
6297 3792 10
6298 3794 23
6299 6483 25
6300 3798 22
6301 6484 11
6302 3797 23
6303 3797 42
6304 3800 96
6305 3800 19
6306 3801 14
6307 3799 23
6308 6485 68
6309 3804 25
6310 3805 54
6311 3805 21
6312 2321 55
6313 2823 27
6314 3885 85
6315 2100 37
6316 2521 28
6317 3997 13
6318 2189 59
6319 2558 55
6320 4109 51
6321 4171 14
6322 4232 54
6323 4274 11
6324 2323 71
6325 4342 16
6326 2249 65
6327 4361 79
6328 4363 35
6329 2873 48
6330 2535 58
6331 4538 12
6332 2030 24
6333 3002 10
6334 2576 54
6335 2309 13
6336 4748 55
6337 2544 95
6338 2483 49
6339 4865 54
6340 2436 22
6341 2661 19
6342 4984 33
6343 4995 87
6344 5131 54
6345 5156 15
6346 5195 75
6347 5200 49
6348 5206 10
6349 2725 41
6350 2683 56
6351 5355 14
6352 3190 88
6353 3151 18
6354 5495 99
6355 5515 72
6356 3238 19
6357 5589 19
6358 5594 54
6359 3205 34
6360 5628 93
6361 3098 44
6362 5649 35
6363 5667 17
6364 5675 33
6365 3154 50
6366 5698 60
6367 3417 12
6368 3385 15
6369 5764 14
6370 5777 46
6371 3112 12
6372 5813 70
6373 3464 77
6374 5897 77
6375 3391 15
6376 3514 10
6377 5967 10
6378 3532 11
6379 3507 11
6380 3543 53
6381 6011 86
6382 3521 95
6383 6020 11
6384 6024 50
6385 6025 78
6386 6035 33
6387 6039 80
6388 6091 44
6389 3622 28
6390 3671 54
6391 3635 17
6392 6137 50
6393 6143 14
6394 3686 68
6395 3708 18
6396 6160 19
6397 3722 23
6398 3696 24
6399 6175 10
6400 3662 65
6401 6209 55
6402 3747 28
6403 3738 59
6404 6226 55
6405 3755 29
6406 6247 14
6407 3735 23
6408 6249 14
6409 6250 28
6410 3752 43
6411 6257 10
6412 6258 45
6413 6263 53
6414 6269 10
6415 6272 12
6416 3786 11
6417 6279 44
6418 3781 72
6419 6285 12
6420 6287 35
6421 3783 27
6422 3789 88
6423 6291 19
6424 6295 14
6425 6296 35
6426 3792 21
6427 6299 10
6428 6300 10
6429 3798 50
6430 3799 27
6431 6306 26
6432 6309 11
6433 2432 20
6434 2290 38
2 2508 98
6435 2318 53
6436 2270 26
6437 3055 16
6438 2572 13
6439 2367 65
6440 1945 31
6441 2616 91
6442 2469 21
6443 2127 11
6444 2429 37
6445 2634 20
6446 2796 44
6447 3429 16
6448 3192 48
6449 3224 53
6450 2952 26
6451 3083 22
6452 3140 11
6453 3148 27
6454 3427 11
6455 3547 11
6456 3524 26
6457 3313 37
6458 3324 33
6459 3144 82
6460 3341 34
6461 3424 22
6462 3431 46
6463 3448 49
6464 3434 19
6465 3518 74
6466 3572 15
6467 3652 54
6468 3653 59
6469 3642 49
6470 3677 27
6471 3584 34
6472 3560 88
6473 3651 22
6474 3706 62
6475 3713 11
6476 3656 69
6477 3714 30
6478 3742 12
6479 3719 32
6480 3760 19
6481 3793 87
6482 3791 85
6483 3803 96
6484 3802 55
6485 3804 39
