1000
465 0
357 0
974 0
664 0
805 0
691 0
337 0
658 0
547 0
222 0
233 0
131 0
939 0
845 0
61 0
951 0
557 0
655 0
121 0
531 0
341 0
934 0
92 0
451 0
142 0
905 0
865 0
835 0
321 0
309 0
637 0
638 0
937 0
462 0
525 0
135 0
72 0
379 0
239 0
534 0
349 0
883 0
647 0
801 0
398 0
858 0
200 0
69 0
907 0
976 0
625 0
311 0
620 0
166 0
215 0
445 0
267 0
993 0
765 0
895 0
244 0
945 0
25 0
358 0
128 0
503 0
572 0
488 0
198 0
794 0
280 0
948 0
909 0
981 0
996 0
965 0
520 0
36 0
242 0
407 0
345 0
171 0
461 0
79 0
889 0
533 0
3 0
234 0
430 0
205 0
1 0
290 0
685 0
643 0
201 0
968 0
869 0
961 0
278 0
677 0
753 0
213 0
338 0
575 0
305 0
636 0
812 0
212 0
362 0
122 0
482 0
649 0
31 0
795 0
580 0
730 0
284 0
130 0
928 0
997 0
964 0
310 0
141 0
468 0
521 0
477 0
927 0
170 0
202 0
683 0
741 0
877 0
629 0
350 0
418 0
995 0
291 0
365 0
419 0
256 0
164 0
975 0
758 0
614 0
834 0
890 0
582 0
925 0
734 0
295 0
140 0
356 0
154 0
634 0
770 0
830 0
946 0
886 0
331 0
498 0
412 0
550 0
56 0
989 0
211 0
674 0
871 0
217 0
702 0
423 0
115 0
612 0
283 0
369 0
93 0
173 0
340 0
216 0
106 0
186 0
780 0
82 0
673 0
705 0
973 0
224 0
259 0
43 0
972 0
333 0
857 0
146 0
240 0
424 0
850 0
781 0
746 0
7 0
947 0
680 0
439 0
722 0
260 0
8 0
903 0
453 0
806 0
887 0
275 0
444 0
248 0
712 0
921 0
941 0
281 0
704 0
464 0
360 0
706 0
919 0
953 0
74 0
414 0
300 0
15 0
600 0
897 0
116 0
485 0
552 0
361 0
630 0
944 0
73 0
389 0
314 0
38 0
747 0
302 0
406 0
719 0
714 0
757 0
713 0
312 0
515 0
942 0
901 0
847 0
771 0
103 0
144 0
45 0
756 0
294 0
34 0
405 0
247 0
538 0
783 0
454 0
808 0
846 0
910 0
841 0
466 0
366 0
591 0
183 0
97 0
232 0
373 0
565 0
601 0
203 0
75 0
210 0
96 0
570 0
798 0
111 0
579 0
279 0
188 0
616 0
651 0
710 0
392 0
720 0
403 0
449 0
926 0
609 0
408 0
313 0
494 0
452 0
129 0
687 0
209 0
959 0
13 0
686 0
990 0
875 0
410 0
474 0
40 0
109 0
849 0
335 0
299 0
486 0
14 0
785 0
597 0
731 0
912 0
489 0
237 0
487 0
725 0
359 0
617 0
811 0
825 0
904 0
833 0
175 0
431 0
6 0
802 0
615 0
611 0
253 0
402 0
766 0
760 0
262 0
561 0
214 0
499 0
513 0
590 0
822 0
506 0
458 0
57 0
91 0
380 0
809 0
44 0
814 0
18 0
610 0
510 0
933 0
478 0
662 0
908 0
559 0
381 0
327 0
9 0
984 0
528 0
999 0
776 0
539 0
189 0
913 0
867 0
426 0
519 0
888 0
471 0
837 0
163 0
258 0
962 0
749 0
182 0
378 0
726 0
558 0
777 0
370 0
708 0
473 0
89 0
788 0
383 0
709 0
49 0
236 0
76 0
63 0
58 0
545 0
245 0
761 0
126 0
960 0
344 0
264 0
571 0
885 0
87 0
724 0
509 0
100 0
268 0
271 0
768 0
332 0
873 0
437 0
436 0
656 0
666 0
641 0
663 0
642 0
878 0
194 0
422 0
157 0
764 0
743 0
744 0
266 0
497 0
751 0
71 0
862 0
435 0
297 0
364 0
868 0
446 0
501 0
143 0
696 0
524 0
387 0
5 0
351 0
863 0
958 0
481 0
606 0
12 0
803 0
593 0
261 0
500 0
855 0
891 0
342 0
94 0
425 0
322 0
450 0
191 0
434 0
432 0
828 0
484 0
346 0
898 0
728 0
957 0
197 0
148 0
988 0
536 0
998 0
161 0
495 0
273 0
924 0
382 0
409 0
475 0
950 0
529 0
694 0
375 0
396 0
220 0
39 0
544 0
394 0
584 0
750 0
296 0
639 0
860 0
979 0
852 0
46 0
931 0
113 0
985 0
265 0
172 0
136 0
16 0
718 0
592 0
779 0
522 0
355 0
277 0
622 0
723 0
397 0
556 0
83 0
787 0
401 0
119 0
717 0
613 0
530 0
532 0
810 0
442 0
231 0
238 0
27 0
971 0
918 0
285 0
667 0
329 0
490 0
315 0
303 0
627 0
219 0
287 0
648 0
827 0
872 0
433 0
323 0
37 0
421 0
991 0
104 0
80 0
120 0
980 0
272 0
193 0
168 0
124 0
789 0
229 0
906 0
52 0
416 0
896 0
596 0
393 0
476 0
769 0
289 0
699 0
24 0
95 0
560 0
227 0
42 0
817 0
334 0
631 0
739 0
541 0
876 0
179 0
60 0
167 0
659 0
438 0
754 0
735 0
10 0
304 0
952 0
255 0
832 0
352 0
553 0
390 0
838 0
894 0
598 0
11 0
605 0
66 0
377 0
514 0
711 0
983 0
137 0
650 0
225 0
460 0
0 0
566 0
633 0
249 0
967 0
17 0
986 0
853 0
604 0
127 0
348 0
689 0
207 0
818 0
767 0
493 0
254 0
619 0
30 0
107 0
826 0
68 0
874 0
480 0
413 0
246 0
936 0
548 0
929 0
748 0
543 0
737 0
716 0
62 0
902 0
923 0
546 0
221 0
646 0
684 0
859 0
585 0
84 0
196 0
269 0
772 0
819 0
518 0
707 0
917 0
318 0
994 0
491 0
35 0
733 0
693 0
755 0
374 0
184 0
879 0
820 0
306 0
535 0
911 0
587 0
336 0
41 0
588 0
90 0
204 0
672 0
139 0
19 0
110 0
153 0
257 0
581 0
187 0
671 0
576 0
660 0
690 0
4 0
276 0
943 0
778 0
970 0
343 0
190 0
459 0
308 0
385 0
319 0
740 0
564 0
762 0
526 0
893 0
26 0
376 0
354 0
440 0
132 0
195 0
603 0
105 0
978 0
652 0
399 0
831 0
540 0
86 0
516 0
508 0
823 0
504 0
742 0
363 0
821 0
721 0
125 0
900 0
192 0
206 0
411 0
738 0
417 0
328 0
47 0
78 0
316 0
736 0
70 0
324 0
567 0
583 0
640 0
23 0
391 0
455 0
574 0
916 0
368 0
839 0
786 0
85 0
155 0
843 0
727 0
288 0
64 0
149 0
628 0
483 0
517 0
367 0
181 0
884 0
447 0
505 0
251 0
670 0
654 0
955 0
595 0
448 0
836 0
282 0
427 0
932 0
880 0
158 0
156 0
185 0
938 0
347 0
799 0
695 0
621 0
940 0
33 0
162 0
384 0
688 0
608 0
330 0
20 0
114 0
160 0
594 0
428 0
457 0
325 0
527 0
987 0
292 0
792 0
429 0
29 0
815 0
563 0
145 0
635 0
914 0
54 0
848 0
954 0
118 0
701 0
250 0
700 0
856 0
512 0
763 0
400 0
274 0
28 0
813 0
112 0
949 0
824 0
81 0
230 0
854 0
48 0
759 0
715 0
228 0
55 0
626 0
235 0
790 0
371 0
22 0
829 0
98 0
784 0
870 0
555 0
108 0
599 0
842 0
472 0
353 0
851 0
101 0
199 0
67 0
562 0
602 0
969 0
804 0
864 0
697 0
123 0
682 0
169 0
920 0
668 0
99 0
840 0
551 0
807 0
174 0
773 0
796 0
963 0
147 0
679 0
395 0
298 0
270 0
463 0
752 0
117 0
624 0
793 0
339 0
469 0
1000 0
537 0
992 0
151 0
645 0
549 0
138 0
681 0
286 0
774 0
881 0
134 0
208 0
150 0
65 0
653 0
775 0
223 0
586 0
388 0
568 0
816 0
844 0
252 0
243 0
866 0
492 0
861 0
729 0
935 0
496 0
307 0
523 0
415 0
59 0
692 0
386 0
797 0
791 0
178 0
420 0
578 0
456 0
966 0
569 0
977 0
632 0
102 0
899 0
317 0
745 0
441 0
165 0
703 0
479 0
2 0
372 0
241 0
676 0
661 0
53 0
618 0
982 0
542 0
607 0
320 0
133 0
644 0
892 0
77 0
502 0
88 0
507 0
698 0
301 0
511 0
176 0
573 0
218 0
623 0
21 0
32 0
326 0
956 0
51 0
915 0
554 0
800 0
657 0
293 0
577 0
665 0
152 0
467 0
922 0
159 0
263 0
732 0
180 0
177 0
782 0
678 0
404 0
226 0
589 0
50 0
930 0
443 0
669 0
882 0
470 0
