999
412 0
154 0
766 0
365 0
260 0
576 0
505 0
158 0
516 0
282 0
414 0
290 0
254 0
365 0
265 0
592 0
489 0
925 0
195 0
919 0
970 0
562 0
738 0
316 0
434 0
751 0
439 0
436 0
219 0
594 0
1 0
367 0
261 0
377 0
517 0
38 0
903 0
545 0
442 0
895 0
961 0
4 0
720 0
876 0
266 0
335 0
761 0
244 0
971 0
21 0
454 0
128 0
801 0
68 0
3 0
831 0
680 0
147 0
446 0
953 0
637 0
547 0
528 0
965 0
142 0
315 0
949 0
428 0
714 0
691 0
154 0
595 0
112 0
198 0
703 0
971 0
526 0
716 0
8 0
274 0
859 0
113 0
379 0
435 0
678 0
139 0
518 0
376 0
69 0
267 0
83 0
933 0
131 0
818 0
156 0
38 0
314 0
796 0
366 0
154 0
506 0
79 0
890 0
318 0
168 0
851 0
522 0
517 0
562 0
995 0
549 0
350 0
827 0
20 0
99 0
330 0
467 0
522 0
137 0
269 0
988 0
773 0
770 0
171 0
113 0
171 0
905 0
811 0
897 0
448 0
999 0
444 0
85 0
918 0
73 0
783 0
718 0
311 0
939 0
982 0
793 0
903 0
34 0
252 0
472 0
633 0
593 0
376 0
351 0
685 0
424 0
564 0
723 0
598 0
220 0
116 0
896 0
708 0
512 0
875 0
130 0
595 0
988 0
142 0
662 0
318 0
672 0
491 0
686 0
647 0
151 0
519 0
763 0
955 0
446 0
443 0
155 0
698 0
283 0
446 0
591 0
33 0
240 0
139 0
301 0
134 0
872 0
157 0
207 0
293 0
342 0
277 0
284 0
662 0
214 0
154 0
47 0
510 0
851 0
44 0
832 0
338 0
735 0
468 0
339 0
258 0
652 0
687 0
284 0
981 0
902 0
899 0
883 0
484 0
612 0
313 0
838 0
367 0
425 0
953 0
76 0
120 0
831 0
888 0
513 0
610 0
813 0
370 0
985 0
612 0
968 0
39 0
463 0
246 0
493 0
666 0
418 0
586 0
13 0
152 0
684 0
756 0
0 0
420 0
412 0
764 0
615 0
90 0
361 0
668 0
50 0
565 0
425 0
611 0
610 0
335 0
615 0
868 0
227 0
28 0
810 0
384 0
286 0
914 0
710 0
842 0
930 0
795 0
33 0
961 0
792 0
574 0
112 0
336 0
450 0
904 0
444 0
43 0
324 0
547 0
242 0
81 0
400 0
869 0
484 0
436 0
214 0
290 0
670 0
859 0
506 0
961 0
938 0
987 0
988 0
840 0
536 0
872 0
948 0
920 0
529 0
639 0
426 0
124 0
403 0
888 0
240 0
208 0
695 0
318 0
165 0
306 0
627 0
519 0
335 0
536 0
620 0
194 0
951 0
102 0
9 0
846 0
266 0
871 0
611 0
740 0
34 0
430 0
403 0
440 0
475 0
535 0
513 0
788 0
889 0
422 0
202 0
561 0
899 0
881 0
290 0
58 0
537 0
454 0
949 0
958 0
105 0
906 0
211 0
420 0
303 0
552 0
712 0
229 0
692 0
497 0
53 0
735 0
552 0
695 0
514 0
348 0
697 0
715 0
491 0
309 0
877 0
870 0
821 0
464 0
620 0
1000 0
533 0
265 0
110 0
415 0
518 0
475 0
607 0
644 0
628 0
722 0
655 0
852 0
651 0
243 0
801 0
282 0
690 0
125 0
945 0
215 0
937 0
427 0
460 0
621 0
982 0
739 0
769 0
954 0
264 0
259 0
211 0
434 0
631 0
893 0
984 0
470 0
954 0
921 0
404 0
251 0
267 0
810 0
609 0
413 0
834 0
165 0
523 0
75 0
626 0
894 0
188 0
178 0
3 0
557 0
38 0
114 0
371 0
164 0
842 0
602 0
241 0
983 0
521 0
988 0
76 0
444 0
731 0
717 0
156 0
720 0
387 0
636 0
304 0
927 0
715 0
1000 0
62 0
337 0
501 0
955 0
228 0
59 0
871 0
777 0
353 0
150 0
1000 0
496 0
873 0
412 0
748 0
87 0
968 0
788 0
778 0
898 0
217 0
786 0
734 0
434 0
662 0
533 0
396 0
466 0
787 0
413 0
784 0
485 0
351 0
48 0
328 0
80 0
1000 0
145 0
563 0
93 0
410 0
810 0
890 0
959 0
470 0
981 0
659 0
156 0
400 0
997 0
866 0
668 0
717 0
656 0
844 0
955 0
84 0
145 0
345 0
519 0
328 0
599 0
699 0
326 0
674 0
647 0
501 0
751 0
8 0
547 0
393 0
964 0
273 0
626 0
877 0
412 0
408 0
453 0
133 0
783 0
743 0
622 0
821 0
719 0
976 0
400 0
696 0
738 0
687 0
205 0
307 0
636 0
44 0
768 0
573 0
859 0
435 0
883 0
190 0
24 0
54 0
672 0
889 0
391 0
352 0
469 0
582 0
472 0
364 0
659 0
173 0
829 0
740 0
255 0
633 0
300 0
815 0
729 0
0 0
537 0
530 0
417 0
250 0
780 0
239 0
962 0
786 0
681 0
237 0
316 0
974 0
312 0
665 0
630 0
772 0
572 0
172 0
62 0
193 0
511 0
22 0
481 0
562 0
884 0
505 0
746 0
283 0
445 0
669 0
582 0
94 0
934 0
960 0
50 0
822 0
284 0
731 0
858 0
155 0
492 0
741 0
367 0
208 0
156 0
8 0
294 0
193 0
81 0
91 0
327 0
905 0
418 0
87 0
616 0
691 0
532 0
973 0
628 0
875 0
200 0
500 0
519 0
754 0
523 0
983 0
666 0
621 0
612 0
3 0
668 0
959 0
725 0
871 0
253 0
469 0
592 0
970 0
523 0
449 0
811 0
641 0
785 0
180 0
497 0
89 0
851 0
196 0
272 0
84 0
953 0
404 0
189 0
766 0
120 0
597 0
503 0
840 0
714 0
281 0
215 0
137 0
777 0
954 0
818 0
0 0
200 0
528 0
539 0
531 0
854 0
821 0
625 0
88 0
744 0
280 0
5 0
550 0
221 0
867 0
397 0
193 0
557 0
918 0
445 0
170 0
600 0
987 0
635 0
529 0
863 0
61 0
375 0
49 0
563 0
720 0
943 0
310 0
985 0
872 0
625 0
385 0
544 0
846 0
521 0
175 0
616 0
680 0
652 0
488 0
960 0
129 0
542 0
472 0
295 0
123 0
230 0
483 0
672 0
340 0
536 0
228 0
683 0
779 0
669 0
265 0
888 0
355 0
657 0
582 0
152 0
533 0
729 0
159 0
829 0
841 0
300 0
663 0
883 0
888 0
981 0
578 0
737 0
419 0
930 0
229 0
983 0
389 0
545 0
140 0
324 0
498 0
243 0
740 0
511 0
694 0
894 0
72 0
682 0
596 0
629 0
258 0
795 0
901 0
584 0
182 0
874 0
92 0
714 0
464 0
253 0
265 0
887 0
187 0
696 0
582 0
699 0
790 0
707 0
206 0
789 0
588 0
523 0
503 0
738 0
679 0
976 0
906 0
305 0
626 0
591 0
975 0
680 0
532 0
370 0
875 0
854 0
795 0
21 0
5 0
596 0
798 0
784 0
997 0
295 0
549 0
684 0
328 0
539 0
199 0
863 0
99 0
286 0
592 0
832 0
572 0
899 0
695 0
641 0
326 0
224 0
146 0
864 0
857 0
351 0
184 0
799 0
903 0
413 0
789 0
999 0
521 0
790 0
710 0
266 0
891 0
828 0
955 0
55 0
860 0
768 0
94 0
756 0
33 0
628 0
883 0
275 0
266 0
489 0
887 0
827 0
227 0
284 0
664 0
387 0
303 0
559 0
445 0
516 0
668 0
602 0
428 0
78 0
872 0
503 0
7 0
428 0
304 0
261 0
600 0
991 0
479 0
147 0
868 0
412 0
692 0
891 0
232 0
111 0
4 0
103 0
870 0
572 0
890 0
265 0
828 0
967 0
19 0
861 0
749 0
484 0
663 0
189 0
730 0
888 0
777 0
5 0
525 0
167 0
919 0
36 0
559 0
213 0
993 0
326 0
937 0
648 0
34 0
519 0
945 0
537 0
456 0
544 0
38 0
447 0
787 0
493 0
177 0
805 0
520 0
647 0
126 0
702 0
892 0
230 0
636 0
658 0
278 0
287 0
381 0
49 0
132 0
634 0
639 0
537 0
927 0
887 0
513 0
481 0
285 0
158 0
92 0
0 0
754 0
610 0
400 0
598 0
842 0
524 0
657 0
411 0
946 0
940 0
671 0
615 0
50 0
278 0
908 0
501 0
543 0
74 0
950 0
481 0
999 0
547 0
28 0
903 0
10 0
416 0
23 0
601 0
784 0
227 0
230 0
608 0
119 0
14 0
377 0
333 0
758 0
767 0
497 0
233 0
593 0
364 0
842 0
548 0
142 0
929 0
687 0
570 0
163 0
