1000
16 0
10 0
3 0
7 0
239 0
29 0
122 0
50 0
87 0
13 0
23 0
59 0
41 0
5 0
18 0
138 0
23 0
11 0
78 0
37 0
218 0
50 0
167 0
57 0
28 0
52 0
118 0
100 0
33 0
210 0
35 0
83 0
63 0
92 0
81 0
108 0
61 0
6 0
58 0
165 0
95 0
23 0
5 0
98 0
7 0
165 0
159 0
95 0
207 0
121 0
58 0
109 0
215 0
68 0
45 0
79 0
12 0
133 0
38 0
44 0
34 0
112 0
0 0
85 0
37 0
12 0
83 0
80 0
22 0
17 0
69 0
79 0
157 0
41 0
162 0
156 0
25 0
43 0
22 0
51 0
36 0
44 0
45 0
42 0
8 0
13 0
41 0
17 0
171 0
1 0
11 0
31 0
42 0
31 0
21 0
35 0
21 0
62 0
27 0
97 0
189 0
309 0
139 0
128 0
113 0
206 0
262 0
4 0
61 0
14 0
22 0
15 0
6 0
44 0
12 0
75 0
127 0
56 0
23 0
84 0
39 0
43 0
18 0
90 0
7 0
46 0
89 0
45 0
250 0
16 0
0 0
81 0
23 0
107 0
44 0
15 0
101 0
39 0
19 0
27 0
7 0
16 0
231 0
21 0
26 0
29 0
33 0
59 0
2 0
108 0
32 0
78 0
13 0
142 0
18 0
25 0
46 0
149 0
19 0
92 0
2 0
93 0
45 0
9 0
17 0
132 0
97 0
36 0
59 0
25 0
147 0
1 0
41 0
31 0
22 0
34 0
21 0
6 0
62 0
46 0
140 0
187 0
54 0
28 0
63 0
57 0
52 0
19 0
24 0
74 0
2 0
41 0
78 0
1 0
1 0
96 0
52 0
26 0
153 0
36 0
111 0
204 0
24 0
56 0
60 0
20 0
114 0
25 0
56 0
29 0
6 0
59 0
60 0
58 0
0 0
52 0
193 0
19 0
18 0
76 0
1 0
73 0
9 0
20 0
88 0
6 0
7 0
20 0
157 0
55 0
35 0
51 0
53 0
32 0
4 0
102 0
176 0
65 0
60 0
210 0
80 0
73 0
0 0
34 0
167 0
26 0
26 0
62 0
29 0
51 0
3 0
191 0
20 0
100 0
28 0
90 0
0 0
88 0
135 0
58 0
23 0
80 0
135 0
14 0
142 0
94 0
75 0
12 0
14 0
64 0
20 0
42 0
137 0
44 0
27 0
67 0
125 0
78 0
0 0
45 0
98 0
68 0
22 0
145 0
91 0
8 0
191 0
110 0
12 0
11 0
121 0
11 0
3 0
23 0
38 0
59 0
74 0
29 0
80 0
8 0
80 0
20 0
88 0
102 0
110 0
54 0
52 0
18 0
92 0
10 0
130 0
121 0
166 0
18 0
70 0
78 0
1 0
66 0
186 0
19 0
106 0
16 0
133 0
14 0
28 0
22 0
65 0
88 0
221 0
36 0
49 0
13 0
121 0
77 0
2 0
46 0
101 0
35 0
8 0
4 0
13 0
9 0
126 0
133 0
139 0
2 0
32 0
40 0
68 0
60 0
5 0
18 0
16 0
231 0
70 0
40 0
32 0
61 0
15 0
6 0
72 0
1 0
21 0
38 0
34 0
61 0
20 0
214 0
5 0
90 0
66 0
9 0
5 0
8 0
23 0
91 0
43 0
15 0
51 0
104 0
17 0
340 0
19 0
18 0
45 0
47 0
102 0
48 0
29 0
13 0
36 0
132 0
161 0
26 0
148 0
120 0
46 0
23 0
3 0
16 0
15 0
209 0
10 0
14 0
55 0
26 0
2 0
26 0
141 0
131 0
75 0
26 0
143 0
38 0
6 0
3 0
59 0
80 0
67 0
304 0
8 0
56 0
29 0
167 0
104 0
171 0
119 0
30 0
80 0
223 0
78 0
114 0
118 0
6 0
136 0
28 0
82 0
98 0
26 0
157 0
45 0
18 0
34 0
206 0
186 0
70 0
141 0
50 0
88 0
1 0
6 0
22 0
171 0
46 0
24 0
6 0
53 0
49 0
14 0
2 0
76 0
71 0
20 0
60 0
26 0
0 0
8 0
78 0
236 0
174 0
95 0
82 0
44 0
20 0
6 0
43 0
1 0
3 0
64 0
33 0
7 0
157 0
8 0
109 0
33 0
115 0
24 0
44 0
18 0
12 0
44 0
96 0
0 0
15 0
106 0
128 0
226 0
236 0
153 0
114 0
51 0
5 0
4 0
53 0
22 0
60 0
0 0
122 0
27 0
10 0
90 0
76 0
3 0
204 0
0 0
237 0
7 0
34 0
13 0
7 0
102 0
59 0
279 0
4 0
59 0
18 0
86 0
70 0
48 0
48 0
27 0
96 0
32 0
5 0
106 0
18 0
6 0
10 0
121 0
10 0
167 0
218 0
31 0
70 0
22 0
16 0
137 0
119 0
66 0
29 0
12 0
115 0
58 0
47 0
66 0
21 0
68 0
115 0
75 0
166 0
10 0
140 0
7 0
57 0
58 0
35 0
64 0
32 0
81 0
8 0
22 0
56 0
9 0
111 0
127 0
315 0
7 0
33 0
26 0
85 0
12 0
50 0
14 0
33 0
7 0
160 0
79 0
2 0
21 0
8 0
128 0
68 0
14 0
25 0
187 0
99 0
113 0
28 0
57 0
110 0
17 0
124 0
78 0
113 0
19 0
10 0
176 0
31 0
30 0
44 0
6 0
137 0
10 0
121 0
230 0
15 0
11 0
198 0
15 0
51 0
75 0
120 0
4 0
164 0
92 0
42 0
78 0
144 0
86 0
80 0
43 0
3 0
24 0
33 0
3 0
5 0
109 0
66 0
109 0
194 0
50 0
44 0
39 0
14 0
15 0
155 0
137 0
150 0
55 0
52 0
158 0
7 0
222 0
41 0
33 0
78 0
135 0
33 0
93 0
92 0
18 0
75 0
85 0
0 0
84 0
12 0
107 0
12 0
51 0
116 0
0 0
169 0
19 0
130 0
101 0
60 0
16 0
31 0
42 0
15 0
148 0
83 0
63 0
8 0
18 0
31 0
6 0
37 0
36 0
0 0
32 0
4 0
51 0
42 0
74 0
127 0
178 0
117 0
20 0
158 0
90 0
109 0
37 0
92 0
25 0
85 0
76 0
111 0
139 0
41 0
26 0
38 0
33 0
139 0
2 0
145 0
97 0
137 0
9 0
43 0
87 0
26 0
37 0
71 0
202 0
27 0
101 0
144 0
118 0
117 0
11 0
22 0
17 0
23 0
25 0
17 0
3 0
135 0
136 0
142 0
79 0
21 0
121 0
76 0
91 0
39 0
17 0
94 0
21 0
45 0
3 0
48 0
22 0
40 0
138 0
64 0
151 0
33 0
12 0
26 0
43 0
68 0
147 0
65 0
56 0
89 0
11 0
20 0
4 0
42 0
1 0
2 0
66 0
20 0
164 0
50 0
4 0
13 0
2 0
70 0
49 0
33 0
11 0
315 0
125 0
51 0
19 0
55 0
89 0
109 0
100 0
77 0
75 0
91 0
23 0
124 0
6 0
39 0
6 0
119 0
123 0
93 0
46 0
4 0
20 0
25 0
132 0
83 0
73 0
21 0
265 0
9 0
137 0
145 0
63 0
9 0
64 0
14 0
9 0
26 0
50 0
23 0
116 0
266 0
19 0
43 0
44 0
8 0
155 0
65 0
73 0
10 0
4 0
98 0
55 0
55 0
13 0
47 0
31 0
100 0
63 0
10 0
139 0
114 0
108 0
1 0
53 0
90 0
100 0
13 0
82 0
14 0
43 0
192 0
16 0
263 0
20 0
23 0
17 0
64 0
8 0
78 0
8 0
2 0
155 0
111 0
12 0
30 0
78 0
2 0
43 0
67 0
10 0
32 0
11 0
8 0
35 0
41 0
48 0
6 0
21 0
107 0
22 0
22 0
79 0
0 0
51 0
66 0
17 0
3 0
64 0
139 0
72 0
25 0
3 0
45 0
9 0
4 0
10 0
37 0
93 0
1 0
200 0
76 0
57 0
187 0
227 0
37 0
47 0
8 0
82 0
173 0
7 0
48 0
222 0
55 0
46 0
22 0
67 0
64 0
30 0
121 0
99 0
111 0
20 0
118 0
44 0
72 0
8 0
92 0
1 0
33 0
72 0
0 0
12 0
17 0
14 0
35 0
61 0
135 0
38 0
39 0
9 0
9 0
38 0
13 0
34 0
7 0
54 0
73 0
5 0
143 0
49 0
79 0
37 0
289 0
103 0
62 0
31 0
31 0
38 0
1 0
0 0
200 0
8 0
37 0
122 0
17 0
47 0
79 0
135 0
30 0
101 0
150 0
24 0
125 0
53 0
101 0
118 0
9 0
117 0
16 0
28 0
184 0
35 0
32 0
23 0
21 0
46 0
10 0
104 0
76 0
65 0
40 0
62 0
38 0
36 0
344 0
97 0
40 0
