100
68 39
37 94
10 30
47 80
50 47
7 36
12 27
97 64
52 100
76 65
7 50
74 83
99 79
89 5
32 93
48 96
93 94
76 94
93 63
5 46
80 38
60 74
55 21
71 32
1 5
59 66
73 51
73 3
35 93
26 10
69 36
53 78
61 47
79 2
20 41
29 93
73 25
21 97
33 40
74 96
86 100
59 81
19 47
44 40
99 0
99 6
52 9
98 74
5 54
60 69
12 74
76 46
92 36
68 70
84 75
34 47
34 62
39 19
72 52
86 62
21 36
72 90
78 47
79 56
99 27
93 33
47 36
19 23
38 72
60 48
58 41
53 61
66 5
15 17
19 26
63 59
62 52
9 50
96 45
14 56
72 2
52 28
67 80
32 48
35 44
40 50
89 48
31 50
29 76
42 49
63 44
80 15
91 96
18 72
11 63
76 69
88 25
75 4
38 45
14 97
