99
31 86
84 14
63 97
69 3
54 77
90 28
73 83
93 5
17 10
82 12
39 52
49 100
69 90
62 87
75 93
43 86
37 54
21 34
63 20
53 7
18 55
61 76
66 57
25 15
73 47
62 9
95 74
47 34
3 73
96 76
81 64
16 30
46 74
35 54
63 37
97 89
20 87
87 62
4 89
93 44
25 18
42 42
55 73
97 9
94 96
5 56
76 30
82 79
89 46
97 51
36 59
13 60
72 59
41 19
7 58
19 52
93 58
82 77
42 66
43 57
66 7
54 90
29 10
16 92
100 65
4 52
74 50
56 70
49 50
56 98
39 90
32 23
49 23
45 19
78 47
94 11
55 97
84 43
54 30
94 77
74 90
16 54
50 67
93 62
89 41
68 13
5 34
51 61
20 66
86 19
30 84
55 16
68 16
70 84
0 62
79 24
27 62
34 93
60 13
