99
77 27
4 3
4 3
77 27
4 3
77 27
77 27
77 27
77 27
4 3
77 27
4 3
77 27
4 3
4 3
4 3
4 3
4 3
77 27
4 3
4 3
77 27
77 27
77 27
4 3
4 3
77 27
4 3
4 3
77 27
4 3
77 27
4 3
4 3
77 27
4 3
77 27
4 3
77 27
4 3
4 3
77 27
77 27
4 3
4 3
4 3
77 27
77 27
4 3
77 27
77 27
77 27
77 27
77 27
77 27
77 27
4 3
4 3
77 27
4 3
77 27
77 27
4 3
4 3
4 3
77 27
4 3
77 27
4 3
77 27
4 3
4 3
77 27
77 27
77 27
77 27
4 3
4 3
77 27
77 27
77 27
77 27
4 3
77 27
77 27
4 3
77 27
77 27
4 3
77 27
4 3
4 3
77 27
4 3
4 3
4 3
77 27
77 27
4 3
