99
78 6
87 22
96 79
12 56
70 86
65 83
93 27
92 1
96 49
1 63
87 30
74 59
61 5
1 17
71 16
24 10
27 40
1 17
24 10
71 16
12 56
87 30
87 30
1 17
78 6
27 40
1 63
27 40
87 30
87 22
27 40
87 30
87 30
93 27
87 30
92 1
70 86
78 6
65 83
27 40
1 17
24 10
92 1
70 86
87 22
78 6
93 27
87 22
70 86
78 6
78 6
27 40
96 79
12 56
92 1
1 17
87 22
70 86
1 63
1 17
74 59
78 6
24 10
87 22
70 86
93 27
92 1
12 56
87 30
92 1
65 83
71 16
92 1
74 59
96 79
74 59
92 1
96 79
71 16
74 59
74 59
92 1
71 16
1 63
61 5
71 16
96 49
96 79
96 49
92 1
74 59
61 5
96 79
1 63
87 30
24 10
70 86
65 83
96 49
