99
94 14
81 53
95 4
80 48
82 12
71 17
55 7
79 0
64 66
72 36
94 14
93 2
93 9
75 38
42 6
50 14
63 67
84 15
34 12
85 20
71 3
35 29
66 65
61 65
100 14
73 19
80 19
80 10
54 28
94 16
75 11
67 49
51 15
80 16
95 13
76 56
94 9
80 17
85 8
75 4
91 5
83 7
59 52
95 36
78 5
65 8
97 10
54 35
65 40
97 2
83 0
87 36
87 6
75 37
56 10
95 23
66 0
58 29
90 47
81 0
62 3
62 19
92 16
81 24
91 6
96 39
58 20
74 34
73 5
90 9
97 43
96 3
93 20
75 12
98 25
79 18
81 0
100 62
84 4
67 15
89 66
86 20
65 11
90 33
74 24
50 36
31 28
77 68
48 37
92 0
79 37
97 9
87 7
98 6
62 12
99 53
44 60
96 23
86 36
