99
57 0
80 41
54 10
72 77
90 49
83 7
76 14
86 34
68 62
94 58
96 4
100 50
86 28
63 31
94 0
45 45
90 90
66 37
84 16
54 39
38 50
89 79
28 45
85 73
60 38
46 56
93 43
83 7
67 74
81 19
68 16
90 59
51 19
92 33
70 97
51 79
87 63
61 26
100 18
42 49
77 100
58 100
58 38
81 74
85 28
56 35
92 51
61 20
77 72
57 11
62 9
98 31
96 88
74 94
73 28
60 85
71 16
73 88
96 57
88 39
59 55
94 2
97 14
88 90
91 68
85 1
99 80
86 24
90 13
88 98
76 42
75 78
68 61
30 94
63 9
95 48
94 10
56 75
30 45
76 65
99 73
76 63
38 78
73 30
80 16
43 64
89 58
99 49
95 90
94 61
49 7
37 41
34 27
42 81
98 45
26 41
88 40
79 21
89 12
