99
7 9
24 20
9 5
54 27
5 34
9 26
9 18
64 10
7 7
45 20
13 2
22 67
25 2
37 36
6 32
35 14
16 0
29 19
16 9
44 53
21 55
43 46
0 11
1 5
6 7
88 0
39 26
43 26
80 8
4 31
60 0
51 77
21 33
7 16
7 18
1 7
4 43
6 44
16 5
52 11
6 4
62 4
16 2
7 4
40 18
17 39
0 34
18 25
13 29
13 18
23 19
13 0
71 1
9 24
11 81
13 15
35 31
18 19
64 13
11 24
43 5
21 45
12 73
65 10
64 42
17 5
26 41
9 39
4 20
18 3
26 7
32 6
61 18
1 38
28 24
13 1
39 33
43 80
35 36
15 63
19 69
13 28
43 37
25 7
5 13
33 54
61 31
10 9
31 35
17 42
23 58
48 16
14 50
20 11
27 0
45 0
16 1
16 9
41 29
