100
87 75
96 72
69 88
84 93
60 100
96 71
35 87
70 95
71 86
83 88
71 89
69 88
98 99
76 97
73 98
97 97
94 98
76 100
68 69
84 99
52 88
82 87
85 96
84 95
92 99
95 75
48 87
92 59
40 99
92 97
85 85
65 96
100 95
26 81
49 90
89 85
82 98
37 99
71 74
29 88
45 91
72 98
79 97
56 87
54 99
91 82
77 97
87 95
77 95
76 90
97 90
85 96
57 99
75 72
92 99
95 97
74 71
100 96
77 31
69 90
94 83
81 96
88 99
96 80
66 82
93 82
87 90
53 87
66 94
68 88
91 88
44 95
87 88
84 99
87 90
68 85
97 100
84 95
80 97
68 100
79 97
66 100
63 92
69 64
73 80
94 98
89 100
98 84
76 94
87 87
88 86
61 94
74 93
45 93
83 79
60 82
67 88
39 99
82 100
89 98
