999
318675616 557102285
486753056 237761135
139083886 25940347
731883328 741589423
18433404 829352835
896202674 731746125
204807607 63392234
888099822 705311936
781451291 13448994
392035827 785641261
459264511 96345408
742112513 43614812
913334662 86077684
703834905 204171621
628204335 602903511
20791522 875072756
104379053 474693364
275415266 154750224
514467483 915134043
501988588 64902456
241633239 217348483
628204335 602903511
104379053 474693364
20791522 875072756
392035827 785641261
139083886 25940347
318675616 557102285
703834905 204171621
781451291 13448994
501988588 64902456
139083886 25940347
742112513 43614812
18433404 829352835
241633239 217348483
514467483 915134043
731883328 741589423
392035827 785641261
731883328 741589423
913334662 86077684
514467483 915134043
204807607 63392234
20791522 875072756
459264511 96345408
888099822 705311936
781451291 13448994
781451291 13448994
392035827 785641261
731883328 741589423
703834905 204171621
913334662 86077684
139083886 25940347
459264511 96345408
703834905 204171621
628204335 602903511
742112513 43614812
888099822 705311936
459264511 96345408
204807607 63392234
20791522 875072756
104379053 474693364
18433404 829352835
703834905 204171621
781451291 13448994
628204335 602903511
888099822 705311936
241633239 217348483
514467483 915134043
781451291 13448994
392035827 785641261
742112513 43614812
781451291 13448994
392035827 785641261
628204335 602903511
896202674 731746125
486753056 237761135
501988588 64902456
486753056 237761135
742112513 43614812
628204335 602903511
20791522 875072756
742112513 43614812
318675616 557102285
514467483 915134043
241633239 217348483
318675616 557102285
18433404 829352835
104379053 474693364
486753056 237761135
628204335 602903511
486753056 237761135
104379053 474693364
486753056 237761135
486753056 237761135
628204335 602903511
204807607 63392234
731883328 741589423
731883328 741589423
104379053 474693364
20791522 875072756
896202674 731746125
731883328 741589423
318675616 557102285
20791522 875072756
20791522 875072756
896202674 731746125
913334662 86077684
204807607 63392234
392035827 785641261
514467483 915134043
486753056 237761135
318675616 557102285
275415266 154750224
275415266 154750224
742112513 43614812
204807607 63392234
204807607 63392234
486753056 237761135
204807607 63392234
241633239 217348483
514467483 915134043
318675616 557102285
781451291 13448994
731883328 741589423
139083886 25940347
139083886 25940347
703834905 204171621
20791522 875072756
20791522 875072756
20791522 875072756
275415266 154750224
888099822 705311936
742112513 43614812
318675616 557102285
241633239 217348483
318675616 557102285
18433404 829352835
888099822 705311936
20791522 875072756
896202674 731746125
275415266 154750224
18433404 829352835
459264511 96345408
104379053 474693364
20791522 875072756
459264511 96345408
514467483 915134043
628204335 602903511
501988588 64902456
459264511 96345408
20791522 875072756
486753056 237761135
896202674 731746125
913334662 86077684
742112513 43614812
486753056 237761135
20791522 875072756
514467483 915134043
104379053 474693364
241633239 217348483
896202674 731746125
318675616 557102285
204807607 63392234
20791522 875072756
703834905 204171621
514467483 915134043
703834905 204171621
392035827 785641261
275415266 154750224
628204335 602903511
628204335 602903511
731883328 741589423
241633239 217348483
392035827 785641261
241633239 217348483
486753056 237761135
781451291 13448994
628204335 602903511
318675616 557102285
514467483 915134043
703834905 204171621
781451291 13448994
139083886 25940347
392035827 785641261
514467483 915134043
18433404 829352835
139083886 25940347
204807607 63392234
139083886 25940347
731883328 741589423
20791522 875072756
459264511 96345408
204807607 63392234
459264511 96345408
913334662 86077684
20791522 875072756
20791522 875072756
275415266 154750224
18433404 829352835
275415266 154750224
275415266 154750224
514467483 915134043
275415266 154750224
204807607 63392234
204807607 63392234
318675616 557102285
501988588 64902456
888099822 705311936
742112513 43614812
20791522 875072756
628204335 602903511
318675616 557102285
628204335 602903511
731883328 741589423
896202674 731746125
275415266 154750224
703834905 204171621
18433404 829352835
139083886 25940347
20791522 875072756
104379053 474693364
501988588 64902456
104379053 474693364
104379053 474693364
514467483 915134043
392035827 785641261
486753056 237761135
486753056 237761135
18433404 829352835
501988588 64902456
18433404 829352835
628204335 602903511
888099822 705311936
275415266 154750224
781451291 13448994
888099822 705311936
742112513 43614812
888099822 705311936
241633239 217348483
703834905 204171621
139083886 25940347
459264511 96345408
204807607 63392234
896202674 731746125
514467483 915134043
896202674 731746125
139083886 25940347
139083886 25940347
486753056 237761135
486753056 237761135
896202674 731746125
742112513 43614812
204807607 63392234
703834905 204171621
703834905 204171621
628204335 602903511
742112513 43614812
888099822 705311936
18433404 829352835
888099822 705311936
628204335 602903511
703834905 204171621
888099822 705311936
742112513 43614812
392035827 785641261
731883328 741589423
896202674 731746125
392035827 785641261
781451291 13448994
241633239 217348483
139083886 25940347
20791522 875072756
204807607 63392234
318675616 557102285
139083886 25940347
486753056 237761135
275415266 154750224
703834905 204171621
703834905 204171621
913334662 86077684
742112513 43614812
731883328 741589423
514467483 915134043
275415266 154750224
781451291 13448994
20791522 875072756
913334662 86077684
18433404 829352835
275415266 154750224
139083886 25940347
392035827 785641261
392035827 785641261
486753056 237761135
318675616 557102285
501988588 64902456
392035827 785641261
628204335 602903511
781451291 13448994
139083886 25940347
104379053 474693364
20791522 875072756
318675616 557102285
104379053 474693364
275415266 154750224
204807607 63392234
18433404 829352835
628204335 602903511
20791522 875072756
459264511 96345408
204807607 63392234
392035827 785641261
731883328 741589423
501988588 64902456
104379053 474693364
501988588 64902456
486753056 237761135
486753056 237761135
888099822 705311936
781451291 13448994
204807607 63392234
742112513 43614812
888099822 705311936
501988588 64902456
742112513 43614812
742112513 43614812
742112513 43614812
392035827 785641261
888099822 705311936
20791522 875072756
204807607 63392234
318675616 557102285
896202674 731746125
486753056 237761135
241633239 217348483
18433404 829352835
628204335 602903511
742112513 43614812
742112513 43614812
731883328 741589423
514467483 915134043
781451291 13448994
20791522 875072756
241633239 217348483
486753056 237761135
139083886 25940347
703834905 204171621
896202674 731746125
731883328 741589423
628204335 602903511
275415266 154750224
896202674 731746125
742112513 43614812
628204335 602903511
781451291 13448994
459264511 96345408
241633239 217348483
18433404 829352835
781451291 13448994
913334662 86077684
392035827 785641261
459264511 96345408
896202674 731746125
501988588 64902456
459264511 96345408
139083886 25940347
104379053 474693364
628204335 602903511
241633239 217348483
104379053 474693364
742112513 43614812
703834905 204171621
392035827 785641261
392035827 785641261
241633239 217348483
275415266 154750224
459264511 96345408
392035827 785641261
501988588 64902456
18433404 829352835
486753056 237761135
139083886 25940347
204807607 63392234
18433404 829352835
913334662 86077684
731883328 741589423
459264511 96345408
392035827 785641261
486753056 237761135
486753056 237761135
703834905 204171621
139083886 25940347
703834905 204171621
486753056 237761135
501988588 64902456
392035827 785641261
703834905 204171621
913334662 86077684
241633239 217348483
628204335 602903511
913334662 86077684
514467483 915134043
703834905 204171621
18433404 829352835
486753056 237761135
18433404 829352835
703834905 204171621
501988588 64902456
501988588 64902456
459264511 96345408
392035827 785641261
18433404 829352835
703834905 204171621
731883328 741589423
18433404 829352835
514467483 915134043
275415266 154750224
628204335 602903511
731883328 741589423
896202674 731746125
20791522 875072756
275415266 154750224
204807607 63392234
742112513 43614812
742112513 43614812
514467483 915134043
275415266 154750224
318675616 557102285
731883328 741589423
18433404 829352835
781451291 13448994
20791522 875072756
204807607 63392234
514467483 915134043
139083886 25940347
888099822 705311936
104379053 474693364
241633239 217348483
731883328 741589423
20791522 875072756
913334662 86077684
501988588 64902456
104379053 474693364
139083886 25940347
731883328 741589423
514467483 915134043
896202674 731746125
501988588 64902456
501988588 64902456
628204335 602903511
888099822 705311936
104379053 474693364
318675616 557102285
514467483 915134043
742112513 43614812
742112513 43614812
731883328 741589423
913334662 86077684
459264511 96345408
104379053 474693364
241633239 217348483
781451291 13448994
459264511 96345408
275415266 154750224
104379053 474693364
731883328 741589423
514467483 915134043
459264511 96345408
628204335 602903511
501988588 64902456
742112513 43614812
781451291 13448994
703834905 204171621
501988588 64902456
104379053 474693364
204807607 63392234
486753056 237761135
888099822 705311936
275415266 154750224
742112513 43614812
139083886 25940347
241633239 217348483
628204335 602903511
913334662 86077684
20791522 875072756
913334662 86077684
139083886 25940347
486753056 237761135
275415266 154750224
104379053 474693364
781451291 13448994
275415266 154750224
486753056 237761135
392035827 785641261
781451291 13448994
275415266 154750224
486753056 237761135
20791522 875072756
703834905 204171621
781451291 13448994
742112513 43614812
731883328 741589423
275415266 154750224
20791522 875072756
18433404 829352835
275415266 154750224
275415266 154750224
241633239 217348483
703834905 204171621
18433404 829352835
781451291 13448994
104379053 474693364
742112513 43614812
20791522 875072756
318675616 557102285
318675616 557102285
501988588 64902456
104379053 474693364
731883328 741589423
392035827 785641261
742112513 43614812
18433404 829352835
703834905 204171621
275415266 154750224
628204335 602903511
318675616 557102285
20791522 875072756
888099822 705311936
275415266 154750224
781451291 13448994
392035827 785641261
392035827 785641261
896202674 731746125
781451291 13448994
318675616 557102285
501988588 64902456
913334662 86077684
241633239 217348483
392035827 785641261
104379053 474693364
896202674 731746125
459264511 96345408
742112513 43614812
241633239 217348483
731883328 741589423
392035827 785641261
139083886 25940347
913334662 86077684
18433404 829352835
392035827 785641261
486753056 237761135
18433404 829352835
392035827 785641261
139083886 25940347
204807607 63392234
392035827 785641261
318675616 557102285
628204335 602903511
486753056 237761135
628204335 602903511
104379053 474693364
781451291 13448994
742112513 43614812
18433404 829352835
104379053 474693364
781451291 13448994
392035827 785641261
501988588 64902456
913334662 86077684
392035827 785641261
628204335 602903511
392035827 785641261
913334662 86077684
392035827 785641261
204807607 63392234
703834905 204171621
318675616 557102285
392035827 785641261
501988588 64902456
392035827 785641261
742112513 43614812
204807607 63392234
501988588 64902456
18433404 829352835
20791522 875072756
486753056 237761135
20791522 875072756
628204335 602903511
514467483 915134043
501988588 64902456
318675616 557102285
913334662 86077684
318675616 557102285
628204335 602903511
628204335 602903511
913334662 86077684
318675616 557102285
18433404 829352835
318675616 557102285
20791522 875072756
139083886 25940347
139083886 25940347
20791522 875072756
731883328 741589423
459264511 96345408
204807607 63392234
275415266 154750224
139083886 25940347
888099822 705311936
501988588 64902456
459264511 96345408
204807607 63392234
275415266 154750224
18433404 829352835
139083886 25940347
241633239 217348483
18433404 829352835
703834905 204171621
628204335 602903511
318675616 557102285
275415266 154750224
896202674 731746125
628204335 602903511
514467483 915134043
139083886 25940347
459264511 96345408
888099822 705311936
781451291 13448994
241633239 217348483
318675616 557102285
742112513 43614812
514467483 915134043
742112513 43614812
896202674 731746125
501988588 64902456
628204335 602903511
486753056 237761135
896202674 731746125
896202674 731746125
514467483 915134043
20791522 875072756
703834905 204171621
888099822 705311936
888099822 705311936
139083886 25940347
913334662 86077684
139083886 25940347
913334662 86077684
318675616 557102285
204807607 63392234
896202674 731746125
514467483 915134043
204807607 63392234
742112513 43614812
20791522 875072756
628204335 602903511
459264511 96345408
501988588 64902456
913334662 86077684
888099822 705311936
392035827 785641261
139083886 25940347
896202674 731746125
703834905 204171621
20791522 875072756
703834905 204171621
20791522 875072756
486753056 237761135
459264511 96345408
104379053 474693364
501988588 64902456
731883328 741589423
781451291 13448994
703834905 204171621
18433404 829352835
731883328 741589423
913334662 86077684
459264511 96345408
459264511 96345408
275415266 154750224
20791522 875072756
501988588 64902456
318675616 557102285
888099822 705311936
104379053 474693364
501988588 64902456
628204335 602903511
514467483 915134043
20791522 875072756
781451291 13448994
896202674 731746125
501988588 64902456
781451291 13448994
459264511 96345408
731883328 741589423
514467483 915134043
628204335 602903511
731883328 741589423
486753056 237761135
241633239 217348483
204807607 63392234
459264511 96345408
514467483 915134043
514467483 915134043
241633239 217348483
318675616 557102285
781451291 13448994
913334662 86077684
501988588 64902456
703834905 204171621
318675616 557102285
459264511 96345408
896202674 731746125
781451291 13448994
913334662 86077684
459264511 96345408
731883328 741589423
104379053 474693364
486753056 237761135
913334662 86077684
731883328 741589423
742112513 43614812
888099822 705311936
204807607 63392234
139083886 25940347
104379053 474693364
896202674 731746125
913334662 86077684
459264511 96345408
275415266 154750224
781451291 13448994
241633239 217348483
888099822 705311936
486753056 237761135
703834905 204171621
781451291 13448994
913334662 86077684
204807607 63392234
139083886 25940347
18433404 829352835
628204335 602903511
20791522 875072756
318675616 557102285
486753056 237761135
742112513 43614812
913334662 86077684
628204335 602903511
139083886 25940347
628204335 602903511
275415266 154750224
18433404 829352835
20791522 875072756
18433404 829352835
742112513 43614812
731883328 741589423
459264511 96345408
742112513 43614812
204807607 63392234
501988588 64902456
18433404 829352835
781451291 13448994
486753056 237761135
486753056 237761135
514467483 915134043
628204335 602903511
913334662 86077684
459264511 96345408
275415266 154750224
896202674 731746125
896202674 731746125
742112513 43614812
501988588 64902456
742112513 43614812
104379053 474693364
275415266 154750224
204807607 63392234
275415266 154750224
392035827 785641261
896202674 731746125
731883328 741589423
318675616 557102285
501988588 64902456
501988588 64902456
742112513 43614812
20791522 875072756
731883328 741589423
501988588 64902456
139083886 25940347
275415266 154750224
731883328 741589423
18433404 829352835
514467483 915134043
913334662 86077684
275415266 154750224
896202674 731746125
628204335 602903511
459264511 96345408
896202674 731746125
459264511 96345408
628204335 602903511
628204335 602903511
888099822 705311936
888099822 705311936
204807607 63392234
459264511 96345408
781451291 13448994
18433404 829352835
459264511 96345408
514467483 915134043
742112513 43614812
139083886 25940347
628204335 602903511
18433404 829352835
459264511 96345408
514467483 915134043
888099822 705311936
501988588 64902456
20791522 875072756
318675616 557102285
514467483 915134043
20791522 875072756
486753056 237761135
781451291 13448994
501988588 64902456
392035827 785641261
139083886 25940347
204807607 63392234
486753056 237761135
501988588 64902456
501988588 64902456
104379053 474693364
318675616 557102285
318675616 557102285
781451291 13448994
896202674 731746125
18433404 829352835
703834905 204171621
896202674 731746125
392035827 785641261
275415266 154750224
241633239 217348483
204807607 63392234
731883328 741589423
392035827 785641261
104379053 474693364
318675616 557102285
318675616 557102285
486753056 237761135
913334662 86077684
204807607 63392234
18433404 829352835
139083886 25940347
392035827 785641261
275415266 154750224
241633239 217348483
486753056 237761135
104379053 474693364
514467483 915134043
781451291 13448994
318675616 557102285
204807607 63392234
742112513 43614812
392035827 785641261
318675616 557102285
459264511 96345408
888099822 705311936
781451291 13448994
514467483 915134043
392035827 785641261
204807607 63392234
896202674 731746125
486753056 237761135
888099822 705311936
104379053 474693364
241633239 217348483
459264511 96345408
392035827 785641261
392035827 785641261
275415266 154750224
501988588 64902456
139083886 25940347
514467483 915134043
703834905 204171621
888099822 705311936
781451291 13448994
628204335 602903511
204807607 63392234
703834905 204171621
913334662 86077684
139083886 25940347
486753056 237761135
742112513 43614812
913334662 86077684
731883328 741589423
275415266 154750224
896202674 731746125
459264511 96345408
486753056 237761135
20791522 875072756
514467483 915134043
888099822 705311936
139083886 25940347
888099822 705311936
459264511 96345408
20791522 875072756
742112513 43614812
204807607 63392234
139083886 25940347
459264511 96345408
703834905 204171621
628204335 602903511
139083886 25940347
139083886 25940347
742112513 43614812
628204335 602903511
703834905 204171621
459264511 96345408
888099822 705311936
703834905 204171621
275415266 154750224
486753056 237761135
703834905 204171621
275415266 154750224
486753056 237761135
275415266 154750224
139083886 25940347
781451291 13448994
501988588 64902456
514467483 915134043
104379053 474693364
18433404 829352835
204807607 63392234
896202674 731746125
318675616 557102285
318675616 557102285
241633239 217348483
204807607 63392234
703834905 204171621
392035827 785641261
501988588 64902456
459264511 96345408
318675616 557102285
731883328 741589423
781451291 13448994
781451291 13448994
275415266 154750224
501988588 64902456
781451291 13448994
913334662 86077684
896202674 731746125
501988588 64902456
392035827 785641261
204807607 63392234
628204335 602903511
742112513 43614812
459264511 96345408
459264511 96345408
703834905 204171621
104379053 474693364
20791522 875072756
781451291 13448994
20791522 875072756
392035827 785641261
18433404 829352835
501988588 64902456
275415266 154750224
486753056 237761135
913334662 86077684
501988588 64902456
241633239 217348483
204807607 63392234
459264511 96345408
703834905 204171621
139083886 25940347
20791522 875072756
241633239 217348483
275415266 154750224
913334662 86077684
703834905 204171621
104379053 474693364
628204335 602903511
318675616 557102285
20791522 875072756
896202674 731746125
18433404 829352835
18433404 829352835
104379053 474693364
913334662 86077684
275415266 154750224
501988588 64902456
514467483 915134043
139083886 25940347
18433404 829352835
486753056 237761135
501988588 64902456
628204335 602903511
913334662 86077684
514467483 915134043
204807607 63392234
104379053 474693364
275415266 154750224
