1000
77498814 125440583
74621737 31075838
82575872 19275627
99328533 30232961
639544 124461487
31222668 84580785
5292782 175152592
22046987 251008815
183731563 265552311
49792895 33130497
73300929 46517523
120990380 342646197
111691797 260101464
176370280 490901111
27648482 107259375
37567212 214128160
387610757 233997286
4765795 113056834
93875876 68167173
35712731 302495404
43005388 9584928
251620655 170459368
40325548 118254670
183571 263677952
20449014 424101416
259661313 256720757
432189063 153566961
149618330 332850332
171934141 353741641
36374888 376831774
140224572 24629726
129639118 234338576
131280963 187671253
67588793 202172720
12853904 55344884
153062018 461184979
128145420 18580517
93681705 296128088
289004812 20804086
32147247 665746162
39560295 238610830
76093611 307675781
93691103 140416008
32874214 38992348
54022352 252784739
20014183 254385893
32005345 48209498
32563509 233873588
37557435 450676208
178274712 28151942
61894441 566232736
38124717 476679360
65194500 59508860
171006293 193228458
111964294 161339773
123798934 150465939
189715611 297283191
23285355 22186636
230060894 151420143
98312473 46530738
17087997 147209074
64975436 363755037
73015226 316559261
70471639 69648505
59895772 6537134
48678171 112232910
63605521 558141764
136162308 167308424
13602939 578958986
84865612 111883019
111353014 282277498
166394051 108790179
257509554 275078846
67434342 236207265
153478094 289581985
61034066 722803421
92598753 369318543
55261800 198317518
29282301 266341355
140953437 412040409
152783752 224313358
133188957 432962636
17723144 49667363
143931305 67316039
54365844 313257401
315618829 39692495
109421608 76031810
5187602 167595734
190641051 208865707
4036884 173630680
60081626 38241673
175550844 36981007
278185725 33370799
59861992 65499575
167526285 605042774
135633174 370332954
164294524 194394256
45084925 230812196
184037578 53408116
79328960 304385719
11321626 55010401
477667 188134319
79471709 62088360
68428720 304140293
39337916 95087720
42237488 122744620
52809359 407309698
156525425 376075917
93331392 331289547
132058013 363334122
71436312 47488674
137230004 236034860
4076711 35115307
55992759 15358395
34278498 287070713
4383723 28851247
58566797 98404501
249325728 245257534
216431692 142776022
18421013 637582164
17906772 199516894
1636142 210007073
81788846 50751414
184625294 73688015
65946968 171793391
157554400 80233620
169894809 5535839
76514063 161136190
61443018 190804484
90454878 309313957
12150587 128380324
141577880 243017816
175916244 237392151
109483000 13302915
147687244 79799131
231399891 96742266
2564383 144716994
29226752 13963995
3528383 75520194
167988268 119849971
163340461 24428829
69693299 530612439
125938394 498703565
62309198 364782811
88113413 587653797
130159362 84028678
256894429 801742541
70473581 593092231
81105895 110340428
43937745 124890761
80969122 1031170
33679477 191932056
20698082 597928458
116862233 67638035
177273127 664672095
22214785 182142327
77295234 560575046
92183849 238115474
22653759 53267927
36947971 23148831
37834951 240155264
62645259 90258309
30111210 9596668
40439619 125247693
16488162 628064077
15760755 8673464
126887970 169557602
90367640 24623940
6983564 53790482
170138621 308477163
238560903 29725759
65872779 215999262
54398333 107973278
87492503 47419774
123535889 7591170
300190063 354009480
10245527 141732587
61911898 55866794
38571586 106608522
39622647 710040449
279205503 86978308
40572345 136223922
113374528 219200892
61845365 41423569
50700640 324844161
123412643 37790452
267070207 127111861
44728963 196822756
157220853 3016334
64760106 436264833
53973292 203773663
83313960 36540467
155629572 73545284
205665435 133121396
15539192 519369498
19172798 23002294
119604939 343041687
109757132 52453606
39299820 26113067
12549414 40424193
46558780 250159920
9549618 203440071
7767562 75876717
34482089 12917508
7487577 372916765
8390506 60924556
111924807 213837823
61311572 344662244
128653326 6147833
180790019 39395954
41824915 230589811
123375421 704847678
90448412 134473804
73637109 378652613
8683298 289331639
174886152 16886682
27562014 61314908
193551087 231587709
27303269 287753999
189070962 15757698
10848644 753783904
174136295 18426862
11342965 23574102
141080422 198777367
159582 120231257
84569422 250454742
60621271 368436801
25416614 3036256
169400984 85503466
9359857 129096832
143916517 199932739
92079908 125751
137011724 48612126
71589311 46401169
57959911 152438237
108588589 257334679
47322325 118812585
101869945 299066206
327365484 6866320
59079851 293185033
9259110 157102690
41598046 63972189
16878216 96440892
70355106 350781921
35043723 229304504
17064582 18822939
40104280 353764245
7926802 160695068
131716293 49768679
213158738 158519731
131303515 20113751
115417941 102103074
679256 74083276
137921839 364210343
68467449 336947270
124191642 310217013
75425201 340215597
52183448 215343588
30981982 464059724
40856743 582239811
149631835 270019673
96666753 132593670
22702712 261160148
33214873 272793098
86746339 564068911
2076037 73633329
166502669 296336537
5116449 308351431
50830055 51137224
5670097 100263537
9391761 110437492
93532899 167330967
117939304 66004325
28289984 21162536
43715513 53852585
19134248 154577179
17403092 79088134
122371208 122995433
13357073 48915115
44368470 446257852
3624088 107511249
66791645 379246360
125463124 109011959
24004460 391268916
9493334 53678582
20646635 87303163
26413923 364504417
179420867 213045930
99263284 64325379
39331455 293709119
77829807 349671595
61278426 160760696
29320398 171390755
37720989 425684876
66789781 207119449
184400337 347576673
34355654 188603733
179595 80601861
71442374 86038018
18129001 51224976
26005023 351932638
28686943 138620262
72761771 594936804
2881148 219390285
211013472 215346377
66175118 88140217
44761892 297451028
20529974 328518374
2022496 101267885
28010811 158318913
156072010 136294943
48494367 252253279
94257184 29238305
46459772 281766247
283359810 149630803
31422728 113875122
78947091 641119911
14012671 73581707
60395312 305858119
151323199 196717685
25979518 106358319
89089769 285737003
25674782 13081119
1171379 172402708
53941512 76517384
93401522 443400057
49187322 112200569
136303236 134047673
227287737 22215412
14414678 82210544
66399472 41526401
26072596 211869222
59739467 156727623
293861370 502051365
104190995 62750859
171363561 119429270
32932560 271855998
64343777 156984068
92368208 391211674
197176820 185626133
127772289 163662606
232260268 88805676
226762121 284130018
30238030 40816515
15006812 369320167
65566810 76698548
6958814 197097332
14587690 515754617
58151193 291720266
175572938 178400121
2443931 187851420
36309651 200286856
20591766 482759824
42163383 257180240
29387070 76421901
25758501 358281675
161974315 21588565
240400896 162937400
77127295 137048965
85542189 35686364
6909088 271976526
70053125 253330096
128795850 128726655
197093320 82569052
19400313 166611588
24821258 35453506
127173483 1779101
153402323 33549250
82741560 357706024
653369 422049575
32511835 45728272
2149052 14203547
61938520 173162186
118928729 31874273
362282141 180291536
38785599 303910403
5641593 65350211
203313976 426837056
65357438 363954743
10200404 191321018
13889403 262536901
108516291 114690260
90197229 227047313
52891729 103634385
19415355 69698143
278167701 536523206
177891779 60124957
25872478 613964086
15166530 274471112
208841835 155825417
141191793 15300777
27545052 322411724
72223754 406341213
47429444 50363330
3067167 33218158
2362080 72520511
34890850 179651598
73280733 918548923
36880515 8875599
19413371 182866079
26477989 119453755
24926452 4374392
13318999 1377003
4682598 58152060
169274247 75919564
167221646 231564742
11498048 760486515
10341217 305229224
123591969 147168104
187848391 171613202
53963635 904262156
359470691 180121423
49302367 260385168
93954605 210903058
96486463 174091820
24970920 398312837
8125415 65624919
3380328 459789317
151504536 270496443
266898390 26636240
100963377 352048498
10872981 47310098
108515405 113504980
10172459 59222181
165362966 33802313
144829462 64989822
53787155 33941466
55176740 345192085
104865797 27670909
130320868 5702869
301892766 96791127
14103691 369012620
368723 4828336
25705563 1203838
404325420 334962192
46931990 118323903
156098 543601843
22852252 55628030
18491451 206856920
687775 297888052
44107116 125338320
55897138 464578651
47711391 151068856
188520076 42295768
26299602 81076256
10119011 95701270
161040012 38710985
218159540 120367951
41253515 102035635
193941069 236400711
173869748 25969812
27026618 41815166
38418559 6473021
66118782 326881324
128961613 136344772
228114514 17805554
42649621 104977799
110645908 250915680
246474259 60512966
2158067 192463217
465488541 158339435
190888898 253799443
23641707 131226249
52333878 129102290
107313690 148254735
172366960 3992558
15862103 130890710
77164164 424155295
78490345 196367423
26450812 199410351
49845037 373846733
507853138 1328375
23812350 173061934
219464767 242055475
8613983 203472940
20925297 96177867
116822213 56990406
310211124 200769015
73908554 603001224
3480676 111898927
172874419 270669591
25909991 174446177
153514607 71895269
54304317 125609344
7744001 397908989
119995698 260620908
45301918 86020130
123947543 206307564
49434856 82130401
366881403 179483563
59357256 198631406
123050511 22165274
9788150 122923479
56980161 226473676
218534967 153709009
3764253 534473976
76518099 382725252
13716747 125146813
5968411 114845556
47629169 260652683
9284233 261207837
69217928 123486885
129989430 48688751
146524794 164904741
590954 19780229
7326639 94705202
208708333 209330396
140116365 126995100
107333786 259463275
245567443 183129204
172621080 211268717
83617913 216236969
4805023 573379498
229921009 396315837
100471053 267392307
77812359 91746623
95833396 404427179
237783307 15683361
18210842 3917299
177110387 650788202
73393416 37878075
62831229 479519976
74111984 255106397
18729670 172090002
20598107 365460193
129593619 105119996
459897816 438979872
51377873 204535168
6969623 310312809
101735638 156313342
93981922 6823413
4453093 58000382
78587684 550643492
93003847 79143572
384677107 419526523
88185502 279584501
227777819 23058669
77781841 113480545
35234840 556575851
127445709 12062164
131333135 52199288
313188114 296322387
79962024 210810104
303688792 147123443
28303450 203778871
65353188 24646818
11322017 304119536
122134208 18673672
299110 38421757
43510502 80443109
1492710 581458008
31695731 79644061
87135344 36446451
6449208 74465806
27649529 169908252
28831549 66976347
28306109 149933641
38987881 147134680
57172350 146513684
4400638 55671086
85839612 221484692
141449077 99256657
108583916 37867094
22831935 539491064
61280729 101075355
85503159 136877806
166384582 89158736
58970109 18776498
264181683 52240003
111595613 252772701
89368216 292692795
204453224 500490451
5314543 272249689
44597203 343830430
39432422 362923157
18529449 77847324
65974525 164539414
37106641 360897837
110422293 305773938
66395621 14121817
37146143 305268923
17701177 208875043
79123454 602203455
5988060 137483245
174764159 25434344
35051825 279413849
48998926 177469586
198775105 569055931
43830415 97787111
102796802 284161397
20650579 83458612
11993242 185400629
63853815 2789390
66050146 603030975
266559943 56935309
100738414 33335732
57788741 66604760
49267519 188597474
226096446 205384406
92846630 186250148
68185729 219660168
223187651 55024737
79016631 343513872
14047752 182281324
46397617 314263498
45480280 234780370
9649124 555018154
121703388 81993768
191311462 61161621
78961259 304333541
195826384 33946823
80332241 180715077
153696372 167731163
168783541 271871310
85464977 233506938
108705789 10218049
88714879 153148705
46725069 251253391
156598236 71370566
1680036 444027739
246481518 76197468
31657476 8796945
61329477 703861563
147489460 48395261
41671227 16601588
145744292 256415447
82460532 545232182
11279119 36948612
60634702 516289528
136578710 342543618
23506489 171856225
6232226 315046668
63140911 515236397
75682385 106639524
53890620 62595804
7075735 42817617
195946259 233133557
59053937 67218642
57983932 461737835
194354730 436757059
87323709 300687804
14487823 437755079
259915337 360882281
44428321 511649
155319235 586690616
38976419 145480243
45796136 346283152
21946019 159425523
262838629 90127231
36703087 254939349
95278595 223472594
241032922 158776033
69035845 359720632
60194612 29539512
7269279 40641073
38770404 178699346
74654392 11012920
111623874 4443963
48217328 198918639
173042067 266207406
127265110 214937076
234506032 238276585
39847088 98110584
182123260 206663426
91759300 215228840
148075268 56045124
175862448 300839726
120308554 232013959
42000061 123023964
69396789 28933748
82166892 55916130
28832104 421620465
93723794 12472436
88539572 52031492
36973235 31390107
33143216 175575984
125750088 514212329
16653289 452622547
112375029 206217979
27078341 21180104
86662240 152373306
77338614 40117230
8670709 574289377
38781233 162852082
18747565 181559106
32538931 265850734
90372218 289805445
19027933 41119360
6022660 57846115
202305831 20536676
182433690 181937473
50371450 28259351
7759156 268622406
85931378 21415755
145723 272561958
33340330 168526103
71678167 19293903
3534075 7094038
88149338 71074655
7052537 335256029
41535525 458634606
20555795 276262939
159348675 282405580
113195602 389736951
60822264 51296353
79570382 20410333
96987840 80324969
1080023 13219593
114748776 252962182
96595981 62043564
110331021 105153209
107709550 320993384
79168393 55715048
72984912 154173716
82188516 68695532
55243719 498876979
25481142 137853691
227068389 30153382
35169401 4430566
164029561 93383162
45001874 106562457
34599638 283789541
16006918 96784603
68854818 136458390
78939875 422060753
36704926 350090697
29851730 458236643
227206584 68416012
32536990 77831394
13583685 413328569
173490447 449383843
89807747 52844097
8165156 50093637
10357867 523593714
112709359 441826434
1363277 84472466
165593273 59193061
171609607 394049290
34758262 129194675
33357497 129346673
6974674 22700065
48499926 208153217
76038902 550100985
252096826 62900066
14052446 371860721
84920885 197728649
193293671 201007938
21807472 208727712
63587755 67610213
79411974 47404029
10131783 130387013
88257359 74190709
83427883 132907984
50031571 148932055
106333183 82400785
45846860 128842724
46424167 155247404
5317548 167549765
110088541 374049632
93211456 154865022
80864175 108399131
24943116 378902081
243193406 18100598
7887860 88751034
227815521 139338564
21862105 235795209
9077765 71698899
136516154 52907231
68510736 182861548
33397796 162898359
286372529 329190694
64188415 30673416
45593810 443834041
317602692 225707795
9666542 80397829
294139766 105324621
164350950 71314754
64253564 366145416
50440854 258219479
101822030 401380392
37793907 6521950
39553117 86325375
18416169 145157106
36406999 9598059
30906846 130958288
16331903 444155261
75560717 108371723
5907077 121009534
20606889 240501409
213645076 60373877
33317029 100596381
280952171 118317621
242226797 19414447
128661519 19843957
24509904 167784682
69096075 140327872
167720565 91875506
25091413 423529663
64421429 51519799
18857518 17693679
10160870 241475337
118995441 282644667
185887989 681214808
34954322 187899746
358098559 25077014
197456288 144203205
197299518 258207980
109382752 297494908
338704828 247776037
361740614 208740912
51020007 33920429
328676186 22476610
50672714 270915283
97142267 48535590
24737466 338625762
13028774 328487180
32621933 258565649
16539970 25740909
34463883 201244899
156773963 76614978
70968821 286842784
1983821 79943049
203861267 3168696
70936599 80713955
46524160 5064832
92188095 256371305
10101661 343393839
189384796 279266090
5243434 99803267
42684710 177165549
3471306 243139090
45107608 104859601
229894494 240896113
103057343 20719692
138054569 37631651
4384698 2281446
63968637 73229784
136031745 216738942
8754775 173251214
105611572 96718157
72795871 373426067
7866611 557986039
13076 10339238
13422995 264546620
60236265 407233924
16609246 124472822
16993484 190466439
65250503 43446591
2025263 410872524
98709471 173687391
64324642 7881457
69115362 138560914
27504730 419949968
26050502 40981037
43694895 41447646
31678499 87638214
80101440 116004462
63035787 175317144
14573495 73292290
3884079 121588314
102720988 60081624
4786651 126152112
215790610 492696031
84846437 335494938
13393633 336326264
9056759 21310301
44987660 75195386
261539551 28859757
279633381 358419602
5184517 187543299
9671104 163275517
62862596 170695857
6185561 387734697
65921847 172064657
220423044 144911418
116304700 149453474
107053940 163804997
158467254 144006269
54036678 141463841
169716985 22435355
4066144 127427442
50838479 371378998
55561566 1312204
2027120 260011049
201072144 84211935
43196869 218074801
204005217 80824937
6773494 441842704
196605911 29707618
15183179 268693051
107238353 28232932
102303129 82802700
55546515 120636936
52920412 10578826
78221838 258210237
63988929 579568124
274737142 5356469
135944445 307259750
167948731 280154128
36675990 179108605
169130268 351632621
11401878 23694364
12630414 158459127
46946500 193746929
10846654 350344712
120180175 635121577
26157010 25236805
106589159 212983901
22146636 59936511
55877482 146897708
15903514 617567534
29204124 129514352
279856329 68859013
69239741 132349871
173858369 290872955
102991042 173651812
2531530 15769094
108362455 451700623
57370974 20239619
99143483 333777734
18253299 410757856
59358375 485974367
322963936 66168185
72022807 131072283
20798158 376307672
53177966 195569208
126473517 168091117
32484362 33858714
33168554 96706877
26914668 188661019
103341001 71271328
34758019 369897675
79281091 30790950
53168420 600821377
68442505 16062321
187787768 140207729
73668308 101935254
14746575 12382476
58462750 287989446
8519488 358741949
163031346 82600265
39668870 92673282
99578184 238078845
25289319 336630730
92688018 489267440
148400923 136444801
1474583 214540502
416970868 101826443
96943167 11798590
23264023 28133969
7956194 224341892
6642721 87791316
181461492 277547370
65481377 359095922
242750174 40827044
8494050 120065723
109332303 28680657
228920386 133474613
16733714 85858642
28053774 68916231
68776238 48221263
79967022 366587909
74935648 197436948
16205889 99644295
30098205 66897506
69578097 339386937
115274116 369814640
90041106 390764748
60684409 157942813
22371286 18168589
310330819 32188263
13082568 132431273
78908974 164416848
120992243 188742104
43995211 388689421
88029717 44142229
30191901 157085152
25697543 38198360
139063445 179120043
8169822 48467759
8144456 56965811
169613852 44854942
71453676 87206246
6928238 394951642
249242008 434334054
25958249 143761084
7240151 125711658
204463251 23017668
65864827 34157606
45370314 20137733
45319744 345567256
18939299 49042440
49546333 125462595
16089901 301497714
228670578 5005573
12268006 106491006
30400711 164100598
28566640 62022167
183005148 65719554
114070124 274333741
