1000
965747541 71692424
975379987 32084211
967835355 84449489
846825724 24914413
990010380 13561568
994043348 1696434
637010265 209395309
989416350 19258062
995625592 58423462
798284177 7074924
782067569 25820569
861918049 90591756
991014483 86541535
981806262 91772286
882123016 159053581
936069582 31045893
855267691 22019365
992165683 25379240
994666417 185726319
922977018 101230973
896614570 33687151
996861312 2717695
964523912 234393282
942275147 25990039
933606775 5439383
972038641 1900350
843134973 51517692
892291292 40067550
838912976 4152950
948952424 74419917
948616620 9741063
985262775 48366091
942317695 17799802
983130239 17966715
889357168 53826327
915348608 148711658
938653950 435682
990600085 200425541
985251976 15398274
994813458 562655
946381791 30018697
962413222 2783016
973274020 6431938
969343699 64625584
977867203 139563707
946421251 69802400
980847249 2343583
998758771 1664886
874740662 18579684
943768346 72190100
972953200 111172196
960847861 29599920
999731013 25714083
978597466 14959050
912405456 906847
987497800 95378905
952137156 70801376
998256933 11210170
996890789 179119443
970442784 63433396
906401412 126065404
926148771 18119524
832072194 8641929
983992890 1706875
890345886 89641856
984058648 10343919
955776999 42844715
996821264 41658883
971669398 73189049
802543491 55597444
970944430 116843347
889092220 3572530
814626235 26935925
971954165 14026769
989265524 33244100
818343358 35940861
988596612 52921759
972833121 15048188
903815250 4938957
959775469 84459431
968610847 17114680
944453600 92175772
979905442 112835141
991995064 55891525
985190659 89508615
847719623 8274007
977631222 177603302
934984846 22168799
985605739 73154534
993676215 142407709
948996777 6224430
959410195 8277655
984471584 29754367
949026286 73909509
950224567 170149953
940314761 94539328
991348673 81820089
857553808 5833462
956481515 55625693
754315878 14403099
995477655 43369645
918386609 81727119
974800007 31612775
767183844 49166132
880695832 1235779
934721916 7739025
980272700 30831653
996543402 128851718
959106473 27309998
963651479 80061809
962813876 64057393
872704462 70490981
959481476 74597037
974651968 183518420
980966691 4468782
845323929 34074313
841577099 116689917
972922300 15224584
861103613 138912461
997041733 101536216
892048253 66019049
984020874 3600139
890309383 36770164
930652421 45706460
992124542 3218624
936022488 162633377
929642520 20752367
999186336 2947776
936571728 62327134
905869857 128723829
960710392 61033518
914498880 147363989
896032643 145373639
989822184 12860652
984582461 7071855
980299880 98333752
913882073 66416987
895944849 54309825
904520697 26360487
910704448 2937435
794125893 53975079
939543766 18806853
940840402 87689757
953577463 33936591
886780268 25397889
986218725 14151695
986410813 70597378
826857612 32369653
992675641 50053057
995803523 46325831
987409549 30241715
992625898 34455234
993799498 69172357
985305352 5149449
973399997 38938778
910119507 154417492
819596237 20305460
844202314 11739004
970502702 65817202
890557292 78114313
938800615 145667951
921520732 56061550
803280484 16386590
981426706 111919851
955658531 45332585
945985460 73703104
915368498 13814164
935980950 79672613
933024384 38947693
915714621 19523763
994913538 28563980
988930864 62712872
906792902 19260677
906620108 113310883
909403306 3884362
950710240 7270303
967256211 44436792
735715198 67630759
895424512 33579325
962893317 55771775
941583374 9391726
939425465 130222449
928869950 69902603
937253301 31699101
954062902 58971824
871498297 18602336
880949831 15692363
967838431 52729268
916582311 69505832
905469126 98902831
886675395 36290422
958005971 172938491
962323269 9339001
921123254 32587447
955439409 32050557
973020830 1501736
960738778 13227196
981607177 40491014
822008524 8920666
944281910 11162797
983185157 24361721
960889194 83773358
982746328 9510402
993933556 91286842
975766623 72697183
837512181 13885771
940616789 101401738
955000098 36814807
787730380 3550410
977590180 913335
785476304 77619338
772427693 18290990
863106142 3052870
799560935 46123174
815753877 165640958
952610481 28237554
963917526 1097479
983322445 39239081
835290162 55881239
995379699 193668055
894928460 48233583
902763927 82243241
908556470 120142452
950501433 82417278
985121392 57532646
860931128 82402011
953190425 6559817
973069060 30666970
935280062 56561332
902287452 42597015
988226466 7670957
963663795 113114959
969821874 6912556
850837942 4383201
981423207 32885053
874972989 18218379
976585037 59496254
902860444 108031312
834317354 126463709
931784611 32245998
979614528 8168168
956934560 13971763
998832919 13535232
839339724 81919833
916679829 46144767
988331504 47995891
921235690 4403844
994775198 7468356
903775802 10781706
944746917 18138404
828205520 20635208
981769545 45561264
998502229 72051780
930297040 35338862
945652895 27144798
888523810 3582230
976609524 8722390
942266765 50412807
892723943 62395620
846638648 11859298
991106887 34037393
981637866 28605995
853987016 17782913
984664224 150938990
929226242 49586062
941199024 56999868
968865720 13047506
920901002 113851170
956147128 40235489
993829694 199224241
962784128 61015017
764913287 124394345
686142397 73076842
951789068 7680029
808488337 16260549
835871150 27335795
669874141 12069977
949149492 35145274
917008080 105110734
863477115 22750929
999848075 113944993
937475889 49111319
909222124 73518606
799050403 96414752
892837460 147795140
921959012 20600564
942439466 169054306
887568837 17013964
929676484 7307330
854448311 6802760
859605231 94218277
818990578 25435159
843826984 114214904
911963634 74811787
975107662 161173589
964951635 3314753
992482539 15148146
966445839 21879098
891604343 66175574
991094780 57029864
953311924 29597171
929886386 2125831
888309075 38369615
848789650 8962285
976633257 11668216
811966372 168505899
968855968 55791967
988976626 16796953
930030698 157848046
995258764 13161045
994643306 349167
952855510 1175053
959818398 151690990
889641087 53587848
876445613 2273345
859815189 78354887
998266833 8021930
984673854 126369866
997113949 25387226
848930771 73147954
971989308 26133645
812401450 59433781
911508152 5475200
918183044 92685177
930515285 317583161
976311916 2927572
897322919 62490855
995660461 46059970
998014570 16256920
921676710 25011719
833510931 185406579
989941257 8003400
977131718 23281268
963704511 8436785
924560751 102897256
968858272 16380886
913948781 5356895
969533797 13735458
982414717 23077960
916358140 84992346
985780643 7080028
748328702 56345060
973573662 26805571
976140838 25940261
834577445 203678082
730236035 101362490
981582094 96368189
978619858 4716537
933253476 9684902
966617003 46729016
960991390 26900405
860223638 20655593
939041983 113073302
947535386 100638100
913075286 90006430
838001059 116564421
829198005 4356954
924579265 13705205
976973110 4834776
775047692 32692023
966586940 70546565
902599606 190271825
917667898 74637156
989054825 28323994
985385111 46111318
949803354 79007013
859803253 35863050
785494672 142131278
865432560 62053994
939198676 63213786
984682937 13158528
956889237 139065136
971260864 7617230
972288765 108825991
919077230 3251585
924511310 29663528
948059354 6218520
934029308 49199204
770739867 42962487
958701664 145379181
986526209 60627894
979809192 39657621
955297110 19379983
731273967 6136457
959283903 120060
981819270 104568682
999258318 26097088
995250499 55956064
993908565 29151610
842519587 175311704
982225391 15422876
905742010 115804299
948636239 89370766
885682753 43291344
978931828 11874887
912298221 127214846
839477027 30374363
917469842 5670601
828215500 3613276
781662937 3722919
969070729 6632825
976790067 12874605
920856072 3539452
907958503 9577363
957364417 47700100
986421873 102259721
934849923 12776560
870624792 102390237
972754791 47510700
990888838 3591306
995357413 1087842
920855608 23285151
865977542 5001151
909560186 35616772
844866624 1444249
982129791 36051120
992206607 14880347
974182236 55515934
905702231 64949781
954297179 157770584
946790813 43268375
628471815 11239623
922702294 70879732
832156038 118023793
971760061 157772308
962702831 21668807
850993893 89335272
970689866 268614193
797107765 168922151
969915406 10852725
808310527 13814197
997864292 79476172
972356148 4859602
909887893 37795124
986214222 68698069
942097401 63336765
980338466 52174514
975605103 190974223
999647128 87010979
920810971 80795294
995707072 45208042
973428800 136981861
919646027 208437416
985713571 73014438
926152643 7416316
769359500 46900981
821942455 2835339
909129904 90475016
962033304 6574863
987947196 12926631
973539331 81437962
980354518 45575683
957300857 240012364
838925334 112339092
880706438 8988857
967341722 58738520
942232165 61415939
958415452 27899545
887093239 10412794
923482313 107282453
947734662 2206376
929827947 12509616
954692225 82270038
960412653 9404947
928599300 39414047
956018637 44101379
925582443 141783340
961547072 109696316
914625244 17116347
929596496 38366739
985358167 46621315
875372242 46125123
870575694 1475996
958359902 39879626
871481454 5358615
830342416 133141651
865842586 12839672
974092249 33877298
992806826 6251430
973888792 17647460
981985173 68987639
985563741 13968654
968021009 113008232
965684939 97976787
950328138 120784583
991882560 7025005
966881668 19638167
979474524 46387527
960444889 151434554
919002512 2355947
850231543 226697401
967327747 174724139
813352230 62002122
856617269 107315926
975445449 34157594
947454901 184972154
938419117 126138640
952506658 16946474
964146653 42819941
949197834 134949834
859041958 79136714
987154476 10013344
943394678 64227165
955699795 57353453
982844751 54724950
993142194 14920946
994273083 9634154
964975016 9002036
955850964 5969112
964831830 7133863
935249733 17529382
985898794 1924842
989057204 187305556
871184659 42620146
978549846 1933431
997268663 35437846
860803104 95879247
953038551 59961217
757426815 49671739
892466891 12197954
974796333 67349036
978688985 133847711
808391056 60926943
965339191 13243144
978329862 122849155
963973673 84049207
990288516 51441292
949843598 4113976
970488897 43331835
925007838 19478712
957020713 3958017
848830182 23621362
996259897 79741817
943770784 23909223
984750202 14034015
970495991 2968078
984759069 18682893
933200390 13523285
848059464 30704539
996045286 7114418
985360544 36532104
949740931 35045870
976821634 32245999
996767318 22548011
967597515 65250378
956881382 82540771
864988615 96660568
973982937 90094966
994910999 23415945
940750478 74668318
951878399 22344700
968730154 46623553
909780228 36617926
878624221 6184390
703722490 11137979
931187275 4265512
999387405 112085720
973414158 122807965
960316021 20597829
942241493 4472164
792820572 10446071
840838387 34136770
991465873 114869749
976117907 101360048
903003850 15351061
983916089 8648969
976141929 44908634
937440879 67890019
983137547 58043641
986050423 54122359
986786861 8099781
842478532 104386940
955311973 42236336
989653352 48221815
854238126 14623167
973287324 17009101
997633879 8062647
856501738 65869502
998243262 100181014
810256776 51345159
961389226 23182674
840180058 24296843
919536451 31416499
984009674 103699378
929028366 57711620
981169888 54722444
993911150 44258096
959369203 67426961
935904944 23871642
938742414 8511165
976446767 88464573
981211052 24850129
967877877 20412464
895569329 28186438
942312431 41452909
986606993 61718057
998897597 31742679
928191901 13730173
962809367 87028530
927639168 7102975
970548191 38505913
953162285 183767035
875480333 56313306
950696714 38668425
983450730 163007576
969738618 16792817
750212088 16054563
973134758 38600200
983848890 18629634
969325261 101502807
872845530 30592594
839675166 125161436
982644579 120615650
955883194 3138930
988223594 8105568
976257966 26969208
955537010 15727021
986377323 19105641
987725278 28339751
955575517 134702279
887411148 41099828
873108144 27443035
771540825 6869078
992838423 24151384
987533012 48609868
811867521 42124592
971491401 80201537
982094670 131939339
966731762 3712152
992311288 26161129
928118774 127446925
797612222 119002332
974478250 44227681
955784692 11773201
918423145 7708310
911126258 60779763
989847305 40703077
948871507 175107544
985093866 131186479
892989036 75159704
944023562 91297768
890780006 36908694
886277227 18278419
968950590 3440596
835718540 84375166
975879831 243701949
890557295 19862122
893443947 128090225
989682741 80205536
840438463 80583756
934750568 24337735
952255379 23052282
933779802 11753598
914201412 88966907
860694113 32584218
960814326 52442735
999842837 46618627
977493745 42919571
912655714 31396274
951342837 14390181
950138860 40109990
992345054 6087794
938262310 27053019
973430669 4162093
939402997 43806548
964769614 31982672
990700054 122300043
893343997 6568731
955212378 27075185
890928579 23853957
946942208 21088210
961984959 4249548
985694806 115520733
961809566 40994584
863214014 41549793
944877351 82134261
945274215 103526289
994092200 78267754
916997871 35528299
938362650 259158410
949555582 59654429
961913796 34657658
948686419 38066286
994005425 6985437
989922190 54284730
995052504 2596756
958008289 71369624
964233369 4585838
897688108 10027246
950257629 14438079
998461213 4284797
995075011 7976306
900964446 13523919
926537435 41585849
822663113 53737146
924187716 49293904
875098604 13370964
941510330 26602349
948985895 3432929
985621884 158926273
912991089 6268549
827877213 54033392
919114757 18021392
905739343 47850460
983104876 37186012
769699569 64589022
989145773 6499563
888582982 72708663
987972245 97004208
960554467 1544807
891376662 5208909
825055395 199603846
970512305 18271390
951817739 25339258
903719462 66240196
952365173 130873094
877230696 71250865
980357033 57148010
987048306 131206072
974973328 53041273
972979226 80916698
899167628 12745329
995070454 439863
867760278 9348
914690639 1022367
995480684 7628375
860116735 87416776
995175136 122460040
994663470 13155071
978914818 10778904
978817284 24253595
950992052 79796768
943895996 71217558
907082608 82681929
943289098 78951527
898499402 13833325
972083751 59588834
921054391 163752036
868033777 1930385
840104590 20762856
968104839 38823393
899257105 78260918
920223383 5154763
987054026 136681003
981740054 81446274
924149574 17456112
912755377 41968705
940048741 4750559
879781089 9469289
997741961 190905872
973047433 3269197
838443944 106885148
971682204 224452732
976769692 94335152
969990630 42936731
987544012 21569198
921201604 78889551
839269279 460394
937094198 143924394
922120288 51774182
975990474 4953630
944014771 30521175
961195204 11404037
873602241 22422586
922687252 10356535
963507221 55529856
946779239 150744239
981513571 4554252
738886757 144093276
998045396 46762082
934053604 84958600
922478753 15580472
955808476 56434832
975066066 71672972
823099794 1979219
988709440 65813970
867931554 71587800
993831976 65518609
935195390 22255376
965810142 7133557
958601692 75631182
991919707 1626789
941988528 40514801
995262799 23654776
891105593 82849752
892324232 45881631
718326085 41120536
970068366 91535920
989342648 2330705
998053823 38340779
954941763 17045447
994423699 38206009
902242524 38240720
982517201 187187493
960002158 1254078
980650506 6536351
977719169 28148648
897624446 26091545
968504514 72790787
944164619 29570025
971835698 13144971
985172092 37031804
761199972 57770870
958606368 1217926
999471476 31097285
850481623 76137153
924573567 134126107
980967381 63940420
992634817 125882162
905734527 32699950
995843760 20421137
930411978 1202753
973421188 86155672
805700400 64257856
983106169 28341341
999799233 35616835
958533053 145999489
985258765 242406806
981382178 24613793
993552964 80327485
872713238 5150049
946334388 310895630
988735437 151801596
668878694 61972585
969065369 9884342
951349860 8240767
886792868 4725997
932818216 178362049
919755234 9857736
995413324 39972437
945920262 90209873
853829119 85913005
976428957 40759435
993159704 46444931
988658805 226454307
978361518 102003225
973285641 120123953
985909097 31465670
965502044 53123352
977714576 31432465
976965984 27646067
915596314 4880411
980066144 32074440
857572684 90487169
937738100 131064620
895204886 5250927
907110834 156007789
901979963 8036784
951629149 8337958
993977234 23736140
982061117 64767060
831752686 86012685
965927909 117592249
971603229 78203948
889128958 51354317
994106916 58132701
872513075 13922809
754335494 54463902
846286044 97766531
874185813 1142314
909011858 22637001
946578708 145793722
914200268 128899089
919730171 170164237
992454858 1526690
968181340 7255554
953754121 21707487
989852013 71001931
988532639 88419586
856817543 8802424
873002725 45662999
977986060 34070482
961899668 33821581
966446241 109317060
984434901 38185859
984298288 28632765
990213686 3948061
936889466 93042344
991411848 43218779
961148160 60563541
922025460 194557011
839578320 3602442
989085483 43139036
998042010 3299622
985738769 116253063
759471259 67478459
928115507 153479628
998144451 88994532
975280171 35148573
983925746 753005
997060461 10587009
917562186 62553482
899737711 3525651
944946213 14825594
856570815 12603932
991839557 100340264
996305351 28385242
910336729 91363979
999615354 44518979
998453908 9841343
911762595 84276245
966155623 78587122
909016913 44645728
971596539 22203395
959808379 35915931
905279636 48611261
938353943 50106079
891152942 9328716
966543930 25615927
962992555 14005174
990276958 80494053
784226832 39869556
968485550 15218465
942842180 2744225
978907320 21597331
900275129 22966205
777258278 54485675
981099078 59530125
843341404 19756164
834496890 52592617
982592985 13390144
966821024 3021404
987738114 140181176
782046048 19840574
989250890 5540525
957431642 19147060
899512139 43665985
990778822 57721562
991418091 164427482
931237785 46559084
931384344 20347156
963075999 8023679
877889196 34935693
929855912 96576592
993085430 62024835
966362589 56391426
946787198 14830224
957944806 30230837
932509093 54711110
906234334 89773973
964834069 103733421
987832679 123346022
947419395 220848637
929268173 79736421
990729791 184254373
950621680 51046861
955269365 139851633
958608063 27388381
935443943 50624768
942643587 36984932
830008781 13316674
947138550 6945075
902586928 46831039
962621989 35571931
854193494 21540172
977160456 25014288
754929423 45697900
779229960 9919605
965795647 74877520
970333666 86776655
986292599 19969555
994515496 1570381
850996659 6599200
877566752 7627143
820782173 50442633
936330392 68398663
997211501 131020134
981975523 81388527
799903097 19140599
921846932 478595
995518141 73345419
928064962 5272770
977394673 66329864
781388595 34711979
975435797 27445052
927282180 42670918
921567690 8884542
978398317 63383059
940708949 7272687
998503194 26318823
921502681 965365
989295999 35070071
850272523 90602942
679064171 129601823
942072503 71017257
901348152 2096035
933147270 208772232
901966318 174755293
996513179 5238918
844147886 8963698
895770086 33581368
995591635 9099233
879757508 23208272
956239843 142769409
893053185 5316633
971368654 26057622
891067474 71282341
988222179 40329472
811941710 1391585
964472694 30856055
