300
8620 11292 8623 11289
24493 19316 24497 19321
10236 15530 10237 15528
5494 2836 5496 2840
6740 2973 6744 2969
17185 18837 17189 18839
4756 23472 4757 23468
23387 9977 23390 9978
23134 2632 23137 2627
6740 4811 6742 4813
4795 10926 4796 10928
18475 26171 18480 26175
17725 11626 17729 11628
10034 16297 10036 16293
4079 4382 4084 4386
9625 16989 9628 16993
12566 15571 12571 15574
13451 14422 13454 14419
14452 1365 14454 1362
12730 11680 12734 11678
1949 12954 1951 12953
13712 11945 13713 11940
7718 17497 7723 17492
21900 12330 21902 12327
25498 9789 25499 9784
10651 11145 10656 11147
16033 5865 16035 5867
26173 9758 26174 9759
25541 26785 25543 26788
15613 8434 15617 8432
10304 15320 10306 15319
24978 7338 24981 7343
27601 10474 27604 10469
8005 9450 8006 9449
7309 12728 7312 12724
20964 7803 20966 7806
17806 15612 17807 15609
9380 9037 9385 9041
888 20917 892 20916
26811 2365 26812 2369
5807 3098 5810 3100
1528 28425 1530 28430
7067 9727 7072 9730
1635 12094 1640 12099
12650 28511 12651 28509
518 29761 521 29757
21135 19967 21136 19972
283 1288 285 1290
5936 16793 5941 16794
3076 26913 3079 26910
7011 24903 7012 24906
15910 3856 15914 3855
29503 21337 29508 21339
18114 11134 18115 11135
21946 26257 21948 26256
9866 10667 9870 10663
19324 18480 19329 18479
15668 4627 15672 4629
20038 25481 20041 25484
17264 22487 17269 22489
21032 7948 21034 7947
13299 21257 13303 21256
19114 3770 19116 3769
25724 5305 25726 5309
8295 17789 8296 17786
9449 21726 9453 21727
10157 653 10162 652
13914 15230 13918 15225
25080 11931 25082 11933
8630 18362 8635 18360
8157 26748 8160 26743
15110 27077 15115 27076
19716 22618 19718 22617
8448 8363 8451 8361
28494 19531 28498 19534
14677 23271 14680 23267
5692 12412 5697 12414
16017 7405 16018 7401
3811 11369 3813 11374
26078 2312 26079 2313
9003 17048 9006 17044
17519 19494 17521 19492
13016 12795 13020 12798
29847 13847 29848 13844
8702 7125 8707 7126
29036 29965 29041 29963
12770 22216 12775 22217
19942 29289 19947 29293
3920 10612 3923 10613
24274 9930 24276 9927
10486 28170 10490 28169
10412 2746 10414 2741
9586 9190 9590 9189
11555 17792 11558 17789
9344 14704 9347 14709
10788 29158 10792 29163
656 19910 658 19912
7904 14139 7906 14140
1368 2211 1373 2214
23411 3803 23412 3799
9585 12060 9588 12063
24071 16370 24076 16372
17432 12142 17437 12143
28377 1187 28378 1189
16918 15159 16920 15162
8786 12782 8787 12780
25786 18923 25788 18925
20852 25497 20853 25499
25727 7092 25731 7090
17699 28866 17703 28871
25372 10977 25374 10981
5220 12888 5223 12887
4975 24913 4980 24915
12006 23383 12011 23385
11525 1313 11528 1317
20505 1055 20509 1056
13325 17438 13330 17440
12791 22714 12792 22713
3003 7246 3005 7249
19445 2510 19446 2512
28907 5511 28910 5513
17564 22249 17567 22254
21388 7909 21391 7912
29643 16624 29645 16623
16309 13424 16312 13423
18621 5212 18623 5214
14535 9745 14538 9748
6281 24214 6285 24215
18052 23947 18053 23944
28463 25802 28466 25800
15998 9240 16003 9241
23571 13463 23572 13468
5771 14544 5774 14545
15536 29467 15537 29472
16910 13680 16912 13679
95 24785 97 24788
18208 6848 18213 6845
28317 7781 28318 7776
9452 10661 9455 10660
26228 5392 26233 5388
18039 11251 18044 11250
882 20452 886 20453
20075 1078 20080 1079
19831 28054 19833 28057
7196 20786 7197 20787
152 8458 155 8461
23394 27856 23396 27860
21622 15322 21624 15323
26317 20411 26320 20408
20905 10645 20907 10647
27494 3865 27496 3867
23404 23957 23408 23953
10056 9177 10060 9182
2544 28431 2549 28434
13483 13879 13488 13881
22021 16366 22023 16363
13670 14066 13673 14070
9344 2545 9347 2548
11943 3015 11947 3011
27475 5172 27480 5169
19720 26252 19724 26250
24008 13617 24009 13622
14752 5722 14753 5724
28474 17347 28479 17345
12088 24941 12092 24945
29483 19773 29485 19778
1820 10159 1824 10160
26851 15145 26856 15143
21913 19676 21918 19675
10483 10994 10486 10998
1674 22686 1676 22683
22853 27172 22855 27175
19999 3762 20003 3765
12231 21993 12234 21994
23587 25869 23590 25873
14269 29696 14271 29692
26081 13672 26085 13669
11599 20576 11603 20573
26142 19056 26147 19058
27526 18849 27531 18850
9461 13858 9462 13859
9767 23026 9768 23027
13045 14289 13046 14288
23696 3966 23697 3969
1447 28369 1450 28371
12631 7957 12633 7954
22993 17344 22994 17340
27853 4137 27856 4139
17793 2713 17794 2718
12288 6532 12291 6536
2071 16316 2073 16321
18468 19488 18473 19487
2924 5300 2926 5298
10803 25564 10805 25567
19798 24073 19800 24075
6675 15074 6677 15071
28553 14146 28558 14151
25704 502 25706 503
14207 9679 14210 9680
24126 16068 24130 16071
891 24085 893 24082
23330 25516 23332 25512
18228 11676 18233 11681
25438 19243 25439 19248
19724 2841 19729 2838
25771 8309 25776 8308
29224 18674 29227 18673
27188 15329 27193 15327
23312 3704 23317 3707
16541 16835 16546 16837
25190 6836 25191 6831
22761 9346 22765 9343
18265 5213 18269 5216
23308 22127 23309 22132
10987 2346 10988 2348
21256 14012 21258 14008
28750 15638 28755 15641
18014 12520 18017 12523
12029 11952 12032 11955
14580 27487 14582 27490
19327 14457 19328 14458
15315 10952 15319 10948
9750 7350 9752 7348
22596 24767 22598 24766
21786 19530 21790 19534
20002 6441 20007 6445
10422 21053 10425 21058
6291 17310 6293 17312
23090 1030 23095 1028
365 15426 367 15424
27351 25427 27354 25429
12516 463 12521 466
3639 3195 3642 3192
3987 10654 3991 10650
1109 12418 1110 12422
4385 17439 4387 17435
13596 16986 13598 16990
16496 21273 16500 21272
12804 13868 12808 13864
22420 16386 22422 16385
24450 28729 24452 28730
6083 1792 6088 1793
663 16703 667 16705
12213 16367 12217 16372
7124 5633 7128 5634
5032 29482 5035 29483
16483 28355 16488 28356
17983 29755 17985 29756
25333 4590 25337 4585
27729 22315 27733 22312
23767 4288 23768 4289
15159 21963 15160 21959
7935 18769 7938 18764
2687 4458 2689 4454
15054 1932 15056 1927
17417 15053 17418 15056
25832 8359 25833 8364
27856 14470 27858 14474
19463 16623 19466 16625
11598 22723 11603 22726
15925 21548 15926 21553
25973 22656 25976 22658
12494 15200 12495 15202
17247 3209 17249 3207
9379 309 9384 314
1614 2844 1617 2845
1441 1440 1443 1442
16110 11365 16114 11362
19289 28886 19290 28881
441 4849 444 4852
2040 15153 2042 15154
25406 8530 25411 8526
18582 22619 18586 22621
14865 11931 14868 11935
26452 9842 26455 9845
14137 12823 14142 12826
691 6322 692 6323
10150 24806 10151 24811
15801 14328 15806 14331
22964 8854 22966 8852
26752 15140 26757 15138
19394 27146 19395 27151
5292 5082 5293 5087
20985 1896 20986 1899
21625 4901 21627 4899
28472 29549 28476 29545
13495 23657 13497 23659
7241 24844 7244 24840
5240 11933 5242 11932
15148 10332 15149 10327
3217 18766 3219 18770
15914 13666 15919 13661
25827 13503 25829 13499
17242 19146 17245 19141
25721 26297 25725 26294
11391 21537 11393 21535
8093 20184 8098 20189
21845 4683 21848 4685
18656 25268 18660 25273
19835 22826 19837 22831
