50
8719 21231 8806 21144
8753 21197 8772 21178
6928 27194 7001 27121
6938 27131 6991 27184
6932 27190 6997 27125
6946 27139 6982 27175
3417 11132 3462 11177
3430 11163 3448 11145
3423 11138 3455 11170
3430 11164 3449 11145
3421 11173 3458 11136
3413 11181 3466 11128
3582 17594 3655 17667
3573 17585 3663 17675
3580 17592 3657 17669
3584 17664 3652 17596
3603 17645 3633 17615
3591 17603 3646 17658
3609 17640 3628 17621
3601 17648 3636 17613
3579 17591 3657 17669
3579 17670 3658 17591
3614 17626 3623 17635
3614 17634 3622 17626
3593 17605 3644 17656
3604 17645 3633 17616
3592 17604 3644 17656
3571 17678 3666 17583
3609 17639 3627 17621
3613 17636 3624 17625
3598 17610 3638 17650
3581 17593 3655 17667
3605 17617 3631 17643
3568 17580 3668 17680
3595 17607 3642 17654
3605 17617 3632 17644
3592 17656 3644 17604
3617 17631 3619 17629
3599 17611 3638 17650
3606 17643 3631 17618
3570 17679 3667 17582
3617 17629 3620 17632
3610 17622 3626 17638
3589 17660 3648 17601
3581 17593 3656 17668
3599 17649 3637 17611
3584 17665 3653 17596
3595 17607 3642 17654
3606 17618 3630 17642
3582 17594 3655 17667
