18
  0   1   1  22  29   1  34  41   1  44  54  43  40  29  39  46  23   1 
  1  20  27  34  23  30  28  35  49  38  48  55  34  41  33  40   1   3 
 25  32   1   1  48  37  31   1  41  48  40  47  35  42  33   1  31  38 
 19  26  33   1   1  49  25  32  35  42  52  41  47  36   1  34  25  32 
  1  39  27  34  34  41   1  40  50  39  40  47  25   1  40  47  53  42 
 44  51  21  28   1  35  45  34  44  51  34  41   1  26  52  41  47  54 
 36  43   1  42  38  45  37  44  21  28  35   1  45  34  44  51  39  46 
  1  37  47  54  32  39  31  38  33  22   1  36  39  46  38  45  51  40 
 35  42  34  41  59  48  31  20   1   1  41  48  37  44  35  24  47  54 
 29  36  46  35  53  60  25   1  21  28  53  42  49  38  29  36   3  48 
 48  37  38  45  23  30   1  51  46  35  45  52  50  57  23  30  51  40 
 42  49  32  39  35   1  56  45  40  47  39  46  44  51  35  24  45  52 
 36  43  33  22   1  50  42  49  39  46  56  45  48  37  38  45  25   3 
 48  37  27   1  37  44  36  43  51  40  50  57  42  49  32  39  37  26 
 25  32   1  46  47  36  46  35  52  59  42  49  34  41  35  24   3  46 
 19   1  51  40  41  48  40  47  46  53  54  43  46  35  29  36  33   3 
  1  22  29  36  42  49  32  39  49  38  31  38  27  34  23  30  37   3 
  3   3  23  30  54  43  44  33  43  50   3  32  21   3  35   3   3   3 
