39
  0 513 516 519 522 525 528 531 534 537 540 543 546 510 513 516 519 522 525 528 531 534 537 540 543 546 510 513 516 519 522 525 528 531 534 537 540 543 546 
513   4   6   8  10  12  14  16  18  20  22  24  26  28  30  32  34  36  38  40  42  44  46  48  50  52  54  56  58  60  62  64  66  68  70  72  74   5 585 
516   5 534 543 552 561 570 579 588 597 606 615 624 516 525 534 543 552 561 570 579 588 597 606 615 624 516 525 534 543 552 561 570 579 588 597 606   6 624 
519   3 543 555 567 579 591 603 615 627 639 651 663 519 531 543 555 567 579 591 603 615 627 639 651 663 519 531 543 555 567 579 591 603 615 627 639   7 663 
522   4 552 567 582 597 612 627 642 657 672 687 702 522 537 552 567 582 597 612 627 642 657 672 687 702 522 537 552 567 582 597 612 627 642 657 672   8 702 
525   5 561 579 597 615 633 651 669 687 705 723 741 525 543 561 579 597 615 633 651 669 687 705 723 741 525 543 561 579 597 615 633 651 669 687 705   9 741 
528   3 570 591 612 633 654 675 696 717 738 759 780 528 549 570 591 612 633 654 675 696 717 738 759 780 528 549 570 591 612 633 654 675 696 717 738  10 780 
531   4 579 603 627 651 675   3  17  19  21  23  25  27  29  31  33  35  37  39  41  43  45  47  49  51  53  55  57  59  61  10 675 699 723 747 771  11 819 
534   5 588 615 642 669 696   2 750 777 804 831 858 534 561 588 615 642 669 696 723 750 777 804 831 858 534 561 588 615 642  11 696 723 750 777 804  12 858 
537   3 597 627 657 687 717   3 777 807 837 867 897 537 567 597 627 657 687 717 747 777 807 837 867 897 537 567 597 627 657  12 717 747 777 807 837  13 897 
540   4 606 639 672 705 738   2 804 837 870 903 936 540 573 606 639 672 705 738 771 804 837 870 903 936 540 573 606 639 672  13 738 771 804 837 870  14 936 
543   5 615 651 687 723 759   3 831 867 903 939 975 543 579 615 651 687 723 759 795 831 867 903 939 975 543 579 615 651 687  14 759 795 831 867 903  15 975 
546   3 624 663 702 741 780   2 858 897 936 975 1014 546 585 624 663 702 741 780 819 858 897 936 975 1014 546 585 624 663 702  15 780 819 858 897 936  16 1014 
549   4 633 675 717 759 801   3 885 927 969 1011 1053   1  28  30  32  34  36  38  40  42  44  46  48  15 549 591 633 675 717  16 801 843 885 927 969  17 1053 
552   5 642 687 732 777 822   2 912 957 1002 1047 1092   1 597 642 687 732 777 822 867 912 957 1002 1047  16 552 597 642 687 732  17 822 867 912 957 1002  18 1092 
555   3 651 699 747 795 843   3 939 987 1035 1083 1131   1 603 651 699 747 795 843 891 939 987 1035 1083  17 555 603 651 699 747  18 843 891 939 987 1035  19 1131 
558   4 660 711 762 813 864   2 966 1017 1068 1119 1170   1 609 660 711 762 813 864 915 966 1017 1068 1119  18 558 609 660 711 762  19 864 915 966 1017 1068  20 1170 
561   5 669 723 777 831 885   3 993 1047 1101 1155 1209   1 615 669 723 777 831 885 939 993 1047 1101 1155  19 561 615 669 723 777  20 885 939 993 1047 1101  21 1209 
564   3 678 735 792 849 906   2 1020 1077 1134 1191 1248   1 621 678 735 792 849 906 963 1020 1077 1134 1191  20 564 621 678 735 792  21 906 963 1020 1077 1134  22 1248 
510   4 516 519 522 525 528   3 534 537 540 543 546   1 513 516 519 522 525  20 531 534 537 540 543  21 510 513 516 519 522  22 528 531 534 537 540  23 546 
513   5 525 531 537 543 549   2 561 567 573 579 585   1 519 525 531 537 543  21 555 561 567 573 579  22 513 519 525 531 537  23 549 555 561 567 573  24 585 
516   3 534 543 552 561 570   3 588 597 606 615 624   1 525 534 543 552 561  22 579 588 597 606 615  23 516 525 534 543 552  24 570 579 588 597 606  25 624 
519   4 543 555 567 579 591   2 615 627 639 651 663   1   1  30  22  16  12  23 603 615 627 639 651  24 519 531 543 555 567  25 591 603 615 627 639  26 663 
522   5 552 567 582 597 612   3 642 657 672 687 702 522 537 552 567 582 597 612 627 642 657 672 687  25 522 537 552 567 582  26 612 627 642 657 672  27 702 
525   3 561 579 597 615 633   2 669 687 705 723 741 525 543 561 579 597 615 633 651 669 687 705 723  26 525 543 561 579 597  27 633 651 669 687 705  28 741 
528   4 570 591 612 633 654   3 696 717 738 759 780 528 549 570 591 612 633 654 675 696 717 738 759  27 528 549 570 591 612  28 654 675 696 717 738  29 780 
531   5 579 603 627 651 675   2 723 747 771 795 819 531 555 579 603 627 651 675 699 723 747 771 795  28 531 555 579 603 627  29 675 699 723 747 771  30 819 
534   3 588 615 642 669 696   3 750 777 804 831 858 534 561 588 615 642 669 696 723 750 777 804 831  29 534 561 588 615 642  30 696 723 750 777 804  31 858 
537   4 597 627 657 687 717   2  26   4  23   5  28  14   2  31  23  17  13  11  11  13  17  23  31  30 537 567 597 627 657  31 717 747 777 807 837  32 897 
540   5 606 639 672 705 738 771 804 837 870 903 936 540 573 606 639 672 705 738 771 804 837 870 903 936 540 573 606 639 672  32 738 771 804 837 870  33 936 
543   3 615 651 687 723 759 795 831 867 903 939 975 543 579 615 651 687 723 759 795 831 867 903 939 975 543 579 615 651 687  33 759 795 831 867 903  34 975 
546   4 624 663 702 741 780 819 858 897 936 975 1014 546 585 624 663 702 741 780 819 858 897 936 975 1014 546 585 624 663 702  34 780 819 858 897 936  35 1014 
549   5 633 675 717 759 801 843 885 927 969 1011 1053 549 591 633 675 717 759 801 843 885 927 969 1011 1053 549 591 633 675 717  35 801 843 885 927 969  36 1053 
552   3 642 687 732 777 822 867 912 957 1002 1047 1092 552 597 642 687 732 777 822 867 912 957 1002 1047 1092 552 597 642 687 732  36 822 867 912 957 1002  37 1092 
555   4   6  11  18  27  38  12  27   5  24   6  29  15   3  32  24  18  14  12  12  14  18  24  32   3  15  29   6  24   5  37 843 891 939 987 1035  38 1131 
558 609 660 711 762 813 864 915 966 1017 1068 1119 1170 558 609 660 711 762 813 864 915 966 1017 1068 1119 1170 558 609 660 711 762 813 864 915 966 1017 1068  39 1170 
561 615 669 723 777 831 885 939 993 1047 1101 1155 1209 561 615 669 723 777 831 885 939 993 1047 1101 1155 1209 561 615 669 723 777 831 885 939 993 1047 1101  40 1209 
564 621 678 735 792 849 906 963 1020 1077 1134 1191 1248 564 621 678 735 792 849 906 963 1020 1077 1134 1191 1248 564 621 678 735 792 849 906 963 1020 1077 1134  41 1248 
510 513 516 519 522 525 528 531 534 537 540 543 546 510 513 516 519 522 525 528 531 534 537 540 543 546 510 513 516 519 522 525 528 531 534 537 540  42 546 
