40
  0 539 542 545 548 551 554 557 560 563 566 569 572 536 539 542 545 548 551 554 557 560 563 566 569 572 536 539 542 545 548 551 554 557 560 563 566 569 572 536 
539 545 551 557 563 569 575 581 587 593 599 605 611 539 545 551 557 563 569 575 581 587 593 599 605 611 539 545 551 557 563 569 575 581 587 593 599 605 611 539 
542 551   5   8  10  12  14  16  18  20  22  24  26  28  30  32  34  36  38  40  42  44  46  48  50  52  54  56  58  60  62  64  66  68  70  72  74  76   6 542 
545 557   3 581 593 605 617 629 641 653 665 677 689 545 557 569 581 593 605 617 629 641 653 665 677 689 545 557 569 581 593 605 617 629 641 653 665 677   7 545 
548 563   4 593 608 623 638 653 668 683 698 713 728 548 563 578 593 608 623 638 653 668 683 698 713 728 548 563 578 593 608 623 638 653 668 683 698 713   8 548 
551 569   5 605 623 641 659 677 695 713 731 749 767 551 569 587 605 623 641 659 677 695 713 731 749 767 551 569 587 605 623 641 659 677 695 713 731 749   9 551 
554 575   3 617 638 659 680 701 722 743 764 785 806 554 575 596 617 638 659 680 701 722 743 764 785 806 554 575 596 617 638 659 680 701 722 743 764 785  10 554 
557 581   4 629 653 677 701 725 749 773 797 821 845 557 581 605 629 653 677 701 725 749 773 797 821 845 557 581 605 629 653 677 701 725 749 773 797 821  11 557 
560 587   5 641 668 695 722 749   2  19  21  23  25  27  29  31  33  35  37  39  41  43  45  47  49  51  53  55  57  59  61  63  11 749 776 803 830 857  12 560 
563 593   3 653 683 713 743 773   3 833 863 893 923 563 593 623 653 683 713 743 773 803 833 863 893 923 563 593 623 653 683 713  12 773 803 833 863 893  13 563 
566 599   4 665 698 731 764 797   2 863 896 929 962 566 599 632 665 698 731 764 797 830 863 896 929 962 566 599 632 665 698 731  13 797 830 863 896 929  14 566 
569 605   5 677 713 749 785 821   3 893 929 965 1001 569 605 641 677 713 749 785 821 857 893 929 965 1001 569 605 641 677 713 749  14 821 857 893 929 965  15 569 
572 611   3 689 728 767 806 845   2 923 962 1001 1040 572 611 650 689 728 767 806 845 884 923 962 1001 1040 572 611 650 689 728 767  15 845 884 923 962 1001  16 572 
575 617   4 701 743 785 827 869   3 953 995 1037 1079 575 617 659 701 743 785 827 869 911 953 995 1037 1079 575 617 659 701 743 785  16 869 911 953 995 1037  17 575 
578 623   5 713 758 803 848 893   2 983 1028 1073 1118 578   1  30  32  34  36  38  40  42  44  46  48  50  16 623 668 713 758 803  17 893 938 983 1028 1073  18 578 
581 629   3 725 773 821 869 917   3 1013 1061 1109 1157 581   1 677 725 773 821 869 917 965 1013 1061 1109 1157  17 629 677 725 773 821  18 917 965 1013 1061 1109  19 581 
584 635   4 737 788 839 890 941   2 1043 1094 1145 1196 584   1 686 737 788 839 890 941 992 1043 1094 1145 1196  18 635 686 737 788 839  19 941 992 1043 1094 1145  20 584 
587 641   5 749 803 857 911 965   3 1073 1127 1181 1235 587   1 695 749 803 857 911 965 1019 1073 1127 1181 1235  19 641 695 749 803 857  20 965 1019 1073 1127 1181  21 587 
590 647   3 761 818 875 932 989   2 1103 1160 1217 1274 590   1 704 761 818 875 932 989 1046 1103 1160 1217 1274  20 647 704 761 818 875  21 989 1046 1103 1160 1217  22 590 
593 653   4 773 833 893 953 1013   3 1133 1193 1253 1313 593   1 713 773 833 893 953 1013 1073 1133 1193 1253 1313  21 653 713 773 833 893  22 1013 1073 1133 1193 1253  23 593 
536 539   5 545 548 551 554 557   2 563 566 569 572 536   1 542 545 548 551 554  21 560 563 566 569 572  22 539 542 545 548 551  23 557 560 563 566 569  24 536 
539 545   3 557 563 569 575 581   3 593 599 605 611 539   1 551 557 563 569 575  22 587 593 599 605 611  23 545 551 557 563 569  24 581 587 593 599 605  25 539 
542 551   4 569 578 587 596 605   2 623 632 641 650 542   1 560 569 578 587 596  23 614 623 632 641 650  24 551 560 569 578 587  25 605 614 623 632 641  26 542 
545 557   5 581 593 605 617 629   3 653 665 677 689 545   1  25  16   9   4   1  24 641 653 665 677 689  25 557 569 581 593 605  26 629 641 653 665 677  27 545 
548 563   3 593 608 623 638 653   2 683 698 713 728 548 563 578 593 608 623 638 653 668 683 698 713 728  26 563 578 593 608 623  27 653 668 683 698 713  28 548 
551 569   4 605 623 641 659 677   3 713 731 749 767 551 569 587 605 623 641 659 677 695 713 731 749 767  27 569 587 605 623 641  28 677 695 713 731 749  29 551 
554 575   5 617 638 659 680 701   2 743 764 785 806 554 575 596 617 638 659 680 701 722 743 764 785 806  28 575 596 617 638 659  29 701 722 743 764 785  30 554 
557 581   3 629 653 677 701 725   3 773 797 821 845 557 581 605 629 653 677 701 725 749 773 797 821 845  29 581 605 629 653 677  30 725 749 773 797 821  31 557 
560 587   4 641 668 695 722 749   2 803 830 857 884 560 587 614 641 668 695 722 749 776 803 830 857 884  30 587 614 641 668 695  31 749 776 803 830 857  32 560 
563 593   5 653 683 713 743 773   3   2  21   2  25  10  37  26  17  10   5   2   1   2   5  10  17  26  31 593 623 653 683 713  32 773 803 833 863 893  33 563 
566 599   3 665 698 731 764 797 830 863 896 929 962 566 599 632 665 698 731 764 797 830 863 896 929 962 566 599 632 665 698 731  33 797 830 863 896 929  34 566 
569 605   4 677 713 749 785 821 857 893 929 965 1001 569 605 641 677 713 749 785 821 857 893 929 965 1001 569 605 641 677 713 749  34 821 857 893 929 965  35 569 
572 611   5 689 728 767 806 845 884 923 962 1001 1040 572 611 650 689 728 767 806 845 884 923 962 1001 1040 572 611 650 689 728 767  35 845 884 923 962 1001  36 572 
575 617   3 701 743 785 827 869 911 953 995 1037 1079 575 617 659 701 743 785 827 869 911 953 995 1037 1079 575 617 659 701 743 785  36 869 911 953 995 1037  37 575 
578 623   4 713 758 803 848 893 938 983 1028 1073 1118 578 623 668 713 758 803 848 893 938 983 1028 1073 1118 578 623 668 713 758 803  37 893 938 983 1028 1073  38 578 
581 629   5  11  18  27  38  11  26   3  22   3  26  11  38  27  18  11   6   3   2   3   6  11  18  27  38  11  26   3  22   3  38 917 965 1013 1061 1109  39 581 
584 635 686 737 788 839 890 941 992 1043 1094 1145 1196 584 635 686 737 788 839 890 941 992 1043 1094 1145 1196 584 635 686 737 788 839 890 941 992 1043 1094 1145  40 584 
587 641 695 749 803 857 911 965 1019 1073 1127 1181 1235 587 641 695 749 803 857 911 965 1019 1073 1127 1181 1235 587 641 695 749 803 857 911 965 1019 1073 1127 1181  41 587 
590 647 704 761 818 875 932 989 1046 1103 1160 1217 1274 590 647 704 761 818 875 932 989 1046 1103 1160 1217 1274 590 647 704 761 818 875 932 989 1046 1103 1160 1217  42 590 
593 653 713 773 833 893 953 1013 1073 1133 1193 1253 1313 593 653 713 773 833 893 953 1013 1073 1133 1193 1253 1313 593 653 713 773 833 893 953 1013 1073 1133 1193 1253  43 593 
