50
  0 1251 1254 1259 1266 1275 1286 1299 1314 1331 1350 1371 1394 1419 1446 1475 1506 1539 1574 1611 1650 1691 1734 1779 1826 1875 1926 1979 2034 2091 2150 2211 2274 2339 2406 2475 2546 2619 2694 2771 2850 2931 3014 3099 3186 3275 3366 3459 3554 3651 
  1   2 1250 1252 1257 1263 1272 1282 1295 1309 1326 1344 1365 1387 1412 1438 1467 1497 1530 1564 1601 1639 1680 1722 1767 1813 1862 1912 1965 2019 2076 2134 2195 2257 2322 2388 2457 2527 2600 2674 2751 2829 2910 2992 3077 3163 3252 3342 3435 3529 
1254   5  12 1248 1250 1254 1260 1268 1278 1290 1304 1320 1338 1358 1380 1404 1430 1458 1488 1520 1554 1590 1628 1668 1710 1754 1800 1848 1898 1950 2004 2060 2118 2178 2240 2304 2370 2438 2508 2580 2654 2730 2808 2888 2970 3054 3140 3228 3318 3410 
1259 1252  17  36 1245 1246 1250 1255 1263 1272 1284 1297 1313 1330 1350 1371 1395 1420 1448 1477 1509 1542 1578 1615 1655 1696 1740 1785 1833 1882 1934 1987 2043 2100 2160 2221 2285 2350 2418 2487 2559 2632 2708 2785 2865 2946 3030 3115 3203 3292 
1266 1257 1250  43  31 1241 1242 1245 1250 1257 1266 1277 1290 1305 1322 1341 1362 1385 1410 1437 1466 1497 1530 1565 1602 1641 1682 1725 1770 1817 1866 1917 1970 2025 2082 2141 2202 2265 2330 2397 2466 2537 2610 2685 2762 2841 2922 3005 3090 3177 
1275 1263 1254 1246  40  52 1236 1236 1239 1243 1250 1258 1269 1281 1296 1312 1331 1351 1374 1398 1425 1453 1484 1516 1551 1587 1626 1666 1709 1753 1800 1848 1899 1951 2006 2062 2121 2181 2244 2308 2375 2443 2514 2586 2661 2737 2816 2896 2979 3063 
1286 1272 1260 1250 1242  63  56 1230 1230 1232 1236 1242 1250 1260 1272 1286 1302 1320 1340 1362 1386 1412 1440 1470 1502 1536 1572 1610 1650 1692 1736 1782 1830 1880 1932 1986 2042 2100 2160 2222 2286 2352 2420 2490 2562 2636 2712 2790 2870 2952 
1299 1282 1268 1255 1245 1236  69  49 1223 1222 1224 1227 1233 1240 1250 1261 1275 1290 1308 1327 1349 1372 1398 1425 1455 1486 1520 1555 1593 1632 1674 1717 1763 1810 1860 1911 1965 2020 2078 2137 2199 2262 2328 2395 2465 2536 2610 2685 2763 2842 
1314 1295 1278 1263 1250 1239 1230  14  36 1215 1214 1215 1218 1223 1230 1239 1250 1263 1278 1295 1314 1335 1358 1383 1410 1439 1470 1503 1538 1575 1614 1655 1698 1743 1790 1839 1890 1943 1998 2055 2114 2175 2238 2303 2370 2439 2510 2583 2658 2735 
1331 1309 1290 1272 1257 1243 1232 1222  53  74 1206 1204 1205 1207 1212 1218 1227 1237 1250 1264 1281 1299 1320 1342 1367 1393 1422 1452 1485 1519 1556 1594 1635 1677 1722 1768 1817 1867 1920 1974 2031 2089 2150 2212 2277 2343 2412 2482 2555 2629 
1350 1326 1304 1284 1266 1250 1236 1224 1214  43  20 1196 1194 1194 1196 1200 1206 1214 1224 1236 1250 1266 1284 1304 1326 1350 1376 1404 1434 1466 1500 1536 1574 1614 1656 1700 1746 1794 1844 1896 1950 2006 2064 2124 2186 2250 2316 2384 2454 2526 
1371 1344 1320 1297 1277 1258 1242 1227 1215 1204  41  29 1185 1182 1182 1183 1187 1192 1200 1209 1221 1234 1250 1267 1287 1308 1332 1357 1385 1414 1446 1479 1515 1552 1592 1633 1677 1722 1770 1819 1871 1924 1980 2037 2097 2158 2222 2287 2355 2424 
1394 1365 1338 1313 1290 1269 1250 1233 1218 1205 1194  52  57 1173 1170 1169 1170 1173 1178 1185 1194 1205 1218 1233 1250 1269 1290 1313 1338 1365 1394 1425 1458 1493 1530 1569 1610 1653 1698 1745 1794 1845 1898 1953 2010 2069 2130 2193 2258 2325 
1419 1387 1358 1330 1305 1281 1260 1240 1223 1207 1194 1182  32  60 1160 1156 1155 1155 1158 1162 1169 1177 1188 1200 1215 1231 1250 1270 1293 1317 1344 1372 1403 1435 1470 1506 1545 1585 1628 1672 1719 1767 1818 1870 1925 1981 2040 2100 2163 2227 
1446 1412 1380 1350 1322 1296 1272 1250 1230 1212 1196 1182 1170  87  46 1146 1142 1140 1140 1142 1146 1152 1160 1170 1182 1196 1212 1230 1250 1272 1296 1322 1350 1380 1412 1446 1482 1520 1560 1602 1646 1692 1740 1790 1842 1896 1952 2010 2070 2132 
1475 1438 1404 1371 1341 1312 1286 1261 1239 1218 1200 1183 1169 1156  25  68 1131 1126 1124 1123 1125 1128 1134 1141 1151 1162 1176 1191 1209 1228 1250 1273 1299 1326 1356 1387 1421 1456 1494 1533 1575 1618 1664 1711 1761 1812 1866 1921 1979 2038 
1506 1467 1430 1395 1362 1331 1302 1275 1250 1227 1206 1187 1170 1155 1142  49  35 1115 1110 1107 1106 1107 1110 1115 1122 1131 1142 1155 1170 1187 1206 1227 1250 1275 1302 1331 1362 1395 1430 1467 1506 1547 1590 1635 1682 1731 1782 1835 1890 1947 
1539 1497 1458 1420 1385 1351 1320 1290 1263 1237 1214 1192 1173 1155 1140 1126  68  52 1098 1092 1089 1087 1088 1090 1095 1101 1110 1120 1133 1147 1164 1182 1203 1225 1250 1276 1305 1335 1368 1402 1439 1477 1518 1560 1605 1651 1700 1750 1803 1857 
1574 1530 1488 1448 1410 1374 1340 1308 1278 1250 1224 1200 1178 1158 1140 1124 1110  37  25 1080 1074 1070 1068 1068 1070 1074 1080 1088 1098 1110 1124 1140 1158 1178 1200 1224 1250 1278 1308 1340 1374 1410 1448 1488 1530 1574 1620 1668 1718 1770 
1611 1564 1520 1477 1437 1398 1362 1327 1295 1264 1236 1209 1185 1162 1142 1123 1107 1092  12  59 1061 1054 1050 1047 1047 1048 1052 1057 1065 1074 1086 1099 1115 1132 1152 1173 1197 1222 1250 1279 1311 1344 1380 1417 1457 1498 1542 1587 1635 1684 
1650 1601 1554 1509 1466 1425 1386 1349 1314 1281 1250 1221 1194 1169 1146 1125 1106 1089 1074  48  13 1041 1034 1029 1026 1025 1026 1029 1034 1041 1050 1061 1074 1089 1106 1125 1146 1169 1194 1221 1250 1281 1314 1349 1386 1425 1466 1509 1554 1601 
1691 1639 1590 1542 1497 1453 1412 1372 1335 1299 1266 1234 1205 1177 1152 1128 1107 1087 1070 1054  54  41 1020 1012 1007 1003 1002 1002 1005 1009 1016 1024 1035 1047 1062 1078 1097 1117 1140 1164 1191 1219 1250 1282 1317 1353 1392 1432 1475 1519 
1734 1680 1628 1578 1530 1484 1440 1398 1358 1320 1284 1250 1218 1188 1160 1134 1110 1088 1068 1050 1034  34  49 998 990 984 980 978 978 980 984 990 998 1008 1020 1034 1050 1068 1088 1110 1134 1160 1188 1218 1250 1284 1320 1358 1398 1440 
1779 1722 1668 1615 1565 1516 1470 1425 1383 1342 1304 1267 1233 1200 1170 1141 1115 1090 1068 1047 1029 1012  44  44 975 966 960 955 953 952 954 957 963 970 980 991 1005 1020 1038 1057 1079 1102 1128 1155 1185 1216 1250 1285 1323 1362 
1826 1767 1710 1655 1602 1551 1502 1455 1410 1367 1326 1287 1250 1215 1182 1151 1122 1095 1070 1047 1026 1007 990  41  32 951 942 935 930 927 926 927 930 935 942 951 962 975 990 1007 1026 1047 1070 1095 1122 1151 1182 1215 1250 1287 
1875 1813 1754 1696 1641 1587 1536 1486 1439 1393 1350 1308 1269 1231 1196 1162 1131 1101 1074 1048 1025 1003 984 966  31  68 926 916 909 903 900 898 899 901 906 912 921 931 944 958 975 993 1014 1036 1061 1087 1116 1146 1179 1213 
1926 1862 1800 1740 1682 1626 1572 1520 1470 1422 1376 1332 1290 1250 1212 1176 1142 1110 1080 1052 1026 1002 980 960 942  69  60 900 890 882 876 872 870 870 872 876 882 890 900 912 926 942 960 980 1002 1026 1052 1080 1110 1142 
1979 1912 1848 1785 1725 1666 1610 1555 1503 1452 1404 1357 1313 1270 1230 1191 1155 1120 1088 1057 1029 1002 978 955 935 916  63  63 873 862 854 847 843 840 840 841 845 850 858 867 879 892 908 925 945 966 990 1015 1043 1072 
2034 1965 1898 1833 1770 1709 1650 1593 1538 1485 1434 1385 1338 1293 1250 1209 1170 1133 1098 1065 1034 1005 978 953 930 909 890  68  34 845 834 825 818 813 810 809 810 813 818 825 834 845 858 873 890 909 930 953 978 1005 
2091 2019 1950 1882 1817 1753 1692 1632 1575 1519 1466 1414 1365 1317 1272 1228 1187 1147 1110 1074 1041 1009 980 952 927 903 882 862  41  77 816 804 795 787 782 778 777 777 780 784 791 799 810 822 837 853 872 892 915 939 
2150 2076 2004 1934 1866 1800 1736 1674 1614 1556 1500 1446 1394 1344 1296 1250 1206 1164 1124 1086 1050 1016 984 954 926 900 876 854 834  36   1 786 774 764 756 750 746 744 744 746 750 756 764 774 786 800 816 834 854 876 
2211 2134 2060 1987 1917 1848 1782 1717 1655 1594 1536 1479 1425 1372 1322 1273 1227 1182 1140 1099 1061 1024 990 957 927 898 872 847 825 804  12  59 755 742 732 723 717 712 710 709 711 714 720 727 737 748 762 777 795 814 
2274 2195 2118 2043 1970 1899 1830 1763 1698 1635 1574 1515 1458 1403 1350 1299 1250 1203 1158 1115 1074 1035 998 963 930 899 870 843 818 795 774  72  60 723 710 699 690 683 678 675 674 675 678 683 690 699 710 723 738 755 
2339 2257 2178 2100 2025 1951 1880 1810 1743 1677 1614 1552 1493 1435 1380 1326 1275 1225 1178 1132 1089 1047 1008 970 935 901 870 840 813 787 764 742  75  59 690 676 665 655 648 642 639 637 638 640 645 651 660 670 683 697 
2406 2322 2240 2160 2082 2006 1932 1860 1790 1722 1656 1592 1530 1470 1412 1356 1302 1250 1200 1152 1106 1062 1020 980 942 906 872 840 810 782 756 732 710  26  12 656 642 630 620 612 606 602 600 600 602 606 612 620 630 642 
2475 2388 2304 2221 2141 2062 1986 1911 1839 1768 1700 1633 1569 1506 1446 1387 1331 1276 1224 1173 1125 1078 1034 991 951 912 876 841 809 778 750 723 699 676  31  25 621 606 594 583 575 568 564 561 561 562 566 571 579 588 
2546 2457 2370 2285 2202 2121 2042 1965 1890 1817 1746 1677 1610 1545 1482 1421 1362 1305 1250 1197 1146 1097 1050 1005 962 921 882 845 810 777 746 717 690 665 642  46  54 585 570 557 546 537 530 525 522 521 522 525 530 537 
2619 2527 2438 2350 2265 2181 2100 2020 1943 1867 1794 1722 1653 1585 1520 1456 1395 1335 1278 1222 1169 1117 1068 1020 975 931 890 850 813 777 744 712 683 655 630 606  27  55 548 532 519 507 498 490 485 481 480 480 483 487 
2694 2600 2508 2418 2330 2244 2160 2078 1998 1920 1844 1770 1698 1628 1560 1494 1430 1368 1308 1250 1194 1140 1088 1038 990 944 900 858 818 780 744 710 678 648 620 594 570  80  85 510 494 480 468 458 450 444 440 438 438 440 
2771 2674 2580 2487 2397 2308 2222 2137 2055 1974 1896 1819 1745 1672 1602 1533 1467 1402 1340 1279 1221 1164 1110 1057 1007 958 912 867 825 784 746 709 675 642 612 583 557 532  62  50 471 454 440 427 417 408 402 397 395 394 
2850 2751 2654 2559 2466 2375 2286 2199 2114 2031 1950 1871 1794 1719 1646 1575 1506 1439 1374 1311 1250 1191 1134 1079 1026 975 926 879 834 791 750 711 674 639 606 575 546 519 494  29   6 431 414 399 386 375 366 359 354 351 
2931 2829 2730 2632 2537 2443 2352 2262 2175 2089 2006 1924 1845 1767 1692 1618 1547 1477 1410 1344 1281 1219 1160 1102 1047 993 942 892 845 799 756 714 675 637 602 568 537 507 480 454  37  58 390 372 357 343 332 322 315 309 
3014 2910 2808 2708 2610 2514 2420 2328 2238 2150 2064 1980 1898 1818 1740 1664 1590 1518 1448 1380 1314 1250 1188 1128 1070 1014 960 908 858 810 764 720 678 638 600 564 530 498 468 440 414  41  14 348 330 314 300 288 278 270 
3099 2992 2888 2785 2685 2586 2490 2395 2303 2212 2124 2037 1953 1870 1790 1711 1635 1560 1488 1417 1349 1282 1218 1155 1095 1036 980 925 873 822 774 727 683 640 600 561 525 490 458 427 399 372  49  78 305 286 270 255 243 232 
3186 3077 2970 2865 2762 2661 2562 2465 2370 2277 2186 2097 2010 1925 1842 1761 1682 1605 1530 1457 1386 1317 1250 1185 1122 1061 1002 945 890 837 786 737 690 645 602 561 522 485 450 417 386 357 330  65  58 261 242 225 210 197 
3275 3163 3054 2946 2841 2737 2636 2536 2439 2343 2250 2158 2069 1981 1896 1812 1731 1651 1574 1498 1425 1353 1284 1216 1151 1087 1026 966 909 853 800 748 699 651 606 562 521 481 444 408 375 343 314 286  47  59 216 196 179 163 
3366 3252 3140 3030 2922 2816 2712 2610 2510 2412 2316 2222 2130 2040 1952 1866 1782 1700 1620 1542 1466 1392 1320 1250 1182 1116 1052 990 930 872 816 762 710 660 612 566 522 480 440 402 366 332 300 270 242  50  38 170 150 132 
3459 3342 3228 3115 3005 2896 2790 2685 2583 2482 2384 2287 2193 2100 2010 1921 1835 1750 1668 1587 1509 1432 1358 1285 1215 1146 1080 1015 953 892 834 777 723 670 620 571 525 480 438 397 359 322 288 255 225 196  31  50 123 102 
3554 3435 3318 3203 3090 2979 2870 2763 2658 2555 2454 2355 2258 2163 2070 1979 1890 1803 1718 1635 1554 1475 1398 1323 1250 1179 1110 1043 978 915 854 795 738 683 630 579 530 483 438 395 354 315 278 243 210 179 150  45  52  75 
3651 3529 3410 3292 3177 3063 2952 2842 2735 2629 2526 2424 2325 2227 2132 2038 1947 1857 1770 1684 1601 1519 1440 1362 1287 1213 1142 1072 1005 939 876 814 755 697 642 588 537 487 440 394 351 309 270 232 197 163 132 102  49   1 
