15
  0   3   3   2   2   1   3   3   1   4   5   4   1   3   3 
  5   2   4   5   7   1   5   7   7   5   1   2   1   5   7 
  7   2   2   1   1   7   2   2   7   3   4   3   7   2   2 
  1   2   1   6   5   3   4   3   7   2   2   7   3   4   3 
  3   5   5   4   4   3   5   5   3   6   7   6   3   5   5 
  4   5   4   2   1   6   7   6   3   5   5   3   6   7   6 
  1   5   7   1   3   4   1   3   3   1   4   5   4   1   3 
  3   5   5   4   4   3   5   5   3   6   7   6   3   5   5 
  3   3   1   5   3   7   7   5   1   2   1   5   7   7   5 
  1   6   2   4   7   2   7   3   4   3   7   2   2   7   3 
  4   7   1   1   2   2   5   6   5   2   4   4   2   5   6 
  5   6   5   3   2   7   1   7   4   6   6   4   7   1   7 
  4   3   7   3   7   3   2   6   1   1   6   2   3   2   6 
  1   5   7   1   3   4   1   3   3   1   4   5   4   1   3 
  3   5   5   4   4   3   5   5   3   6   7   6   3   5   5 
