773 736
329 601 3
167 324 0
226 261 34
121 275 0
444 584 3
44 294 0
126 554 0
57 661 0
539 737 5
135 220 1
209 413 0
605 654 10
341 734 3
62 525 0
345 740 3
121 571 0
534 685 5
157 204 6
46 94 44
681 705 21
352 402 22
455 534 3
298 422 15
10 178 1
172 423 0
566 619 41
262 750 0
108 571 0
96 221 1
54 165 1
343 673 3
185 459 0
213 417 0
479 534 3
6 690 0
548 640 5
33 104 7
279 730 3
148 329 0
299 565 3
95 638 0
187 731 0
555 770 4
381 580 3
57 364 0
242 319 0
436 619 3
135 354 0
358 635 3
113 630 0
20 529 0
59 625 0
100 729 0
538 742 5
155 292 0
102 561 0
21 618 0
199 586 0
132 306 0
149 236 1
346 423 20
152 504 0
153 470 0
606 763 4
162 503 0
144 737 0
2 12 31
281 351 15
111 769 0
210 453 0
610 680 10
312 659 3
134 364 0
419 452 33
218 248 34
290 619 3
53 474 0
359 418 20
279 413 15
505 760 4
250 379 0
35 415 0
500 771 4
60 705 0
239 551 0
305 371 15
629 677 10
237 249 34
338 619 3
564 567 42
60 352 0
355 446 20
80 377 0
155 718 0
345 619 3
39 83 44
193 539 0
113 359 0
250 283 0
366 758 3
422 639 3
286 342 15
55 687 0
15 232 1
618 650 10
346 412 20
162 570 0
551 693 10
124 338 0
263 349 0
183 216 6
304 359 15
31 54 11
417 510 3
205 394 0
238 440 0
546 561 5
316 513 3
415 697 3
495 643 5
29 533 0
589 682 10
44 690 0
393 551 3
385 630 3
266 586 0
351 719 3
185 394 0
109 366 0
39 671 0
116 446 0
153 484 0
248 544 0
451 728 3
100 670 0
710 743 13
391 763 3
324 417 15
222 649 0
91 726 0
149 629 0
398 717 3
284 373 15
136 245 1
114 503 0
243 575 0
29 748 0
191 307 0
17 440 0
175 725 0
4 712 0
198 601 0
272 370 15
243 756 0
91 494 0
401 555 3
576 593 57
82 151 1
53 693 0
318 512 3
476 748 3
594 625 41
699 736 16
310 398 15
687 739 13
165 730 0
44 111 7
123 539 0
8 736 0
180 434 0
239 597 0
553 593 42
338 493 3
192 632 0
274 488 15
655 753 4
22 573 0
220 260 34
373 633 3
86 770 0
565 766 4
151 312 0
158 711 0
270 323 18
639 691 21
371 557 3
16 230 1
421 644 3
131 415 0
163 656 0
36 696 0
10 354 0
507 746 5
497 711 5
309 633 3
32 739 0
225 511 0
258 402 0
596 706 10
47 466 0
508 702 5
267 695 2
73 677 0
3 193 1
439 442 56
10 642 0
413 745 3
701 708 62
137 618 0
172 695 0
540 736 5
372 555 3
216 671 0
11 340 0
317 749 3
45 171 1
432 460 33
698 756 4
548 701 5
262 679 0
136 268 0
204 230 104
174 653 0
182 262 6
390 758 3
46 424 0
482 595 3
485 560 3
496 555 5
80 509 0
14 144 7
23 405 0
468 673 3
641 767 4
32 222 1
368 464 20
223 660 0
728 771 4
36 223 1
298 358 15
74 691 0
467 635 3
34 55 11
520 725 5
24 148 7
63 470 0
507 620 5
633 659 66
45 309 0
10 70 11
316 570 3
118 146 9
80 96 86
65 341 0
415 771 3
269 682 3
323 380 15
567 729 10
20 53 11
150 465 0
194 405 0
423 523 3
291 431 15
623 741 10
80 605 0
23 90 11
192 509 0
96 652 0
46 142 7
336 492 3
259 703 0
181 318 0
629 715 10
185 398 0
19 387 0
357 541 3
66 430 0
154 370 0
75 137 7
310 419 15
35 740 0
56 389 0
215 641 0
538 742 5
159 178 25
241 475 0
326 442 15
199 769 0
432 709 3
104 605 0
304 546 3
156 563 0
157 413 0
80 702 0
538 683 5
313 594 3
635 662 66
45 664 0
629 694 10
501 581 5
348 606 3
158 300 0
87 211 1
93 496 0
339 741 3
563 670 10
143 489 0
136 324 0
286 359 15
217 367 0
124 368 0
120 522 0
133 580 0
85 599 0
274 337 15
40 514 0
528 749 5
351 649 3
472 524 3
325 720 3
502 513 43
275 413 15
154 712 0
70 162 1
451 646 3
29 310 0
42 192 1
36 123 7
277 512 3
418 582 3
353 743 3
493 719 5
372 707 3
291 411 15
57 330 0
495 723 5
335 343 17
609 756 4
265 742 0
276 356 15
174 225 6
419 562 3
630 648 10
80 438 0
157 452 0
280 355 15
384 686 3
100 725 0
5 49 11
127 329 0
140 550 0
314 698 3
530 670 5
9 546 0
148 600 0
268 718 3
246 668 0
394 470 20
570 574 186
247 506 0
253 276 0
319 762 3
306 610 3
282 662 3
602 719 10
30 361 0
209 513 0
156 442 0
213 372 0
228 498 0
53 374 0
466 616 3
34 305 0
115 612 0
503 636 5
571 694 10
62 660 0
215 293 0
704 722 50
88 768 0
426 637 3
262 631 0
284 645 3
48 473 0
85 668 0
95 187 1
429 460 33
197 399 0
489 695 3
326 550 3
19 481 0
266 351 0
502 722 5
187 310 0
306 635 3
60 151 1
487 690 3
491 703 3
451 664 3
346 701 3
46 422 0
87 342 0
194 544 0
217 502 0
353 693 3
144 294 0
248 404 0
393 726 3
375 628 3
14 573 0
91 623 0
39 64 159
211 558 0
341 700 3
65 560 0
162 286 0
5 86 11
220 225 127
234 704 0
389 700 3
3 357 0
50 772 0
151 267 0
427 567 3
639 700 21
266 315 0
173 447 0
342 697 3
84 697 0
681 698 21
519 538 48
351 638 3
231 485 0
453 680 3
49 566 0
258 284 0
478 573 3
97 750 0
194 223 6
234 434 0
421 552 3
344 349 30
397 486 20
471 686 3
510 595 5
597 745 10
234 358 0
25 741 0
17 537 0
663 665 356
239 638 0
562 707 10
326 371 15
36 163 1
74 633 0
144 250 1
67 401 0
390 414 20
108 766 0
410 768 3
44 346 0
278 629 3
330 500 3
536 752 5
27 226 1
69 630 0
8 342 0
121 430 0
68 334 0
25 173 1
648 664 79
354 614 3
188 395 0
213 609 0
371 454 20
201 262 34
339 460 20
506 755 4
410 751 3
273 535 3
61 514 0
413 463 29
190 610 0
466 671 3
173 306 0
242 738 0
68 169 1
56 348 0
265 656 0
75 286 0
207 375 0
633 756 4
439 731 3
550 566 42
122 268 0
446 531 3
63 472 0
109 473 0
255 431 0
377 615 3
103 270 0
164 619 0
199 446 0
62 353 0
96 627 0
212 497 0
129 669 0
14 521 0
190 395 0
211 707 0
220 490 0
494 644 5
423 762 3
445 755 3
75 427 0
475 490 24
333 704 3
31 609 0
54 654 0
100 348 0
28 627 0
146 503 0
113 331 0
472 506 3
252 714 0
83 683 0
567 669 10
427 530 3
228 539 0
391 727 3
500 761 4
217 660 0
20 330 0
376 473 20
335 736 3
491 650 3
229 654 0
243 409 0
341 591 3
284 377 15
229 361 0
239 379 0
415 503 3
423 712 3
154 683 0
503 696 5
447 648 3
179 538 0
106 218 1
444 722 3
341 484 20
27 536 0
210 495 0
144 530 0
45 566 0
281 767 3
22 613 0
400 473 20
189 379 0
622 717 10
327 465 15
552 723 10
266 541 0
429 719 3
445 579 3
81 599 0
19 443 0
29 478 0
38 232 1
399 546 3
297 586 3
423 760 3
131 209 1
462 589 3
203 611 0
354 699 3
163 356 0
168 348 0
490 571 3
290 349 15
143 489 0
58 457 0
534 764 4
135 665 0
88 619 0
193 195 8
195 529 0
56 62 328
119 511 0
536 571 5
55 584 0
67 474 0
705 744 13
27 559 0
256 427 0
199 306 0
27 377 0
97 577 0
328 528 3
72 194 1
97 121 7
65 86 44
474 758 3
13 99 11
206 594 0
692 759 4
44 175 1
576 744 10
183 648 0
34 154 1
170 260 6
588 747 10
423 568 3
498 744 5
357 687 3
173 476 0
176 624 0
239 272 0
563 645 10
13 318 0
280 305 18
389 410 20
689 744 13
563 744 10
214 656 0
429 722 3
549 596 5
41 397 0
24 401 0
23 174 1
294 648 3
332 428 17
363 474 20
303 681 3
73 618 0
237 521 0
146 624 0
31 771 0
499 731 5
32 620 0
463 675 3
225 735 0
193 331 0
660 712 21
202 701 0
430 766 3
19 279 0
303 429 15
238 408 0
367 673 3
327 758 3
381 661 3
100 343 0
211 771 0
28 92 11
569 729 10
464 724 3
656 772 4
56 85 44
194 754 0
214 693 0
31 737 0
210 622 0
491 650 3
56 660 0
182 478 0
311 764 3
279 372 15
511 714 5
79 732 0
167 574 0
159 568 0
271 482 15
555 693 10
406 435 20
75 460 0
175 767 0
373 385 32
209 538 0
312 693 3
11 152 1
621 695 10
600 676 10
522 726 5
104 411 0
665 666 356
432 533 3
108 144 9
156 324 0
286 580 3
256 654 0
387 648 3
265 298 0
341 605 3
33 34 520
98 188 1
230 641 0
103 696 0
435 535 3
309 493 3
565 569 42
33 445 0
610 711 10
133 709 0
131 141 99
299 699 3
49 60 159
457 676 3
82 500 0
56 474 0
305 345 15
495 772 4
180 723 0
114 379 0
42 282 0
204 762 0
238 508 0
99 448 0
439 451 56
495 513 43
333 733 3
314 552 3
578 643 10
531 604 5
105 498 0
610 697 10
405 749 3
39 600 0
26 35 11
67 723 0
221 560 0
90 479 0
150 681 0
291 578 3
421 698 3
70 651 0
