891 908
562 686 1
307 569 3
621 694 48
230 613 1
201 721 1
66 505 0
163 258 25
173 240 55
630 757 20
589 825 11
139 436 6
347 425 19
91 726 0
540 741 1
713 873 10
52 827 0
474 768 1
647 815 20
260 620 1
74 800 0
4 298 0
597 750 11
279 847 1
144 516 5
326 708 1
271 751 1
185 692 1
768 800 36
561 776 1
94 684 0
435 670 1
655 810 20
668 826 16
226 259 25
615 676 48
82 722 0
80 466 0
18 847 0
253 267 6
175 784 1
340 636 1
622 633 100
560 814 1
473 722 1
33 267 0
349 871 1
2 452 0
70 788 0
120 794 0
358 513 5
206 374 6
471 624 1
40 754 0
488 888 1
21 398 0
321 693 1
614 646 48
321 719 1
220 528 5
155 703 1
275 776 1
6 61 69
337 676 1
170 411 6
63 137 0
365 432 31
145 403 6
174 558 3
695 776 20
202 786 1
293 871 1
98 615 0
78 582 0
70 803 0
194 450 6
455 723 1
315 672 1
80 236 0
789 793 36
172 608 1
35 504 0
248 271 6
245 565 3
308 464 9
106 609 0
877 883 158
436 475 5
2 849 0
223 384 6
208 365 6
28 604 0
86 600 0
74 809 0
561 851 1
24 840 0
427 483 5
38 314 0
566 816 1
281 408 19
163 331 6
558 673 1
247 663 1
46 740 0
367 563 3
288 471 9
56 875 0
199 775 1
161 429 6
339 374 19
169 344 6
156 669 1
80 433 0
3 331 0
347 620 1
165 232 43
92 176 0
261 509 5
13 383 0
588 841 11
435 508 5
512 752 1
53 226 0
365 574 1
270 546 5
300 357 19
630 789 20
346 521 5
357 772 1
595 681 11
148 770 1
187 254 25
379 571 3
76 465 0
447 646 1
374 715 1
104 481 0
233 753 1
479 814 1
572 619 1
253 632 1
14 476 0
361 432 31
189 192 71
37 83 17
227 876 1
581 810 8
330 409 19
152 484 5
102 573 0
98 612 0
126 770 0
448 597 1
204 465 6
428 490 5
637 754 20
282 440 19
244 831 1
152 890 1
149 294 6
6 307 0
150 163 60
78 188 0
183 822 1
97 582 0
220 283 6
583 622 11
344 649 1
220 317 6
13 453 0
248 886 1
625 784 20
658 875 10
97 324 0
124 295 0
512 540 28
411 546 5
830 846 10
682 877 10
429 733 1
94 659 0
235 308 6
663 714 62
296 622 1
683 742 20
565 756 1
501 666 1
238 276 6
415 747 1
16 165 0
170 669 1
162 441 6
308 600 1
56 392 0
627 641 48
72 353 0
86 252 0
116 418 0
595 616 11
99 415 0
247 795 1
65 839 0
1 618 0
96 261 0
400 614 1
637 883 10
406 740 1
564 804 1
450 850 1
116 667 0
177 464 6
65 822 0
11 82 17
523 566 3
141 647 1
154 857 1
32 140 0
470 779 1
372 818 1
154 846 1
460 649 1
189 666 1
485 691 1
30 734 0
328 665 1
282 621 1
289 833 1
247 832 1
130 653 0
162 791 1
483 794 1
8 853 0
238 645 1
423 500 5
43 265 0
222 700 1
40 840 0
2 632 0
27 733 0
237 320 6
24 800 0
343 467 9
84 801 0
385 835 1
43 259 0
241 699 1
272 807 1
742 848 10
586 616 11
394 868 1
167 290 6
257 428 6
660 765 20
261 872 1
242 485 5
235 705 1
460 774 1
554 845 1
26 753 0
3 517 0
398 497 5
258 822 1
27 448 0
127 334 0
398 620 1
328 411 19
612 836 16
165 283 6
436 657 1
64 781 0
524 879 1
264 450 6
630 841 16
471 715 1
34 436 0
170 813 1
295 655 1
435 566 3
180 754 1
431 750 1
200 528 5
649 731 20
12 410 0
499 767 1
161 627 1
137 696 1
76 472 0
187 868 1
225 472 6
175 688 1
489 616 1
24 220 0
97 539 0
526 601 1
178 278 6
7 412 0
178 343 6
125 738 0
381 467 9
358 471 9
565 857 1
607 869 10
258 710 1
354 705 1
68 172 0
263 763 1
403 451 37
647 835 16
625 686 48
371 816 1
80 733 0
357 434 31
549 638 1
465 653 1
28 822 0
39 841 0
320 423 19
709 749 20
622 683 48
381 635 1
100 542 0
303 489 5
423 445 153
262 594 1
433 631 1
412 501 5
213 282 6
338 416 19
58 683 0
224 687 1
285 355 19
198 691 1
33 220 0
23 835 0
38 364 0
444 567 3
195 364 6
108 742 0
342 862 1
465 486 5
322 534 5
18 509 0
135 345 2
60 279 0
737 821 16
517 666 1
569 844 1
214 610 1
325 640 1
196 746 1
50 428 0
250 298 6
53 386 0
111 401 0
300 332 24
585 703 11
10 648 0
61 790 0
672 774 20
97 190 0
345 806 1
728 868 10
445 851 1
458 687 1
650 859 10
361 826 1
728 831 16
81 119 4
223 790 1
545 816 1
702 887 10
13 877 0
273 764 1
554 560 3
26 177 0
836 883 10
386 623 1
349 457 19
698 884 10
187 835 1
216 803 1
106 382 0
328 681 1
267 781 1
83 464 0
306 820 1
402 753 1
67 595 0
698 865 10
71 189 0
397 698 1
242 480 5
204 324 6
644 799 20
22 374 0
10 117 4
378 422 31
43 852 0
100 444 0
370 537 5
30 742 0
388 703 1
93 788 0
88 434 0
105 423 0
111 874 0
348 387 19
392 699 1
478 517 14
8 782 0
209 613 1
208 390 6
226 745 1
375 825 1
361 426 31
46 411 0
170 765 1
327 440 19
334 784 1
226 453 6
169 806 1
207 834 1
387 707 1
248 436 6
551 763 1
33 637 0
106 683 0
392 522 5
441 620 1
610 871 10
211 474 5
619 653 48
170 619 1
119 531 0
379 556 3
9 51 69
109 678 0
71 674 0
200 265 25
30 507 0
608 777 20
137 218 41
294 496 5
522 621 1
562 825 1
46 478 0
200 762 1
32 735 0
142 732 1
576 658 8
511 567 3
618 833 16
119 419 0
264 862 1
330 386 19
335 650 1
319 582 1
170 412 6
16 528 0
54 699 0
644 726 20
14 76 18
396 760 1
34 879 0
400 834 1
83 167 0
692 720 44
819 879 10
37 154 0
373 737 1
507 633 1
19 758 0
291 858 1
149 661 1
397 555 3
114 192 0
121 421 0
590 850 10
128 781 0
379 626 1
246 778 1
377 584 1
105 204 0
431 584 1
104 708 0
176 650 1
91 827 0
299 547 5
357 483 5
32 265 0
135 497 2
460 587 1
416 581 1
331 860 1
154 189 43
46 494 0
227 852 1
365 532 5
21 678 0
262 735 1
371 516 5
576 718 8
316 419 19
755 769 27
225 529 5
139 144 138
151 531 5
60 411 0
283 299 45
380 814 1
137 847 1
441 647 1
765 880 10
417 533 5
769 879 10
444 524 5
96 683 0
9 651 0
411 659 1
289 686 1
552 838 1
395 429 37
530 777 1
203 814 1
221 381 6
292 350 19
472 708 1
416 741 1
221 865 1
630 884 10
75 862 0
33 511 0
379 678 1
113 317 0
32 880 0
186 730 1
403 555 3
14 67 18
230 704 1
294 376 19
341 343 40
536 754 1
113 155 0
270 760 1
290 735 1
463 651 1
87 320 0
303 725 1
132 667 0
314 815 1
620 813 20
142 357 6
842 884 10
311 479 5
458 497 5
584 786 11
202 741 1
403 434 37
283 874 1
88 216 0
306 415 19
60 677 0
600 606 23
226 727 1
412 453 37
425 575 1
748 879 10
149 798 1
68 762 0
447 665 1
414 866 1
300 809 1
131 779 0
333 411 19
2 309 0
610 730 20
728 874 10
301 580 1
578 729 8
275 545 5
109 528 0
103 865 0
256 535 5
55 166 0
389 441 31
211 396 6
293 632 1
709 825 16
448 649 1
284 810 1
240 692 1
25 449 0
72 774 0
619 732 20
32 443 0
169 186 101
278 794 1
5 353 0
30 253 0
762 769 167
210 226 84
503 509 97
415 478 5
84 641 0
235 398 6
286 779 1
154 524 5
30 623 0
749 810 27
106 855 0
397 648 1
68 587 0
480 768 1
39 149 0
725 756 20
127 430 0
85 456 0
197 296 6
392 597 1
17 412 0
127 801 0
106 336 0
597 668 11
103 388 0
25 109 4
522 771 1
375 517 5
78 867 0
605 736 20
487 792 1
490 508 64
45 561 0
321 415 19
439 545 5
557 865 1
445 664 1
534 871 1
572 803 1
133 414 0
7 856 0
674 887 10
725 734 20
306 367 19
694 738 20
154 173 43
722 858 10
27 571 0
46 880 0
141 192 43
73 485 0
559 848 1
251 694 1
453 741 1
585 883 10
529 605 1
98 572 0
329 505 5
53 722 0
580 654 8
298 851 1
36 223 0
359 558 3
548 809 1
238 328 6
115 691 0
590 655 11
370 482 5
479 612 1
11 505 0
680 713 62
225 255 25
728 858 10
437 533 5
314 801 1
247 706 1
254 346 6
454 847 1
449 551 5
467 812 1
17 833 0
542 821 1
291 332 24
15 149 0
269 846 1
246 330 6
148 381 6
226 867 1
198 729 1
149 384 6
63 639 0
384 590 1
98 100 296
15 642 0
422 544 5
142 302 6
61 570 0
194 414 6
265 749 1
179 854 1
118 864 0
375 823 1
413 422 37
318 515 5
74 787 0
373 873 1
15 316 0
259 503 5
208 639 1
102 865 0
235 507 5
777 827 16
470 864 1
120 699 0
681 807 20
692 693 524
323 434 19
143 775 1
231 671 1
293 623 1
218 664 1
102 382 0
124 473 0
44 230 0
121 263 0
262 462 6
99 550 0
389 403 31
590 724 11
133 868 0
561 639 1
206 435 6
89 314 0
771 868 10
638 861 10
136 350 2
194 586 1
205 856 1
822 877 10
176 777 1
93 411 0
390 785 1
538 577 1
357 696 1
517 685 1
263 784 1
370 725 1
150 731 1
115 466 0
429 672 1
543 575 1
470 791 1
358 685 1
110 740 0
151 224 43
271 509 5
218 610 1
142 675 1
283 492 5
241 445 6
250 498 5
798 854 10
158 277 6
282 648 1
121 538 0
616 691 48
87 642 0
280 416 19
645 817 20
381 402 31
225 757 1
256 648 1
517 852 1
403 495 5
344 504 5
279 887 1
347 822 1
295 729 1
579 665 8
213 380 6
251 646 1
71 425 0
150 454 6
306 496 5
475 856 1
55 356 0
355 491 5
164 718 1
313 341 24
625 773 20
239 426 6
307 679 1
381 842 1
755 883 10
68 243 0
431 544 5
354 710 1
48 320 0
646 767 20
300 823 1
15 228 0
464 802 1
150 217 43
359 809 1
77 804 0
16 387 0
523 525 113
337 488 5
198 752 1
88 627 0
257 698 1
421 467 9
718 807 20
173 277 6
545 806 1
644 748 20
775 783 59
512 601 1
383 453 31
11 427 0
447 724 1
6 251 0
27 114 4
142 621 1
2 779 0
65 165 0
130 720 0
483 654 1
525 724 1
126 838 0
381 609 1
225 426 6
149 857 1
81 316 0
78 293 0
501 525 14
140 303 6
99 246 0
650 784 20
414 768 1
386 765 1
648 822 16
804 828 16
122 218 0
360 734 1
121 419 0
46 456 0
356 458 30
121 336 0
392 844 1
164 887 1
35 81 17
579 617 8
635 883 10
559 731 1
243 337 6
302 614 1
65 502 0
9 474 0
426 661 1
111 122 56
531 847 1
321 342 24
2 627 0
673 710 62
384 728 1
217 588 1
61 475 0
12 454 0
163 329 6
106 130 4
696 718 109
434 470 9
7 277 0
265 455 6
63 444 0
658 842 16
89 736 0
60 194 0
650 666 91
108 603 0
270 482 5
725 786 20
787 867 10
58 297 0
380 611 1
378 688 1
314 484 5
369 787 1
639 880 10
819 878 10
193 200 67
294 508 5
53 236 0
213 530 5
76 651 0
325 578 1
513 585 1
383 610 1
22 536 0
390 580 1
721 882 10
51 785 0
67 821 0
115 303 0
209 384 6
408 691 1
119 731 0
697 870 10
233 250 25
