636 546
247 611 0
246 437 0
182 188 234
73 578 0
168 348 0
127 248 6
207 416 0
161 544 0
421 516 9
140 471 0
152 364 0
561 626 20
375 456 5
194 486 0
168 435 0
106 593 0
310 481 0
325 511 0
86 547 0
246 349 0
219 529 0
94 235 6
117 368 0
316 522 0
242 269 4
433 593 2
71 357 0
371 621 2
79 244 6
51 632 0
470 579 2
282 524 0
236 357 0
519 573 2
78 543 0
474 576 2
153 336 0
132 557 0
219 441 0
234 548 0
359 440 1
367 583 1
57 97 36
52 125 12
34 584 0
78 315 4
10 563 0
114 477 0
61 326 4
220 631 0
171 295 4
90 334 0
154 464 0
91 418 0
192 371 0
88 248 6
61 608 0
200 434 0
423 572 2
135 157 48
168 331 0
120 193 6
299 622 0
612 618 25
77 410 0
6 261 4
36 608 0
76 568 0
22 573 0
402 568 2
155 173 59
296 313 14
185 234 13
44 113 12
91 260 4
144 202 17
405 569 2
20 156 6
193 618 0
334 546 1
133 361 0
117 153 6
21 156 6
235 440 0
233 239 7
129 549 0
183 512 0
188 519 0
438 604 2
12 477 0
414 571 2
212 457 0
123 510 0
162 627 0
87 298 4
18 635 0
161 225 13
512 552 2
70 313 4
50 98 36
75 357 0
504 592 2
219 277 4
65 176 6
3 574 0
29 327 4
112 473 0
116 631 0
144 330 0
283 606 0
323 456 0
372 580 2
418 456 9
328 565 0
126 156 6
152 615 0
162 416 0
55 534 0
404 457 5
166 316 4
97 524 0
35 195 6
229 551 0
46 58 332
166 427 0
150 188 59
533 564 2
536 581 2
198 437 0
279 428 0
212 253 4
216 562 0
56 506 0
191 358 0
495 541 11
517 600 2
0 176 6
167 218 13
108 489 0
466 497 18
123 504 0
329 454 0
29 264 4
390 635 2
171 256 4
447 633 2
0 591 0
503 551 2
169 572 0
271 623 0
299 498 0
269 329 14
556 626 20
113 322 4
29 128 12
217 316 4
33 550 0
52 346 0
138 533 0
232 343 0
413 550 2
280 413 0
139 318 4
31 478 0
186 229 13
56 371 0
67 565 0
71 479 0
67 411 0
103 362 0
570 602 29
133 257 4
121 596 0
75 473 0
112 469 0
278 490 0
66 438 0
290 484 0
324 412 0
259 556 0
2 485 0
76 194 6
13 614 0
365 411 1
510 571 2
579 609 22
74 250 4
260 305 14
280 395 0
427 565 2
43 429 0
296 440 0
244 256 4
425 614 2
584 611 22
231 268 4
119 410 0
387 561 2
199 345 0
281 603 0
67 291 4
378 488 5
229 487 0
121 361 0
248 374 0
391 596 2
263 507 0
91 502 0
242 476 0
329 618 0
474 633 2
50 303 4
267 575 0
390 538 5
17 314 4
242 578 0
179 455 0
310 625 0
82 632 0
362 392 1
203 229 13
223 233 26
130 301 4
145 181 48
107 148 6
413 535 5
354 437 1
266 320 14
105 481 0
67 551 0
121 295 4
341 508 1
40 563 0
58 452 0
65 282 4
5 295 4
365 489 1
457 559 2
152 526 0
120 405 0
80 479 0
220 232 26
411 457 5
357 441 1
10 430 0
402 520 5
3 582 0
215 234 13
16 608 0
300 448 0
386 503 5
73 496 0
88 501 0
258 360 0
384 447 5
3 503 0
87 118 12
174 321 4
20 557 0
138 346 0
120 140 6
74 104 36
73 223 6
31 605 0
277 362 0
426 622 2
17 529 0
327 345 0
42 629 0
222 268 4
277 618 0
38 632 0
192 565 0
384 597 2
257 622 0
349 392 1
274 397 0
96 464 0
61 512 0
139 162 48
339 474 1
560 566 23
212 571 0
411 483 5
53 106 12
73 460 0
41 261 4
18 259 4
223 476 0
270 546 0
379 601 2
82 254 4
625 628 41
626 634 3
525 604 2
386 599 2
18 575 0
82 577 0
107 194 6
366 592 1
5 604 0
543 589 2
9 486 0
586 604 39
21 56 65
176 278 4
390 402 37
50 67 46
195 414 0
121 134 6
347 368 96
453 498 18
121 267 4
33 214 6
53 157 6
239 467 0
434 601 2
41 42 572
10 200 6
78 495 0
451 549 2
164 579 0
208 451 0
506 508 331
457 490 18
69 312 4
273 303 14
106 190 6
94 351 0
116 325 4
302 316 14
314 345 0
327 360 0
130 420 0
168 256 4
129 519 0
203 404 0
26 285 4
240 603 0
488 512 11
309 563 0
51 198 6
316 579 0
195 376 0
201 451 0
479 495 18
179 328 4
115 351 0
76 469 0
59 292 4
145 504 0
323 465 0
268 324 14
127 289 4
221 617 0
370 523 5
20 327 4
22 77 36
257 468 0
149 292 4
235 359 0
98 494 0
334 373 1
146 426 0
106 532 0
180 558 0
289 439 0
287 300 56
568 599 24
48 329 4
57 351 0
79 550 0
466 616 2
58 561 0
364 529 1
269 577 0
86 485 0
25 380 0
390 609 2
281 284 216
583 605 29
255 522 0
84 222 6
307 333 0
401 500 5
124 367 0
184 436 0
138 605 0
56 466 0
113 198 6
55 257 4
82 618 0
149 461 0
617 624 20
46 66 46
141 252 4
113 185 6
88 610 0
339 523 1
138 567 0
130 560 0
544 608 2
4 239 6
75 76 36
437 488 18
68 589 0
312 634 0
11 322 4
0 156 6
69 99 36
178 550 0
74 396 0
23 496 0
142 363 0
8 176 6
52 518 0
383 609 2
208 592 0
49 379 0
58 416 0
68 386 0
84 289 4
224 373 0
417 544 9
228 608 0
316 550 0
396 407 28
47 236 6
554 575 23
340 582 1
196 306 4
125 206 6
85 349 0
262 405 0
72 91 36
12 252 4
286 561 0
70 526 0
71 217 6
263 264 27
111 631 0
287 614 0
196 527 0
250 296 4
177 606 0
395 595 2
445 515 11
0 439 0
331 607 1
18 470 0
38 208 6
384 616 2
91 94 116
27 370 0
181 272 4
545 618 2
111 176 6
332 603 1
59 604 0
419 625 2
184 463 0
9 432 0
389 433 5
187 302 4
251 489 0
272 474 0
317 589 0
513 586 2
463 511 11
247 274 4
237 519 0
528 535 135
536 591 2
291 424 0
405 515 5
529 558 2
183 262 4
201 545 0
268 304 14
92 453 0
467 554 2
228 289 4
497 529 11
118 182 6
114 604 0
61 623 0
185 288 4
318 491 0
304 414 0
33 545 0
374 491 5
526 539 15
407 470 5
146 464 0
88 618 0
336 560 1
107 213 6
180 517 0
4 119 12
6 465 0
230 590 0
370 559 2
382 628 2
31 86 36
349 364 96
423 573 2
217 527 0
115 315 4
214 630 0
244 432 0
281 463 0
159 366 0
42 48 332
341 403 1
16 107 12
34 548 0
161 608 0
84 228 6
350 431 1
498 585 2
260 273 27
77 447 0
283 418 0
45 440 0
94 500 0
338 531 1
416 628 2
431 459 50
35 227 6
276 429 0
26 240 6
225 473 0
65 382 0
104 606 0
278 392 0
188 425 0
76 430 0
92 151 6
93 93 254
1 486 0
304 498 0
332 340 35
87 291 4
434 530 11
327 631 0
99 466 0
