973 602
27 334 0
802 921 11
278 855 0
697 858 3
206 725 0
76 962 0
383 795 1
472 486 209
281 880 0
214 824 0
684 744 3
270 491 0
38 147 4
63 602 0
63 647 0
219 705 0
586 671 7
417 841 1
113 421 0
339 647 5
338 914 1
85 571 0
373 971 1
549 846 1
24 194 4
511 582 19
190 459 0
475 965 1
187 952 0
154 760 0
203 678 0
820 961 11
82 884 0
312 369 12
425 883 1
301 834 1
140 495 0
33 173 4
744 786 8
621 788 1
210 873 0
727 941 8
3 916 0
167 834 0
162 488 0
512 883 1
426 656 5
342 744 1
312 400 12
67 557 0
572 702 1
340 761 1
473 607 19
544 822 1
39 465 0
21 792 0
601 735 1
290 957 0
165 639 0
401 621 5
780 795 8
217 867 0
297 618 0
91 359 0
59 437 0
888 908 18
505 570 19
405 522 5
780 930 8
730 951 8
87 930 0
731 936 8
163 912 0
180 517 0
443 755 1
150 904 0
589 970 1
155 442 0
68 598 0
480 669 7
483 509 22
75 150 4
232 553 0
709 927 8
99 242 4
36 889 0
2 257 2
141 421 0
233 289 60
75 457 0
256 369 0
66 296 4
106 388 0
843 926 11
157 492 0
155 716 0
117 443 0
28 237 4
307 762 1
397 958 1
441 496 5
124 343 0
200 438 0
31 214 4
196 267 36
135 752 0
49 884 0
137 277 20
56 833 0
313 354 12
244 897 0
118 156 16
82 405 0
133 734 0
640 657 45
238 840 0
28 623 0
507 856 1
767 843 8
259 565 0
449 587 5
236 773 0
70 325 0
9 485 0
549 831 1
512 931 1
133 615 0
119 504 0
460 642 5
497 943 1
309 590 5
280 943 0
70 769 0
352 841 1
465 541 5
81 750 0
133 345 0
217 533 0
161 945 0
260 887 0
168 394 0
484 939 1
294 817 0
456 740 1
285 496 0
75 605 0
206 650 0
392 498 5
6 633 0
544 727 1
361 881 1
770 900 8
515 713 1
405 834 1
441 930 1
370 603 5
376 627 5
41 536 0
471 679 1
12 413 0
274 562 0
936 949 80
73 162 4
834 886 11
281 490 0
208 543 0
356 760 1
356 920 1
216 254 60
743 937 8
241 444 0
646 797 1
131 787 0
27 61 46
97 143 4
106 720 0
263 642 0
92 419 0
104 908 0
203 330 0
550 742 1
73 614 0
796 952 11
218 480 0
202 820 0
519 792 1
287 639 0
449 751 1
432 489 5
304 936 1
160 379 0
206 241 36
38 628 0
524 873 1
636 657 45
99 880 0
715 914 8
251 651 0
270 345 0
501 575 19
180 575 0
633 928 1
576 692 1
637 795 1
422 514 5
74 914 0
678 734 1
742 773 147
464 950 1
662 706 1
331 775 1
56 441 0
168 756 0
13 149 2
150 951 0
214 382 0
437 623 5
22 677 0
191 758 0
602 766 1
136 345 0
668 947 1
167 346 0
598 887 1
646 888 1
206 239 36
56 445 0
36 387 0
197 657 0
7 782 0
440 619 5
205 500 0
239 654 0
310 531 5
630 890 1
443 456 6
708 796 8
357 374 66
251 498 0
223 637 0
19 23 2
128 780 0
538 902 1
205 319 0
40 149 4
183 837 0
4 273 2
176 690 0
130 878 0
664 848 1
564 601 31
157 458 0
173 456 0
342 843 1
104 924 0
791 879 11
108 390 0
169 307 0
343 726 1
151 685 0
785 832 8
361 555 5
67 442 0
345 548 5
89 859 0
81 355 0
10 12 897
106 599 0
492 819 1
50 679 0
76 499 0
66 610 0
152 651 0
13 367 0
395 730 1
754 851 8
740 784 71
32 539 0
102 514 0
98 403 0
350 947 1
207 933 0
371 661 5
340 343 93
507 562 19
816 907 11
565 935 1
424 688 1
246 356 0
324 697 1
36 80 41
59 243 4
192 533 0
411 822 1
17 186 2
228 279 60
131 291 16
754 804 8
557 622 7
343 437 30
83 591 0
35 727 0
136 332 0
35 906 0
2 243 2
21 408 0
784 967 8
473 822 1
558 584 33
187 766 0
277 423 0
95 671 0
224 247 60
338 563 5
699 732 3
132 801 0
648 748 1
288 684 0
297 791 0
449 958 1
44 623 0
6 915 0
190 757 0
0 815 0
250 728 0
33 815 0
97 250 4
28 807 0
340 628 5
0 968 0
218 403 0
737 919 8
197 343 0
478 907 1
386 620 5
121 415 0
561 727 1
303 635 5
123 715 0
218 732 0
421 943 1
197 382 0
711 805 8
553 559 266
2 26 2
731 911 8
51 924 0
57 924 0
191 473 0
443 458 6
260 403 0
23 123 4
372 782 1
1 895 0
321 493 5
48 522 0
393 927 1
446 738 1
711 926 8
575 864 1
161 406 0
72 365 0
35 709 0
217 837 0
757 921 8
292 750 0
40 715 0
390 778 1
228 375 0
192 278 36
542 931 1
270 538 0
53 792 0
593 735 1
265 771 0
538 917 1
310 830 1
465 964 1
219 964 0
278 691 0
129 972 0
445 634 5
680 804 3
522 910 1
713 916 8
138 915 0
72 555 0
729 759 95
95 268 4
534 619 7
95 786 0
749 907 8
284 707 0
544 811 1
3 618 0
98 273 4
388 515 5
146 202 20
230 960 0
22 938 0
252 752 0
27 703 0
616 960 1
711 734 73
350 634 5
355 473 5
178 469 0
241 704 0
32 269 4
637 687 1
18 176 2
157 626 0
192 766 0
152 946 0
514 697 1
507 569 19
11 701 0
254 934 0
2 842 0
731 965 8
217 301 0
189 897 0
102 710 0
391 728 1
23 555 0
606 665 7
68 792 0
455 770 1
757 882 8
464 552 5
131 707 0
336 833 1
520 922 1
185 408 0
209 902 0
89 338 0
127 946 0
361 455 6
258 641 0
287 378 0
503 551 19
153 582 0
98 811 0
693 897 3
314 549 5
41 71 44
528 896 1
343 535 5
499 786 1
151 393 0
228 246 61
518 757 1
141 632 0
299 503 0
142 308 0
477 699 1
297 958 0
175 462 0
24 193 4
7 190 2
130 480 0
419 826 1
398 941 1
23 224 4
413 507 5
87 90 38
584 756 1
379 400 40
494 892 1
382 430 30
34 835 0
154 655 0
74 340 0
556 588 31
233 447 0
8 565 0
122 329 0
66 768 0
621 887 1
8 269 2
493 552 19
554 900 1
117 698 0
27 655 0
473 968 1
413 958 1
59 665 0
269 812 0
115 598 0
294 592 0
456 746 1
158 487 0
61 332 0
57 423 0
154 193 20
556 748 1
526 837 1
141 763 0
420 478 5
572 812 1
622 701 1
304 636 5
247 556 0
304 840 1
204 481 0
251 457 0
327 442 30
69 348 0
423 574 5
643 824 1
26 57 46
174 537 0
437 857 1
295 553 0
386 735 1
514 525 183
380 473 5
62 598 0
357 584 5
318 576 5
405 458 6
315 859 1
370 856 1
255 871 0
116 502 0
304 866 1
347 411 30
233 614 0
2 813 0
342 963 1
271 881 0
193 821 0
184 291 20
57 598 0
272 408 0
282 567 0
335 769 1
136 709 0
237 287 60
11 696 0
529 955 1
286 569 0
255 474 0
299 417 0
225 422 0
565 854 1
859 886 11
262 883 0
17 955 0
269 790 0
210 898 0
240 566 0
158 875 0
80 564 0
663 867 1
4 729 0
22 290 4
93 398 0
346 617 5
226 762 0
431 730 1
733 789 8
807 853 35
86 124 4
458 658 5
441 951 1
71 86 41
369 620 5
343 757 1
354 420 30
326 879 1
67 443 0
277 310 0
165 234 20
825 918 11
170 879 0
188 211 36
333 373 66
49 952 0
137 707 0
358 684 1
304 815 1
74 119 4
517 749 1
311 550 5
305 458 6
612 828 1
335 595 5
90 916 0
398 476 5
147 709 0
62 820 0
479 912 1
144 549 0
98 383 0
471 476 209
94 785 0
153 234 20
36 744 0
2 448 0
392 449 6
684 825 3
