965 922
158 641 1
438 487 11
41 238 5
817 922 17
158 280 2
489 642 1
198 297 2
356 720 0
277 604 1
133 920 0
504 918 0
70 341 2
355 424 42
120 877 0
481 659 1
186 295 2
84 855 0
131 187 10
170 307 2
595 806 0
584 776 0
476 721 0
354 496 11
217 721 0
923 953 3
799 947 3
354 393 42
467 715 0
633 728 0
181 244 6
285 728 0
731 952 3
302 935 0
115 761 0
99 155 10
345 714 0
59 594 2
260 344 2
203 688 0
175 253 6
341 578 8
420 832 0
8 91 7
373 725 0
493 717 0
236 839 0
130 333 2
433 574 8
510 895 0
61 252 5
72 486 2
92 564 2
83 133 5
34 540 2
593 685 0
438 618 1
465 585 8
87 700 0
740 954 3
818 869 17
444 850 0
107 288 2
19 548 2
892 961 3
6 263 5
323 507 11
60 620 1
204 512 2
70 326 2
777 852 4
5 827 0
269 537 11
117 549 2
440 552 8
498 902 0
205 953 0
247 288 2
521 655 1
633 890 0
116 311 2
95 524 2
344 386 42
386 709 0
419 581 8
356 723 0
13 428 2
434 553 8
319 876 0
468 949 0
501 609 1
229 259 6
40 832 0
227 551 2
20 935 0
62 157 5
87 710 0
585 821 0
819 904 17
690 861 4
315 919 0
443 932 0
166 867 0
597 927 0
303 884 0
55 948 0
22 630 1
668 919 0
16 212 5
722 874 4
360 790 0
135 577 2
746 896 4
508 907 0
200 587 2
167 937 0
50 841 0
424 904 0
692 938 3
283 715 0
522 951 0
91 173 5
144 812 0
198 848 0
590 756 0
404 552 8
512 595 8
46 510 2
482 615 1
186 335 2
348 475 11
406 690 0
152 838 0
99 427 2
334 576 8
24 209 5
247 685 0
297 884 0
122 732 0
234 860 0
586 897 0
800 913 17
373 517 11
443 729 0
680 930 4
309 875 0
224 818 0
177 735 0
681 772 24
529 828 0
397 701 0
720 923 4
670 773 0
322 378 42
313 441 42
228 592 2
346 562 8
479 639 1
570 867 0
3 760 0
301 331 50
466 937 0
349 512 11
422 750 0
72 221 5
86 398 2
291 584 8
219 510 2
365 824 0
47 613 1
249 369 2
540 577 8
37 911 0
108 745 0
839 932 18
527 583 8
133 726 0
609 769 0
349 418 42
25 82 7
121 771 0
227 274 2
171 806 0
263 877 0
97 693 0
313 610 1
270 405 42
182 885 0
369 800 0
19 579 2
712 955 3
161 690 0
96 326 2
390 704 0
564 651 1
267 299 16
476 874 0
517 838 0
698 823 4
470 819 0
530 638 1
533 680 0
381 647 1
43 466 2
530 906 0
411 862 0
713 810 4
32 145 5
784 880 17
248 371 2
40 163 5
907 936 3
369 959 0
152 559 2
448 952 0
196 784 0
233 622 1
628 810 0
575 738 0
283 399 42
211 880 0
557 823 0
604 917 0
541 698 0
103 773 0
101 467 2
27 734 0
683 819 4
754 847 4
78 820 0
287 535 11
512 766 0
319 829 0
207 360 2
757 802 4
442 560 8
327 661 1
234 864 0
585 737 0
199 247 6
477 646 1
359 393 42
49 570 2
403 556 8
740 802 4
843 958 3
224 354 2
417 478 11
107 434 2
31 145 5
233 411 2
39 168 5
27 892 0
391 572 8
73 816 0
411 959 0
175 809 0
563 690 0
591 630 1
16 531 2
740 832 4
115 398 2
814 846 17
64 558 2
458 943 0
238 443 2
39 726 0
157 937 0
133 561 2
179 287 2
135 938 0
668 812 0
55 882 0
558 671 0
275 640 1
574 891 0
171 331 2
490 956 0
335 711 0
263 838 0
647 964 0
526 792 0
585 764 0
241 527 2
3 367 2
100 464 2
117 244 6
66 799 0
138 661 1
109 822 0
710 801 4
389 540 11
376 855 0
662 879 0
51 411 2
540 920 0
480 534 12
259 424 2
110 571 2
57 139 5
15 156 5
240 753 0
94 911 0
366 915 0
314 768 0
608 777 0
143 252 6
84 661 1
696 952 3
325 642 1
2 233 5
189 667 1
453 847 0
698 794 4
668 882 0
131 620 1
264 590 2
426 917 0
387 845 0
478 548 12
566 949 0
419 734 0
197 887 0
162 348 2
324 962 0
288 662 1
488 810 0
205 237 6
572 749 0
660 897 0
197 741 0
495 556 8
428 614 1
338 465 42
533 627 1
124 473 2
763 934 3
131 476 2
303 361 48
512 942 0
183 535 2
266 950 0
6 77 7
151 481 2
223 902 0
151 812 0
312 513 11
591 784 0
8 589 2
154 231 30
843 906 19
258 863 0
226 548 2
400 590 8
14 442 2
487 888 0
135 345 2
769 922 4
327 871 0
243 562 2
239 455 2
752 842 4
47 96 5
51 169 5
559 634 1
82 933 0
427 661 1
495 768 0
375 413 67
181 625 1
272 884 0
232 667 1
50 940 0
235 307 2
609 775 0
239 746 0
417 726 0
454 900 0
534 873 0
30 80 7
405 516 11
311 548 11
42 559 2
500 788 0
13 538 2
591 770 0
231 871 0
437 747 0
626 908 0
486 784 0
19 81 7
150 453 2
141 883 0
464 571 8
566 801 0
402 472 11
414 953 0
14 922 0
464 888 0
47 404 2
82 350 2
167 551 2
6 591 2
448 682 0
365 749 0
72 426 2
364 930 0
36 948 0
317 511 11
436 824 0
112 216 10
25 115 5
421 495 11
66 588 2
465 736 0
33 845 0
560 802 0
499 797 0
682 801 4
32 547 2
216 608 1
307 558 8
40 934 0
413 836 0
18 712 0
136 554 2
355 416 42
180 453 2
595 650 1
146 690 0
808 914 17
51 705 0
430 722 0
573 834 0
555 703 0
382 921 0
507 886 0
251 575 2
416 519 11
118 759 0
402 645 1
58 181 5
202 353 2
374 941 0
31 349 2
281 538 11
184 496 2
295 718 0
627 816 0
220 340 2
761 952 3
72 384 2
211 927 0
702 735 46
106 525 2
626 702 0
77 204 5
295 618 1
52 391 2
534 836 0
842 897 18
198 229 35
253 752 0
409 567 8
362 478 11
29 288 2
296 859 0
491 910 0
148 636 1
36 477 2
16 367 2
261 732 0
379 565 8
423 692 0
337 816 0
234 340 2
625 889 0
262 936 0
588 770 0
272 826 0
113 539 2
268 856 0
724 783 4
469 891 0
23 918 0
64 238 5
265 428 2
22 857 0
9 783 0
210 285 2
240 621 1
311 842 0
74 710 0
612 830 0
228 875 0
86 161 5
419 735 0
382 948 0
28 430 2
412 788 0
169 399 2
721 946 3
18 602 1
525 555 8
24 351 2
561 825 0
412 821 0
566 806 0
230 274 2
317 706 0
518 597 8
882 934 3
231 888 0
695 897 4
162 287 2
22 598 2
538 608 1
119 922 0
63 141 5
265 503 2
497 776 0
108 348 2
706 816 4
292 473 11
369 819 0
637 804 0
69 956 0
754 895 4
692 827 4
296 667 1
392 591 8
650 682 0
322 716 0
115 186 10
166 465 2
86 738 0
399 583 8
190 742 0
21 332 2
148 613 1
630 935 0
49 587 2
609 842 0
551 836 0
172 416 2
380 861 0
277 831 0
107 855 0
804 894 17
449 520 11
55 742 0
574 797 0
150 416 2
337 848 0
172 734 0
4 722 0
297 553 8
473 745 0
123 384 2
577 863 0
509 698 0
201 897 0
478 868 0
160 883 0
120 611 1
654 839 0
155 886 0
288 950 0
650 784 0
382 642 1
485 697 0
230 414 2
166 862 0
359 955 0
401 545 11
223 256 6
216 522 2
652 925 0
442 946 0
227 405 2
163 737 0
126 458 2
504 946 0
611 656 14
256 688 0
173 512 2
263 480 2
563 771 0
321 833 0
687 758 24
264 761 0
443 718 0
141 953 0
49 488 2
497 861 0
135 233 6
147 193 30
327 948 0
610 901 0
380 699 0
109 896 0
129 550 2
650 918 0
236 946 0
423 828 0
342 660 1
141 452 2
166 817 0
167 905 0
253 379 2
198 725 0
527 730 0
513 878 0
140 556 2
217 452 2
95 173 5
118 219 10
143 343 2
634 846 0
70 731 0
143 413 2
422 796 0
530 864 0
521 953 0
79 702 0
626 703 0
593 915 0
135 181 30
406 708 0
246 293 2
320 597 8
59 577 2
436 864 0
218 525 2
454 591 8
193 755 0
794 932 17
112 360 2
127 822 0
238 491 2
170 716 0
58 779 0
350 519 11
209 814 0
247 546 2
543 621 1
356 537 11
3 161 5
646 707 0
284 510 11
86 927 0
232 558 2
218 936 0
121 239 6
471 690 0
0 591 2
62 807 0
516 928 0
189 748 0
415 568 8
151 339 2
354 744 0
625 926 0
21 878 0
363 948 0
105 331 2
277 683 0
438 955 0
554 867 0
496 854 0
138 647 1
487 606 1
280 353 48
208 873 0
120 649 1
204 291 2
708 955 3
70 424 2
46 499 2
510 928 0
367 757 0
680 719 52
612 959 0
367 886 0
796 901 17
147 923 0
505 783 0
53 278 2
252 451 2
161 201 30
300 689 0
176 258 6
136 221 30
360 476 11
599 908 0
203 261 6
33 580 2
613 825 0
51 244 5
429 562 8
87 269 2
362 417 42
260 889 0
16 768 0
293 547 11
31 922 0
514 686 0
66 282 2
276 362 48
88 323 2
264 519 2
231 363 2
602 654 1
582 773 0
192 683 0
98 806 0
476 650 1
149 331 2
97 886 0
483 928 0
477 596 8
39 876 0
340 534 11
41 160 5
54 723 0
335 621 1
766 958 3
56 941 0
196 583 2
206 664 1
334 842 0
727 862 4
609 862 0
128 814 0
444 862 0
356 762 0
19 830 0
544 794 0
447 538 11
184 491 2
717 799 4
201 539 2
432 509 11
497 594 8
205 398 2
365 821 0
497 561 8
463 698 0
363 409 42
263 702 0
622 920 0
39 720 0
17 316 2
36 393 2
58 467 2
680 922 4
614 736 0
636 853 0
351 385 42
512 706 0
643 686 0
281 488 11
688 766 24
732 937 3
219 613 1
425 475 11
56 266 2
245 327 2
9 85 7
301 422 42
609 885 0
131 950 0
406 631 1
536 754 0
280 831 0
356 814 0
47 82 22
42 445 2
331 769 0
798 879 17
120 373 2
440 726 0
74 948 0
219 467 2
446 887 0
179 315 2
462 543 11
188 368 2
382 915 0
472 574 8
84 467 2
897 938 3
535 642 1
391 436 67
42 714 0
262 882 0
348 822 0
114 446 2
623 907 0
92 217 5
369 765 0
389 507 11
513 823 0
213 267 2
611 685 0
388 921 0
600 961 0
96 361 2
326 867 0
388 718 0
382 521 11
126 905 0
529 734 0
753 786 4
192 466 2
92 751 0
375 939 0
638 953 0
58 354 2
311 782 0
370 751 0
642 766 0
459 693 0
471 607 1
461 767 0
268 714 0
193 520 2
406 837 0
270 448 42
24 765 0
428 546 11
330 603 1
11 672 0
745 803 4
362 804 0
676 882 4
4 775 0
79 442 2
357 738 0
346 550 11
265 957 0
915 955 3
409 773 0
385 640 1
359 698 0
60 821 0
92 723 0
302 804 0
260 558 2
1 447 2
479 857 0
50 112 5
118 819 0
409 662 1
119 447 2
107 270 2
247 521 2
230 616 1
213 462 2
187 865 0
243 628 1
429 604 1
578 935 0
401 585 8
1 407 2
530 645 1
550 829 0
498 583 8
431 514 11
88 477 2
15 254 5
252 453 2
304 897 0
64 590 2
67 454 2
682 798 4
37 536 2
220 305 2
64 94 22
550 748 0
31 101 5
281 853 0
453 717 0
107 628 1
536 760 0
565 681 0
44 477 2
39 632 1
2 488 2
213 454 2
63 824 0
342 610 1
139 730 0
53 645 1
38 378 2
317 530 11
714 807 4
71 875 0
23 655 1
824 932 18
55 243 5
446 598 8
674 813 4
400 681 0
280 864 0
263 637 1
354 513 11
446 491 11
16 726 0
118 463 2
224 339 2
144 738 0
611 800 0
359 818 0
61 437 2
86 946 0
140 761 0
160 773 0
556 714 0
337 732 0
486 572 8
129 345 2
554 944 0
