970 850
119 954 0
109 771 0
69 624 0
263 884 0
135 489 0
291 915 0
483 791 1
170 570 0
164 902 0
236 609 0
62 834 0
466 948 1
187 676 0
81 532 0
393 777 1
17 927 0
322 808 1
45 893 0
42 726 0
59 616 0
242 816 0
568 905 2
280 789 0
3 841 0
39 458 0
328 944 1
539 838 3
20 757 0
184 645 0
177 481 0
251 708 0
30 785 0
72 502 0
140 493 0
101 791 0
376 923 1
49 606 0
256 806 0
127 801 0
21 400 0
339 746 1
265 579 0
169 806 0
221 572 0
340 934 1
437 745 1
316 696 1
164 713 0
79 846 0
136 704 0
203 738 0
181 530 0
317 829 1
495 836 3
390 788 1
347 751 1
513 866 2
390 860 1
42 500 0
204 724 0
54 489 0
132 517 0
451 841 1
326 748 1
90 644 0
346 863 1
258 666 0
449 777 1
46 895 0
656 961 2
343 865 1
140 885 0
123 824 0
4 764 0
147 482 0
402 903 1
252 751 0
165 715 0
17 673 0
123 963 0
349 805 1
459 829 1
198 603 0
27 781 0
79 401 0
434 917 1
397 833 1
135 480 0
316 690 1
61 629 0
177 480 0
84 762 0
67 462 0
110 914 0
91 841 0
100 959 0
284 908 0
136 527 0
22 903 0
250 768 0
155 927 0
83 845 0
205 576 0
443 896 1
303 793 0
104 927 0
271 838 0
40 444 0
44 676 0
144 671 0
126 567 0
117 947 0
148 736 0
28 586 0
116 721 0
166 638 0
148 778 0
186 631 0
521 897 2
94 500 0
21 851 0
223 872 0
247 820 0
70 705 0
18 440 0
106 779 0
10 365 0
78 749 0
111 787 0
454 969 1
82 735 0
270 708 0
190 547 0
60 542 0
565 967 2
344 804 1
2 515 0
201 624 0
134 815 0
290 930 0
518 840 3
367 777 1
142 853 0
439 781 1
454 934 1
601 940 2
385 919 1
52 704 0
168 714 0
299 774 0
411 930 1
167 796 0
182 735 0
290 671 0
171 708 0
111 589 0
49 539 0
104 821 0
389 851 1
21 790 0
249 895 0
410 918 1
212 582 0
486 833 1
489 833 1
124 753 0
289 679 0
123 620 0
194 632 0
187 836 0
282 669 0
287 603 0
63 624 0
229 620 0
403 835 1
520 937 2
348 902 1
146 903 0
97 607 0
41 907 0
66 467 0
127 937 0
111 815 0
142 481 0
525 906 2
229 857 0
380 892 1
52 606 0
385 791 1
234 920 0
5 910 0
21 425 0
536 843 3
321 946 1
77 822 0
20 891 0
97 747 0
222 682 0
376 926 1
159 573 0
472 839 1
79 541 0
59 692 0
139 471 0
7 655 0
275 903 0
42 649 0
605 916 2
442 798 1
385 771 1
135 812 0
372 727 1
113 892 0
99 922 0
18 573 0
112 952 0
560 958 2
204 656 0
442 869 1
169 931 0
335 705 1
307 935 1
75 892 0
144 544 0
205 647 0
398 908 1
133 599 0
29 543 0
42 501 0
44 446 0
574 892 2
482 858 1
197 756 0
450 753 1
572 923 2
160 709 0
21 936 0
286 926 0
265 825 0
221 622 0
454 918 1
383 820 1
70 849 0
396 954 1
97 843 0
419 862 1
370 796 1
277 728 0
234 926 0
160 482 0
447 840 1
564 904 2
92 956 0
89 618 0
114 460 0
199 550 0
206 552 0
557 879 2
139 795 0
159 812 0
190 895 0
356 662 1
549 945 2
120 800 0
70 777 0
371 955 1
288 694 0
408 858 1
78 689 0
485 808 1
327 928 1
102 810 0
101 834 0
77 469 0
28 666 0
299 670 0
328 759 1
98 919 0
329 863 1
386 747 1
366 716 1
100 403 0
141 529 0
52 592 0
238 639 0
22 916 0
78 813 0
198 640 0
185 581 0
132 800 0
6 481 0
153 712 0
70 661 0
298 948 0
160 734 0
255 637 0
36 454 0
183 667 0
102 592 0
59 628 0
295 872 0
246 683 0
335 899 1
104 506 0
35 473 0
222 672 0
36 523 0
199 576 0
190 693 0
15 506 0
605 931 2
635 968 2
384 929 1
230 706 0
512 907 2
563 866 2
56 464 0
163 677 0
472 906 1
26 435 0
178 752 0
87 766 0
182 805 0
112 574 0
28 802 0
114 470 0
33 602 0
543 931 2
548 940 2
243 745 0
204 610 0
221 567 0
240 701 0
254 968 0
162 900 0
90 817 0
203 606 0
244 863 0
323 708 1
348 783 1
4 577 0
234 942 0
52 366 0
6 852 0
56 677 0
354 685 1
410 766 1
277 870 0
248 786 0
503 835 3
252 785 0
276 797 0
163 925 0
130 800 0
236 752 0
27 778 0
177 928 0
516 863 2
138 645 0
507 950 2
359 771 1
458 902 1
324 770 1
72 396 0
97 648 0
29 765 0
189 764 0
343 777 1
164 616 0
180 849 0
399 875 1
183 947 0
286 611 0
10 717 0
68 656 0
208 969 0
204 762 0
73 442 0
45 452 0
381 691 1
563 872 2
233 894 0
490 894 1
41 947 0
363 949 1
286 714 0
340 966 1
21 597 0
109 615 0
23 825 0
562 957 2
11 670 0
31 585 0
178 521 0
393 706 1
229 805 0
349 967 1
24 652 0
25 734 0
433 760 1
53 460 0
397 717 1
158 509 0
165 730 0
126 435 0
496 937 2
603 942 2
39 942 0
408 749 1
331 760 1
399 747 1
451 851 1
219 888 0
412 914 1
250 702 0
465 875 1
417 755 1
300 900 0
118 944 0
545 874 2
356 809 1
284 759 0
299 937 0
130 868 0
116 677 0
389 770 1
109 679 0
494 835 3
157 739 0
298 649 0
102 903 0
407 784 1
323 800 1
210 815 0
114 844 0
236 849 0
134 469 0
166 490 0
234 968 0
36 692 0
269 716 0
335 679 1
23 726 0
116 605 0
454 853 1
178 932 0
265 721 0
196 777 0
63 778 0
297 797 0
325 857 1
196 816 0
326 703 1
113 932 0
262 767 0
464 807 1
550 893 2
278 923 0
384 832 1
210 578 0
111 430 0
88 703 0
474 901 1
411 802 1
244 663 0
132 486 0
169 557 0
15 349 0
208 565 0
382 793 1
537 872 2
389 792 1
397 945 1
394 774 1
86 401 0
281 921 0
575 934 2
45 877 0
70 662 0
57 478 0
201 803 0
225 681 0
212 631 0
38 703 0
99 473 0
244 832 0
421 893 1
262 675 0
324 673 1
327 857 1
285 623 0
287 698 0
239 622 0
13 486 0
209 693 0
4 896 0
434 870 1
193 715 0
161 873 0
154 765 0
329 770 1
128 790 0
115 499 0
134 682 0
217 764 0
101 936 0
98 632 0
254 798 0
251 637 0
176 604 0
593 902 2
18 697 0
17 745 0
4 435 0
350 846 1
202 673 0
129 781 0
313 745 1
125 483 0
26 660 0
190 620 0
298 609 0
331 658 1
136 584 0
261 590 0
146 880 0
280 761 0
70 763 0
119 552 0
395 771 1
174 825 0
101 597 0
288 881 0
118 848 0
181 648 0
129 577 0
196 894 0
31 529 0
285 670 0
74 760 0
72 820 0
504 881 2
130 814 0
93 861 0
509 962 2
296 656 0
99 602 0
120 808 0
140 882 0
224 806 0
337 750 1
490 936 1
66 813 0
417 942 1
260 669 0
429 941 1
272 930 0
564 964 2
28 612 0
509 854 3
639 950 2
37 843 0
219 608 0
99 479 0
422 769 1
376 752 1
216 527 0
171 826 0
36 432 0
239 646 0
15 935 0
412 872 1
120 788 0
470 920 1
147 915 0
395 738 1
34 548 0
391 733 1
292 887 0
58 589 0
224 937 0
175 599 0
79 769 0
314 949 1
337 857 1
112 609 0
481 850 1
169 784 0
476 857 1
292 698 0
261 919 0
197 516 0
102 577 0
199 578 0
40 559 0
420 828 1
147 630 0
1 466 0
482 936 1
71 783 0
65 795 0
224 650 0
332 636 1
162 642 0
407 807 1
502 891 2
188 619 0
119 635 0
319 698 1
545 941 2
82 601 0
513 841 3
248 870 0
9 580 0
9 960 0
0 507 0
84 652 0
183 843 0
95 799 0
4 486 0
62 386 0
602 957 2
358 771 1
183 604 0
403 755 1
77 688 0
257 846 0
78 866 0
488 873 1
116 466 0
30 859 0
214 552 0
93 676 0
280 899 0
176 498 0
50 689 0
94 513 0
83 820 0
48 515 0
60 559 0
92 469 0
19 489 0
311 773 1
361 863 1
457 942 1
384 819 1
454 904 1
168 565 0
33 767 0
125 929 0
329 788 1
219 741 0
168 814 0
4 520 0
138 915 0
581 925 2
136 735 0
152 715 0
47 498 0
138 814 0
352 876 1
141 463 0
319 655 1
403 837 1
73 569 0
304 813 0
205 836 0
566 915 2
156 908 0
43 395 0
14 578 0
145 726 0
248 964 0
326 820 1
50 597 0
340 949 1
374 909 1
116 770 0
288 823 0
419 756 1
112 421 0
402 910 1
320 776 1
509 898 2
86 777 0
100 515 0
374 753 1
240 871 0
353 672 1
27 446 0
511 891 2
32 808 0
16 789 0
189 861 0
187 499 0
236 945 0
387 821 1
307 795 1
263 924 0
38 853 0
14 638 0
101 560 0
244 949 0
75 893 0
192 719 0
389 837 1
116 460 0
40 430 0
417 898 1
544 943 2
431 842 1
643 946 2
162 692 0
40 350 0
129 664 0
292 598 0
272 873 0
121 488 0
434 787 1
256 899 0
369 886 1
327 770 1
202 759 0
85 419 0
90 843 0
72 869 0
153 522 0
184 842 0
246 935 0
153 835 0
72 700 0
323 673 1
306 883 1
373 934 1
40 881 0
1 692 0
49 841 0
7 411 0
0 379 0
178 483 0
297 734 0
61 606 0
375 695 1
386 685 1
194 794 0
172 628 0
494 826 3
462 945 1
288 937 0
275 724 0
176 586 0
393 845 1
240 582 0
11 432 0
122 698 0
346 739 1
236 640 0
523 880 2
55 657 0
212 824 0
583 962 2
566 902 2
479 859 1
41 468 0
307 905 1
389 725 1
22 922 0
348 809 1
490 933 1
156 751 0
236 937 0
83 847 0
3 578 0
184 568 0
448 819 1
217 704 0
163 628 0
228 908 0
499 954 2
121 756 0
8 694 0
228 576 0
16 336 0
183 860 0
487 890 1
23 569 0
268 861 0
211 944 0
333 632 1
159 634 0
251 640 0
105 628 0
148 627 0
203 651 0
352 772 1
144 571 0
504 882 2
2 533 0
278 799 0
87 497 0
202 816 0
461 892 1
73 808 0
62 653 0
378 850 1
115 439 0
388 943 1
100 479 0
64 942 0
133 701 0
35 727 0
579 915 2
99 591 0
450 932 1
106 864 0
173 935 0
230 927 0
309 805 1
107 815 0
55 891 0
210 771 0
233 770 0
215 683 0
533 857 3
312 767 1
124 642 0
263 808 0
172 560 0
103 524 0
432 829 1
42 410 0
137 617 0
32 738 0
416 946 1
363 923 1
170 626 0
48 358 0
49 892 0
197 858 0
395 788 1
447 907 1
471 914 1
60 919 0
48 768 0
181 666 0
15 618 0
199 785 0
264 600 0
469 881 1
7 955 0
