890 547
44 827 0
17 743 1
26 856 0
1 767 1
73 866 0
145 874 0
9 720 1
40 809 0
70 870 0
6 825 0
10 752 1
38 870 0
11 734 1
34 784 1
47 787 1
118 853 0
32 829 0
25 798 0
7 779 1
50 794 1
84 797 1
108 871 0
103 830 0
7 711 1
55 845 0
15 804 0
59 861 0
49 774 1
52 831 0
64 830 0
54 866 0
91 847 0
19 734 1
109 833 0
23 825 0
0 828 0
40 815 0
80 839 0
25 827 0
132 889 0
88 871 0
157 878 0
13 875 0
88 823 0
41 877 0
61 888 0
44 862 0
31 813 0
0 726 1
145 874 0
62 831 0
29 807 0
24 861 0
43 766 1
44 867 0
11 775 1
3 794 1
66 875 0
108 875 0
86 851 0
94 820 0
73 828 0
68 785 1
2 872 0
31 814 0
56 822 0
93 856 0
150 877 0
10 886 0
12 852 0
130 852 0
57 771 1
161 880 0
57 792 1
31 736 1
100 809 0
12 889 0
56 767 1
13 757 1
23 821 0
129 856 0
58 781 1
18 718 1
36 783 1
69 874 0
60 783 1
75 868 0
14 830 0
116 847 0
134 866 0
20 859 0
27 781 1
10 718 1
17 857 0
125 878 0
27 856 0
44 881 0
73 868 0
110 882 0
23 778 1
18 754 1
13 738 1
134 849 0
48 754 1
75 882 0
54 790 1
29 809 0
11 744 1
86 832 0
120 847 0
136 840 0
29 793 1
135 852 0
58 873 0
164 866 0
96 854 0
3 871 0
1 797 1
135 838 0
41 824 0
64 784 1
102 837 0
83 859 0
84 796 1
45 749 1
46 855 0
62 772 1
50 796 1
148 884 0
40 812 0
55 764 1
8 849 0
22 829 0
6 790 1
67 794 1
125 859 0
75 795 1
122 869 0
61 791 1
23 848 0
16 881 0
154 858 0
132 882 0
91 791 1
91 874 0
9 779 1
124 876 0
44 791 1
62 782 1
85 885 0
25 798 0
97 880 0
93 817 0
20 850 0
159 874 0
75 826 0
28 881 0
73 789 1
8 847 0
112 856 0
49 795 1
11 735 1
71 809 0
80 832 0
33 868 0
156 880 0
149 883 0
37 806 0
19 889 0
47 849 0
62 776 1
26 745 1
94 863 0
18 795 1
125 849 0
77 881 0
55 754 1
6 706 1
5 722 1
160 882 0
20 729 1
30 865 0
49 837 0
86 788 1
30 868 0
102 884 0
65 791 1
16 828 0
72 834 0
74 859 0
69 825 0
34 759 1
87 874 0
71 859 0
20 804 0
100 859 0
11 725 1
60 775 1
28 832 0
83 802 0
81 869 0
32 821 0
102 811 0
5 732 1
11 749 1
67 885 0
3 816 0
172 882 0
73 822 0
94 873 0
9 753 1
54 808 0
70 814 0
36 802 0
44 850 0
55 881 0
36 752 1
1 707 1
148 853 0
38 757 1
87 889 0
4 705 1
19 860 0
88 789 1
30 866 0
37 878 0
67 815 0
53 809 0
77 865 0
16 879 0
56 870 0
146 871 0
112 819 0
25 844 0
108 817 0
103 840 0
21 810 0
7 749 1
18 822 0
8 710 1
19 790 1
48 816 0
106 847 0
25 783 1
113 849 0
26 841 0
3 853 0
49 781 1
10 825 0
13 789 1
88 832 0
180 886 0
45 848 0
48 789 1
143 878 0
79 870 0
144 880 0
35 849 0
87 880 0
12 886 0
29 838 0
22 809 0
132 868 0
23 766 1
98 847 0
95 813 0
120 861 0
29 751 1
25 819 0
1 824 0
68 771 1
45 820 0
41 852 0
79 851 0
24 767 1
9 819 0
132 837 0
109 864 0
42 759 1
4 830 0
92 808 0
133 850 0
38 793 1
117 819 0
26 873 0
40 784 1
70 857 0
17 770 1
109 840 0
94 842 0
17 757 1
56 848 0
0 882 0
108 821 0
42 836 0
161 862 0
161 864 0
81 813 0
121 832 0
99 835 0
31 836 0
80 811 0
9 845 0
142 854 0
40 777 1
22 826 0
21 746 1
25 782 1
10 822 0
43 806 0
100 830 0
148 887 0
126 837 0
3 812 0
95 820 0
3 823 0
75 777 1
115 877 0
4 787 1
13 830 0
57 786 1
54 764 1
49 889 0
37 738 1
146 847 0
19 802 0
113 840 0
19 780 1
155 860 0
112 881 0
117 821 0
105 863 0
52 808 0
56 758 1
29 833 0
48 752 1
16 867 0
105 852 0
171 877 0
136 876 0
27 802 0
7 726 1
72 785 1
15 735 1
10 806 0
28 840 0
60 863 0
131 879 0
28 861 0
123 873 0
55 849 0
39 762 1
110 815 0
56 844 0
31 804 0
35 782 1
20 792 1
94 818 0
5 828 0
181 886 0
113 846 0
63 804 0
8 842 0
114 857 0
40 762 1
11 879 0
30 889 0
87 824 0
167 888 0
88 858 0
146 885 0
43 879 0
102 841 0
31 737 1
63 797 1
4 706 1
108 807 0
14 878 0
24 746 1
12 820 0
159 875 0
113 858 0
21 844 0
23 839 0
76 793 1
164 873 0
1 723 1
68 810 0
19 748 1
128 849 0
108 889 0
37 831 0
105 879 0
53 882 0
44 867 0
18 726 1
70 861 0
46 885 0
51 766 1
68 847 0
133 869 0
0 739 1
154 853 0
128 886 0
41 861 0
88 791 1
42 764 1
119 862 0
123 880 0
29 847 0
27 813 0
56 776 1
3 799 0
135 872 0
38 812 0
94 858 0
96 853 0
6 725 1
117 847 0
58 815 0
23 795 1
26 772 1
1 784 1
17 840 0
16 842 0
58 793 1
27 806 0
78 801 0
86 818 0
101 830 0
176 879 0
54 767 1
71 829 0
96 859 0
27 829 0
32 791 1
52 757 1
71 774 1
150 887 0
106 851 0
2 785 1
75 858 0
109 857 0
30 731 1
32 828 0
16 819 0
113 870 0
63 832 0
22 747 1
104 862 0
9 868 0
142 882 0
52 769 1
14 723 1
102 803 0
91 850 0
115 887 0
36 744 1
6 823 0
20 853 0
16 784 1
103 803 0
55 844 0
128 858 0
122 835 0
94 816 0
7 769 1
10 795 1
69 796 1
21 881 0
76 859 0
8 881 0
69 868 0
74 873 0
129 872 0
20 814 0
38 827 0
112 885 0
59 880 0
38 805 0
65 840 0
30 874 0
28 886 0
26 878 0
125 837 0
27 801 0
9 794 1
139 875 0
121 846 0
72 824 0
19 742 1
124 828 0
12 882 0
117 823 0
13 805 0
34 859 0
114 877 0
40 866 0
51 849 0
0 704 1
3 840 0
87 863 0
63 787 1
118 885 0
85 870 0
1 858 0
27 859 0
63 834 0
78 858 0
9 747 1
93 870 0
31 751 1
17 878 0
6 817 0
3 869 0
2 847 0
13 746 1
124 875 0
41 865 0
107 808 0
55 788 1
69 869 0
73 842 0
5 794 1
53 881 0
24 760 1
8 758 1
64 799 0
135 843 0
40 751 1
42 785 1
61 770 1
47 751 1
62 863 0
28 740 1
177 889 0
2 791 1
23 836 0
113 858 0
48 862 0
79 835 0
117 876 0
138 873 0
58 758 1
96 836 0
47 788 1
20 854 0
