583 81
29 238 0
111 205 20
170 439 3
195 497 1
320 499 1
45 499 0
163 337 3
372 421 10
20 72 0
64 119 6
110 324 3
13 303 0
261 478 1
462 550 4
39 561 0
245 313 12
148 199 28
94 158 20
271 520 1
15 53 0
105 398 3
334 459 1
165 395 3
445 525 1
220 349 11
328 430 5
44 453 0
206 326 3
70 222 3
56 455 1
42 480 0
105 350 3
28 500 0
356 483 1
174 333 3
241 532 1
382 526 1
353 433 5
20 580 0
68 323 3
271 541 1
171 365 3
96 395 3
192 249 3
30 506 0
242 537 1
72 274 3
262 559 1
284 473 1
164 214 3
191 535 1
79 190 6
190 286 3
33 121 0
316 362 11
48 363 0
220 436 5
68 448 2
49 206 0
58 96 6
53 579 1
219 510 1
44 300 0
270 538 1
383 512 1
91 464 1
414 494 1
192 248 3
88 397 3
179 282 3
499 528 4
222 452 1
57 558 1
135 242 3
338 474 1
354 521 1
30 442 0
203 263 3
114 192 20
114 383 3
167 492 1
