563 597
234 368 347
148 454 440
262 479 79
205 525 484
216 312 516
86 447 253
71 533 396
222 536 482
194 226 350
147 257 372
208 215 238
22 397 223
297 475 353
200 435 197
11 303 149
1 485 276
6 281 109
24 431 208
161 288 91
333 369 318
302 332 516
111 389 315
105 185 78
153 472 74
36 331 433
20 231 348
75 352 198
507 539 177
355 460 361
209 407 293
456 525 0
57 69 503
12 218 49
214 393 22
55 113 431
141 157 174
233 545 157
151 379 158
151 233 155
181 225 471
265 390 329
230 383 300
88 194 213
320 558 95
49 406 79
64 344 133
16 358 172
49 212 508
184 216 144
87 506 290
380 455 376
400 496 392
528 538 305
41 447 385
71 503 386
171 326 439
355 417 26
61 247 423
306 400 262
501 502 120
54 293 481
434 533 472
60 311 225
235 334 412
62 135 245
28 159 366
85 202 180
95 502 516
221 272 503
311 542 223
198 531 120
32 298 541
89 470 539
78 157 166
143 391 546
109 325 269
488 546 106
433 557 86
272 493 558
210 354 364
246 266 436
142 258 249
88 325 18
229 298 367
187 313 383
343 438 80
94 135 25
94 232 138
293 295 161
365 411 176
331 371 208
275 503 354
22 466 410
353 363 289
454 463 322
91 548 527
176 462 428
393 526 356
6 528 197
79 259 53
114 390 310
152 281 119
142 273 148
236 462 57
217 292 155
31 465 46
23 489 514
68 494 125
59 259 99
303 362 337
147 390 349
528 543 264
4 554 61
47 282 442
474 502 295
135 190 162
42 303 165
30 364 122
79 496 131
76 80 511
18 299 281
287 430 513
193 515 323
268 482 67
314 370 556
86 528 64
40 240 165
269 554 210
10 484 166
196 500 422
117 555 3
263 307 331
401 524 205
282 428 239
239 453 369
107 450 448
93 178 488
486 551 88
69 384 292
155 254 270
438 549 297
226 321 471
28 461 208
257 539 293
34 167 529
245 497 510
45 265 63
98 469 72
172 428 76
152 427 530
451 531 22
273 521 57
9 347 187
47 370 132
57 441 259
354 400 116
328 405 128
56 151 3
74 233 312
176 281 118
58 529 372
37 39 237
349 438 200
30 438 524
185 442 276
104 494 272
147 385 354
303 439 133
83 255 152
18 193 360
497 521 416
198 340 125
272 533 518
292 509 180
147 375 458
132 478 152
152 370 419
60 553 135
417 498 311
360 503 399
210 462 524
49 114 520
369 373 424
111 519 343
361 367 53
369 544 206
122 471 212
43 454 427
467 541 306
117 558 554
66 456 418
165 191 159
380 413 461
466 521 500
112 306 221
67 335 363
175 529 394
361 404 49
404 421 71
150 535 71
14 187 162
186 501 225
301 344 75
148 230 479
62 402 491
22 190 129
43 67 434
54 481 86
136 336 223
8 363 18
91 544 68
197 490 22
57 560 474
79 115 454
483 530 301
79 289 538
44 337 182
217 429 62
234 236 459
28 55 414
418 510 462
251 540 383
41 178 206
374 408 375
58 147 348
168 174 523
207 313 300
31 69 320
210 440 519
164 176 205
20 434 330
126 493 317
163 188 371
212 477 369
139 556 141
339 382 370
140 291 102
228 559 531
259 430 505
16 257 39
334 378 210
152 529 134
336 353 211
123 369 551
129 370 353
58 403 445
63 472 59
88 229 70
104 132 251
40 119 264
1 448 279
64 321 481
64 161 438
277 386 272
49 173 204
113 336 340
452 462 485
290 407 374
88 299 374
388 527 463
66 561 347
51 334 476
354 395 242
49 142 437
190 538 562
148 285 161
28 294 320
75 301 50
16 150 468
161 520 176
29 348 228
35 359 120
181 315 87
259 370 489
352 560 431
267 412 363
281 559 358
133 443 452
470 495 414
78 138 421
126 228 156
145 478 415
113 500 309
28 332 268
391 556 352
329 399 147
12 329 96
50 362 309
58 336 406
133 226 202
170 228 313
309 327 546
515 546 462
421 508 130
327 424 511
32 177 485
13 560 200
406 428 114
82 403 423
104 356 133
455 467 469
153 528 455
16 434 556
42 321 455
456 474 122
176 181 514
100 219 151
52 127 330
456 461 408
222 555 542
12 360 521
26 466 242
74 469 524
381 414 448
287 301 137
7 334 555
225 404 476
374 492 560
221 548 428
397 419 266
145 216 270
131 286 297
1 506 209
128 376 167
63 550 400
139 523 524
142 379 38
196 548 529
132 388 461
205 472 273
388 466 319
216 437 342
272 371 162
226 472 179
73 307 402
352 420 370
72 392 473
142 492 40
429 494 82
79 246 229
355 531 245
178 351 45
177 302 259
208 222 44
308 355 99
267 474 25
31 461 475
210 252 542
90 501 537
68 298 409
291 418 457
114 532 472
30 301 224
35 124 133
125 482 544
162 359 46
0 57 187
508 530 109
455 501 245
50 376 168
5 543 139
49 426 71
12 191 314
118 375 312
116 225 177
358 558 285
16 59 262
121 122 258
197 405 548
105 230 355
290 396 149
189 434 89
68 441 290
501 542 105
31 432 128
32 313 387
403 414 6
4 193 99
50 340 347
243 291 281
99 517 528
294 389 83
158 354 77
341 439 106
75 350 33
192 292 117
266 273 441
116 391 519
234 548 124
119 341 356
333 392 471
478 541 34
90 551 203
292 325 460
173 535 68
420 513 101
101 406 264
219 243 304
210 380 424
60 139 248
87 476 285
533 534 172
147 169 36
144 278 161
122 226 411
305 431 282
218 442 330
219 367 146
177 354 24
110 191 45
344 373 457
240 471 160
174 399 328
29 362 188
522 549 282
159 264 435
149 193 301
200 525 120
133 392 404
42 373 375
365 496 239
112 317 86
267 504 418
286 474 173
448 463 266
230 346 542
269 326 96
329 501 19
39 104 173
494 547 210
6 333 259
48 123 493
3 107 420
217 227 537
66 133 306
269 274 100
90 462 173
308 417 298
245 279 441
181 447 10
12 429 13
27 353 379
73 192 19
222 286 38
120 213 467
88 227 358
37 409 224
14 280 36
40 377 396
269 415 54
498 517 522
240 496 244
108 422 514
52 482 266
121 446 37
149 239 160
38 133 122
392 416 486
228 479 193
101 112 195
425 465 554
49 250 118
252 304 94
245 507 178
296 438 12
164 187 289
341 523 81
179 512 285
27 139 287
258 552 342
263 399 481
77 537 494
110 462 162
30 88 294
80 343 51
211 212 147
129 561 34
240 496 178
137 215 8
30 547 174
313 315 186
34 553 271
315 410 493
246 274 216
130 420 188
173 360 527
54 406 204
86 524 429
145 553 398
192 212 174
189 464 62
22 438 320
110 288 412
47 457 496
18 167 97
64 76 400
122 251 131
34 268 361
100 108 77
467 561 283
70 551 446
62 524 251
493 533 293
103 468 519
63 370 356
114 369 86
393 420 388
29 244 522
225 553 215
384 446 208
50 488 303
208 533 439
417 561 123
79 544 295
472 495 113
6 483 292
199 368 350
2 135 196
241 553 480
91 248 433
21 404 49
162 363 501
297 305 348
210 241 221
295 491 81
67 400 154
150 363 254
49 85 135
62 444 85
319 375 430
287 538 434
38 269 539
180 302 8
526 527 101
7 484 194
214 332 488
138 406 168
125 219 189
118 147 142
144 148 374
378 489 39
295 344 369
23 231 156
84 259 342
506 543 16
393 556 432
246 292 560
130 343 319
504 543 304
335 505 229
71 445 393
36 176 118
170 494 444
43 230 339
96 357 152
254 388 213
163 377 169
26 302 95
87 131 345
142 264 126
396 471 94
393 417 351
170 256 133
185 330 306
293 476 227
103 508 3
35 288 253
114 336 410
214 318 523
208 372 154
22 193 500
244 455 309
364 379 255
285 381 141
93 518 53
15 553 99
231 503 178
53 484 31
177 407 396
288 524 225
8 147 82
32 463 155
362 471 450
274 370 446
436 502 234
311 365 75
153 219 214
315 476 479
105 466 66
321 512 174
7 123 7
288 295 141
464 513 524
67 139 108
107 250 213
69 484 58
51 253 347
