817 655
3 330 215
428 606 146
243 364 665
670 772 408
454 517 142
37 427 580
230 594 47
630 656 643
330 424 547
463 748 603
242 571 82
538 767 308
582 711 592
91 486 401
696 764 199
63 265 209
405 759 675
257 451 561
43 637 667
12 310 160
71 366 136
237 753 445
26 403 670
229 560 672
118 160 293
231 694 617
560 764 396
196 354 357
328 524 291
48 100 211
143 194 290
587 675 321
337 812 462
508 643 203
163 556 15
341 764 147
57 669 394
105 331 261
217 609 311
573 636 430
459 517 82
460 802 50
214 801 359
314 682 753
598 734 127
301 558 628
183 232 132
233 251 689
260 340 604
117 696 413
496 502 321
326 683 630
151 158 25
542 751 25
404 778 539
307 488 474
229 530 576
340 560 551
334 762 250
619 747 800
426 439 433
364 466 709
258 808 60
84 424 303
3 629 802
530 601 521
91 591 737
456 763 70
290 726 679
245 258 741
298 605 633
106 337 484
601 813 153
387 431 75
217 710 140
319 614 185
480 691 1
97 270 588
597 793 668
114 252 540
391 667 469
357 594 195
121 456 467
22 529 552
245 658 545
147 413 469
466 703 281
409 414 160
440 755 262
205 434 105
182 364 441
99 348 150
681 701 325
568 647 61
33 433 521
332 811 602
500 514 73
181 640 663
18 175 602
161 603 799
239 365 193
310 464 477
18 355 793
79 343 52
208 451 691
97 535 744
153 793 33
237 508 607
66 770 489
19 566 167
299 617 272
393 424 213
285 684 333
571 614 575
699 719 264
454 610 621
136 797 43
42 238 684
201 380 443
323 775 425
111 759 106
430 704 436
269 446 352
252 371 484
544 697 588
89 232 452
602 713 284
80 788 42
107 112 211
408 593 553
42 418 462
36 88 426
46 297 82
4 609 333
40 756 761
242 405 508
284 382 235
213 653 436
319 455 688
111 566 686
21 112 10
712 758 156
401 478 665
113 248 754
138 628 343
239 633 417
153 286 676
533 761 374
1 18 94
157 789 439
385 625 663
139 383 300
467 484 390
316 608 619
309 386 281
46 560 264
304 583 102
386 392 506
88 375 417
577 645 403
390 468 126
760 809 146
92 346 574
483 537 353
66 488 787
436 747 542
86 546 142
603 743 713
146 226 335
499 505 796
460 581 525
429 670 313
379 610 560
47 370 493
214 225 718
291 432 785
109 208 74
246 362 300
157 210 208
126 686 664
179 770 64
6 614 450
256 452 144
526 622 340
24 664 289
577 659 352
607 656 679
19 154 676
24 577 623
112 540 97
443 558 97
392 649 380
92 691 548
397 690 344
636 754 760
523 773 605
196 299 752
335 515 157
172 477 453
197 525 531
93 170 184
84 247 455
41 164 459
124 398 195
371 732 330
162 211 242
702 797 731
675 678 128
284 782 417
322 722 422
50 451 302
353 592 86
639 689 671
176 736 411
443 613 208
73 361 215
88 132 298
295 457 322
382 488 284
17 666 609
570 790 577
227 675 711
171 361 0
188 417 760
611 784 224
403 439 298
305 537 461
677 803 350
224 335 329
54 779 424
397 629 480
284 337 329
122 274 565
156 750 719
71 350 443
22 25 134
295 364 289
30 616 628
24 247 36
72 779 547
348 512 90
117 228 454
209 767 772
110 618 790
368 625 516
358 731 634
43 691 395
251 575 281
394 761 567
256 780 803
492 779 594
181 417 167
11 378 224
416 814 589
181 700 34
358 718 399
450 700 260
84 443 595
90 188 705
86 629 554
74 261 502
21 506 377
104 457 459
390 560 62
370 459 183
637 659 745
442 630 412
325 357 343
535 723 613
244 632 765
406 631 622
191 325 534
304 592 786
246 569 81
62 339 631
301 352 288
332 335 90
401 677 300
568 805 519
329 471 549
138 351 667
287 484 205
574 596 645
229 372 690
81 641 155
442 601 503
336 591 360
69 303 652
5 164 147
203 765 687
550 582 544
35 542 257
146 484 666
263 725 356
514 765 34
241 433 701
347 757 685
143 153 146
1 655 244
531 586 125
79 402 368
310 765 453
234 680 7
173 314 130
663 678 157
167 198 445
289 660 212
279 543 643
47 577 619
457 667 375
527 764 650
169 356 680
111 153 6
620 737 666
231 737 36
223 477 397
384 766 136
189 459 528
570 582 582
27 143 728
195 571 385
154 306 486
96 576 276
3 310 340
240 600 223
42 136 799
4 497 539
625 732 600
534 657 137
60 93 151
635 779 752
103 285 384
344 452 640
268 429 143
201 276 146
217 268 365
104 111 288
33 436 663
116 794 298
222 241 787
309 498 109
240 593 162
228 741 640
419 471 119
251 291 463
377 445 368
479 733 471
423 466 502
625 798 809
22 25 65
210 684 186
99 222 385
650 815 114
192 678 473
469 612 586
84 422 108
5 199 592
150 260 75
205 624 694
388 562 608
503 785 136
64 136 710
364 695 621
455 599 246
207 711 408
309 635 275
162 514 743
444 744 768
638 815 323
112 473 674
39 235 228
471 638 81
258 593 639
650 650 114
388 633 720
188 241 605
189 240 91
16 87 469
162 746 745
710 816 507
179 630 94
213 499 610
365 805 182
313 330 718
243 299 527
83 451 383
580 790 266
152 162 175
547 592 785
1 287 647
101 221 288
232 642 626
69 247 430
335 572 441
594 801 413
69 701 86
175 358 542
357 651 442
57 607 660
407 626 303
209 504 800
201 363 585
110 312 273
633 686 157
511 668 38
92 403 53
411 533 704
227 574 249
192 780 721
597 755 608
441 654 610
314 551 205
238 277 604
182 188 569
94 190 230
493 811 716
406 431 549
705 755 95
530 650 780
644 672 99
187 528 535
418 746 29
125 696 741
77 640 558
345 708 469
684 814 325
131 695 94
449 488 214
102 502 534
141 281 662
368 510 367
294 545 261
462 630 580
21 184 799
579 636 710
365 454 593
173 331 47
483 705 339
40 742 59
136 493 701
144 670 405
503 525 222
489 716 496
512 534 392
593 776 309
218 617 284
100 252 10
617 649 695
187 251 428
2 4 33
350 699 743
111 657 380
449 548 627
281 614 28
67 214 457
560 659 216
468 633 252
672 704 810
31 535 153
92 150 351
335 538 316
17 507 653
519 678 411
273 367 160
702 744 660
551 604 232
184 549 357
523 648 495
197 789 392
239 735 793
85 380 181
391 658 501
39 642 406
50 754 673
409 488 46
106 262 82
512 663 746
194 492 173
401 460 163
4 38 550
461 475 425
126 390 415
689 783 625
228 503 313
4 153 66
194 801 309
256 724 607
257 472 449
150 160 774
140 552 494
278 537 416
110 493 718
526 748 445
299 685 341
450 454 108
313 361 184
101 563 455
383 732 66
36 458 218
20 799 669
644 784 526
122 816 410
17 710 110
489 731 304
186 611 676
513 604 277
385 436 314
35 104 637
491 604 182
113 430 802
50 225 164
76 426 260
142 719 134
77 546 475
367 594 426
384 754 311
341 504 442
449 489 279
207 231 501
47 439 605
241 287 324
419 629 540
585 781 290
52 614 433
185 337 213
213 767 563
538 659 291
58 151 492
223 488 625
705 815 359
124 705 618
35 724 574
131 182 478
151 279 290
73 269 213
135 744 512
247 719 505
164 757 96
511 664 731
63 286 519
347 461 757
401 737 352
279 736 357
136 431 321
189 272 680
520 579 203
24 326 529
141 182 6
158 328 256
27 256 243
120 523 795
187 709 148
16 518 542
32 592 628
570 786 646
8 142 659
197 498 657
616 687 218
164 781 754
330 748 98
294 428 510
100 432 407
6 409 362
20 796 164
679 721 357
681 761 635
358 362 81
202 577 698
253 499 573
514 730 468
142 280 163
29 587 421
285 776 779
403 484 760
435 796 77
3 235 306
222 331 328
269 628 251
109 756 502
272 577 289
12 383 318
352 374 248
264 571 319
492 666 612
28 534 215
262 271 374
313 509 286
237 431 12
190 228 198
240 812 179
70 299 181
35 319 155
184 382 755
1 791 748
67 719 681
317 629 480
127 135 779
75 212 660
228 585 343
234 619 659
71 599 333
163 247 572
266 607 29
379 515 28
46 809 764
473 742 82
267 760 395
102 688 339
42 172 114
204 346 323
505 689 127
142 586 666
232 576 500
111 342 776
281 775 244
306 536 18
298 747 18
159 491 222
42 371 547
449 636 723
570 619 566
260 782 600
535 773 392
288 394 29
402 469 310
476 733 504
204 206 216
201 574 570
733 809 732
204 331 1
341 359 116
434 536 148
535 730 250
235 411 770
9 327 765
189 753 722
610 805 216
364 639 163
689 760 148
359 474 434
4 5 577
772 804 506
529 737 309
194 804 346
555 636 294
340 788 631
158 438 271
191 605 366
709 730 19
189 390 55
122 469 371
264 477 328
573 736 521
186 632 159
223 773 107
