869 991
667 699 18
69 726 1
76 485 1
217 421 1
205 342 3
369 444 9
163 218 15
118 346 3
423 487 24
356 717 5
178 632 1
173 276 3
268 704 1
13 667 1
679 704 18
34 477 1
158 449 1
235 414 1
173 318 3
603 744 10
66 394 1
156 762 0
568 605 8
77 640 1
365 556 5
130 511 1
383 517 5
196 296 3
96 201 6
190 686 1
250 376 1
259 489 1
13 603 1
170 335 3
447 791 0
655 781 0
400 752 0
228 601 8
137 817 0
393 529 5
40 828 0
116 297 3
140 555 1
139 855 0
228 601 8
8 414 1
228 601 1
169 524 1
129 848 0
291 716 1
228 601 1
323 828 0
67 477 1
297 771 0
562 708 8
139 782 0
564 793 0
228 601 0
341 747 1
334 630 1
33 223 4
164 421 1
140 740 1
172 501 1
218 449 1
13 827 0
257 610 1
188 654 1
169 324 3
100 777 0
116 253 6
110 552 1
452 815 0
293 295 281
326 867 0
59 664 1
135 525 1
39 67 22
228 601 6
255 830 0
393 639 5
228 601 8
820 832 220
378 819 0
776 803 11
150 496 1
583 605 8
228 601 1
513 667 8
628 862 0
671 811 0
12 531 1
24 207 4
783 816 11
257 624 1
379 413 81
547 711 8
562 754 0
90 105 75
310 680 1
503 775 0
271 809 0
215 736 1
7 746 1
132 634 1
526 661 8
327 485 1
236 529 1
218 310 3
206 266 3
14 76 4
228 601 35
140 679 1
672 783 0
613 836 0
545 682 8
78 328 3
307 477 1
16 217 4
228 601 1
223 566 1
442 622 5
320 815 0
100 726 1
619 666 10
304 359 1
110 386 1
45 149 16
52 358 1
510 513 195
679 856 0
167 374 1
200 570 1
421 752 0
177 348 3
267 306 12
23 726 1
539 667 8
16 214 4
228 601 5
322 759 0
193 817 0
197 841 0
416 513 5
431 644 5
443 581 5
228 601 1
77 715 1
223 637 1
198 425 1
76 401 1
228 601 1
698 804 0
228 601 3
75 736 1
454 830 0
446 737 5
147 757 0
252 300 3
218 292 3
300 423 1
228 601 0
390 644 5
218 796 0
562 651 8
7 821 0
228 601 16
152 166 6
521 718 8
474 736 5
152 215 6
98 383 1
26 613 1
363 481 9
729 823 0
424 533 5
147 758 0
694 773 0
395 742 5
152 320 3
493 851 0
727 863 0
248 745 1
117 384 1
312 338 40
220 278 3
245 338 3
340 466 1
87 567 1
722 847 0
95 469 1
338 855 0
570 784 0
285 555 1
139 448 1
568 843 0
115 430 1
228 601 0
228 601 0
129 510 1
92 428 1
179 820 0
202 745 1
509 864 0
296 541 1
168 338 3
18 49 4
367 594 5
237 523 1
167 481 1
592 739 8
816 835 205
228 601 9
429 488 24
467 861 0
166 253 15
483 614 5
752 796 0
53 271 3
26 472 1
336 533 1
642 747 10
295 638 1
87 351 3
208 442 1
195 338 3
388 864 0
77 675 1
228 601 5
313 808 0
82 87 130
466 764 0
609 700 10
293 849 0
321 407 1
10 258 4
7 230 4
322 392 1
332 780 0
382 679 5
289 639 1
775 845 11
163 638 1
122 592 1
129 271 3
373 803 0
673 793 0
247 709 1
239 443 1
61 487 1
465 849 0
196 529 1
525 801 0
311 852 0
443 450 41
72 402 1
178 858 0
228 601 0
132 617 1
67 340 3
350 732 1
8 432 1
258 705 1
356 644 5
210 466 1
499 746 5
440 627 5
644 706 10
137 242 6
87 552 1
156 654 1
228 601 40
318 644 1
522 792 0
804 829 29
64 266 3
51 736 1
185 686 1
304 672 1
753 768 177
435 605 5
169 536 1
433 852 0
428 431 54
132 859 0
373 413 81
85 847 0
166 453 1
20 386 1
243 844 0
500 683 5
177 282 3
20 246 4
418 694 5
189 610 1
759 826 11
611 669 10
57 80 16
298 576 1
424 812 0
149 860 0
183 328 3
296 459 1
790 864 2
228 601 0
72 147 50
348 410 1
195 765 0
410 826 0
504 630 5
105 440 1
54 232 6
121 546 1
146 770 0
41 567 1
249 569 1
545 753 0
427 866 0
48 788 0
156 620 1
120 706 1
254 768 0
500 609 5
14 59 4
640 822 0
228 601 54
50 206 6
0 43 4
181 414 1
706 793 0
208 234 19
107 433 1
228 601 1
133 450 1
299 661 1
228 601 0
659 806 0
188 825 0
218 863 0
177 302 3
251 536 1
237 299 3
215 769 0
228 601 0
228 601 12
176 338 3
645 796 0
356 678 5
434 521 5
225 740 1
290 463 1
8 35 13
228 601 0
318 787 0
652 860 0
121 188 6
187 669 1
39 282 3
281 676 1
213 522 1
372 461 9
36 242 4
228 601 3
304 854 0
193 742 1
618 786 0
154 786 0
398 712 5
46 620 1
605 863 0
435 584 5
46 128 16
470 726 5
228 601 5
387 482 9
79 448 1
348 372 1
467 740 5
213 259 3
160 800 0
190 373 1
66 309 3
142 268 3
184 431 1
228 601 0
449 587 5
538 649 8
69 517 1
228 267 3
378 428 9
672 861 0
228 601 0
641 801 0
77 547 1
460 737 5
512 572 30
96 192 6
464 767 0
54 492 1
312 332 40
238 286 3
18 768 0
36 372 1
277 336 12
228 601 3
164 469 1
640 771 0
614 860 0
333 779 0
238 740 1
40 831 0
210 836 0
376 459 9
382 852 0
271 760 0
178 314 3
731 748 55
228 601 37
43 265 3
83 246 6
101 257 6
162 181 15
228 601 0
304 453 1
349 526 1
375 793 0
251 617 1
284 712 1
205 737 1
158 799 0
159 614 1
581 629 8
458 780 0
575 706 8
3 115 4
250 333 3
486 488 64
49 619 1
286 831 0
278 346 12
108 290 3
416 737 5
346 362 1
379 458 9
53 171 6
84 744 1
72 489 1
327 690 1
170 484 1
127 380 1
228 601 8
482 724 5
43 440 1
91 868 0
145 833 0
250 389 1
228 601 1
749 755 0
414 583 5
35 172 4
228 601 1
268 459 1
118 187 6
520 811 0
219 312 3
611 730 10
396 522 5
201 496 1
763 842 11
400 407 81
69 333 3
367 370 302
100 767 0
228 601 1
598 730 8
579 601 8
303 600 1
174 740 1
228 601 1
108 760 0
520 782 0
409 745 5
228 601 0
228 601 1
615 696 10
3 72 4
669 868 0
444 533 5
476 769 0
0 54 4
260 487 1
370 597 5
595 724 8
406 744 5
48 280 3
257 258 68
81 603 1
228 601 292
187 509 1
266 300 12
54 316 3
673 850 0
7 115 4
661 832 0
228 601 1
148 325 3
565 680 8
19 34 13
295 863 0
151 596 1
228 601 1
223 426 1
55 774 0
252 862 0
259 497 1
262 743 1
228 601 1
384 433 9
308 690 1
228 601 1
228 601 3
273 438 1
332 333 45
133 752 0
703 754 0
355 474 9
444 462 24
228 601 5
380 841 0
228 601 1
63 258 6
67 691 1
364 756 0
379 537 5
570 757 0
413 721 5
662 684 57
185 865 0
345 384 1
115 285 3
156 547 1
228 601 9
430 472 24
143 379 1
462 820 0
679 709 18
103 488 1
34 517 1
545 762 0
18 397 1
228 601 26
228 601 1
228 601 5
116 448 1
22 722 1
333 379 1
228 601 1
9 407 1
275 662 1
64 139 16
530 565 31
41 823 0
215 749 1
62 164 6
660 755 0
44 70 16
21 36 13
34 455 1
101 474 1
123 711 1
680 848 0
228 601 8
228 601 0
555 771 0
499 562 5
828 851 2
70 760 0
508 618 8
94 290 3
685 847 0
74 781 0
559 586 30
216 287 3
341 549 1
166 657 1
153 807 0
130 421 1
129 682 1
600 769 0
188 484 1
620 837 0
343 446 1
169 829 0
214 347 3
209 220 19
197 236 19
137 773 0
69 127 50
455 492 24
203 708 1
205 749 1
125 332 3
130 607 1
113 548 1
341 399 1
166 395 1
104 317 3
228 601 5
199 601 1
213 546 1
343 745 1
162 198 15
228 601 0
114 763 0
83 765 0
510 630 8
210 664 1
335 840 0
228 601 3
91 568 1
368 667 5
20 582 1
236 600 1
335 762 0
21 750 1
55 588 1
228 601 1
31 366 1
228 601 3
68 415 1
65 321 3
501 673 5
10 376 1
284 743 1
317 552 1
220 466 1
46 56 118
228 601 0
228 601 1
486 697 5
104 335 3
200 748 1
303 567 1
636 867 0
228 601 8
653 683 57
138 793 0
52 247 6
109 670 1
146 268 3
92 349 3
670 866 0
228 601 0
219 236 275
1 127 4
226 549 1
38 392 1
252 255 101
284 466 1
429 745 5
496 709 5
22 263 3
228 601 0
335 774 0
2 547 1
538 716 8
10 850 0
343 704 1
228 601 1
365 426 9
455 677 5
195 311 3
83 274 3
357 530 5
239 443 1
72 537 1
164 802 0
630 731 10
425 429 43
696 754 0
345 622 1
165 604 1
91 564 1
372 780 0
189 555 1
695 701 112
615 710 10
146 618 1
407 529 5
228 601 0
268 710 1
45 402 1
517 653 8
189 209 37
228 601 1
500 725 5
228 601 1
36 259 3
478 798 0
124 610 1
228 601 5
228 601 9
50 520 1
20 333 3
148 372 1
228 601 6
232 725 1
92 381 1
173 365 1
25 345 3
658 728 18
361 620 5
407 603 5
228 601 1
772 866 2
77 735 1
190 508 1
355 757 0
108 359 1
121 664 1
355 783 0
228 601 1
157 418 1
146 209 6
228 601 10
228 601 1
43 470 1
294 657 1
326 777 0
24 562 1
260 282 27
228 601 3
66 181 6
54 162 6
166 334 3
685 816 0
676 754 0
256 308 3
6 570 1
473 763 0
454 667 5
313 836 0
78 658 1
645 713 10
420 541 5
48 362 1
494 509 5
401 479 9
504 822 0
28 379 1
153 579 1
528 846 0
377 633 5
323 792 0
56 292 3
329 582 1
676 718 18
228 321 3
422 864 0
255 640 1
240 621 1
44 334 3
153 153 447
379 839 0
342 862 0
610 866 0
217 406 1
324 500 1
251 810 0
127 523 1
308 591 1
444 800 0
60 176 6
343 669 1
435 680 5
177 386 1
228 601 13
228 662 1
312 435 1
333 563 1
175 809 0
349 558 1
32 621 1
16 453 1
20 178 4
55 168 6
179 780 0
146 565 1
249 762 0
236 515 1
228 601 6
705 788 0
79 429 1
202 864 0
214 771 0
51 682 1
749 799 0
220 847 0
378 520 5
420 564 5
56 583 1
368 445 9
193 591 1
642 759 0
179 201 23
320 541 1
86 437 1
153 844 0
695 853 0
645 856 0
77 286 3
471 842 0
691 725 26
638 684 10
181 219 19
464 665 5
257 282 3
614 842 0
371 794 0
685 701 18
228 601 0
457 772 0
228 601 1
334 518 1
232 814 0
349 403 1
330 462 1
139 452 1
278 564 1
461 537 5
15 99 4
462 763 0
528 769 0
226 818 0
383 511 5
32 230 4
224 411 1
624 860 0
126 414 1
98 141 51
360 478 9
271 483 1
320 784 0
228 601 0
58 263 3
594 632 8
55 236 6
241 411 1
105 755 0
377 643 5
132 134 114
79 412 1
689 689 340
228 601 10
228 601 0
409 557 5
540 616 8
229 325 3
228 601 1
118 745 1
208 284 3
735 789 0
57 650 1
452 642 5
336 701 1
52 360 1
288 417 1
130 190 6
63 135 16
432 743 5
128 598 1
285 468 1
80 145 51
525 700 8
177 369 1
31 510 1
575 798 0
148 465 1
55 757 0
293 371 1
232 243 170
298 361 1
34 204 4
228 601 0
558 714 8
147 226 6
270 401 1
589 609 8
155 860 0
485 508 5
587 678 8
413 608 5
23 189 4
34 188 4
74 124 50
465 521 5
177 366 1
27 222 4
105 177 6
162 522 1
444 506 7
75 739 1
68 134 16
4 200 4
422 568 5
259 299 3
681 801 0
228 601 1
194 399 1
145 441 1
594 605 8
20 814 0
23 618 1
572 843 0
278 452 1
92 495 1
228 601 1
214 577 1
228 601 0
657 684 57
302 384 1
422 714 5
108 367 1
716 824 0
281 573 1
57 663 1
211 281 3
212 355 1
17 516 1
563 595 30
615 819 0
230 397 1
353 541 1
11 481 1
652 828 0
134 474 1
369 641 5
249 358 1
354 539 1
376 826 0
272 661 1
326 561 1
97 192 6
80 798 0
108 716 1
382 383 227
347 763 0
228 601 4
78 580 1
302 307 91
381 813 0
500 681 5
195 569 1
456 573 5
328 562 1
497 511 5
46 597 1
227 773 0
38 301 3
502 603 5
353 494 1
481 604 5
128 222 6
32 452 1
57 669 1
26 316 3
469 711 5
83 356 1
444 586 5
241 574 1
137 502 1
15 267 3
546 733 8
211 581 1
128 534 1
342 801 0
406 590 5
218 536 1
128 337 3
120 144 89
329 600 1
584 631 8
218 783 0
366 604 5
70 461 1
236 663 1
37 238 4
228 601 11
584 822 0
431 584 5
222 681 1
