55113 672
13931 24859 18
17621 44114 0
10587 40190 0
3337 20889 1
8653 9500 21
38880 40965 3
29426 54161 0
15174 51312 0
3885 33342 0
42339 55049 2
4246 31220 1
16612 45453 0
43428 48732 2
15671 31141 6
29031 42935 0
12770 46742 0
17255 32337 6
33017 53970 2
27632 43155 0
15353 47861 0
30695 49086 0
35384 37650 16
731 38013 0
31621 46438 0
8064 12256 21
6820 27203 1
15059 24391 18
26138 52732 0
13227 36815 0
370 52384 0
32775 34399 0
49661 53886 35
7799 37636 0
26535 54077 0
8206 32365 1
14219 45351 0
1334 25023 1
17529 24763 18
43455 48913 2
31743 32621 139
15236 25203 18
12471 28196 1
8679 48495 0
19972 40373 0
6902 52011 0
1536 48409 0
3550 44320 0
39960 46980 3
10633 21787 1
1336 37956 0
13331 14126 1
637 2750 52
8438 50566 0
2680 43488 0
23568 31919 6
42080 46169 4
34484 53723 2
48369 50162 22
27826 54945 0
19717 32337 6
11742 21812 1
4450 8157 7
30234 50119 0
43014 46815 11
14650 41080 0
32567 46291 0
37996 49568 2
31855 38176 0
46880 48591 2
14285 53754 0
8662 46032 0
10444 20160 1
17871 47586 0
45556 52972 2
6982 19621 1
9218 48129 0
13544 28618 1
22687 32855 6
7772 40290 0
16475 16861 415
34511 47867 2
41935 48649 2
4428 28880 1
5362 16548 1
138 42026 0
3702 54027 0
6520 21660 1
9753 46147 0
27046 45084 0
31 40277 0
28977 54343 0
16694 51478 0
6822 42207 0
45323 47717 2
13548 26810 1
26496 27128 142
1627 40873 0
14255 52987 0
18382 48613 0
46282 48043 2
2646 6492 5
11371 51865 0
20453 44497 0
6224 19456 1
2590 29814 1
16978 46920 0
38916 39808 12
34427 47849 2
9913 33482 0
16123 35188 0
40646 48630 2
4690 54292 0
1551 11001 5
11941 24842 1
1772 4283 5
27286 52758 0
18863 31038 6
17442 48214 0
4983 11048 9
11910 34984 0
23931 45543 0
1984 8724 5
939 41971 0
5907 21860 1
2789 39466 0
2932 3855 58
24346 43484 0
7634 14098 1
33831 52681 2
33033 45132 3
16856 17305 94
26664 50310 0
45395 47029 49
18710 43985 0
25364 51378 0
26558 48922 0
32711 42039 0
41030 43777 4
25920 40705 0
5758 29205 1
28164 43362 0
23540 24481 175
4106 46943 0
9588 47604 0
34531 39340 16
23674 48762 0
13549 28745 1
11925 40938 0
9836 13346 10
26545 27923 114
11767 24002 1
6203 45150 0
1083 12110 5
5258 39284 0
14368 27618 18
30077 40980 0
4565 8656 7
14131 17452 34
33309 51990 2
16615 47523 0
43981 51075 2
31876 41924 0
23339 47991 0
262 49332 0
1440 23622 1
220 27453 1
1596 14199 1
2374 51919 0
26372 39147 0
18154 27819 18
8104 50136 0
20694 47566 0
42093 49274 2
14755 22540 18
3708 21451 1
26722 52795 0
26943 40072 0
12936 33383 0
14687 28241 18
9736 31415 1
8668 27961 1
21669 29041 6
19270 41623 0
13304 53812 0
15769 37793 0
8265 24583 1
16147 24915 18
15914 41899 0
33831 48541 2
10211 27433 1
35046 39111 16
37385 53993 2
5766 51921 0
3846 18819 1
19435 31470 6
11877 21221 1
7843 44161 0
4670 43678 0
18605 32527 6
555 8054 5
9312 49437 0
41447 51983 2
13836 25882 1
10336 35959 0
9303 36623 0
35170 52386 2
14968 45998 0
5746 13032 10
4207 32686 1
32558 40673 0
3304 45069 0
1930 21214 1
13467 21364 1
25589 31345 6
27581 50237 0
32393 40900 0
30626 47079 0
18730 23309 18
1860 31166 1
17675 35510 0
25537 40811 0
27701 45284 0
4304 44000 0
25874 42670 0
10762 39734 0
36577 43960 3
17481 32007 6
6154 11840 21
13568 40177 0
24615 28310 69
4316 6922 7
32237 41152 0
11317 39631 0
10858 38823 0
2086 17994 1
783 20064 1
28028 30532 6
40802 41735 3
8400 36158 0
383 3662 24
11934 16889 1
3361 8659 5
46044 53272 2
29985 37159 0
17197 21208 19
50341 53768 35
23231 28571 69
4684 21225 1
2661 31800 1
7759 11657 21
3621 21611 1
13552 39741 0
7298 8277 36
25658 42608 0
49847 53366 35
41548 49341 2
29638 41205 0
37860 53878 2
9965 13962 1
4678 12383 7
26441 36801 0
10577 27879 1
21074 39488 0
10346 54225 0
1373 53970 0
3866 18674 1
9179 46004 0
6271 15349 1
620 50176 0
2771 18160 1
587 53235 0
271 36498 0
16868 38424 0
3961 19834 1
5928 47378 0
15080 38967 0
10626 26963 1
12926 25034 1
16762 19395 19
29380 43808 0
13341 18429 1
26416 30188 6
4247 54929 0
6160 14539 1
34569 47355 3
2791 11367 5
26101 26480 125
15215 54026 0
27301 35743 0
33284 43756 3
37602 53069 2
38306 40109 12
15392 31863 6
8163 26360 1
33604 35999 99
49061 51727 29
32515 44513 0
6855 41361 0
3663 30606 1
11211 34973 0
32030 40236 0
3856 41172 0
12159 40724 0
32904 34756 0
20942 55014 0
27427 35968 0
21165 23677 18
2358 52747 0
1932 45244 0
19228 21664 43
46256 47745 2
11272 13396 10
29886 54065 0
3601 25791 1
1461 39187 0
9627 31596 1
50629 51826 35
829 2755 52
17046 21435 19
29169 48330 0
40083 44529 3
13570 26414 1
32159 38597 0
26101 46924 0
2878 34881 0
8192 27747 1
4475 17262 1
34344 50704 2
17089 47039 0
36495 54902 2
7883 19254 1
29347 48925 0
26211 38868 0
25480 37094 0
22804 32765 6
8483 32027 1
22206 51437 0
29554 54781 0
10929 41495 0
12296 50238 0
41748 54761 2
11888 13829 10
6003 30521 1
30062 42892 0
23 15757 1
12511 34585 0
11665 36709 0
3418 34652 0
2944 14208 1
18963 46760 0
8963 10434 21
388 4987 5
35343 47981 2
21785 41472 0
9062 37061 0
32335 51203 0
4826 18545 1
22074 25369 18
14011 24893 18
13716 20076 1
26952 31620 6
3524 41863 0
2473 35901 0
14895 52408 0
19238 29428 6
8505 19267 1
12056 54322 0
25229 52379 0
5057 42013 0
1142 39758 0
19964 27172 18
26455 41171 0
7961 24043 1
19141 54950 0
755 42097 0
17391 46716 0
6201 17019 1
4305 9580 7
17923 44510 0
23130 33380 0
3353 44624 0
9276 14990 1
24644 42494 0
36534 50024 2
5657 31593 1
17269 21449 19
38727 49623 2
51229 53485 35
18380 50455 0
14574 52853 0
17175 24324 18
2269 6452 5
9153 28476 1
3948 19249 1
18491 45011 0
42899 53063 2
47432 48703 2
30083 32717 39
31536 33920 0
26311 36370 0
47093 50349 2
47275 53239 2
4705 23874 1
30047 30896 107
4881 52155 0
3472 36037 0
7871 9875 21
9567 23274 1
8375 54301 0
17063 52604 0
32378 40232 0
2984 44554 0
22523 33301 0
42040 42807 4
5106 31473 1
9984 32178 1
15643 41578 0
4204 7258 7
47035 47679 44
8419 40155 0
5592 28323 1
18168 25010 18
10660 35431 0
12413 47834 0
3322 54414 0
8577 36370 0
42598 47633 11
5316 40880 0
269 726 24
8152 10896 21
13995 22412 19
15098 30130 6
14221 29719 6
30392 37277 0
19353 53578 0
9278 22775 1
10890 18070 1
33827 39140 16
17751 20545 19
19891 43032 0
35693 37373 16
33067 48794 2
27899 45946 0
44851 50263 2
3383 11403 5
2112 54662 0
29806 31029 107
2453 19232 1
12778 53349 0
43194 50203 2
454 42763 0
26540 27653 114
30722 44848 0
5452 45192 0
21709 43241 0
24330 40253 0
6683 39011 0
10655 30332 1
29600 47029 0
17216 19733 19
17818 31767 6
7906 25277 1
16558 36569 0
43626 52755 2
36390 37487 16
35519 53737 2
20902 33581 0
12137 38446 0
6550 27240 1
44812 52184 2
6729 8741 36
5670 36949 0
6081 13477 10
28315 44486 0
32808 51203 0
15343 43305 0
41083 42236 4
24978 47630 0
969 48993 0
15081 42804 0
30205 41408 0
12761 48108 0
187 34020 0
2328 53697 0
12768 24054 1
23527 27202 69
25426 42835 0
34720 53252 2
38019 50995 2
36985 48781 2
5628 22303 1
5972 19243 1
10051 31879 1
32164 42670 0
446 29332 1
5118 33747 0
2731 52300 0
49515 54317 20
31395 44596 0
20384 26502 18
7787 39332 0
19274 37201 0
3997 32784 1
13170 34706 0
11342 13503 10
18256 53082 0
11256 47705 0
13912 50468 0
15765 20148 19
2180 31855 1
12927 31507 1
3602 38568 0
16721 48938 0
36311 47746 2
29127 35355 0
17216 21647 19
4676 12299 7
3433 45709 0
1277 41441 0
11246 17976 1
20235 27969 18
37068 42399 3
20719 26941 18
576 16172 1
23496 51053 0
26696 46330 0
4328 13749 7
40999 44339 4
17142 43954 0
8706 25973 1
31580 35167 0
2578 15709 1
24641 35479 0
3114 22005 1
23717 50148 0
5419 40858 0
22666 54795 0
5149 13829 9
26678 43341 0
49556 52607 35
10678 32776 1
3354 8420 5
47719 48846 22
4149 13152 7
39068 47969 2
23713 52856 0
18360 34943 0
26256 30120 6
20831 33357 0
30857 34802 0
22511 45191 0
13317 54645 0
7323 36209 0
21719 34297 0
31521 50409 0
23650 32301 6
37863 51978 2
24888 44977 0
43796 50925 2
26211 47145 0
6394 36204 0
38167 45428 3
3977 11784 7
14898 34239 0
24174 31043 6
35575 48448 2
20852 24676 18
34907 50796 2
1737 16785 1
29060 48769 0
43078 44401 46
16257 32286 6
34853 49974 2
11346 49054 0
25989 46783 0
18123 45676 0
15078 46074 0
6267 24262 1
21993 49992 0
2218 54916 0
18622 43025 0
22653 33164 0
23757 36942 0
7498 22520 1
49359 50131 29
30985 50784 0
30345 39560 0
13395 29946 1
22088 39587 0
8920 42994 0
7746 51015 0
19595 43812 0
12480 17413 1
7597 39141 0
14691 53491 0
3901 52341 0
24224 43071 0
27047 48620 0
13538 14854 1
30484 43736 0
14822 23465 18
2136 9561 5
26740 43820 0
40173 50863 2
10843 33167 0
22287 35738 0
7779 14060 1
11021 41613 0
10225 36792 0
18769 54550 0
34137 36872 27
48067 54135 22
15595 44589 0
33714 50287 2
29478 39517 0
33636 47439 3
9798 18784 1
12005 27025 1
31712 43575 0
6859 53969 0
16986 25762 18
5509 52381 0
2309 33343 0
12356 39575 0
45960 50560 2
5914 44667 0
3648 42177 0
25071 30903 6
4772 39781 0
33378 54186 2
8620 9916 21
1151 12718 5
22539 54404 0
4083 54039 0
37587 42379 3
30128 54650 0
5423 5861 9
26499 48140 0
32638 49419 0
9267 54041 0
31509 40471 0
3439 52663 0
12834 36032 0
19009 46863 0
363 47930 0
27541 34420 0
47956 53353 22
12375 33541 0
9395 17815 1
11266 44632 0
472 36291 0
40377 51641 2
13315 34975 0
12416 52665 0
23679 40079 0
25799 42333 0
26422 38787 0
43747 45533 11
3639 51361 0
12530 37846 0
10009 44005 0
16765 41865 0
17348 43293 0
4329 47574 0
19058 33144 0
4716 29030 1
12449 28194 1
19777 43108 0
16550 40318 0
40757 50679 2
19240 45583 0
41835 46516 4
