303455737 934
1 209677745
1 33010046
1 254110057
1 278722863
1 233665124
1 20983909
1 165247399
1 191146719
1 284701118
1 101811075
1 28811585
1 155310122
1 215530957
1 149594183
1 268284035
1 21263538
1 139199358
1 220809019
1 136098689
1 252572948
1 93810498
1 1502311
1 149987064
1 217296514
1 152859903
1 149798316
1 217929949
1 219199203
1 184803527
1 109320355
1 210446033
1 91025535
1 142330400
1 137806863
1 42999171
1 72539786
1 135497282
1 208246569
1 263686504
1 116742663
1 6601906
1 269204600
1 248759295
1 198839373
1 115343045
1 190294103
1 220102910
1 231248914
1 84353896
1 29452372
1 180366124
1 178164393
1 30954683
1 3603961
1 68711680
1 160521096
1 153402277
1 263348140
1 52971072
1 34750066
1 69212757
1 263417104
1 102482111
1 188249667
1 97768230
1 145481281
1 260789452
1 233265511
1 50272113
1 197726729
1 23258947
1 33580529
1 163475591
1 248724753
1 232419902
1 255525147
1 135563118
1 125773585
1 160024834
1 219917013
1 155225957
1 13641731
1 71332180
1 162887150
1 17245692
1 116750370
1 300114756
1 170647968
1 53349283
1 49630091
1 182104544
1 99268550
1 289753705
1 284586655
1 287518216
1 60772708
1 126612198
1 221558441
1 270744730
1 153590821
1 115829433
1 294003676
1 187171350
1 256011534
1 215979202
1 92842025
1 184787454
1 24793094
1 195322120
1 41356550
1 221416617
1 23798850
1 54998281
1 269455307
1 186685999
1 48950483
1 82749940
1 160051529
1 219598450
1 112805733
1 209681619
1 74953767
1 212074283
1 195979586
1 56084684
1 196136761
1 256752294
1 159403393
1 114239465
1 200747797
1 289700724
1 206775408
1 168002246
1 150122847
1 136037715
1 80525711
1 242964871
1 17369432
1 105318804
1 111537765
1 35432492
1 23279683
1 135336614
1 90430772
1 269441501
1 18566876
1 116087765
1 48735703
1 155324915
1 8936988
1 161541435
1 61550796
1 83890755
1 46866491
1 234236892
1 139975438
1 243003252
1 164239959
1 276085341
1 30493490
1 61532018
1 262330328
1 213975408
1 229534264
1 108997437
1 46557385
1 6604237
1 25213082
1 63926816
1 88629551
1 136750846
1 76065819
1 88615744
1 272087459
1 166496590
1 54601507
1 267360845
1 282584355
1 80043720
1 119230022
1 291521342
1 218291666
1 157487328
1 48662870
1 265158156
1 88268483
1 165344819
1 181412181
1 229214952
1 137974422
1 188612181
1 290746970
1 73555523
1 99131851
1 193532007
1 159259471
1 145689236
1 176842754
1 184472552
1 186322562
1 265472304
1 297929908
1 262388380
1 27338821
1 243268140
1 102135744
1 58646839
1 207173248
1 57970872
1 115397069
1 303109780
1 22742987
1 6939508
1 133847882
1 71405857
1 272097664
1 198822875
1 236750675
1 126760618
1 124582089
1 47975870
1 11917062
1 88579832
1 121531393
1 87755423
1 282111838
1 280790863
1 233444658
1 155498854
1 138514188
1 93017994
1 94221931
1 132988358
1 51950636
1 98267263
1 72800760
1 130792890
1 156914101
1 256680518
1 188763761
1 249017680
1 233041072
1 188213259
1 255957188
1 63433216
1 259619115
1 201305625
1 238962601
1 169620563
1 24610505
1 60088952
1 217596432
1 13234077
1 148668784
1 12378598
1 100989500
1 104031395
1 293169460
1 7684931
1 259530249
1 104934421
1 100702924
1 27002953
1 237922778
1 152653560
1 125270215
1 287430049
1 260152960
1 258890826
1 217361340
1 145460984
1 204452769
1 146946674
1 30218505
1 133660730
1 187086400
1 266544130
1 31510617
1 122593263
1 132708955
1 56121121
1 159388726
1 23556160
1 46061709
1 284764020
1 35934758
1 147051208
1 85339677
1 2354991
1 154736138
1 18120699
1 83995923
1 255439062
1 45123652
1 298625211
1 81343395
1 147100377
1 282599522
1 38040617
1 79241977
1 173211636
1 160208111
1 260401256
1 296864820
1 167133126
1 90606248
1 180495483
1 130221518
1 122116864
1 279795256
1 239636983
1 154944495
1 112434755
1 239899654
1 201006203
1 93743037
1 252540922
1 21308184
1 155789225
1 231602423
1 176044322
1 173909923
1 12142608
1 104734157
1 195740085
1 7312082
1 186077551
1 39384725
1 266618114
1 200824678
1 118626701
1 136374012
1 34283563
1 75572219
1 129783095
1 201416688
1 142884977
1 286985088
1 4888980
1 265001840
1 240031117
1 221232473
1 93197108
1 49010135
1 157676389
1 294203311
1 119459682
1 106761573
1 292218005
1 275248906
1 11614770
1 164806589
1 145703092
1 23757377
1 246247256
1 37987439
1 31069458
1 105575580
1 54078674
1 297687572
1 2944521
1 149411885
1 107312357
1 37228083
1 201690614
1 213801962
1 215351281
1 41119853
1 197331312
1 220240260
1 282828203
1 110613203
1 114723507
1 72569574
1 159623337
1 272399895
1 40023658
1 255789529
1 52412242
1 28785925
1 227582698
1 64027011
1 170299025
1 46536563
1 87784387
1 113090543
1 61230512
1 95560356
1 218666123
1 115309186
1 66498701
1 198317154
1 264721070
1 150517568
1 212251747
1 162955947
1 60863793
1 124147290
1 180782310
1 258195104
1 17638324
1 160154776
1 65352569
1 132361830
1 232724349
1 201682416
1 78012498
1 249454517
1 154016208
1 130424739
1 278240441
1 54849679
1 171158260
1 121790239
1 101386241
1 235649158
1 234880782
1 162616752
1 27753776
1 126797678
1 254632448
1 70958987
1 21659094
1 192604292
1 221476554
1 233910840
1 28811012
1 282340346
1 31308903
1 209593321
1 213786224
1 48947226
1 66292359
1 255845303
1 181309055
1 275723218
1 154071982
1 259321553
1 221721997
1 284794700
1 62997065
1 173213212
1 12895152
1 234155325
1 295003450
1 114281392
1 166348745
1 203135005
1 253604654
1 170809031
1 26476945
1 204781365
1 241768017
1 24842549
1 70636430
1 136495344
1 258753388
1 99447441
1 115379953
1 290062291
1 5585024
1 2416950
1 12260290
1 48583894
1 258262252
1 193569345
1 20851374
1 85585007
1 126141671
1 219279882
1 66923969
1 189138735
1 65743867
1 79819120
1 96544833
1 33998090
1 170807022
1 262893577
1 237133095
1 120955939
1 106953381
1 240316550
1 302443814
1 45265660
1 265159099
1 69624506
1 181761004
1 197163260
1 169071946
1 273847467
1 183769813
1 151363480
1 276264416
1 196030103
1 199947373
1 231070930
1 62850221
1 197505258
1 13200200
1 188991891
1 90035913
1 56830679
1 51381399
1 155779779
1 113356310
1 147926232
1 189777868
1 260869842
1 84070582
1 100161736
1 55076554
1 191023963
1 37022549
1 54064630
1 212996133
1 278888158
1 100395646
1 68007910
1 172595680
1 246174102
1 15106150
1 29616267
1 70788356
1 291370565
1 202352880
1 270735728
1 195692269
1 241909611
1 141491759
1 185598979
1 104152275
1 231527671
1 219136168
1 155533673
1 60558223
1 5743251
1 280166415
1 227042602
1 266613093
1 37487771
1 23748600
1 18233909
1 228511733
1 37477659
1 49005050
1 114758639
1 12910079
1 126107206
1 159473060
1 162212270
1 68825571
1 174579209
1 168535047
1 139613926
1 162494037
1 67432189
1 83600427
1 31437079
1 5886062
1 225092186
1 217036057
1 110038336
1 129870630
1 109422998
1 242278519
1 167135364
1 115166249
1 218989197
1 90722228
1 78323604
1 256476967
1 91177338
1 73264023
1 158239473
1 128654997
1 122269072
1 249704622
1 118271586
1 248376278
1 105721944
1 257190366
1 293908359
1 280301153
1 122269675
1 106773058
1 116045963
1 166408374
1 190373484
1 147483041
1 149000946
1 88716443
1 37769871
1 235745792
1 195293584
1 123899379
1 174568574
1 58973210
1 239065627
1 66808544
1 126401948
1 294095741
1 299992021
1 217579285
1 40610538
1 131482267
1 19485055
1 162879609
1 77731151
1 137756641
1 84506660
1 183453095
1 68197780
1 51665792
1 137005021
1 190467455
1 158438849
1 253050983
1 30126602
1 22063107
1 73784797
1 179127548
1 110779549
1 88261178
1 111417602
1 282779643
1 212160556
1 262692686
1 38297115
1 124476957
1 26045492
1 164699062
1 91823471
1 302744023
1 55529121
1 132434008
1 130770552
1 75014175
1 272020128
1 185208214
1 212770815
1 29777561
1 41912082
1 257675106
1 81443353
1 178917102
1 144686823
1 216588712
1 105218858
1 151519935
1 238651818
1 155710165
1 27191745
1 22682141
1 220677853
1 138609347
1 2006046
1 106089182
1 74552806
1 17009672
1 230566138
1 100598298
1 158415244
1 18933872
1 76593094
1 213944364
1 128074390
1 207363646
1 288958539
1 96638780
1 89116122
1 174980127
1 126416341
1 107734714
1 129199495
1 207859693
1 286651815
1 250592828
1 120992667
1 65121446
1 98657026
1 32895259
1 220831610
1 102555281
1 55577399
1 114760236
1 217871138
1 34289955
1 220849417
1 292423944
1 51299626
1 124666329
1 89566504
1 209714870
1 120306711
1 166159597
1 96910007
1 248381100
1 46774016
1 59119319
1 41564143
1 112596648
1 234099446
1 167980483
1 220331361
1 36549714
1 49090949
1 180233949
1 263849053
1 146790126
1 245355394
1 35756852
1 179685384
1 139437777
1 138312132
1 211969293
1 254198012
1 52727533
1 246259248
1 171591692
1 41695739
1 274265384
1 296258020
1 107968753
1 157231027
1 113108993
1 250834860
1 254141034
1 34740866
1 297608876
1 9804615
1 76305008
1 83456297
1 220610571
1 220992001
1 331921
1 233866796
1 246789460
1 157272380
1 194260111
1 90123849
1 99172037
1 230016962
1 246515743
1 238609813
1 64873356
1 131735810
1 166058599
1 94307399
1 51245831
1 10901064
1 136003137
1 22055477
1 3703346
1 243971889
1 179286504
1 93518849
1 168057523
1 106678311
1 128259714
1 162210661
1 93189436
1 181271233
1 222373468
1 10344270
1 98807496
1 199411899
1 244211065
1 42141219
1 53228542
1 111721949
1 108971578
1 152400578
1 14989684
1 28738094
1 64261164
1 79863039
1 160473903
1 207026273
1 174170438
1 211719733
1 217927336
1 286880085
1 210481721
1 221630681
1 204102748
1 86312487
1 291856040
1 68704533
1 192990797
1 116660017
1 207621704
1 286180232
1 297931249
1 126539434
1 273231012
1 69989518
1 22495596
1 190692850
1 88837247
1 75724137
1 279121309
1 174515335
1 204831225
1 294110992
1 203253429
1 245798899
1 70518294
1 36978105
1 149369435
1 221395242
1 225404349
1 63841033
1 204819589
1 132430332
1 262178225
1 82173110
1 195449329
1 250578527
1 150877642
1 61690899
1 40489317
1 55043608
1 21121904
1 11671339
1 181583042
1 271059427
1 81660857
1 180785148
1 158296539
1 170498103
1 256509284
1 133962111
1 41557701
1 134591282
1 101323876
1 221517640
1 76934443
1 171842169
1 235202255
1 226303877
1 66488184
1 157150866
1 290144910
1 248014284
1 266287708
1 248867397
1 26731656
1 158281299
1 172696697
1 177609298
1 196678708
1 213186014
1 209359416
1 217800612
1 224857352
1 87486720
1 185404301
1 3062471
1 268271867
1 16951613
1 150267085
1 198031924
1 127620234
1 168531296
1 29167468
1 228944110
1 63299709
1 106101911
1 74037052
1 298501963
1 5656561
1 117231747
1 152197092
1 295801470
1 61790293
1 91735573
1 217919640
1 65228459
1 226723383
1 87160600
1 219544267
1 119946353
1 277053124
1 125447946
1 10997738
1 198454738
1 212934665
1 173108549
1 178223720
1 154457306
1 190060162
1 1741578
1 25740003
1 294386906
1 170272873
1 54907471
1 196581789
1 233572581
1 137715892
1 270618841
1 228618806
1 143372452
1 61101361
1 54066671
1 112424696
1 122891653
1 145802244
1 3595109
1 164826622
1 69069889
1 67462219
1 80915152
1 165722752
1 41059605
1 206363097
1 176720490
1 216220854
1 92548535
1 46373301
1 90988836
1 223712351
1 213139973
1 92730413
1 249452354
1 180777653
1 239709796
1 281066335
1 73903704
1 146533150
1 115326489
1 17773318
1 71696218
1 235405451
1 78874678
