620089369 906
1 376696777
1 96055806
1 200707160
1 424244691
1 242588955
1 609373791
1 445080309
1 274751487
1 531207910
1 194143460
1 380283187
1 539110935
1 55982668
1 288627708
1 250215632
1 415522326
1 559382260
1 332238284
1 206469675
1 75376759
1 125509014
1 523476053
1 361825325
1 135000597
1 299763702
1 367897966
1 541999053
1 12548160
1 576994986
1 411522958
1 248822617
1 333602393
1 507578763
1 162314235
1 470631542
1 130078348
1 484472484
1 295622482
1 117614294
1 108375483
1 202550400
1 497897480
1 27397048
1 258533067
1 499309647
1 610486507
1 386839852
1 151386996
1 322635422
1 593309526
1 226763754
1 448144435
1 209480669
1 301373538
1 295929491
1 222028829
1 49182134
1 217839174
1 234576988
1 6087750
1 342146591
1 483399604
1 52474602
1 229635984
1 358498297
1 523106143
1 359714332
1 222881411
1 198639255
1 190113084
1 44041352
1 113974113
1 67921194
1 71438400
1 85291639
1 280015299
1 394709365
1 472131490
1 431402295
1 97255417
1 158136105
1 370950507
1 258184311
1 367616773
1 52234675
1 554113801
1 589645601
1 434290637
1 484737433
1 204133219
1 153162845
1 206794654
1 400317281
1 205637446
1 149215097
1 138726208
1 108654220
1 221713887
1 74392077
1 20077933
1 411826970
1 118433429
1 134052046
1 192532622
1 522745656
1 219343684
1 472547921
1 10150110
1 404259632
1 616734674
1 107405527
1 562395736
1 367595811
1 78374296
1 309923140
1 132614945
1 12398727
1 612353199
1 566905581
1 209920618
1 196397049
1 99979056
1 129499731
1 309498788
1 18400961
1 278714827
1 161009455
1 127055180
1 213213172
1 568275359
1 480006940
1 4950772
1 399493246
1 326843444
1 197483393
1 14933991
1 258971586
1 49941944
1 25084101
1 43141848
1 379461076
1 132489627
1 318322043
1 126967518
1 210863922
1 8155813
1 592456290
1 556136476
1 333293470
1 539272501
1 478841552
1 242474977
1 352036015
1 608341282
1 551973765
1 370436975
1 599840567
1 92893850
1 210276613
1 192964369
1 373953667
1 403068012
1 530788968
1 153357544
1 109822086
1 108182992
1 168291534
1 81578131
1 490998763
1 193375634
1 457593806
1 250370470
1 38649719
1 155826479
1 90122446
1 249513640
1 496856119
1 62489366
1 518434574
1 210060220
1 314546325
1 377186757
1 452535196
1 379366798
1 78223128
1 97204050
1 129714404
1 390848154
1 522971727
1 52775475
1 296596981
1 276836025
1 455843486
1 207296580
1 430193568
1 278450031
1 28264030
1 311269560
1 360028161
1 519262792
1 504645194
1 530406425
1 482417720
1 543294912
1 66143535
1 572540165
1 505593011
1 275784112
1 347813989
1 403938215
1 198628790
1 375144772
1 161035602
1 31074617
1 134422201
1 572132558
1 461152494
1 597010432
1 342891342
1 364034852
1 29696537
1 19398953
1 20781507
1 485540023
1 226695532
1 163759533
1 143900684
1 254959561
1 475029092
1 216713303
1 487006812
1 72369375
1 127030358
1 349335162
1 615664287
1 526047720
1 14570417
1 213952387
1 181742463
1 75168864
1 617890601
1 93155711
1 450313636
1 491710662
1 124230327
1 297520295
1 443753850
1 298167280
1 274441357
1 499429650
1 42112762
1 16922352
1 518828602
1 395768096
1 502462374
1 458308593
1 272312087
1 359147516
1 426052612
1 127251809
1 575860818
1 5754513
1 532495012
1 415675635
1 67874134
1 240854388
1 321633985
1 82444550
1 454806774
1 216160906
1 157613413
1 452608005
1 309316617
1 320711507
1 37013756
1 146331402
1 331016260
1 193552064
1 444498681
1 605457616
1 72892344
1 199395901
1 2290599
1 304505405
1 595163996
1 217537431
1 142724628
1 247386713
1 576684947
1 281561698
1 87422981
1 245240854
1 100670
1 332702451
1 40827119
1 67974803
1 573556838
1 75245563
1 150419352
1 408274242
1 291406468
1 20817223
1 573666705
1 313507543
1 54313189
1 610680461
1 172623404
1 385329448
1 184143155
1 617122084
1 83482154
1 257035499
1 529302444
1 418646580
1 274325362
1 217161529
1 16094641
1 129834448
1 177332701
1 305564046
1 411396145
1 264755681
1 550804900
1 411496814
1 310242590
1 591632018
1 479471616
1 263710058
1 46788211
1 342675426
1 51894930
1 50979138
1 76277108
1 338346093
1 364486680
1 130590296
1 328937184
1 537110083
1 515919743
1 225864798
1 246927257
1 312186355
1 195684755
1 156140331
1 110743565
1 470010116
1 86086318
1 126838206
1 599844563
1 263419018
1 145186710
1 103935797
1 240959157
1 75902240
1 228217070
1 551201746
1 47444889
1 87599316
1 194822434
1 427106927
1 143059201
1 579591191
1 478086064
1 219336308
1 297847915
1 555357203
1 349926603
1 339569557
1 185162375
1 578630804
1 565434354
1 144874090
1 270727790
1 473903567
1 13798879
1 94255813
1 323824313
1 99885197
1 221094018
1 16363965
1 363304214
1 79065187
1 120299762
1 604263371
1 154967426
1 348516831
1 535375747
1 535286142
1 148900605
1 442982640
1 342303700
1 4744264
1 402484461
1 533174222
1 224080571
1 413116834
1 181226514
1 286791632
1 132597022
1 366388889
1 245333067
1 410815834
1 511262978
1 228845315
1 264630032
1 525061857
1 323101127
1 301238803
1 4857684
1 256979604
1 30387227
1 368161897
1 336044790
1 150686988
1 65120357
1 491012215
1 211988277
1 600496104
1 118993447
1 73673340
1 423389374
1 461297146
1 78417604
1 538658293
1 87166457
1 302498174
1 44470217
1 268392971
1 589289806
1 177067238
1 14692490
1 547407331
1 300667530
1 238739926
1 156163276
1 278082020
1 143712413
1 192048861
1 292105282
1 481443924
1 449028464
1 322492508
1 562390280
1 164983884
1 185963954
1 7421267
1 368780558
1 397952230
1 607917370
1 487774004
1 471625569
1 124001833
1 41766239
1 550043172
1 375444585
1 128932695
1 232451977
1 419914801
1 110110124
1 534526241
1 309766497
1 457676441
1 461844202
1 610434026
1 76326998
1 330791936
1 601300505
1 552913238
1 522840796
1 273316417
1 127052252
1 64564350
1 308593383
1 69353162
1 229548233
1 494557336
1 76774428
1 311113249
1 272420196
1 397476257
1 511671711
1 456830223
1 234262548
1 266222408
1 99568485
1 609707132
1 107939562
1 44804920
1 409532563
1 218049685
1 579331160
1 99209690
1 55636757
1 133870451
1 422428175
1 464837582
1 464662386
1 116423769
1 397661450
1 80198271
1 102524644
1 524713701
1 144762620
1 411118026
1 306851321
1 87095312
1 285585992
1 383625749
1 110993019
1 270790646
1 493886464
1 2575361
1 440405327
1 108059642
1 268797768
1 539973811
1 97677405
1 376737329
1 584778730
1 219994426
1 307571473
1 256804979
1 319204116
1 363208229
1 390675429
1 454416749
1 207956441
1 568122273
1 570840517
1 318402349
1 28231175
1 53275791
1 555900509
1 172993794
1 464393816
1 242662460
1 592962933
1 462764266
1 339072667
1 83866583
1 446339370
1 212869761
1 86441943
1 599529155
1 33713862
1 68024169
1 519413597
1 131391266
1 157545957
1 196887416
1 351385691
1 465117429
1 453692395
1 383374265
1 541110116
1 224278454
1 217701644
1 461851015
1 505185186
1 168452791
1 160163994
1 533416360
1 554602409
1 428848961
1 419194612
1 111691314
1 384295880
1 104852635
1 574455579
1 103279177
1 188719217
1 113490038
1 28933397
1 608034987
1 92929824
1 62647258
1 55969786
1 325127879
1 194038523
1 546389570
1 234799753
1 258208672
1 391417629
1 68402778
1 354367396
1 25222834
1 5465691
1 572069039
1 487073848
1 510650876
1 453306289
1 360022301
1 136762325
1 100603787
1 168781892
1 268741395
1 212295101
1 553077771
1 373594029
1 166661310
1 369141407
1 562313245
1 613025176
1 398074803
1 263043321
1 418739458
1 173506519
1 31797566
1 456651795
1 80329500
1 578187135
1 71362178
1 338538171
1 62299854
1 139764956
1 72816197
1 87522687
1 478104474
1 357669695
1 574596535
1 81450439
1 523760442
1 314529466
1 218212763
1 4274859
1 196095816
1 199738616
1 216569959
1 129084218
1 573332645
1 96015728
1 211010083
1 228340979
1 421825362
1 321869344
1 491384300
1 220475450
1 495375862
1 523181865
1 57037875
1 575705361
1 194064089
1 461273880
1 6938621
1 256363942
1 313823294
1 79754818
1 343886629
1 171838398
1 150208971
1 298393794
1 253288836
1 386753871
1 612923259
1 184286057
1 391028729
1 188929705
1 96809132
1 320383147
1 30798381
1 382926235
1 129183333
1 574682291
1 611267213
1 551008694
1 276462265
1 195346602
1 151394774
1 151748757
1 431312925
1 541306476
1 107364748
1 5287645
1 95275445
1 114303369
1 261651586
1 409098739
1 526932014
1 605538214
1 580937136
1 389925443
1 616716466
1 547010431
1 156589944
1 322334814
1 444080946
1 260403131
1 224048978
1 253674536
1 580786277
1 254847358
1 16511401
1 89880240
1 542314108
1 340563073
1 353673392
1 198687003
1 535909674
1 217852624
1 63220219
1 59917689
1 139069730
1 503458794
1 65205333
1 234345175
1 330546621
1 39641377
1 356228372
1 237389265
1 357964050
1 29860597
1 340099166
1 354591146
1 576871027
1 209473568
1 56836591
1 113647063
1 469876699
1 280885568
1 367321598
1 143358065
1 248517384
1 96617458
1 566112133
1 503615950
1 437180530
1 299696155
1 82213584
1 65785293
1 517548779
1 478307630
1 125702981
1 369402967
1 361677054
1 523782141
1 316532600
1 72134306
1 563423518
1 52671602
1 22308029
1 14082657
1 82532199
1 75191654
1 81458261
1 372187684
1 284665221
1 138294851
1 198619205
1 134452550
1 131964877
1 565940803
1 277810615
1 93266720
1 42468891
1 556707206
1 309667128
1 192433879
1 236313991
1 104665170
1 258219171
1 466647228
1 582972799
1 383922152
1 215960826
1 324560484
1 287614923
1 245277884
1 109479248
1 563822899
1 297949486
1 131787276
1 577905555
1 93266143
1 206978929
1 39274447
1 465453826
1 204428609
1 510443125
1 43983662
1 338881158
1 355192461
1 322708923
1 329476231
1 161243639
1 77962272
1 266094067
1 470910766
1 270396150
1 215192517
1 575575936
1 528615320
1 61750375
1 251243824
1 5232561
1 610585028
1 575804307
1 5631943
1 235773543
1 398068013
1 569454841
1 246507487
1 242639748
1 240055486
1 339773629
1 162403135
1 612203760
1 518011913
1 366831743
1 215341974
1 274780033
1 85623532
1 570534434
1 310273414
1 127884221
1 444562531
1 388235685
1 106762747
1 8168387
1 371416293
1 34739722
1 296528781
1 612816072
1 429363924
1 547772604
1 618048632
1 419859583
1 216272001
1 3591205
1 368417584
1 614340013
1 285830505
1 614925070
1 236890391
1 525885990
1 47393788
1 399293526
1 518000380
1 278190159
1 146035899
1 113252984
1 552970192
1 564533258
1 396571877
1 243154236
1 405201938
1 553918866
1 344174380
1 511964684
1 562087252
1 95501303
1 259488864
1 238526663
1 421101833
1 68763418
1 166209898
1 419061096
1 201407459
1 95266357
1 135436759
1 569825042
1 89517000
1 421267263
1 277445201
1 326407391
1 39848342
1 37623447
1 438485375
1 557848721
1 315813606
1 584521273
1 383886164
1 248694428
1 241749621
1 493242499
1 204633122
1 26862189
1 427071995
1 548807501
1 251611331
1 81854337
1 357093263
1 511100194
1 33165458
1 158105726
1 579863611
1 199375355
1 289951280
1 161181701
1 7426170
1 138172498
1 443791201
1 96943170
1 559439760
1 101147033
1 136135019
1 599288102
1 138770479
1 574620393
1 249831912
1 167368543
1 251836755
1 346502534
1 416062970
1 493586375
1 219655663
1 333480551
