233233022 981
1 48914037
1 172857009
1 88639635
1 82079494
1 43747194
1 42817808
1 227472330
1 126092629
1 150016989
1 1665477
1 31032104
1 232579020
1 203845521
1 44396123
1 46510511
1 106747517
1 49222033
1 131298471
1 214901865
1 219444247
1 65433991
1 272576
1 51094287
1 40658095
1 132629781
1 111530555
1 140905623
1 132629781
1 109813502
1 115888763
1 71398391
1 110341088
1 55512750
1 160038026
1 192420582
1 50873493
1 154469383
1 138273439
1 176966121
1 22866899
1 91552465
1 159611775
1 22212896
1 62164964
1 155621447
1 20336957
1 168912480
1 204843479
1 151635427
1 102194873
1 142668253
1 217069417
1 102467448
1 145376089
1 24494489
1 1864206
1 23673622
1 165400111
1 134493986
1 85100673
1 48055852
1 157505927
1 195441761
1 55182151
1 35924480
1 106242870
1 57669193
1 190393862
1 11283286
1 186248863
1 164874310
1 54449300
1 112627615
1 138700755
1 116614263
1 35016039
1 159037711
1 3907271
1 191473067
1 77440115
1 106102143
1 52521848
1 61276510
1 208569590
1 197897936
1 37384548
1 162047345
1 173185107
1 202784659
1 14921859
1 25052758
1 202454060
1 172427785
1 172108068
1 209249760
1 208352264
1 45117915
1 33685930
1 117126653
1 56401200
1 219934792
1 381490
1 110850499
1 50942935
1 139082244
1 179078312
1 37572523
1 64886933
1 182985582
1 180659140
1 142327047
1 55854702
1 184794537
1 155217106
1 216037841
1 101073000
1 192601654
1 144852163
1 41025085
1 113766840
1 111387571
1 17691392
1 82987877
1 50582333
1 141413009
1 59004614
1 210548146
1 186530923
1 44304093
1 46055326
1 194545672
1 31005862
1 46436815
1 23776698
1 33562346
1 185519059
1 202855009
1 71134869
1 202019541
1 104221118
1 18560986
1 111113565
1 160075819
1 203355522
1 33097649
1 94494187
1 71195499
1 177312852
1 6113328
1 63834133
1 57846669
1 69114448
1 33139074
1 140834545
1 119696781
1 174552082
1 151452708
1 48625454
1 127849982
1 195756800
1 46294330
1 40776181
1 178376211
1 92731144
1 64552879
1 211938557
1 229863752
1 34174865
1 1453953
1 198650270
1 138395983
1 20014938
1 28144363
1 16852329
1 174984009
1 12855561
1 111346516
1 12946485
1 190168412
1 69073393
1 28394168
1 14782058
1 138187840
1 13146791
1 107230152
1 209498170
1 187698873
1 25449837
1 24890602
1 33929382
1 172820186
1 22798481
1 74705563
1 117963374
1 115529624
1 139258441
1 48282458
1 63773904
1 125046855
1 49736410
1 214037723
1 30209815
1 21364897
1 8949063
1 231908716
1 196348905
1 21804623
1 110022209
1 160908940
1 211973034
1 130709151
1 140916657
1 178368641
1 220510540
1 154063447
1 52365770
1 196775688
1 108529297
1 77815606
1 173279839
1 94072229
1 202249341
1 196078319
1 168777791
1 38593243
1 29988470
1 26416759
1 86875700
1 45375923
1 151463613
1 88225660
1 26180624
1 133286978
1 61204106
1 219976258
1 131962671
1 24319989
1 8547859
1 193598429
1 136842478
1 172134442
1 91074557
1 44526112
1 68883611
1 78352074
1 150203108
1 121249380
1 226741311
1 25499383
1 150678536
1 166788127
1 71185161
1 119694854
1 81246973
1 6729929
1 158288096
1 62848993
1 33146687
1 196777346
1 108224915
1 184610299
1 3383533
1 134405538
1 84664254
1 64587638
1 121148774
1 168240474
1 88907626
1 81310182
1 128605880
1 177363653
1 205058173
1 171293986
1 173503314
1 40708761
1 201259610
1 90473400
1 113571691
1 194767898
1 67586332
1 31017204
1 79936553
1 138771492
1 102325607
1 112797075
1 145501420
1 27380681
1 175646067
1 130261656
1 175771576
1 50637960
1 33252482
1 179155108
1 136657047
1 117916736
1 10509723
1 209419370
1 4537737
1 51030899
1 57496529
1 133143617
1 228394551
1 214168252
1 71204580
1 120278393
1 21643990
1 39231167
1 210751792
1 86829230
1 185612615
1 45105101
1 117846433
1 217162717
1 183876592
1 220172040
1 96726769
1 47758539
1 199166270
1 39139814
1 178020194
1 93318373
1 41391323
1 211272675
1 39240458
1 178048369
1 47569938
1 1363730
1 154234717
1 52107675
1 52394628
1 163344795
1 136864841
1 232402729
1 144280024
1 208069420
1 71061649
1 117537564
1 198914137
1 48580418
1 204366793
1 102907279
1 45299068
1 40593754
1 86836973
1 229175659
1 212379343
1 135177291
1 228547747
1 129926140
1 174317104
1 173334918
1 223244512
1 215708426
1 102988120
1 29251947
1 112137323
1 102171608
1 215462248
1 217985589
1 154279282
1 219470426
1 148097361
1 57911100
1 170253682
1 10757913
1 217594069
1 8082308
1 128295476
1 134888733
1 56662725
1 51042796
1 189409561
1 101961792
1 43250099
1 43013511
1 49517978
1 22396419
1 178190802
1 44832702
1 152322558
1 70888433
1 169781169
1 93947597
1 4977387
1 224382838
1 74813093
1 68728259
1 93321423
1 57042319
1 53480825
1 199214254
1 43279722
1 201578185
1 208738903
1 213533403
1 212336097
1 193099950
1 221615710
1 59012100
1 46369210
1 229891984
1 61668446
1 2545749
1 50234303
1 104918544
1 230405831
1 99752280
1 78928513
1 126977160
1 96198531
1 182864620
1 197865593
1 32746677
1 43579195
1 154456529
1 23896492
1 70005837
1 223184787
1 68831465
1 127048155
1 43432589
1 34812696
1 121941426
1 196624323
1 10318577
1 53855356
1 127340948
1 155032076
1 227084615
1 186353047
1 153014835
1 223743576
1 199635042
1 155560583
1 40744856
1 22934114
1 104346942
1 92110685
1 53476176
1 231324101
1 188309215
1 3107773
1 147570221
1 172669441
1 231533539
1 68793727
1 196565933
1 68306354
1 10359041
1 217010947
1 146968058
1 53791629
1 18590620
1 35676462
1 202029502
1 213755768
1 41145367
1 96137427
1 87168371
1 34996960
1 871001
1 6950184
1 210354085
1 200506043
1 114124316
1 202712491
1 223440156
1 218471257
1 61590153
1 43683309
1 168175886
1 201512918
1 231637653
1 82513084
1 140949336
1 229938170
1 102920361
1 55895796
1 16625051
1 64892951
1 39673720
1 115206658
1 70298130
1 9877890
1 150883119
1 39094609
1 223633657
1 143642036
1 135232035
1 77569006
1 178638995
1 136103035
1 36132739
1 107373607
1 103376055
1 150257054
1 76853075
1 45196738
1 87108839
1 90056778
1 40493596
1 22051702
1 58336673
1 38898227
1 56178335
1 150899558
1 220449946
1 110712245
1 206795354
1 188688546
1 175605196
1 198082623
1 70662181
1 12670303
1 207960512
1 173158850
1 51764911
1 198361147
1 83567863
1 186996945
1 227543702
1 213820407
1 41480507
1 30443418
1 87960991
1 144856562
1 132314021
1 164814066
1 141666849
1 219422859
1 206484393
1 182160445
1 193088110
1 216434615
1 172672221
1 16033423
1 134101150
1 159889144
1 78359217
1 59277031
1 66958217
1 20731390
1 24126632
1 137620397
1 218248264
1 232087143
1 77546224
1 36780152
1 148828817
1 112727636
1 175390646
1 94753046
1 93315020
1 216871153
1 76810013
1 181276011
1 80108242
1 209124034
1 64470604
1 173388640
1 195313870
1 222568546
1 122316062
1 155168958
1 205770138
1 13368810
1 122815930
1 58251815
1 124871503
1 201175146
1 117528846
1 191829719
1 221906536
1 93269027
1 47830644
1 158535327
1 43736697
1 125376867
1 195315479
1 144179064
1 189718053
1 89086652
1 5699087
1 49800050
1 24338332
1 82509100
1 182689610
1 56060123
1 58400111
1 198773763
1 229448763
1 205327530
1 139722836
1 70145352
1 78877015
1 112259951
1 83514162
1 201692944
1 122125316
1 159999214
1 121248618
1 6421139
1 118595911
1 61535681
1 51303715
1 166426554
1 220071007
1 95040411
1 10183948
1 182153463
1 190833024
1 199902000
1 222853665
1 196532111
1 201315600
1 198805546
1 230654760
1 102385737
1 21632647
1 7435398
1 19540028
1 202694959
1 212762927
1 159262863
1 39607288
1 10020470
1 38289792
1 74734999
1 211713413
1 112028657
1 1501191
1 99729008
1 118449795
1 71710651
1 161264688
1 121367059
1 4904182
1 148102673
1 168021019
1 199934701
1 48636663
1 125621021
1 118217229
1 223103877
1 88920109
1 86299806
1 188676401
1 37955396
1 140299092
1 161922597
1 45390793
1 159839119
1 131384533
1 209767269
1 85868960
1 122605370
1 219787738
1 75772301
1 148953919
1 149881679
1 187800957
1 102068659
1 201224236
1 24631279
1 173779309
1 80869452
1 97611887
1 130297040
1 228972124
1 32399883
1 48612268
1 229222336
1 158020903
1 166829496
1 170706741
1 198554561
1 204742851
1 126150119
1 3276934
1 111808921
1 54839693
1 281276
1 38415017
1 137837775
1 210048545
1 75897526
1 27210122
1 148216810
1 103283376
1 176164040
1 64865466
1 9464860
1 229846248
1 32856680
1 218942710
1 170392534
1 65339681
1 83321574
1 19070101
1 12692332
1 115721457
1 67682369
1 8681645
1 40509337
1 186125414
1 131001935
1 5830876
1 157635243
1 23919031
1 193954381
1 36211141
1 30372273
1 194235657
1 26239707
1 119823597
1 122664729
1 53750783
1 147033719
1 37648516
1 157034158
1 41578286
1 54127532
1 166499018
1 38191512
1 38597761
1 103822255
1 160197595
1 103937441
1 187143829
1 130881246
1 116629772
1 69632263
1 150177164
1 76924966
1 61755149
1 103069555
1 207926901
1 67586024
1 27471775
1 183459481
1 213153955
1 15296465
1 165445304
1 174156589
1 41536172
1 52035878
1 63588295
1 95286954
1 150683146
1 52850360
1 203934661
1 143874982
1 58591441
1 88814206
1 133680043
1 97189201
1 192636461
1 12258165
1 201126641
1 146547267
1 143139410
1 36136940
1 167793079
1 11697101
1 113061906
1 229548227
1 114766656
1 39369334
1 63901229
1 93851980
1 222828814
1 43822161
1 109148445
1 106654645
1 169592299
1 102298166
1 158690523
1 184794143
1 197585119
1 27754196
1 189258052
1 119900307
1 171629177
1 14616471
1 208714513
1 72076197
1 111805671
1 119731501
1 84334362
1 31312840
1 33045745
1 179087321
1 19063329
1 200838823
1 190784422
1 132125234
1 197154027
1 23931605
1 123108117
1 212668805
1 117783584
1 64317459
1 208104515
1 226932028
1 170972103
1 96077341
1 47610721
1 48043153
1 47638461
1 11962817
1 75797349
1 188510063
1 83476674
1 14193503
1 203126533
1 10571714
1 37883250
1 81699181
1 130303214
1 73831161
1 64625570
1 114962508
1 19685459
1 83688899
1 82568308
1 210469880
1 167427682
1 231335884
1 186015034
1 57302777
1 162385217
1 70565596
1 121620235
1 88870259
1 15878151
1 59359315
1 136561150
1 63488872
1 107402468
1 135813160
1 27065238
1 134813366
1 91090200
1 110541911
1 149006868
1 60983710
1 121113624
1 138503667
1 94296441
1 203030387
1 212334827
1 158922010
1 84759872
1 232020286
1 9377886
1 118941729
1 160870693
1 128419118
1 117044591
1 113652705
1 185721894
1 231043357
1 135831850
1 74109106
1 38294143
1 151710000
1 85081970
1 174855292
1 215198871
1 144097987
1 77435430
1 193877659
1 45678330
1 168525629
1 22800097
1 146298748
1 229509339
1 143913721
1 51569392
1 42186307
1 113711085
1 30671197
1 201108316
1 150084507
1 214305032
1 162099752
1 35793213
1 93556252
1 57285847
1 104451353
1 158822506
1 9774718
1 102261687
1 61421333
1 35497373
1 140555830
1 164744883
1 72192892
1 33791649
1 98324281
1 216290879
1 111227078
1 58968917
1 28736186
1 231366257
1 81769014
1 126648483
1 227642573
1 177296284
1 178217875
1 36595857
1 9387896
1 160502621
1 189317722
1 159472402
1 93188180
1 118184451
1 195265615
1 138357981
1 127083847
1 66483945
1 63947465
1 88472114
1 120359182
1 76982347
1 123969486
1 212528561
1 8494207
1 147775928
1 13087187
1 106818488
1 130833784
1 124314265
1 165787404
1 111183519
1 74061049
1 199169967
1 4598980
1 20084149
1 143233228
1 134430404
1 8293555
1 152621124
1 13313552
1 197611276
1 30474053
1 58115281
1 34176255
1 225739667
1 196473261
1 161260101
1 10604140
1 27187703
1 201345765
1 130963321
1 104170050
1 43695778
1 110258859
1 64277806
1 191471705
1 123346045
1 171096293
1 89072466
1 199273859
1 55264225
1 200255985
1 40101885
1 21201169
1 156468514
1 60186033
1 116047947
1 9279445
1 68479587
1 220282620
1 22592996
1 217704413
1 17523650
1 32321826
1 18647645
1 10030295
1 228795086
