892 92
10 62 86 18 146 233 4 11 181 52 95
1 429
2 555 296
12 15 313 51 110 42 5 41 49 35 17 96 59
4 94 190 270 285
1 372
9 187 197 2 47 127 88 144 3 33
5 401 61 179 43 41
3 369 471 50
9 105 149 23 22 89 29 214 99 39
8 67 83 157 87 96 9 136 81
3 150 536 4
11 5 38 95 100 52 141 5 106 48 119 10
2 611 157
2 110 95
9 45 253 86 7 67 231 3 43 78
11 14 32 54 50 5 219 76 217 65 108 1
7 162 30 102 106 16 140 94
4 216 204 80 123
1 122
5 17 267 182 78 334
1 400
3 56 125 128
1 555
6 131 79 45 72 114 159
3 20 107 213
1 101
3 289 101 45
6 109 9 172 1 392 102
1 529
4 40 200 16 356
4 19 82 404 247
5 222 60 227 65 233
4 41 241 194 343
1 380
4 97 481 25 235
8 76 15 7 253 127 377 9 17
5 390 37 16 183 153
14 31 48 22 18 142 16 24 243 11 81 3 13 24 113
6 119 129 115 96 363 16
3 1 178 269
3 91 438 16
8 125 197 23 32 124 67 46 205
3 202 238 255
3 281 154 4
2 223 488
8 120 275 8 61 117 43 211 26
1 743
12 10 117 40 137 3 88 22 126 25 14 171 124
11 12 133 157 39 13 32 170 27 253 7 33
9 75 197 52 63 35 31 32 107 293
1 85
4 241 116 42 364
4 272 70 312 227
1 281
1 745
9 103 30 155 56 52 41 152 46 61
4 144 72 302 314
7 13 294 54 201 71 3 155
1 82
9 50 21 69 97 85 271 9 122 152
13 43 30 32 173 10 88 66 37 29 240 37 42 57
2 214 474
16 56 37 34 128 74 16 10 8 228 3 7 15 152 1 6 43
1 633
6 117 228 249 43 83 2
20 29 17 142 33 100 23 8 120 51 15 14 23 3 97 51 66 22 4 15 46
2 181 640
7 497 119 43 10 105 67 31
5 143 246 276 1 36
5 47 19 637 88 63
1 625
5 272 99 107 243 93
3 54 107 454
12 41 26 32 71 19 257 20 50 125 51 33 78
7 207 65 7 11 59 60 204
10 91 4 173 19 34 171 165 58 83 9
2 165 642
15 14 11 25 3 67 134 19 177 20 82 107 12 34 31 116
8 214 18 26 274 11 79 83 172
30 10 8 95 11 14 35 4 54 64 54 34 16 52 14 136 44 42 21 17 9 3 9 6 19 26 2 15 35 24 13
2 65 129
12 73 226 57 93 30 99 17 41 19 43 64 94
4 88 63 141 457
2 93 590
11 137 51 6 243 197 9 147 14 6 9 70
32 9 2 6 129 5 58 2 2 20 7 6 40 48 1 8 15 20 46 88 79 26 27 15 26 4 3 7 69 34 65 20 3
1 482
4 122 113 118 375
12 26 82 4 1 153 84 185 91 63 6 25 9
2 512 269
5 123 42 109 96 152
