971 9
70 9 14 24 14 1 3 10 21 13 24 21 2 10 8 5 72 2 4 5 9 3 12 16 36 6 9 1 20 18 13 7 18 5 1 21 4 12 18 8 20 24 14 8 17 15 20 28 7 14 15 4 7 19 18 2 35 18 12 8 18 5 3 7 12 1 3 44 17 47 9
3 38 314 495
65 22 1 28 16 16 2 2 19 55 21 2 11 71 9 7 1 22 6 48 24 23 11 9 39 8 38 21 1 11 14 2 2 1 3 42 14 9 10 2 6 46 5 48 9 23 14 6 9 17 6 3 13 9 5 3 7 4 2 9 3 24 4 15 3 31
23 7 131 1 22 33 14 9 3 141 16 23 63 11 10 115 66 9 41 52 114 15 13 14
148 7 2 13 12 18 4 1 2 2 9 6 14 7 12 1 1 2 2 4 6 3 2 4 4 1 37 7 10 1 1 3 6 10 9 1 1 2 2 13 9 2 11 6 2 6 16 3 13 4 1 22 3 18 6 1 2 3 8 5 13 5 8 3 2 3 17 4 2 2 9 3 4 6 3 8 6 13 2 1 1 18 1 13 7 1 1 13 3 7 7 5 10 20 5 1 19 2 8 1 5 3 5 1 12 41 3 15 6 6 4 8 11 4 5 1 5 4 6 1 2 3 8 5 11 6 4 6 8 9 19 29 1 1 4 1 3 7 1 5 4 2 2 2 5 9 1 6 16
27 2 26 53 17 2 14 21 31 9 97 3 61 41 9 27 108 16 7 21 10 2 71 107 64 46 8 60
2 766 156
10 14 1 84 81 44 146 19 27 113 66
26 18 3 8 14 80 4 18 24 18 68 3 38 142 10 41 12 56 36 44 31 27 27 42 28 87 62
