858 10
90 7 14 5 6 1 6 5 8 7 33 4 20 5 2 13 5 7 2 2 3 31 4 16 17 9 6 6 12 19 7 2 11 17 12 1 1 1 39 1 15 17 6 4 15 3 2 6 3 9 9 4 1 8 6 3 8 1 24 45 14 5 6 12 23 2 3 8 5 1 1 4 7 2 17 4 2 31 3 7 3 9 4 17 7 8 4 32 23 1 28
96 4 4 7 2 6 3 30 2 2 1 18 3 13 6 6 6 10 36 3 6 18 2 9 5 24 11 1 18 6 5 2 6 3 2 1 8 7 8 4 12 2 1 24 6 2 20 10 3 12 36 1 4 6 3 7 9 5 9 1 6 20 8 11 3 15 8 3 27 3 34 2 6 1 5 9 8 24 19 19 9 5 8 3 1 9 9 1 17 10 4 3 4 29 1 7 15
67 44 27 3 16 3 1 31 2 20 11 20 38 1 2 4 12 22 28 18 49 21 2 18 7 13 7 14 4 3 14 21 2 6 5 6 4 2 36 11 4 1 21 2 8 8 12 14 31 3 4 2 26 12 2 11 28 18 15 8 20 10 3 14 8 4 17 1
13 45 47 25 106 18 205 11 49 123 69 2 2 129
29 65 71 9 4 44 52 13 8 142 7 1 2 83 6 3 42 2 5 6 8 7 25 53 17 36 11 53 60 9
9 54 39 120 119 103 118 5 21 33
26 69 61 27 5 92 8 12 13 18 18 15 11 56 23 30 43 7 33 29 64 58 10 130 2 4 19
35 9 7 9 8 21 68 13 4 1 63 24 5 22 10 9 75 1 14 39 46 47 19 18 18 52 10 46 44 17 14 46 8 41 13 2
13 102 38 8 61 93 129 65 7 1 79 74 133 13
24 67 17 25 19 21 5 26 60 21 73 48 7 22 26 28 7 2 33 69 36 17 8 54 154
