941 10
25 46 5 5 30 70 2 6 51 126 39 6 29 7 36 5 29 10 10 10 72 20 16 132 92 22
8 107 19 20 152 89 43 85 76
3 453 276 53
16 67 24 103 72 152 34 2 29 27 38 26 211 22 26 29 5
60 13 12 103 23 2 4 12 5 8 10 39 3 1 13 27 34 8 2 21 10 19 7 6 8 2 2 25 21 6 4 1 23 39 5 1 4 13 14 20 1 38 1 13 4 58 19 21 5 8 27 4 12 9 9 38 10 2 36 47 3
36 51 26 10 1 4 37 6 16 10 4 14 39 16 69 5 7 12 2 19 38 4 10 60 37 49 82 19 54 39 38 8 9 22 13 23 46
25 37 59 45 85 6 110 77 6 18 16 88 15 73 9 1 10 88 17 18 3 15 11 35 66 16
25 35 61 22 18 91 9 16 4 5 2 71 3 52 10 23 69 43 117 47 63 11 11 49 19 76
35 60 31 18 36 28 7 6 122 10 14 21 78 58 2 32 55 63 34 34 8 3 10 19 3 60 25 25 5 28 1 10 1 10 2 9
16 5 21 187 2 20 5 18 58 1 25 79 78 60 46 20 7
