874 92
4 151 338 7 195
3 6 87 168
7 94 47 242 48 87 171 92
26 47 1 14 57 10 7 27 58 11 74 12 61 24 71 7 22 1 41 5 9 78 6 18 117 31 54
14 19 97 111 54 7 24 38 128 219 11 24 29 69 13
4 99 345 41 162
3 113 288 257
18 4 11 18 144 214 40 88 44 1 46 18 27 12 5 92 48 21 26
3 165 687 7
9 24 3 67 29 7 269 400 30 4
4 188 89 246 189
10 263 96 5 3 209 4 37 109 12 104
2 269 100
7 157 151 149 316 14 7 79
13 26 94 28 44 129 52 136 25 13 28 143 1 9
1 872
20 24 64 19 4 76 57 1 3 1 145 27 175 70 22 14 22 10 14 45 80
10 48 74 34 36 87 32 161 5 79 100
2 4 580
1 332
10 1 114 25 342 51 98 12 26 87 27
4 241 119 120 393
4 328 400 44 8
3 90 261 255
8 110 270 21 54 101 98 4 193
1 588
4 240 9 222 161
10 228 2 14 22 55 36 192 1 196 12
1 789
4 49 423 94 254
2 271 349
1 358
2 722 3
1 758
15 65 9 135 22 58 10 35 143 30 21 95 12 1 126 103
5 48 163 31 277 328
13 43 88 80 14 24 41 112 156 17 73 45 113 39
14 63 75 62 7 251 5 12 30 4 40 8 156 14 61
4 516 210 72 2
2 459 78
7 34 374 135 112 29 23 150
4 283 288 91 134
2 573 169
3 732 40 32
2 333 377
1 75
2 43 526
2 567 16
2 588 281
5 209 35 140 129 189
6 64 103 331 191 145 10
3 201 177 482
2 489 316
13 6 46 176 24 258 8 17 138 58 6 24 44 31
3 551 18 190
8 50 39 47 133 137 106 112 188
3 273 103 59
11 3 57 142 2 172 130 71 72 41 53 5
6 239 24 458 38 29 48
4 469 62 142 47
2 358 32
10 56 241 63 130 9 59 8 229 20 23
11 251 68 47 125 2 63 24 36 21 97 135
5 6 93 423 21 251
5 42 76 149 165 193
2 15 109
12 29 17 53 32 116 69 123 62 174 72 56 3
6 312 233 134 63 29 94
2 57 583
2 477 285
11 50 49 181 130 117 33 39 6 138 60 13
4 72 80 156 179
2 519 214
6 4 85 560 6 7 89
4 68 26 193 481
1 273
17 51 16 102 6 7 57 93 35 193 25 26 30 18 47 35 8 24
11 18 72 68 46 85 104 27 19 62 165 98
1 808
10 16 52 48 189 33 66 139 109 40 74
9 59 308 64 14 155 10 101 24 59
1 497
4 316 71 61 115
1 54
6 83 297 66 31 157 132
7 142 222 131 279 15 10 49
12 194 50 224 91 69 13 45 9 48 59 1 22
2 426 265
1 1
6 54 540 108 36 75 8
11 195 2 46 26 58 164 85 5 26 69 145
1 112
