810 908
1 760
1 144
1 24
1 85
1 292
1 354
1 438
1 449
1 502
1 516
1 468
1 209
1 615
1 619
1 625
1 270
1 490
1 795
1 247
1 4
1 35
1 782
1 775
1 559
1 4
1 428
1 519
1 349
1 556
1 306
1 56
1 507
1 20
1 459
1 591
1 311
1 384
1 220
1 760
1 76
1 306
1 418
1 665
1 111
1 607
1 51
1 760
1 668
1 36
1 197
1 671
1 450
1 169
1 637
1 199
1 173
1 255
1 289
1 92
1 382
1 165
1 527
1 459
1 185
1 176
1 240
1 495
1 559
1 30
1 445
1 206
1 336
1 434
1 441
1 17
1 611
1 491
1 348
1 469
1 97
1 544
1 331
1 547
1 284
1 538
1 316
1 27
1 363
1 175
1 498
1 744
1 340
1 215
1 393
1 524
1 390
1 204
1 209
1 520
1 613
1 225
1 296
1 139
1 229
1 736
1 536
1 30
1 797
1 74
1 499
1 84
1 188
1 400
1 630
1 471
1 128
1 517
1 68
1 61
1 691
1 565
1 376
1 221
1 779
1 339
1 315
1 740
1 542
1 95
1 450
1 346
1 319
1 745
1 55
1 547
1 242
1 590
1 147
1 229
1 234
1 216
1 312
1 422
1 615
1 513
1 463
1 313
1 600
1 531
1 754
1 481
1 286
1 320
1 273
1 636
1 658
1 158
1 566
1 391
1 252
1 586
1 307
1 570
1 521
1 361
1 687
1 333
1 522
1 405
1 561
1 326
1 620
1 443
1 747
1 426
1 526
1 781
1 309
1 316
1 502
1 253
1 368
1 358
1 572
1 211
1 184
1 801
1 368
1 320
1 382
1 620
1 96
1 259
1 760
1 187
1 190
1 638
1 519
1 282
1 613
1 270
1 608
1 423
1 284
1 116
1 419
1 809
1 87
1 728
1 316
1 159
1 551
1 683
1 88
1 314
1 84
1 651
1 685
1 22
1 162
1 637
1 641
1 257
1 86
1 592
1 444
1 655
1 800
1 533
1 128
1 603
1 374
1 735
1 216
1 657
1 421
1 635
1 656
1 79
1 124
1 542
1 617
1 674
1 415
1 275
1 558
1 69
1 117
1 433
1 91
1 658
1 260
1 302
1 485
1 725
1 84
1 499
1 571
1 454
1 223
1 698
1 247
1 596
1 194
1 34
1 443
1 185
1 239
1 669
1 263
1 742
1 402
1 451
1 606
1 387
1 725
1 735
1 456
1 32
1 738
1 117
1 260
1 569
1 798
1 745
1 484
1 453
1 434
1 625
1 97
1 656
1 84
1 724
1 442
1 277
1 328
1 455
1 33
1 566
1 315
1 295
1 498
1 287
1 316
1 674
1 673
1 232
1 170
1 699
1 643
1 99
1 386
1 94
1 667
1 375
1 29
1 721
1 18
1 462
1 537
1 114
1 309
1 620
1 408
1 321
1 468
1 735
1 776
1 500
1 491
1 661
1 365
1 559
1 138
1 681
1 804
1 1
1 103
1 164
1 271
1 745
1 262
1 656
1 29
1 499
1 221
1 57
1 411
1 238
1 90
1 138
1 732
1 398
1 328
1 330
1 289
1 795
1 636
1 255
1 56
1 697
1 486
1 421
1 447
1 194
1 292
1 441
1 195
1 774
1 604
1 36
1 280
1 437
1 691
1 309
1 126
1 103
1 745
1 107
1 340
1 25
1 244
1 642
1 802
1 143
1 543
1 282
1 128
1 369
1 107
1 184
1 636
1 593
1 175
1 273
1 357
1 466
1 284
1 122
1 1
1 459
1 157
1 280
1 466
1 39
1 588
1 591
1 141
1 95
1 269
1 51
1 499
1 512
1 264
1 492
1 225
1 806
1 344
1 353
1 745
1 450
1 107
1 571
1 613
1 281
1 415
1 161
1 317
1 269
1 282
1 317
1 298
1 439
1 596
1 763
1 477
1 755
1 116
1 188
1 40
1 384
1 238
1 109
1 466
1 501
1 600
1 691
1 68
1 134
1 614
1 3
1 155
1 720
1 145
1 767
1 571
1 130
1 498
1 78
1 398
1 780
1 394
1 267
1 789
1 560
1 220
1 27
1 505
1 715
1 214
1 115
1 669
1 451
1 224
1 326
1 523
1 394
1 587
1 161
1 99
1 391
1 164
1 633
1 681
1 688
1 590
1 442
1 8
1 659
1 519
1 785
1 200
1 483
1 242
1 179
1 233
1 462
1 205
1 309
1 747
1 418
1 423
1 607
1 439
1 217
1 123
1 532
1 182
1 280
1 693
1 280
1 670
1 427
1 103
1 541
1 305
1 263
1 553
1 692
1 112
1 262
1 667
1 311
1 315
1 100
1 60
1 547
1 132
1 264
1 46
1 69
1 252
1 40
1 675
1 691
1 256
1 368
1 793
1 8
1 647
1 676
1 287
1 78
1 293
1 769
1 189
1 168
1 603
1 741
1 50
1 285
1 573
1 717
1 167
1 78
1 7
1 226
1 196
1 518
1 61
1 241
1 586
1 312
1 660
1 23
1 573
1 107
1 770
1 557
1 494
1 179
1 803
1 781
1 636
1 287
1 311
1 16
1 454
1 104
1 327
1 504
1 389
1 471
1 791
1 555
1 548
1 368
1 351
1 743
1 76
1 411
1 555
1 232
1 294
1 405
1 634
1 57
1 82
1 595
1 184
1 576
1 344
1 178
1 118
1 550
1 35
1 428
1 565
1 488
1 103
1 463
1 562
1 62
1 124
1 543
1 187
1 242
1 481
1 537
1 556
1 556
1 519
1 301
1 788
1 3
1 276
1 183
1 439
1 738
1 348
1 623
1 504
1 691
1 371
1 192
1 432
1 405
1 619
1 567
1 463
1 292
1 600
1 216
1 353
1 723
1 329
1 539
1 536
1 1
1 647
1 282
1 127
1 356
1 153
1 485
1 358
1 428
1 668
1 796
1 356
1 206
1 609
1 430
1 468
1 170
1 621
1 90
1 145
1 2
1 227
1 608
1 293
1 18
1 394
1 217
1 311
1 293
1 326
1 417
1 673
1 163
1 698
1 800
1 518
1 421
1 46
1 66
1 40
1 713
1 53
1 775
1 110
1 232
1 776
1 577
1 782
1 587
1 237
1 117
1 159
1 34
1 295
1 23
1 431
1 259
1 239
1 742
1 552
1 564
1 729
1 415
1 727
1 618
1 785
1 6
1 229
1 22
1 72
1 648
1 734
1 504
1 185
1 414
1 306
1 151
1 561
1 278
1 737
1 368
1 775
1 467
1 402
1 640
1 489
1 23
1 90
1 727
1 335
1 641
1 52
1 255
1 626
1 349
1 63
1 173
1 355
1 671
1 194
1 806
1 81
1 498
1 500
1 265
1 483
1 805
1 415
1 234
1 654
1 722
1 173
1 190
1 379
1 574
1 20
1 58
1 596
1 109
1 355
1 122
1 320
1 787
1 376
1 137
1 326
1 9
1 689
1 251
1 250
1 73
1 247
1 330
1 141
1 317
1 165
1 194
1 313
1 579
1 808
1 537
1 63
1 171
1 726
1 441
1 744
1 745
1 499
1 101
1 425
1 424
1 222
1 744
1 401
1 168
1 451
1 298
1 556
1 330
1 548
1 806
1 782
1 366
1 706
1 494
1 682
1 442
1 687
1 565
1 591
1 256
1 292
1 653
1 426
1 208
1 285
1 740
1 524
1 354
1 32
1 139
1 777
1 253
1 453
1 749
1 801
1 95
1 237
1 547
1 804
1 355
1 114
1 348
1 291
1 391
1 32
1 164
1 23
1 289
1 299
1 184
1 545
1 162
1 28
1 541
1 749
1 692
1 472
1 463
1 236
1 503
1 172
1 583
1 326
1 625
1 522
1 317
1 290
1 329
1 435
1 664
1 255
1 119
1 202
1 545
1 509
1 613
1 708
1 102
1 473
1 578
1 286
1 588
1 739
1 693
1 319
1 678
1 575
1 790
1 712
1 381
1 54
1 74
1 534
1 380
1 269
1 627
1 267
1 558
1 146
1 272
1 793
1 400
1 391
1 185
1 516
1 470
1 798
1 794
1 143
