898 965
1 572
1 282
1 515
1 405
1 208
1 136
1 135
1 74
1 412
1 310
1 729
1 809
1 743
1 698
1 154
1 737
1 582
1 375
1 257
1 342
1 771
1 46
1 116
1 646
1 52
1 20
1 317
1 251
1 393
1 510
1 751
1 68
1 791
1 202
1 472
1 831
1 170
1 439
1 8
1 581
1 582
1 736
1 326
1 260
1 369
1 479
1 99
1 783
1 853
1 356
1 227
1 559
1 234
1 343
1 140
1 285
1 362
1 457
1 535
1 755
1 69
1 221
1 655
1 692
1 255
1 62
1 625
1 424
1 333
1 465
1 838
1 17
1 137
1 266
1 276
1 338
1 577
1 208
1 224
1 365
1 396
1 450
1 26
1 629
1 792
1 166
1 16
1 90
1 455
1 383
1 677
1 356
1 603
1 267
1 150
1 691
1 328
1 607
1 50
1 493
1 175
1 887
1 343
1 311
1 88
1 618
1 648
1 497
1 658
1 704
1 861
1 156
1 257
1 720
1 617
1 881
1 885
1 632
1 73
1 275
1 117
1 749
1 630
1 553
1 848
1 779
1 179
1 111
1 488
1 228
1 604
1 495
1 51
1 49
1 805
1 138
1 499
1 389
1 468
1 93
1 28
1 431
1 248
1 284
1 253
1 865
1 268
1 73
1 432
1 173
1 347
1 382
1 25
1 79
1 767
1 705
1 690
1 48
1 816
1 281
1 275
1 522
1 775
1 325
1 403
1 516
1 296
1 4
1 737
1 763
1 96
1 764
1 296
1 177
1 881
1 382
1 874
1 251
1 287
1 408
1 423
1 467
1 789
1 280
1 545
1 491
1 88
1 171
1 538
1 6
1 451
1 813
1 360
1 161
1 240
1 762
1 509
1 535
1 598
1 181
1 400
1 527
1 778
1 529
1 536
1 761
1 743
1 512
1 844
1 132
1 752
1 369
1 598
1 477
1 482
1 79
1 70
1 402
1 249
1 608
1 240
1 532
1 523
1 432
1 525
1 762
1 296
1 867
1 233
1 726
1 150
1 465
1 355
1 30
1 96
1 890
1 623
1 671
1 337
1 569
1 636
1 192
1 771
1 169
1 668
1 355
1 247
1 737
1 589
1 328
1 447
1 661
1 692
1 72
1 195
1 153
1 667
1 323
1 122
1 732
1 881
1 104
1 299
1 172
1 864
1 228
1 894
1 589
1 1
1 334
1 261
1 636
1 525
1 134
1 805
1 128
1 321
1 884
1 864
1 742
1 148
1 247
1 505
1 672
1 151
1 532
1 824
1 650
1 687
1 778
1 484
1 670
1 882
1 783
1 841
1 681
1 843
1 838
1 372
1 843
1 107
1 632
1 415
1 464
1 598
1 155
1 591
1 21
1 141
1 557
1 762
1 121
1 636
1 202
1 793
1 787
1 733
1 719
1 539
1 355
1 433
1 856
1 128
1 250
1 741
1 801
1 33
1 686
1 574
1 404
1 464
1 513
1 869
1 711
1 79
1 569
1 865
1 669
1 590
1 109
1 162
1 287
1 62
1 797
1 489
1 854
1 519
1 157
1 509
1 161
1 512
1 44
1 119
1 472
1 293
1 692
1 208
1 158
1 313
1 782
1 561
1 609
1 397
1 532
1 423
1 476
1 37
1 390
1 80
1 626
1 331
1 241
1 745
1 393
1 871
1 336
1 349
1 492
1 493
1 857
1 485
1 837
1 733
1 436
1 411
1 858
1 230
1 618
1 118
1 375
1 335
1 679
1 87
1 565
1 146
1 509
1 873
1 182
1 731
1 55
1 640
1 165
1 129
1 488
1 390
1 832
1 656
1 738
1 426
1 84
1 531
1 14
1 23
1 199
1 449
1 266
1 160
1 512
1 717
1 277
1 719
1 884
1 788
1 805
1 551
1 767
1 249
1 359
1 781
1 813
1 247
1 357
1 80
1 375
1 677
1 469
1 309
1 268
1 142
1 567
1 352
1 505
1 413
1 207
1 704
1 695
1 306
1 696
1 309
1 125
1 805
1 130
1 841
1 529
1 768
1 495
1 231
1 849
1 853
1 844
1 764
1 35
1 303
1 676
1 409
1 812
1 80
1 550
1 183
1 55
1 220
1 534
1 559
1 632
1 573
1 198
1 429
1 878
1 726
1 570
1 835
1 634
1 533
1 779
1 98
1 236
1 376
1 328
1 187
1 164
1 274
1 54
1 199
1 410
1 562
1 440
1 324
1 642
1 93
1 339
1 696
1 145
1 705
1 190
1 609
1 381
1 388
1 141
1 361
1 216
1 543
1 132
1 682
1 178
1 13
1 779
1 413
1 221
1 42
1 433
1 217
1 316
1 319
1 415
1 558
1 880
1 688
1 714
1 624
1 613
1 156
1 255
1 590
1 860
1 445
1 301
1 176
1 832
1 274
1 370
1 880
1 817
1 501
1 665
1 827
1 513
1 379
1 176
1 733
1 421
1 608
1 52
1 569
1 29
1 300
1 229
1 11
1 820
1 775
1 468
1 535
1 763
1 722
1 227
1 559
1 269
1 527
1 734
1 36
1 634
1 206
1 19
1 386
1 539
1 516
1 315
1 154
1 894
1 490
1 719
1 250
1 33
1 604
1 818
1 791
1 6
1 879
1 635
1 658
1 757
1 205
1 295
1 455
1 759
1 354
1 116
1 861
1 713
1 850
1 896
1 449
1 888
1 747
1 834
1 363
1 365
1 85
1 349
1 195
1 407
1 171
1 444
1 440
1 774
1 365
1 333
1 612
1 179
1 800
1 372
1 768
1 107
1 499
1 326
1 699
1 685
1 441
1 662
1 500
1 226
1 660
1 782
1 50
1 510
1 718
1 412
1 707
1 635
1 760
1 4
1 145
1 763
1 448
1 417
1 639
1 645
1 749
1 186
1 823
1 485
1 390
1 694
1 591
1 721
1 852
1 225
1 508
1 395
1 886
1 111
1 454
1 649
1 725
1 503
1 94
1 545
1 747
1 800
1 283
1 609
1 637
1 260
1 475
1 187
1 676
1 49
1 831
1 360
1 68
1 589
1 844
1 290
1 385
1 371
1 114
1 172
1 595
1 454
1 567
1 584
1 564
1 853
1 168
1 391
1 458
1 94
1 769
1 140
1 893
1 884
1 748
1 465
1 246
1 158
1 651
1 24
1 207
1 417
1 216
1 107
1 109
1 163
1 396
1 326
1 533
1 509
1 498
1 230
1 66
1 897
1 813
1 462
1 852
1 83
1 686
1 245
1 176
1 390
1 384
1 5
1 209
1 67
1 469
1 454
1 225
1 56
1 310
1 264
1 305
1 525
1 370
1 413
1 687
1 765
1 572
1 155
1 210
1 5
1 385
1 275
1 4
1 300
1 569
1 688
1 216
1 190
1 765
1 224
1 579
1 84
1 61
1 787
1 150
1 363
1 176
1 207
1 418
1 318
1 470
1 555
1 843
1 839
1 71
1 465
1 540
1 475
1 620
1 749
1 479
1 837
1 856
1 315
1 72
1 527
1 105
1 287
1 550
1 702
1 344
1 231
1 785
1 404
1 851
1 767
1 599
1 859
1 77
1 849
1 280
1 546
1 507
1 58
1 321
1 577
1 355
1 860
1 884
1 807
1 711
1 465
1 746
1 669
1 612
1 818
1 131
1 549
1 40
1 680
1 353
1 383
1 744
1 73
1 620
1 530
1 839
1 321
1 491
1 18
1 273
1 770
1 397
1 779
1 660
1 717
1 291
1 118
1 679
1 110
1 27
1 492
1 407
1 606
1 96
1 121
1 526
1 226
1 669
1 398
1 9
1 854
1 614
1 585
1 29
1 169
1 217
1 867
1 322
1 707
1 718
1 427
1 413
1 217
1 141
1 175
1 36
1 264
1 125
1 714
1 373
1 882
1 141
1 779
1 590
1 236
1 2
1 51
1 294
1 503
1 281
1 302
1 459
1 894
1 719
1 487
1 895
1 38
1 290
1 320
1 745
1 110
1 746
1 93
1 326
1 887
1 100
1 194
1 253
1 225
1 740
1 626
1 42
1 880
1 507
1 464
1 51
1 342
1 514
1 344
1 844
1 627
1 479
1 239
1 624
1 300
1 725
1 621
1 338
1 117
1 773
1 18
1 59
1 622
1 840
1 217
1 611
1 42
1 410
1 863
1 99
1 85
1 424
1 140
1 67
1 764
1 603
1 847
1 208
1 52
1 294
1 884
1 679
1 605
1 225
1 238
1 737
1 783
1 858
1 177
1 732
1 567
1 27
1 791
1 291
1 866
1 110
1 4
1 741
1 353
1 699
1 839
1 437
1 59
1 82
1 337
1 822
