905 994
1 260
1 514
1 419
1 838
1 378
1 678
1 346
1 540
1 167
1 177
1 164
1 466
1 845
1 199
1 153
1 222
1 207
1 464
1 754
1 329
1 346
1 562
1 226
1 39
1 817
1 202
1 567
1 691
1 842
1 30
1 196
1 189
1 543
1 606
1 123
1 16
1 371
1 460
1 547
1 537
1 628
1 710
1 98
1 561
1 900
1 250
1 782
1 202
1 706
1 623
1 523
1 139
1 273
1 748
1 177
1 185
1 45
1 736
1 867
1 878
1 765
1 150
1 162
1 403
1 748
1 276
1 410
1 214
1 727
1 44
1 751
1 451
1 753
1 840
1 107
1 740
1 186
1 880
1 30
1 883
1 591
1 552
1 117
1 863
1 395
1 294
1 135
1 431
1 117
1 97
1 404
1 881
1 238
1 557
1 371
1 81
1 833
1 780
1 295
1 655
1 823
1 141
1 193
1 663
1 76
1 291
1 490
1 253
1 267
1 519
1 231
1 849
1 166
1 340
1 807
1 552
1 625
1 29
1 78
1 741
1 117
1 473
1 717
1 354
1 126
1 183
1 435
1 46
1 50
1 729
1 692
1 864
1 861
1 885
1 614
1 24
1 271
1 191
1 269
1 529
1 710
1 491
1 473
1 867
1 830
1 367
1 515
1 550
1 395
1 584
1 386
1 511
1 153
1 190
1 865
1 270
1 364
1 387
1 315
1 413
1 211
1 94
1 364
1 159
1 74
1 65
1 182
1 337
1 256
1 450
1 857
1 53
1 37
1 426
1 15
1 858
1 792
1 521
1 504
1 275
1 201
1 889
1 777
1 345
1 175
1 737
1 606
1 538
1 211
1 16
1 39
1 421
1 101
1 394
1 579
1 175
1 451
1 753
1 503
1 706
1 290
1 455
1 750
1 326
1 872
1 756
1 280
1 752
1 373
1 775
1 122
1 565
1 751
1 898
1 901
1 13
1 723
1 602
1 551
1 29
1 609
1 581
1 442
1 709
1 62
1 108
1 875
1 512
1 860
1 465
1 305
1 246
1 16
1 142
1 563
1 879
1 898
1 834
1 726
1 358
1 704
1 847
1 10
1 551
1 833
1 6
1 563
1 651
1 599
1 201
1 679
1 303
1 773
1 216
1 107
1 835
1 316
1 70
1 434
1 271
1 534
1 731
1 508
1 541
1 872
1 167
1 516
1 865
1 88
1 337
1 318
1 792
1 272
1 327
1 430
1 200
1 324
1 88
1 850
1 18
1 281
1 616
1 320
1 149
1 824
1 419
1 71
1 235
1 488
1 505
1 497
1 109
1 331
1 101
1 650
1 290
1 259
1 261
1 251
1 346
1 597
1 560
1 225
1 868
1 879
1 654
1 155
1 298
1 742
1 100
1 308
1 110
1 708
1 619
1 258
1 627
1 125
1 321
1 853
1 604
1 825
1 445
1 713
1 243
1 537
1 458
1 532
1 787
1 718
1 774
1 229
1 402
1 430
1 445
1 358
1 396
1 195
1 512
1 693
1 24
1 604
1 88
1 133
1 399
1 707
1 382
1 113
1 831
1 702
1 61
1 531
1 614
1 497
1 339
1 848
1 122
1 788
1 476
1 4
1 593
1 337
1 224
1 90
1 758
1 669
1 439
1 249
1 863
1 39
1 30
1 878
1 634
1 117
1 106
1 128
1 815
1 479
1 240
1 742
1 277
1 292
1 360
1 890
1 780
1 690
1 834
1 901
1 573
1 397
1 1
1 261
1 725
1 224
1 342
1 579
1 884
1 781
1 819
1 842
1 819
1 848
1 807
1 548
1 53
1 904
1 675
1 867
1 479
1 2
1 696
1 755
1 285
1 151
1 732
1 160
1 840
1 653
1 157
1 508
1 137
1 157
1 760
1 862
1 372
1 198
1 528
1 352
1 74
1 442
1 281
1 892
1 378
1 184
1 527
1 430
1 175
1 289
1 392
1 653
1 282
1 176
1 495
1 566
1 326
1 315
1 725
1 254
1 63
1 881
1 761
1 200
1 125
1 609
1 149
1 489
1 806
1 676
1 840
1 879
1 213
1 208
1 858
1 590
1 383
1 472
1 115
1 558
1 760
1 499
1 298
1 137
1 674
1 793
1 702
1 87
1 203
1 514
1 340
1 257
1 491
1 189
1 456
1 607
1 797
1 604
1 191
1 698
1 367
1 118
1 664
1 580
1 318
1 609
1 265
1 700
1 176
1 372
1 345
1 23
1 862
1 635
1 159
1 623
1 523
1 852
1 709
1 717
1 453
1 137
1 69
1 39
1 325
1 517
1 638
1 209
1 208
1 828
1 2
1 575
1 34
1 657
1 242
1 351
1 361
1 498
1 138
1 536
1 869
1 475
1 558
1 818
1 205
1 708
1 536
1 719
1 647
1 333
1 531
1 195
1 469
1 591
1 226
1 793
1 195
1 863
1 97
1 395
1 778
1 90
1 57
1 811
1 746
1 298
1 249
1 194
1 795
1 387
1 729
1 752
1 861
1 374
1 665
1 153
1 177
1 289
1 871
1 823
1 621
1 489
1 113
1 185
1 167
1 330
1 65
1 354
1 288
1 153
1 748
1 162
1 234
1 796
1 68
1 67
1 189
1 317
1 260
1 79
1 695
1 84
1 822
1 643
1 457
1 583
1 795
1 625
1 863
1 753
1 535
1 579
1 329
1 639
1 755
1 495
1 65
1 811
1 840
1 352
1 59
1 683
1 513
1 284
1 566
1 573
1 350
1 754
1 881
1 609
1 825
1 663
1 692
1 742
1 401
1 236
1 412
1 283
1 852
1 370
1 131
1 482
1 36
1 451
1 216
1 790
1 41
1 280
1 696
1 881
1 632
1 746
1 651
1 232
1 125
1 313
1 796
1 474
1 154
1 764
1 178
1 66
1 522
1 861
1 808
1 10
1 184
1 307
1 292
1 131
1 669
1 414
1 604
1 696
1 864
1 820
1 582
1 897
1 195
1 365
1 865
1 818
1 199
1 603
1 138
1 323
1 3
1 29
1 789
1 157
1 793
1 54
1 214
1 402
1 3
1 117
1 412
1 186
1 416
1 695
1 309
1 172
1 205
1 8
1 867
1 156
1 819
1 536
1 140
1 110
1 901
1 100
1 15
1 195
1 695
1 152
1 509
1 697
1 173
1 393
1 845
1 53
1 447
1 155
1 454
1 449
1 263
1 865
1 626
1 670
1 648
1 22
1 841
1 852
1 22
1 804
1 95
1 840
1 435
1 235
1 37
1 423
1 326
1 52
1 609
1 116
1 203
1 214
1 813
1 375
1 606
1 745
1 427
1 140
1 899
1 873
1 580
1 258
1 825
1 294
1 23
1 568
1 315
1 856
1 507
1 328
1 755
1 602
1 264
1 277
1 828
1 300
1 692
1 249
1 343
1 396
1 357
1 546
1 609
1 265
1 8
1 303
1 97
1 427
1 434
1 92
1 387
1 110
1 341
1 307
1 403
1 355
1 875
1 709
1 306
1 477
1 133
1 148
1 166
1 388
1 417
1 89
1 687
1 204
1 330
1 118
1 599
1 686
1 663
1 296
1 38
1 662
1 598
1 134
1 176
1 127
1 217
1 562
1 228
1 557
1 869
1 630
1 8
1 831
1 427
1 305
1 395
1 559
1 445
1 561
1 42
1 861
1 641
1 720
1 160
1 58
1 837
1 758
1 743
1 587
1 141
1 772
1 337
1 738
1 2
1 512
1 857
1 218
1 162
1 180
1 767
1 118
1 802
1 766
1 36
1 324
1 166
1 430
1 882
1 610
1 78
1 11
1 566
1 711
1 730
1 717
1 768
1 655
1 563
1 599
1 337
1 703
1 466
1 673
1 529
1 459
1 273
1 473
1 669
1 426
1 652
1 531
1 543
1 541
1 392
1 578
1 864
1 549
1 103
1 833
1 247
1 173
1 835
1 812
1 883
1 653
1 617
1 738
1 403
1 275
1 432
1 739
1 65
1 890
1 500
1 593
1 444
1 764
1 161
1 200
1 285
1 805
1 730
1 827
1 441
1 217
1 492
1 393
1 758
1 586
1 313
1 100
1 758
1 244
1 903
1 728
1 896
1 615
1 554
1 394
1 889
1 81
1 220
1 42
1 58
1 711
1 634
1 494
1 570
1 795
1 693
1 854
1 687
1 519
1 768
1 223
1 727
1 355
1 607
1 580
1 37
1 16
1 679
1 786
1 259
1 678
1 602
1 242
1 380
1 251
1 635
1 357
1 323
1 846
1 398
1 381
1 653
1 127
1 866
1 318
1 9
1 654
1 260
1 687
1 260
1 123
1 6
1 75
1 470
1 604
1 654
1 506
1 619
1 421
1 379
1 869
1 186
1 76
1 206
1 565
1 326
1 832
1 9
1 641
1 774
1 406
1 117
1 522
1 525
1 78
1 831
1 525
1 723
1 186
1 308
1 79
1 309
