897 9
166 1 6 1 15 4 10 7 3 6 3 1 2 4 11 1 21 2 5 1 9 4 7 7 7 1 2 12 1 2 1 1 3 6 7 3 2 2 14 5 1 9 10 1 5 11 1 2 6 5 8 2 5 3 2 2 10 2 4 4 29 8 2 4 3 4 3 1 5 1 7 5 1 4 4 9 3 1 10 3 6 26 6 2 1 3 1 1 4 4 1 5 7 3 9 1 6 3 6 1 1 9 16 30 3 1 1 3 15 2 5 6 5 27 5 1 11 3 4 2 2 6 9 1 4 3 6 1 1 7 8 15 3 11 5 3 1 9 1 7 2 1 6 12 7 4 2 13 4 5 8 3 3 2 1 1 7 8 1 3 16 1 7 1 5 10 5
69 2 1 19 4 2 24 24 13 22 17 14 24 12 1 3 4 7 39 24 21 8 6 15 3 1 8 3 29 34 17 1 3 15 1 53 3 19 2 29 16 3 1 23 17 15 26 17 1 2 7 15 9 2 5 12 6 1 18 28 7 17 8 4 9 40 9 19 14 2
112 1 10 2 4 8 6 6 2 3 1 1 3 3 2 5 2 1 2 2 24 6 10 1 6 12 8 6 15 2 17 3 1 3 10 14 27 17 14 21 3 4 26 1 2 9 16 13 3 5 1 2 1 14 10 2 5 4 5 1 3 2 3 8 8 2 3 7 2 9 7 23 2 10 14 30 9 10 5 5 15 2 12 8 22 17 7 1 2 4 10 7 1 17 2 2 19 4 6 3 4 1 11 25 13 9 4 31 16 3 7 29 12
39 2 42 21 25 8 109 2 12 51 2 10 14 75 67 5 22 37 1 14 2 34 6 6 6 14 1 24 95 24 25 1 11 14 26 29 7 9 8 22
25 52 41 29 31 28 81 59 42 7 54 22 17 35 24 72 27 30 5 15 99 31 6 34 47 2
85 10 2 1 11 6 6 6 11 12 2 2 10 22 31 10 8 18 21 2 26 2 4 8 1 8 6 38 13 5 6 19 4 28 10 9 12 3 24 1 3 4 9 23 1 6 6 3 1 1 2 8 17 4 3 9 19 31 4 1 13 27 2 10 5 4 7 6 1 3 11 3 3 22 36 1 28 14 21 5 4 30 3 2 16 4
4 300 40 59 134
112 11 5 1 1 57 1 10 1 6 1 3 1 6 11 14 54 15 6 1 12 4 1 2 1 4 2 16 9 3 6 8 2 20 5 3 29 2 2 5 6 24 2 2 2 9 1 2 5 6 8 10 4 11 13 12 1 6 6 5 1 6 8 11 17 14 1 1 8 3 6 14 4 3 6 1 1 13 12 7 2 5 2 4 17 15 7 4 13 15 42 28 6 16 4 3 3 12 3 16 14 6 3 7 2 1 5 9 4 3 1 8 2
186 1 1 7 1 1 14 11 8 1 12 5 1 3 1 18 2 8 1 1 2 3 4 1 12 18 4 2 8 7 3 12 4 9 6 6 6 2 2 9 17 2 11 3 7 1 2 3 4 21 1 5 5 3 4 2 1 3 11 3 2 8 1 10 4 2 17 1 7 4 1 3 1 1 13 2 2 2 1 3 1 12 8 3 11 7 2 6 3 1 1 19 5 7 8 1 4 3 10 5 6 2 1 9 1 14 12 5 1 3 13 1 3 5 3 1 1 1 2 10 1 1 6 1 2 5 5 4 8 6 2 5 3 2 2 5 2 6 2 6 1 2 1 1 3 5 9 4 4 2 1 2 1 2 1 1 3 4 5 5 1 16 6 2 6 10 1 3 3 4 4 9 3 4 11 1 13 3 6 1 2 2 3 5 10 4 1
