1000
1 894
2 894
3 894
4 894
5 894
6 894
7 894
8 894
9 3
10 894
11 894
12 894
13 894
14 894
15 894
16 894
17 894
18 13
19 894
20 16
21 894
22 4
23 894
24 894
25 894
26 894
27 894
28 894
29 894
30 894
31 894
32 894
33 894
34 894
35 894
36 22
37 894
38 894
39 894
40 894
41 894
42 28
43 894
44 894
45 894
46 894
47 894
48 894
49 26
50 894
51 894
52 894
53 894
54 894
55 52
56 894
57 894
58 894
59 11
60 894
61 894
62 894
63 894
64 1
65 63
66 21
67 19
68 40
69 894
70 894
71 61
72 894
73 894
74 56
75 894
76 894
77 894
78 894
79 894
80 894
81 48
82 12
83 894
84 31
85 27
86 894
87 894
88 62
89 894
90 894
91 894
92 69
93 894
94 894
95 20
96 894
97 894
98 5
99 894
100 51
101 87
102 17
103 59
104 894
105 894
106 894
107 894
108 894
109 894
110 894
111 15
112 98
113 71
114 894
115 10
116 894
117 105
118 36
119 894
120 894
121 94
122 894
123 34
124 86
125 122
126 894
127 97
128 894
129 78
130 894
131 894
132 894
133 41
134 894
135 77
136 73
137 132
138 79
139 894
140 119
141 894
142 118
143 894
144 894
145 894
146 58
147 101
148 894
149 99
150 8
151 150
152 92
153 85
154 103
155 894
156 894
157 894
158 95
159 149
160 75
161 91
162 894
163 894
164 894
165 50
166 72
167 143
168 894
169 894
170 130
171 894
172 35
173 894
174 125
175 104
176 894
177 126
178 18
179 163
180 894
181 894
182 151
183 47
184 117
185 109
186 74
187 894
188 187
189 169
190 159
191 894
192 42
193 894
194 30
195 142
196 124
197 894
198 89
199 894
200 90
201 81
202 23
203 184
204 2
205 167
206 894
207 203
208 156
209 894
210 894
211 37
212 171
213 894
214 120
215 894
216 44
217 894
218 166
219 180
220 148
221 894
222 189
223 129
224 220
225 154
226 219
227 225
228 212
229 178
230 121
231 57
232 67
233 7
234 209
235 894
236 188
237 894
238 215
239 195
240 128
241 894
242 221
243 241
244 123
245 60
246 49
247 185
248 65
249 139
250 247
251 38
252 186
253 46
254 894
255 141
256 224
257 894
258 147
259 244
260 84
261 66
262 155
263 894
264 183
265 211
266 112
267 191
268 9
269 894
270 160
271 259
272 894
273 14
274 134
275 235
276 133
277 240
278 894
279 197
280 213
281 894
282 894
283 229
284 265
285 39
286 217
287 264
288 138
289 96
290 894
291 284
292 231
293 272
294 273
295 261
296 182
297 201
298 54
299 297
300 83
301 243
302 226
303 257
304 45
305 111
306 6
307 164
308 894
309 68
310 137
311 144
312 53
313 283
314 232
315 102
316 242
317 216
318 255
319 170
320 206
321 175
322 253
323 894
324 291
325 233
326 207
327 277
328 281
329 310
330 300
331 287
332 331
333 131
334 260
335 309
336 172
337 304
338 271
339 162
340 337
341 279
342 894
343 55
344 329
345 254
346 320
347 136
348 252
349 305
350 258
351 345
352 32
353 113
354 894
355 196
356 894
357 303
358 327
359 43
360 318
361 338
362 249
363 894
364 107
365 342
366 108
367 199
368 333
369 250
370 218
371 282
372 145
373 114
374 362
375 70
376 301
377 372
378 116
379 370
380 262
381 168
382 364
383 192
384 286
385 341
386 238
387 210
388 158
389 174
390 302
391 316
392 198
393 388
394 263
395 82
396 200
397 326
398 278
399 366
400 323
401 334
402 894
403 299
404 308
405 223
406 894
407 399
408 193
409 353
410 294
411 344
412 248
413 400
414 293
415 256
416 402
417 205
418 33
419 298
420 894
421 398
422 396
423 181
424 384
425 378
426 425
427 276
428 230
429 358
430 394
431 368
432 424
433 377
434 322
435 332
436 140
437 894
438 270
439 375
440 421
441 397
442 419
443 357
444 280
445 307
446 330
447 110
448 80
449 383
450 239
451 295
452 153
453 442
454 393
455 237
456 411
457 395
458 324
459 135
460 380
461 356
462 408
463 416
464 413
465 391
466 423
467 382
468 392
469 361
470 447
471 455
472 319
473 453
474 314
475 176
476 289
477 466
478 190
479 268
480 404
481 369
482 365
483 296
484 93
485 106
486 894
487 100
488 473
489 452
490 347
491 349
492 288
493 468
494 469
495 381
496 428
497 410
498 214
499 439
500 456
501 157
502 484
503 173
504 470
505 448
506 266
507 292
508 275
509 414
510 373
511 204
512 478
513 498
514 352
515 485
516 500
517 459
518 376
519 475
520 403
521 355
522 506
523 325
524 409
525 507
526 24
527 461
528 492
529 336
530 269
531 311
532 374
533 514
534 528
535 177
536 531
537 343
538 511
539 503
540 480
541 367
542 432
543 450
544 486
545 462
546 533
547 315
548 520
549 251
550 446
551 88
552 515
553 458
554 532
555 335
556 540
557 179
558 508
559 379
560 115
561 549
562 894
563 25
564 417
565 501
566 467
567 493
568 516
569 363
570 564
571 435
572 541
573 563
574 194
575 227
576 127
577 437
578 405
579 535
580 576
581 407
582 359
583 487
584 577
585 479
586 567
587 472
588 545
589 529
590 574
591 429
592 386
593 559
594 590
595 313
596 571
597 360
598 489
599 418
600 596
601 488
602 554
603 537
604 556
605 471
606 526
607 430
608 552
609 530
610 497
611 340
612 454
613 165
614 610
615 570
616 510
617 587
618 401
619 427
620 267
621 568
622 611
623 161
624 222
625 624
626 228
627 482
628 350
629 522
630 274
631 600
632 583
633 146
634 317
635 621
636 534
637 609
638 579
639 436
640 605
641 415
642 519
643 536
644 638
645 441
646 614
647 285
648 580
649 445
650 477
651 617
652 538
653 483
654 616
655 551
656 651
657 440
658 547
659 593
660 476
661 328
662 202
663 389
664 612
665 527
666 431
667 542
668 664
669 76
670 582
671 636
672 245
673 586
674 669
675 412
676 620
677 592
678 513
679 354
680 635
681 565
682 672
683 674
684 618
685 457
686 234
687 684
688 578
689 641
690 670
691 625
692 306
693 339
694 495
695 663
696 642
697 499
698 509
699 691
700 465
701 632
702 550
703 681
704 677
705 560
706 438
707 518
708 597
709 449
710 699
711 558
712 463
713 443
714 491
715 406
716 562
717 290
718 553
719 607
720 581
721 627
722 557
723 697
724 387
725 474
726 385
727 707
728 630
729 603
730 725
731 208
732 634
733 433
734 573
735 723
736 422
737 711
738 696
739 494
740 629
741 671
742 734
743 716
744 64
745 737
746 715
747 652
748 524
749 575
750 236
751 673
752 687
753 512
754 639
755 649
756 693
757 668
758 689
759 654
760 661
761 709
762 523
763 657
764 646
765 729
766 434
767 505
768 685
769 894
770 517
771 660
772 659
773 390
774 645
775 312
776 761
777 731
778 757
779 740
780 561
781 544
782 778
783 694
784 589
785 543
786 606
787 346
788 481
789 751
790 743
791 615
792 637
793 739
794 678
795 710
796 348
797 594
798 775
799 726
800 29
801 755
802 744
803 765
804 773
805 759
806 572
807 588
808 753
809 791
810 762
811 768
812 662
813 682
814 713
815 152
816 894
817 426
818 782
819 808
820 774
821 585
822 704
823 566
824 490
825 812
826 584
827 771
828 803
829 800
830 798
831 783
832 647
833 767
834 806
835 420
836 698
837 809
838 719
839 825
840 793
841 814
842 602
843 840
844 721
845 792
846 626
847 769
848 770
849 451
850 820
851 599
852 738
853 464
854 622
855 827
856 830
857 841
858 708
859 758
860 695
861 848
862 504
863 712
864 831
865 733
866 857
867 822
868 766
869 796
870 667
871 777
872 521
873 539
874 724
875 764
876 868
877 680
878 702
879 844
880 692
881 813
882 864
883 628
884 787
885 873
886 860
887 246
888 834
889 835
890 887
891 728
892 720
893 730
895 569
896 889
897 833
898 321
899 819
900 854
901 700
902 732
903 371
904 655
905 675
906 714
907 815
908 804
909 900
910 747
911 763
912 604
913 784
914 870
915 548
916 650
917 897
918 742
919 859
920 502
921 666
922 875
923 890
924 794
925 703
926 525
927 555
928 858
929 895
930 849
931 851
932 444
933 818
934 785
935 855
936 885
937 656
938 932
939 892
940 884
941 722
942 940
943 939
944 927
945 903
946 496
947 853
948 850
949 688
950 837
951 701
952 930
953 619
954 948
955 908
956 631
957 869
958 623
959 690
960 891
961 915
962 881
963 741
964 866
965 749
966 807
967 861
968 901
969 909
970 936
971 351
972 882
973 926
974 781
975 648
976 968
977 776
978 705
979 923
980 718
981 951
982 952
983 706
984 921
985 904
986 801
987 846
988 643
989 633
990 877
991 772
992 746
993 911
994 836
995 879
996 925
997 893
998 727
999 888
1000 992
