4000
1 2643
2 2643
3 2643
4 2643
5 2643
6 2643
7 2643
8 2643
9 2643
10 2643
11 2643
12 2643
13 2643
14 2643
15 2643
16 2643
17 2643
18 2643
19 2643
20 2643
21 2643
22 2643
23 2643
24 2643
25 2643
26 2643
27 2643
28 2643
29 2643
30 2643
31 2643
32 2643
33 2643
34 2643
35 2643
36 2643
37 2643
38 2643
39 2643
40 2643
41 2643
42 2643
43 2643
44 2643
45 2643
46 2643
47 2643
48 2643
49 2643
50 2643
51 2643
52 2643
53 2643
54 2643
55 2643
56 2643
57 2643
58 2643
59 2643
60 2643
61 2643
62 2643
63 2643
64 2643
65 2643
66 2643
67 2643
68 2643
69 2643
70 2643
71 2643
72 2643
73 2643
74 2643
75 2643
76 2643
77 2643
78 2643
79 25
80 2643
81 2643
82 2643
83 2643
84 2643
85 2643
86 2643
87 2643
88 2643
89 2643
90 2643
91 2643
92 2643
93 2643
94 2643
95 2643
96 2643
97 2643
98 2643
99 2643
100 2643
101 2643
102 2643
103 2643
104 2643
105 2643
106 2643
107 2643
108 2643
109 2643
110 2
111 2643
112 2643
113 2643
114 2643
115 2643
116 2643
117 2643
118 2643
119 2643
120 2643
121 2643
122 2643
123 2643
124 2643
125 2643
126 2643
127 2643
128 2643
129 2643
130 2643
131 2643
132 2643
133 2643
134 2643
135 2643
136 2643
137 2643
138 2643
139 2643
140 83
141 2643
142 2643
143 2643
144 2643
145 2643
146 2643
147 2643
148 2643
149 2643
150 2643
151 2643
152 2643
153 2643
154 2643
155 2643
156 2643
157 2643
158 2643
159 2643
160 2643
161 2643
162 141
163 2643
164 2643
165 63
166 104
167 2643
168 2643
169 2643
170 131
171 2643
172 168
173 2643
174 2643
175 2643
176 2643
177 2643
178 2643
179 2643
180 2643
181 2643
182 2643
183 2643
184 2643
185 2643
186 2643
187 2643
188 2643
189 2643
190 2643
191 2643
192 2643
193 2643
194 2643
195 2643
196 2643
197 2643
198 2643
199 2643
200 36
201 2643
202 2643
203 2643
204 2643
205 194
206 2643
207 2643
208 2643
209 2643
210 2643
211 2643
212 2643
213 27
214 2643
215 2643
216 2643
217 2643
218 2643
219 2643
220 2643
221 2643
222 2643
223 2643
224 2643
225 2643
226 2643
227 2643
228 2643
229 2643
230 206
231 2643
232 2643
233 2643
234 2643
235 2643
236 2643
237 2643
238 2643
239 2643
240 91
241 2643
242 2643
243 2643
244 2643
245 2643
246 2643
247 2643
248 2643
249 2643
250 2643
251 2643
252 2643
253 2643
254 2643
255 2643
256 2643
257 2643
258 2643
259 2643
260 2643
261 2643
262 2643
263 2643
264 2643
265 2643
266 2643
267 2643
268 2643
269 2643
270 2643
271 109
272 2643
273 2643
274 187
275 2643
276 2643
277 2643
278 2643
279 2643
280 2643
281 2643
282 2643
283 2643
284 2643
285 79
286 2643
287 2643
288 2643
289 2643
290 2643
291 231
292 2643
293 32
294 2643
295 2643
296 2643
297 268
298 2643
299 2643
300 2643
301 2643
302 2643
303 2643
304 2643
305 2643
306 2643
307 2643
308 232
309 2643
310 2643
311 2643
312 2643
313 227
314 2643
315 2643
316 2643
317 2643
318 2643
319 2643
320 2643
321 2643
322 2643
323 2643
324 2643
325 2643
326 2643
327 2643
328 2643
329 2643
330 2643
331 175
332 2643
333 2643
334 2643
335 2643
336 2643
337 2643
338 2643
339 2643
340 2643
341 2643
342 2643
343 2643
344 174
345 2643
346 2643
347 2643
348 2643
349 2643
350 304
351 2643
352 2643
353 2643
354 2643
355 2643
356 343
357 322
358 2643
359 2643
360 2643
361 129
362 2643
363 2643
364 2643
365 2643
366 2643
367 154
368 351
369 2643
370 2643
371 2643
372 2643
373 2643
374 2643
375 2643
376 2643
377 282
378 2643
379 2643
380 344
381 2643
382 2643
383 2643
384 61
385 2643
386 2643
387 2643
388 2643
389 2643
390 2643
391 335
392 2643
393 126
394 2643
395 2643
396 2643
397 2643
398 2643
399 374
400 262
401 2643
402 86
403 2643
404 2643
405 2643
406 2643
407 2643
408 2643
409 2643
410 96
411 2643
412 2643
413 2643
414 2643
415 366
416 2643
417 2643
418 2643
419 2643
420 2643
421 2643
422 2643
423 2643
424 339
425 145
426 2643
427 2643
428 2643
429 2643
430 2643
431 2643
432 2643
433 2643
434 409
435 2643
436 2643
437 185
438 2643
439 2643
440 2643
441 2643
442 2643
443 2643
444 2643
445 2643
446 2643
447 2643
448 2643
449 2643
450 2643
451 291
452 2643
453 2643
454 2643
455 450
456 2643
457 312
458 2643
459 2643
460 2643
461 2643
462 2643
463 2643
464 2643
465 53
466 381
467 2643
468 2643
469 2643
470 2643
471 2643
472 2643
473 2643
474 2643
475 21
476 182
477 2643
478 2643
479 2643
480 2643
481 393
482 2643
483 2643
484 2643
485 2643
486 2643
487 2643
488 2643
489 2643
490 2643
491 285
492 2643
493 2643
494 2643
495 2643
496 2643
497 2643
498 2643
499 2643
500 2643
501 2643
502 2643
503 2643
504 2643
505 2643
506 2643
507 213
508 2643
509 2643
510 2643
511 2643
512 2643
513 284
514 2643
515 31
516 2643
517 2643
518 2643
519 239
520 2643
521 2643
522 2643
523 2643
524 2643
525 67
526 2643
527 2643
528 2643
529 323
530 2643
531 56
532 313
533 338
534 2643
535 2643
536 2643
537 2643
538 2643
539 2643
540 81
541 250
542 3
543 2643
544 151
545 2643
546 240
547 2643
548 2643
549 2643
550 2643
551 522
552 257
553 2643
554 2643
555 2643
556 2643
557 2643
558 2643
559 2643
560 2643
561 2643
562 116
563 540
564 2643
565 251
566 437
567 2643
568 2643
569 2643
570 2643
571 2643
572 2643
573 2643
574 2643
575 167
576 2643
577 241
578 510
579 327
580 16
581 2643
582 2643
583 2643
584 2643
585 2643
586 2643
587 2643
588 2643
589 383
590 2643
591 2643
592 2643
593 301
594 2643
595 2643
596 365
597 2643
598 2643
599 2643
600 179
601 2643
602 127
603 2643
604 455
605 2643
606 2643
607 2643
608 2643
609 2643
610 2643
611 2643
612 2643
613 2643
614 2643
615 2643
616 475
617 2643
618 263
619 2643
620 2643
621 2643
622 512
623 2643
624 2643
625 2643
626 259
627 2643
628 535
629 2643
630 2643
631 2643
632 2643
633 387
634 2643
635 2643
636 2643
637 2643
638 2643
639 2643
640 2643
641 2643
642 2643
643 2643
644 2643
645 2643
646 2643
647 2643
648 2643
649 2643
650 2643
651 2643
652 2643
653 2643
654 2643
655 2643
656 2643
657 2643
658 2643
659 645
660 2643
661 2643
662 237
663 2643
664 2643
665 2643
666 605
667 2643
668 638
669 2643
670 2643
671 2643
672 2643
673 2643
674 2643
675 2643
676 2643
677 2643
678 2643
679 2643
680 2643
681 2643
682 2643
683 2643
684 2643
685 2643
686 534
687 631
688 2643
689 357
690 2643
691 88
692 2643
693 2643
694 368
695 2643
696 2643
697 2643
698 516
699 2643
700 2643
701 2643
702 2643
703 557
704 2643
705 2643
706 2643
707 2643
708 2643
709 2643
710 2643
711 2643
712 2643
713 397
714 2643
715 2643
716 2643
717 2643
718 2643
719 2643
720 2643
721 2643
722 2643
723 2643
724 721
725 2643
726 2643
727 2643
728 2643
729 2643
730 2643
731 2643
732 2643
733 2643
734 2643
735 2643
736 2643
737 2643
738 2643
739 2643
740 2643
741 2643
742 112
743 2643
744 160
745 2643
746 2643
747 2643
748 2643
749 2643
750 302
751 2643
752 700
753 655
754 2643
755 159
756 2643
757 2643
758 2643
759 2643
760 80
761 2643
762 2643
763 2643
764 389
765 329
766 2643
767 2643
768 2643
769 375
770 513
771 2643
772 2643
773 2643
774 772
775 2643
776 2643
777 2643
778 2643
779 106
780 764
781 345
782 2643
783 504
784 359
785 2643
786 2643
787 2643
788 2643
789 2643
790 578
791 2643
792 2643
793 2643
794 292
795 2643
796 2643
797 260
798 2643
799 2643
800 2643
801 2643
802 2643
803 765
804 613
805 2643
806 2643
807 2643
808 2643
809 2643
810 2643
811 2643
812 2643
813 2643
814 2643
815 2643
816 2643
817 2643
818 2643
819 2643
820 2643
821 2643
822 2643
823 2643
824 2643
825 2643
826 2643
827 2643
828 2643
829 2643
830 821
831 2643
832 2643
833 2643
834 2643
835 2643
836 2643
837 2643
838 686
839 2643
840 2643
841 716
842 2643
843 570
844 2643
845 2643
846 2643
847 2643
848 2643
849 2643
850 310
851 2643
852 2643
853 618
854 2643
855 2643
856 2643
857 2643
858 2643
859 430
860 2643
861 2643
862 147
863 859
864 786
865 2643
866 226
867 2643
868 448
869 2643
870 479
871 289
872 2643
873 2643
874 2643
875 740
876 2643
877 2643
878 2643
879 2643
880 770
881 2643
882 2643
883 2643
884 2643
885 696
886 2643
887 2643
888 2643
889 433
890 420
891 297
892 2643
893 2643
894 2643
895 2643
896 2643
897 2643
898 704
899 2643
900 895
901 2643
902 542
903 2643
904 2643
905 2643
906 2643
907 2643
908 711
909 2643
910 2643
911 2643
912 2643
913 2643
914 2643
915 2643
916 695
917 2643
918 2643
919 2643
920 2643
921 2643
922 2643
923 2643
924 670
925 2643
926 722
927 2643
928 2643
929 2643
930 664
931 503
932 2643
933 191
934 792
935 2643
936 884
937 2643
938 2643
939 2643
940 2643
941 2643
942 2643
943 2643
944 2643
945 2643
946 919
947 2643
948 2643
949 2643
950 2643
951 432
952 2643
953 2643
954 2643
955 102
956 2643
957 472
958 2643
959 2643
960 2643
961 2643
962 2643
963 456
964 2643
965 2643
966 2643
967 2643
968 2643
969 2643
970 2643
971 2643
972 2643
973 816
974 2643
975 2643
976 2643
977 188
978 207
979 2643
980 2643
981 2643
982 2643
983 2643
984 916
985 2643
986 2643
987 2643
988 2643
989 2643
990 2643
991 2643
992 2643
993 612
994 2643
995 616
996 2643
997 2643
998 193
999 2643
1000 2643
1001 568
1002 100
1003 2643
1004 384
1005 342
1006 2643
1007 438
1008 921
1009 2643
1010 404
1011 2643
1012 788
1013 867
1014 2643
1015 166
1016 476
1017 2643
1018 729
1019 208
1020 2643
1021 2643
1022 564
1023 2643
1024 2643
1025 763
1026 2643
1027 2643
1028 2643
1029 2643
1030 800
1031 138
1032 567
1033 215
1034 5
1035 2643
1036 2643
1037 2643
1038 305
1039 2643
1040 2643
1041 2643
1042 2643
1043 2643
1044 2643
1045 2643
1046 272
1047 842
1048 2643
1049 2643
1050 2643
1051 2643
1052 2643
1053 825
1054 2643
1055 2643
1056 733
1057 2643
1058 2643
1059 965
1060 43
1061 2643
1062 2643
1063 2643
1064 776
1065 2643
1066 59
1067 2643
1068 2643
1069 2643
1070 107
1071 556
1072 2643
1073 2643
1074 581
1075 2643
1076 317
1077 2643
1078 2643
1079 2643
1080 1079
1081 741
1082 178
1083 2643
1084 2643
1085 2643
1086 2643
1087 2643
1088 2643
1089 2643
1090 904
1091 2643
1092 986
1093 2643
1094 2643
1095 2643
1096 2643
1097 461
1098 161
1099 2643
1100 2643
1101 2643
1102 2643
1103 706
1104 2643
1105 64
1106 2643
1107 2643
1108 2643
1109 507
1110 710
1111 804
1112 2643
1113 2643
1114 2643
1115 958
1116 2643
1117 2643
1118 953
1119 2643
1120 912
1121 2643
1122 2643
1123 33
1124 675
1125 2643
1126 2643
1127 2643
1128 2643
1129 26
1130 2643
1131 2643
1132 2643
1133 2643
1134 164
1135 1019
1136 2643
1137 2643
1138 2643
1139 2643
1140 2643
1141 478
1142 2643
1143 2643
1144 2643
1145 373
1146 2643
1147 2643
1148 2643
1149 2643
1150 2643
1151 2643
1152 173
1153 2643
1154 841
1155 136
1156 2643
1157 942
1158 2643
1159 646
1160 353
1161 2643
1162 967
1163 256
1164 1098
1165 2643
1166 1094
1167 2643
1168 779
1169 2643
1170 2643
1171 2643
1172 1171
1173 2643
1174 2643
1175 2643
1176 2643
1177 2643
1178 2643
1179 242
1180 2643
1181 2643
1182 2643
1183 526
1184 2643
1185 2643
1186 685
1187 2643
1188 228
1189 871
1190 2643
1191 520
1192 2643
1193 1176
1194 2643
1195 2643
1196 2643
1197 2643
1198 734
1199 2643
1200 2643
1201 2643
1202 2643
1203 2643
1204 2643
1205 2643
1206 2643
1207 2643
1208 1196
1209 2643
1210 2643
1211 2643
1212 2643
1213 2643
1214 2643
1215 2643
1216 143
1217 863
1218 408
1219 2643
1220 2643
1221 2643
1222 41
1223 247
1224 314
1225 529
1226 604
1227 1136
1228 2643
1229 553
1230 2643
1231 1227
1232 2643
1233 2643
1234 2643
1235 2643
1236 2643
1237 2643
1238 2643
1239 1197
1240 2643
1241 2643
1242 2643
1243 2643
1244 801
1245 1110
1246 2643
1247 2643
1248 2643
1249 220
1250 2643
1251 2643
1252 2643
1253 114
1254 2643
1255 1123
1256 340
1257 2643
1258 2643
1259 941
1260 2643
1261 2643
1262 139
1263 1038
1264 2643
1265 621
1266 2643
1267 630
1268 2643
1269 1119
1270 975
1271 931
1272 2643
1273 2643
1274 558
1275 156
1276 938
1277 2643
1278 2643
1279 2643
1280 2643
1281 2643
1282 2643
1283 1047
1284 222
1285 854
1286 2643
1287 1112
1288 735
1289 2643
1290 547
1291 176
1292 2643
1293 440
1294 803
1295 2643
1296 1147
1297 2643
1298 2643
1299 209
1300 560
1301 2643
1302 2643
1303 1018
1304 2643
1305 24
1306 2643
1307 2643
1308 2643
1309 2643
1310 2643
1311 2643
1312 2643
1313 1291
1314 2643
1315 628
1316 1133
1317 539
1318 2643
1319 1181
1320 354
1321 2643
1322 900
1323 2643
1324 806
1325 85
1326 2643
1327 2643
1328 2643
1329 2643
1330 1070
1331 2643
1332 2643
1333 2643
1334 2643
1335 153
1336 2643
1337 590
1338 82
1339 2643
1340 73
1341 74
1342 2643
1343 596
1344 2643
1345 2643
1346 2643
1347 2643
1348 2643
1349 2643
1350 758
1351 2643
1352 2643
1353 2643
1354 2643
1355 13
1356 2643
1357 416
1358 1351
1359 8
1360 2643
1361 2643
1362 2643
1363 2643
1364 2643
1365 2643
1366 2643
1367 717
1368 2643
1369 1268
1370 1121
1371 2643
1372 2643
1373 346
1374 2643
1375 2643
1376 447
1377 2643
1378 2643
1379 2643
1380 701
1381 2643
1382 1261
1383 386
1384 755
1385 2643
1386 2643
1387 2643
1388 1163
1389 594
1390 2643
1391 2643
1392 115
1393 615
1394 2643
1395 521
1396 2643
1397 1168
1398 2643
1399 2643
1400 2643
1401 927
1402 652
1403 2643
1404 1230
1405 270
1406 2643
1407 1346
1408 2643
1409 477
1410 2643
1411 2643
1412 2643
1413 2643
1414 2643
1415 1205
1416 1253
1417 2643
1418 2643
1419 727
1420 34
1421 1343
1422 1214
1423 2643
1424 2643
1425 2643
1426 822
1427 573
1428 2643
1429 2643
1430 2643
1431 1135
1432 1040
1433 2643
1434 1249
1435 614
1436 2643
1437 2643
1438 2643
1439 791
1440 2643
1441 496
1442 2643
1443 1074
1444 2643
1445 1106
1446 221
1447 1406
1448 2643
1449 2643
1450 2643
1451 1084
1452 2643
1453 545
1454 2643
1455 2643
1456 1323
1457 470
1458 2643
1459 2643
1460 2643
1461 2643
1462 2643
1463 2643
1464 134
1465 2643
1466 2643
1467 2643
1468 427
1469 2643
1470 401
1471 2643
1472 2643
1473 2643
1474 1143
1475 2643
1476 425
1477 2643
1478 2643
1479 2643
1480 2643
1481 1022
1482 2643
1483 2643
1484 2643
1485 999
1486 331
1487 996
1488 698
1489 2643
1490 2643
1491 2643
1492 2643
1493 2643
1494 2643
1495 2643
1496 2643
1497 2643
1498 2643
1499 1328
1500 882
1501 2643
1502 2643
1503 1242
1504 2643
1505 2643
1506 2643
1507 902
1508 1465
1509 2643
1510 2643
1511 935
1512 2643
1513 877
1514 19
1515 2643
1516 480
1517 2643
1518 2643
1519 2643
1520 2643
1521 2643
1522 1478
1523 2643
1524 2643
1525 2643
1526 2643
1527 2643
1528 881
1529 2643
1530 608
1531 2643
1532 985
1533 2643
1534 1507
1535 2643
1536 2643
1537 2643
1538 676
1539 1475
1540 405
1541 960
1542 2643
1543 2643
1544 1448
1545 2643
1546 1160
1547 2643
1548 2643
1549 2643
1550 1516
1551 2643
1552 2643
1553 2643
1554 2643
1555 1263
1556 1313
1557 2643
1558 2643
1559 940
1560 2643
1561 643
1562 466
1563 2643
1564 2643
1565 1396
1566 469
1567 2643
1568 1436
1569 2643
1570 2643
1571 2643
1572 819
1573 2643
1574 2643
1575 885
1576 2643
1577 2643
1578 290
1579 973
1580 2643
1581 2643
1582 2643
1583 2643
1584 341
1585 2643
1586 1126
1587 23
1588 2643
1589 2643
1590 2643
1591 2643
1592 2643
1593 2643
1594 719
1595 2643
1596 2643
1597 2643
1598 2643
1599 1405
1600 2643
1601 1099
1602 135
1603 2643
1604 924
1605 219
1606 2643
1607 694
1608 2643
1609 2643
1610 2643
1611 2643
1612 2643
1613 1595
1614 2643
1615 2643
1616 2643
1617 2643
1618 2643
1619 2643
1620 672
1621 2643
1622 1588
1623 2643
1624 348
1625 2643
1626 1547
1627 2643
1628 2643
1629 892
1630 493
1631 1024
1632 1154
1633 1560
1634 1134
1635 2643
1636 1042
1637 157
1638 606
1639 295
1640 2643
1641 682
1642 2643
1643 2643
1644 2643
1645 2643
1646 1238
1647 683
1648 180
1649 744
1650 1275
1651 1183
1652 1335
1653 746
1654 2643
1655 2643
1656 2643
1657 2643
1658 2643
1659 1627
1660 2643
1661 1273
1662 862
1663 1660
1664 2643
1665 2643
1666 2643
1667 2643
1668 2643
1669 2643
1670 1144
1671 1008
1672 2643
1673 2643
1674 2643
1675 2643
1676 2643
1677 2643
1678 1216
1679 2643
1680 1485
1681 2643
1682 1404
1683 2643
1684 508
1685 2643
1686 509
1687 2643
1688 2643
1689 468
1690 934
1691 2643
1692 2643
1693 939
1694 2643
1695 2643
1696 2643
1697 702
1698 2643
1699 1677
1700 890
1701 805
1702 2643
1703 1647
1704 760
1705 2643
1706 1380
1707 2643
1708 2643
1709 2643
1710 1585
1711 2643
1712 2643
1713 418
1714 2643
1715 2643
1716 1211
1717 2643
1718 2643
1719 1453
1720 2643
1721 680
1722 582
1723 2643
1724 2643
1725 1650
1726 2643
1727 713
1728 738
1729 367
1730 1576
1731 689
1732 2643
1733 2643
1734 1350
1735 1591
1736 572
1737 2643
1738 1276
1739 998
1740 2643
1741 2643
1742 2643
1743 1030
1744 2643
1745 1293
1746 276
1747 2643
1748 2643
1749 2643
1750 2643
1751 2643
1752 1102
1753 2643
1754 2643
1755 2643
1756 1213
1757 2643
1758 2643
1759 2643
1760 1625
1761 783
1762 458
1763 2643
1764 2643
1765 2643
1766 1232
1767 525
1768 813
1769 2643
1770 2643
1771 797
1772 2643
1773 771
1774 2643
1775 2643
1776 2643
1777 113
1778 2643
1779 2643
1780 2643
1781 2643
1782 2643
1783 2643
1784 1288
1785 2643
1786 2643
1787 372
1788 382
1789 2643
1790 1654
1791 2643
1792 899
1793 2643
1794 1114
1795 2643
1796 1284
1797 2643
1798 1438
1799 2643
1800 38
1801 254
1802 1737
1803 1607
1804 1790
1805 2643
1806 111
1807 2643
1808 2643
1809 2643
1810 1316
1811 2643
1812 2643
1813 2643
1814 2643
1815 2643
1816 1266
1817 18
1818 2643
1819 1416
1820 1811
1821 2643
1822 2643
1823 2643
1824 2643
1825 2643
1826 1188
1827 1314
1828 1642
1829 258
1830 2643
1831 1169
1832 1512
1833 445
1834 2643
1835 2643
1836 2643
1837 784
1838 1139
1839 2643
1840 2643
1841 352
1842 306
1843 2643
1844 1180
1845 1721
1846 2643
1847 1764
1848 2643
1849 2643
1850 2643
1851 499
1852 1538
1853 40
1854 300
1855 2643
1856 2643
1857 2643
1858 833
1859 769
1860 2643
1861 2643
1862 2643
1863 2643
1864 2643
1865 2643
1866 2643
1867 308
1868 789
1869 2643
1870 1675
1871 2643
1872 2643
1873 1566
1874 974
1875 2643
1876 2643
1877 1225
1878 2643
1879 2643
1880 7
1881 108
1882 1241
1883 449
1884 2643
1885 2643
1886 334
1887 1555
1888 1418
1889 2643
1890 2643
1891 2643
1892 1182
1893 2643
1894 1452
1895 1252
1896 1708
1897 1173
1898 922
1899 2643
1900 2643
1901 2643
1902 1116
1903 2643
1904 1088
1905 1290
1906 971
1907 2643
1908 2643
1909 2643
1910 1906
1911 2643
1912 1061
1913 2643
1914 2643
1915 2643
1916 2643
1917 1517
1918 2643
1919 1501
1920 2643
1921 2643
1922 2643
1923 1666
1924 2643
1925 2643
1926 602
1927 2643
1928 2643
1929 948
1930 2643
1931 659
1932 2643
1933 1306
1934 2643
1935 1412
1936 1605
1937 2643
1938 2643
1939 2643
1940 452
1941 202
1942 2643
1943 1612
1944 2643
1945 2643
1946 1403
1947 1026
1948 2643
1949 2643
1950 2643
1951 2643
1952 2643
1953 1071
1954 668
1955 2643
1956 2643
1957 1055
1958 1878
1959 2643
1960 2643
1961 1849
1962 233
1963 641
1964 2643
1965 1755
1966 1935
1967 1554
1968 376
1969 37
1970 2643
1971 2643
1972 2643
1973 2643
1974 2643
1975 2643
1976 2643
1977 976
1978 2643
1979 2643
1980 2643
1981 796
1982 1710
1983 2643
1984 1212
1985 2643
1986 2643
1987 2643
1988 436
1989 1174
1990 2643
1991 2643
1992 392
1993 2643
1994 2643
1995 1195
1996 1185
1997 1774
1998 864
1999 2643
2000 2643
2001 2643
2002 1451
2003 2643
2004 2000
2005 674
2006 888
2007 1614
2008 932
2009 10
2010 1788
2011 2643
2012 2643
2013 1967
2014 2643
2015 2643
2016 2643
2017 2643
2018 2643
2019 1807
2020 870
2021 171
2022 1707
2023 2643
2024 2643
2025 1454
2026 1850
2027 588
2028 1078
2029 1529
2030 2643
2031 782
2032 2643
2033 2643
2034 1686
2035 2643
2036 2643
2037 2643
2038 2643
2039 550
2040 2643
2041 1823
2042 2643
2043 1179
2044 541
2045 1243
2046 2643
2047 2643
2048 1691
2049 850
2050 2643
2051 593
2052 2643
2053 2643
2054 2643
2055 2643
2056 1604
2057 1141
2058 1667
2059 2643
2060 917
2061 2643
2062 549
2063 898
2064 2643
2065 1319
2066 2643
2067 1949
2068 2643
2069 42
2070 93
2071 1716
2072 1462
2073 402
2074 1460
2075 1965
2076 1455
2077 388
2078 2643
2079 2643
2080 1292
2081 1373
2082 2643
2083 2643
2084 2643
2085 195
2086 2643
2087 2643
2088 2643
2089 532
2090 1894
2091 2643
2092 1563
2093 2643
2094 2643
2095 2643
2096 2643
2097 2643
2098 1917
2099 1274
2100 1064
2101 2643
2102 2643
2103 349
2104 2643
2105 1388
2106 2088
2107 872
2108 1905
2109 2643
2110 2643
2111 2643
2112 1718
2113 1765
2114 1806
2115 137
2116 2643
2117 2643
2118 2643
2119 2643
2120 828
2121 972
2122 2643
2123 1980
2124 1567
2125 287
2126 2643
2127 2643
2128 623
2129 1446
2130 2643
2131 464
2132 2643
2133 622
2134 2643
2135 644
2136 2643
2137 2643
2138 1528
2139 1496
2140 1407
2141 2643
2142 714
2143 1775
2144 2643
2145 490
2146 620
2147 1125
2148 1466
2149 255
2150 1392
2151 2046
2152 2643
2153 1349
2154 2643
2155 2643
2156 839
2157 1481
2158 1353
2159 1924
2160 1679
2161 1597
2162 2643
2163 810
2164 2643
2165 2643
2166 929
2167 2111
2168 2643
2169 1513
2170 2643
2171 2643
2172 77
2173 2643
2174 2643
2175 2643
2176 1763
2177 2643
2178 2643
2179 2643
2180 851
2181 2643
2182 130
2183 2643
2184 2047
2185 1950
2186 125
2187 2643
2188 2643
2189 2643
2190 2643
2191 1237
2192 2643
2193 1966
2194 2643
2195 2643
2196 2643
2197 684
2198 2643
2199 2643
2200 2643
2201 981
2202 2643
2203 897
2204 736
2205 2643
2206 2643
2207 2643
2208 2643
2209 1653
2210 1974
2211 2643
2212 2643
2213 751
2214 1578
2215 1279
2216 20
2217 2643
2218 2643
2219 2643
2220 1992
2221 280
2222 1075
2223 238
2224 2643
2225 1285
2226 1734
2227 2643
2228 2109
2229 2643
2230 2643
2231 2643
2232 1413
2233 46
2234 2643
2235 1752
2236 1443
2237 2017
2238 634
2239 2085
2240 2643
2241 2643
2242 530
2243 2643
2244 1367
2245 2643
2246 2643
2247 1091
2248 2643
2249 110
2250 1609
2251 2643
2252 2643
2253 2643
2254 2643
2255 1309
2256 2643
2257 2643
2258 2643
2259 2643
2260 2079
2261 1881
2262 1761
2263 2643
2264 2643
2265 2643
2266 2643
2267 2643
2268 1828
2269 1519
2270 1797
2271 1354
2272 1228
2273 742
2274 2643
2275 2643
2276 2643
2277 762
2278 2643
2279 1317
2280 2643
2281 692
2282 2643
2283 2643
2284 2643
2285 1546
2286 1564
2287 1896
2288 1929
2289 629
2290 2159
2291 2643
2292 2643
2293 465
2294 2643
2295 2643
2296 2643
2297 1746
2298 1931
2299 55
2300 2643
2301 224
2302 1198
2303 2643
2304 2643
2305 1754
2306 844
2307 2172
2308 2643
2309 2643
2310 579
2311 1122
2312 1013
2313 1342
2314 2643
2315 536
2316 575
2317 2643
2318 2643
2319 2643
2320 2643
2321 2057
2322 2643
2323 1296
2324 2643
2325 2643
2326 1851
2327 2643
2328 2161
2329 757
2330 474
2331 1825
2332 2643
2333 2147
2334 1628
2335 1977
2336 726
2337 880
2338 1103
2339 2643
2340 1229
2341 277
2342 2643
2343 1463
2344 2643
2345 500
2346 1437
2347 1340
2348 2643
2349 398
2350 492
2351 2319
2352 1297
2353 2275
2354 2643
2355 2643
2356 748
2357 660
2358 2216
2359 2643
2360 2643
2361 2197
2362 2643
2363 2643
2364 1600
2365 2299
2366 1124
2367 2643
2368 2643
2369 2016
2370 2643
2371 1031
2372 2643
2373 275
2374 2643
2375 766
2376 2643
2377 1337
2378 1986
2379 311
2380 288
2381 2643
2382 443
2383 1793
2384 2643
2385 2255
2386 753
2387 244
2388 1492
2389 1927
2390 1017
2391 1095
2392 2643
2393 2326
2394 2643
2395 1947
2396 2643
2397 2643
2398 2643
2399 1422
2400 2071
2401 2643
2402 1685
2403 2044
2404 2643
2405 2643
2406 1769
2407 2643
2408 969
2409 2643
2410 1431
2411 2643
2412 966
2413 2643
2414 1445
2415 506
2416 2281
2417 2643
2418 121
2419 2083
2420 1372
2421 1994
2422 2007
2423 2643
2424 94
2425 2643
2426 1177
2427 632
2428 236
2429 2643
2430 1672
2431 2643
2432 2643
2433 2029
2434 2201
2435 1843
2436 2180
2437 2292
2438 1561
2439 2267
2440 2643
2441 2643
2442 1203
2443 2643
2444 2643
2445 2155
2446 2387
2447 1859
2448 1919
2449 2333
2450 454
2451 1178
2452 1787
2453 1217
2454 2173
2455 315
2456 2643
2457 849
2458 2643
2459 2643
2460 2643
2461 2643
2462 1399
2463 2643
2464 2158
2465 98
2466 2239
2467 2140
2468 2643
2469 2643
2470 2020
2471 1113
2472 1508
2473 2643
2474 2643
2475 1900
2476 1599
2477 2643
2478 2643
2479 611
2480 2476
2481 2643
2482 2643
2483 444
2484 1104
2485 2643
2486 2643
2487 2107
2488 817
2489 1491
2490 2417
2491 2643
2492 879
2493 1409
2494 2643
2495 2643
2496 1068
2497 2643
2498 1525
2499 1856
2500 2643
2501 2643
2502 2643
2503 165
2504 2643
2505 1417
2506 830
2507 2643
2508 1092
2509 2026
2510 2643
2511 1345
2512 2432
2513 1245
2514 2080
2515 2643
2516 1957
2517 2643
2518 537
2519 2259
2520 1916
2521 1803
2522 2350
2523 2643
2524 2643
2525 1138
2526 2643
2527 730
2528 2643
2529 1663
2530 1715
2531 2238
2532 2103
2533 2250
2534 2643
2535 1845
2536 983
2537 1886
2538 1254
2539 2643
2540 2643
2541 2643
2542 269
2543 1939
2544 1948
2545 1402
2546 531
2547 693
2548 2643
2549 2138
2550 2505
2551 1848
2552 1153
2553 2643
2554 2643
2555 463
2556 2643
2557 2110
2558 2643
2559 2643
2560 2643
2561 1085
2562 943
2563 1742
2564 1944
2565 1477
2566 2135
2567 2643
2568 2643
2569 2643
2570 1255
2571 2268
2572 523
2573 406
2574 739
2575 1727
2576 1829
2577 216
2578 915
2579 2643
2580 2320
2581 2308
2582 2643
2583 1762
2584 467
2585 76
2586 1724
2587 2643
2588 2643
2589 1010
2590 117
2591 2643
2592 1341
2593 1581
2594 2575
2595 350
2596 2643
2597 2204
2598 2643
2599 2580
2600 896
2601 2474
2602 2643
2603 2643
2604 2408
2605 1356
2606 1101
2607 2643
2608 2379
2609 1915
2610 1912
2611 773
2612 2252
2613 2584
2614 2410
2615 2643
2616 1681
2617 597
2618 1767
2619 2643
2620 2643
2621 2123
2622 2643
2623 2643
2624 1394
2625 2463
2626 2402
2627 861
2628 2334
2629 955
2630 576
2631 1069
2632 429
2633 2076
2634 2643
2635 2643
2636 2643
2637 1997
2638 52
2639 2643
2640 2643
2641 673
2642 2009
2644 2269
2645 2643
2646 1534
2647 1731
2648 2643
2649 1231
2650 1315
2651 2643
2652 423
2653 1334
2654 2643
2655 2643
2656 158
2657 1798
2658 2160
2659 768
2660 1664
2661 1619
2662 2265
2663 2643
2664 2643
2665 2643
2666 767
2667 2509
2668 1694
2669 412
2670 2426
2671 2628
2672 599
2673 2643
2674 2643
2675 495
2676 2643
2677 1590
2678 2643
2679 2646
2680 2377
2681 2643
2682 1601
2683 2643
2684 2643
2685 2643
2686 2643
2687 1936
2688 2643
2689 1749
2690 360
2691 1058
2692 548
2693 2643
2694 2643
2695 2091
2696 690
2697 1649
2698 2643
2699 1287
2700 1333
2701 2643
2702 2352
2703 2643
2704 1283
2705 984
2706 2586
2707 1043
2708 1709
2709 887
2710 1618
2711 1953
2712 2643
2713 1972
2714 1258
2715 1830
2716 2643
2717 2642
2718 1873
2719 2643
2720 49
2721 2643
2722 249
2723 2419
2724 2200
2725 1161
2726 2643
2727 624
2728 2713
2729 688
2730 1733
2731 2643
2732 2290
2733 1682
2734 1598
2735 2643
2736 2089
2737 2643
2738 1531
2739 2643
2740 4
2741 565
2742 336
2743 2359
2744 2643
2745 2013
2746 2177
2747 2599
2748 2643
2749 68
2750 2643
2751 2643
2752 2643
2753 2653
2754 2643
2755 424
2756 2643
2757 2643
2758 1286
2759 2643
2760 2643
2761 562
2762 1385
2763 2643
2764 1594
2765 2011
2766 2297
2767 2643
2768 2516
2769 2643
2770 2300
2771 2602
2772 57
2773 105
2774 2643
2775 777
2776 1493
2777 2413
2778 2643
2779 1971
2780 2557
2781 2643
2782 462
2783 798
2784 2643
2785 2643
2786 2206
2787 2700
2788 2643
2789 1202
2790 697
2791 2553
2792 1624
2793 2643
2794 2184
2795 2643
2796 1542
2797 2361
2798 2478
2799 1281
2800 1041
2801 1130
2802 1861
2803 2021
2804 2613
2805 1559
2806 1362
2807 2643
2808 2643
2809 2643
2810 2548
2811 2643
2812 2247
2813 1904
2814 2643
2815 1522
2816 979
2817 2643
2818 1246
2819 2383
2820 2748
2821 1193
2822 2114
2823 2781
2824 2643
2825 2643
2826 2643
2827 2191
2828 2482
2829 294
2830 1497
2831 2643
2832 2231
2833 1532
2834 2643
2835 2192
2836 2643
2837 1580
2838 1221
2839 1312
2840 649
2841 1637
2842 1322
2843 2643
2844 937
2845 2635
2846 2643
2847 460
2848 2041
2849 1841
2850 2643
2851 2643
2852 944
2853 84
2854 2643
2855 970
2856 703
2857 1897
2858 2102
2859 2643
2860 1753
2861 2643
2862 1899
2863 2689
2864 2822
2865 2643
2866 2391
2867 2458
2868 2859
2869 2607
2870 2055
2871 189
2872 2116
2873 2799
2874 2643
2875 759
2876 2633
2877 2374
2878 2042
2879 44
2880 2643
2881 1847
2882 1378
2883 2741
2884 2643
2885 2643
2886 2643
2887 2220
2888 2643
2889 2643
2890 1602
2891 1308
2892 1267
2893 2643
2894 2880
2895 2894
2896 2703
2897 2643
2898 2643
2899 1874
2900 2643
2901 2454
2902 559
2903 2345
2904 2153
2905 2643
2906 491
2907 2067
2908 2263
2909 2643
2910 2643
2911 1838
2912 2034
2913 2734
2914 2339
2915 2643
2916 891
2917 1127
2918 2835
2919 1007
2920 2499
2921 2643
2922 2778
2923 2462
2924 2156
2925 2643
2926 92
2927 2643
2928 2015
2929 2838
2930 379
2931 2725
2932 2439
2933 2437
2934 1053
2935 155
2936 2643
2937 2626
2938 1623
2939 681
2940 2794
2941 2643
2942 2643
2943 756
2944 1996
2945 1615
2946 2643
2947 1934
2948 1401
2949 1869
2950 1616
2951 2643
2952 2801
2953 2643
2954 1701
2955 2643
2956 2435
2957 2643
2958 361
2959 1719
2960 2643
2961 2597
2962 2566
2963 1661
2964 1711
2965 2643
2966 2309
2967 1689
2968 442
2969 666
2970 820
2971 2211
2972 2643
2973 2643
2974 2753
2975 428
2976 1782
2977 2372
2978 1027
2979 2643
2980 2966
2981 2962
2982 1952
2983 2665
2984 1824
2985 2728
2986 2643
2987 2145
2988 1770
2989 2256
2990 2643
2991 1020
2992 318
2993 1778
2994 2095
2995 1277
2996 2944
2997 2643
2998 609
2999 799
3000 2881
3001 2249
3002 1968
3003 2643
3004 2205
3005 2643
3006 2824
3007 2643
3008 2643
3009 2643
3010 2019
3011 2643
3012 980
3013 2784
3014 2643
3015 2335
3016 2100
3017 1920
3018 2643
3019 1889
3020 952
3021 1573
3022 1420
3023 1956
3024 2988
3025 1802
3026 1864
3027 1901
3028 2643
3029 2643
3030 2643
3031 991
3032 2555
3033 2643
3034 2643
3035 2643
3036 2943
3037 3009
3038 2137
3039 2456
3040 1999
3041 2643
3042 1376
3043 6
3044 2783
3045 2219
3046 905
3047 2643
3048 2643
3049 2643
3050 2643
3051 2900
3052 330
3053 977
3054 2643
3055 2643
3056 2480
3057 1630
3058 1167
3059 1880
3060 3045
3061 2643
3062 2643
3063 2643
3064 2643
3065 1400
3066 2643
3067 2507
3068 252
3069 662
3070 2643
3071 1655
3072 2812
3073 2233
3074 2484
3075 3022
3076 3043
3077 2867
3078 2850
3079 2203
3080 3004
3081 2643
3082 2643
3083 2643
3084 2683
3085 2643
3086 2279
3087 2061
3088 2096
3089 1608
3090 1662
3091 1714
3092 2643
3093 1809
3094 2643
3095 2791
3096 1759
3097 2643
3098 2643
3099 1000
3100 2685
3101 414
3102 2351
3103 2744
3104 653
3105 2643
3106 715
3107 2973
3108 2669
3109 1073
3110 1482
3111 2656
3112 987
3113 3112
3114 2141
3115 3042
3116 2643
3117 1781
3118 2614
3119 2865
3120 3103
3121 2515
3122 2562
3123 636
3124 2260
3125 2643
3126 2643
3127 2643
3128 283
3129 2643
3130 2037
3131 2643
3132 1876
3133 2643
3134 2730
3135 2643
3136 2643
3137 2643
3138 2058
3139 2643
3140 2674
3141 2178
3142 2643
3143 2012
3144 963
3145 1051
3146 749
3147 2590
3148 142
3149 2181
3150 1089
3151 913
3152 1456
3153 2643
3154 2655
3155 1360
3156 2148
3157 1433
3158 2494
3159 2643
3160 2643
3161 2643
3162 407
3163 2752
3164 1441
3165 3138
3166 2643
3167 2643
3168 1036
3169 1108
3170 1574
3171 1928
3172 2676
3173 3010
3174 2643
3175 2893
3176 1364
3177 1210
3178 181
3179 2643
3180 2643
3181 2941
3182 1190
3183 2643
3184 502
3185 2643
3186 2643
3187 2852
3188 2643
3189 2643
3190 2985
3191 1469
3192 1832
3193 2714
3194 2643
3195 2643
3196 2643
3197 2643
3198 1076
3199 2643
3200 808
3201 2643
3202 555
3203 2451
3204 2643
3205 1244
3206 1729
3207 2230
3208 2643
3209 2643
3210 3162
3211 2643
3212 1739
3213 2643
3214 1011
3215 2643
3216 2643
3217 2643
3218 3087
3219 1951
3220 2643
3221 2942
3222 2643
3223 2643
3224 2643
3225 230
3226 2643
3227 2003
3228 2144
3229 488
3230 2959
3231 1570
3232 2643
3233 2643
3234 2574
3235 1810
3236 883
3237 2756
3238 3117
3239 1339
3240 1688
3241 845
3242 2643
3243 2643
3244 371
3245 2643
3246 2643
3247 2871
3248 524
3249 589
3250 1883
3251 2601
3252 2711
3253 1553
3254 2389
3255 2288
3256 2488
3257 48
3258 1302
3259 2643
3260 1587
3261 3068
3262 1867
3263 2373
3264 3172
3265 2568
3266 2643
3267 1882
3268 2210
3269 2643
3270 544
3271 2918
3272 1895
3273 2643
3274 3127
3275 2643
3276 2366
3277 150
3278 2643
3279 2643
3280 2643
3281 2643
3282 2643
3283 1812
3284 3232
3285 1059
3286 2855
3287 2643
3288 2643
3289 1427
3290 2643
3291 3275
3292 2643
3293 377
3294 2643
3295 451
3296 1963
3297 2643
3298 2477
3299 2643
3300 2643
3301 2643
3302 829
3303 2643
3304 1352
3305 889
3306 2162
3307 1050
3308 1955
3309 2681
3310 2643
3311 1706
3312 3152
3313 2187
3314 2293
3315 1
3316 2074
3317 3032
3318 2643
3319 3188
3320 2643
3321 2302
3322 148
3323 2163
3324 603
3325 184
3326 2952
3327 1657
3328 2438
3329 1152
3330 1834
3331 2164
3332 2176
3333 2735
3334 2913
3335 1509
3336 2643
3337 3227
3338 2056
3339 936
3340 3128
3341 1518
3342 2643
3343 3048
3344 3307
3345 2643
3346 482
3347 3280
3348 2278
3349 2643
3350 3292
3351 2643
3352 2643
3353 3091
3354 1730
3355 2643
3356 1712
3357 3077
3358 2643
3359 2643
3360 2953
3361 2977
3362 2428
3363 332
3364 2643
3365 3069
3366 2643
3367 246
3368 2643
3369 2930
3370 2357
3371 2643
3372 600
3373 3070
3374 2663
3375 2643
3376 3365
3377 2643
3378 2643
3379 2006
3380 2849
3381 2643
3382 2643
3383 2380
3384 2774
3385 2643
3386 2643
3387 2179
3388 2650
3389 2421
3390 3097
3391 2643
3392 2643
3393 1303
3394 2643
3395 2643
3396 1204
3397 3082
3398 14
3399 2643
3400 2643
3401 3319
3402 2018
3403 2769
3404 2157
3405 1164
3406 1115
3407 3265
3408 785
3409 3037
3410 569
3411 2643
3412 2512
3413 2705
3414 2643
3415 2712
3416 426
3417 2925
3418 2643
3419 857
3420 2561
3421 909
3422 1985
3423 2643
3424 2643
3425 1435
3426 2883
3427 2643
3428 3404
3429 3161
3430 2643
3431 585
3432 2643
3433 2643
3434 2854
3435 3395
3436 1898
3437 566
3438 2643
3439 2543
3440 1472
3441 2643
3442 2321
3443 2643
3444 2643
3445 2621
3446 2643
3447 2643
3448 3084
3449 1690
3450 1012
3451 2643
3452 2643
3453 2999
3454 1016
3455 3113
3456 962
3457 1702
3458 265
3459 2643
3460 1913
3461 2150
3462 2643
3463 2643
3464 2643
3465 2694
3466 3356
3467 2643
3468 217
3469 358
3470 2643
3471 2805
3472 2643
3473 2243
3474 2643
3475 3331
3476 2643
3477 2710
3478 2643
3479 2688
3480 2280
3481 2764
3482 3477
3483 2643
3484 1298
3485 1137
3486 1745
3487 3355
3488 2517
3489 2643
3490 2643
3491 3478
3492 2641
3493 2151
3494 3481
3495 2591
3496 3468
3497 2643
3498 3330
3499 2800
3500 3367
3501 2643
3502 120
3503 1503
3504 2643
3505 3139
3506 2968
3507 2572
3508 2425
3509 2643
3510 2980
3511 2998
3512 2659
3513 1827
3514 3342
3515 2643
3516 1484
3517 2643
3518 2643
3519 2643
3520 486
3521 858
3522 2442
3523 3119
3524 1307
3525 2745
3526 1411
3527 2702
3528 2643
3529 2662
3530 2052
3531 2643
3532 2643
3533 2643
3534 2796
3535 3332
3536 1037
3537 2878
3538 2093
3539 2923
3540 2886
3541 678
3542 1735
3543 2932
3544 587
3545 2393
3546 2643
3547 1434
3548 1819
3549 2643
3550 2643
3551 2643
3552 2643
3553 2643
3554 2643
3555 1344
3556 1885
3557 2643
3558 1592
3559 2643
3560 876
3561 3198
3562 2643
3563 2904
3564 2643
3565 2629
3566 2643
3567 1194
3568 2643
3569 446
3570 543
3571 2126
3572 2338
3573 2248
3574 1330
3575 910
3576 2643
3577 2526
3578 2128
3579 2643
3580 1879
3581 1236
3582 3108
3583 3191
3584 1914
3585 2643
3586 855
3587 3328
3588 2933
3589 316
3590 1723
3591 2853
3592 1530
3593 3433
3594 3417
3595 1189
3596 679
3597 1540
3598 2643
3599 2643
3600 2751
3601 2836
3602 2643
3603 886
3604 2970
3605 925
3606 2001
3607 1377
3608 2721
3609 860
3610 196
3611 2443
3612 3026
3613 2731
3614 2763
3615 754
3616 2643
3617 3568
3618 2643
3619 1551
3620 3242
3621 2792
3622 1728
3623 2643
3624 2318
3625 1060
3626 3418
3627 1786
3628 2527
3629 3308
3630 2643
3631 2643
3632 1537
3633 705
3634 2643
3635 3189
3636 146
3637 1250
3638 2643
3639 1766
3640 3040
3641 395
3642 223
3643 2316
3644 2876
3645 2949
3646 2193
3647 731
3648 2440
3649 1054
3650 838
3651 1978
3652 2664
3653 2559
3654 571
3655 2453
3656 298
3657 3217
3658 2948
3659 1447
3660 3179
3661 3620
3662 2643
3663 2643
3664 2643
3665 2643
3666 2643
3667 517
3668 2911
3669 3062
3670 170
3671 1750
3672 2539
3673 2643
3674 163
3675 3486
3676 1425
3677 3123
3678 2343
3679 2643
3680 852
3681 601
3682 3671
3683 2643
3684 2354
3685 1432
3686 2378
3687 1505
3688 2643
3689 3394
3690 2643
3691 3398
3692 2643
3693 2982
3694 1264
3695 923
3696 2431
3697 1923
3698 3362
3699 2567
3700 2169
3701 1005
3702 1641
3703 1831
3704 2765
3705 1773
3706 3064
3707 2643
3708 3019
3709 2905
3710 3381
3711 3120
3712 1052
3713 2455
3714 1381
3715 2461
3716 2643
3717 1817
3718 1866
3719 2643
3720 2399
3721 3295
3722 3595
3723 2643
3724 3718
3725 2418
3726 205
3727 2643
3728 2611
3729 2492
3730 2937
3731 2124
3732 2820
3733 1676
3734 3508
3735 2643
3736 1557
3737 1705
3738 807
3739 1080
3740 2643
3741 3581
3742 3073
3743 2643
3744 1747
3745 2643
3746 3316
3747 2845
3748 1611
3749 2955
3750 3269
3751 2722
3752 2817
3753 2355
3754 293
3755 2038
3756 3505
3757 39
3758 2289
3759 1970
3760 2910
3761 2643
3762 2786
3763 3176
3764 1860
3765 2643
3766 3500
3767 2244
3768 89
3769 3639
3770 1613
3771 2643
3772 2643
3773 2643
3774 2416
3775 2643
3776 2481
3777 2643
3778 2171
3779 3424
3780 2072
3781 2643
3782 3436
3783 3560
3784 2806
3785 2643
3786 1696
3787 2028
3788 3405
3789 3716
3790 3763
3791 856
3792 3114
3793 3642
3794 3225
3795 708
3796 843
3797 1200
3798 1740
3799 2643
3800 901
3801 2643
3802 1162
3803 2643
3804 199
3805 2643
3806 3583
3807 2643
3808 1151
3809 2896
3810 2121
3811 2643
3812 1610
3813 1090
3814 2651
3815 2643
3816 2341
3817 2643
3818 274
3819 2348
3820 3566
3821 2903
3822 2990
3823 2643
3824 2643
3825 2036
3826 3155
3827 3080
3828 947
3829 2645
3830 3540
3831 2508
3832 3551
3833 2723
3834 3480
3835 1804
3836 2643
3837 2643
3838 2643
3839 1722
3840 1884
3841 2643
3842 1789
3843 2643
3844 2643
3845 2215
3846 303
3847 781
3848 3309
3849 1301
3850 3456
3851 2737
3852 2270
3853 2643
3854 2523
3855 1871
3856 2760
3857 2375
3858 3775
3859 2596
3860 3653
3861 2643
3862 2643
3863 2643
3864 2643
3865 3825
3866 1511
3867 2108
3868 2353
3869 2643
3870 1442
3871 2401
3872 264
3873 1476
3874 3622
3875 3440
3876 2643
3877 2643
3878 1486
3879 3694
3880 2697
3881 2643
3882 3165
3883 3235
3884 2578
3885 2956
3886 1145
3887 2643
3888 2746
3889 177
3890 1369
3891 2643
3892 132
3893 642
3894 3492
3895 3320
3896 3709
3897 2643
3898 3628
3899 1226
3900 3821
3901 2719
3902 1558
3903 2234
3904 3104
3905 826
3906 3705
3907 2802
3908 957
3909 3466
3910 2643
3911 2449
3912 2643
3913 1738
3914 720
3915 2771
3916 47
3917 2363
3918 2152
3919 3736
3920 2643
3921 2533
3922 1449
3923 2643
3924 2643
3925 2563
3926 802
3927 1521
3928 2888
3929 3156
3930 2643
3931 3301
3932 2283
3933 3190
3934 1390
3935 3593
3936 3892
3937 2691
3938 2773
3939 3006
3940 1029
3941 2069
3942 3886
3943 2643
3944 1921
3945 3917
3946 3086
3947 1470
3948 1741
3949 95
3950 152
3951 3861
3952 2964
3953 2554
3954 3306
3955 1785
3956 2643
3957 3135
3958 2701
3959 2643
3960 3707
3961 745
3962 1995
3963 2727
3964 1430
3965 2972
3966 2643
3967 1077
3968 2643
3969 2989
3970 3881
3971 2622
3972 3146
3973 457
3974 3624
3975 2821
3976 2643
3977 2643
3978 1524
3979 667
3980 3389
3981 3615
3982 2390
3983 2571
3984 3425
3985 3575
3986 3818
3987 1583
3988 2671
3989 1983
3990 1678
3991 1852
3992 3487
3993 2643
3994 410
3995 2324
3996 3935
3997 1659
3998 2720
3999 2643
4000 725
