10000
1 8581
2 8581
3 8581
4 8581
5 8581
6 8581
7 8581
8 8581
9 8581
10 8581
11 8581
12 8581
13 8581
14 8581
15 8581
16 8581
17 8581
18 8581
19 8581
20 8581
21 8581
22 8581
23 8581
24 8581
25 8581
26 8581
27 8581
28 8581
29 8581
30 8581
31 8581
32 8581
33 8581
34 8581
35 8581
36 8581
37 8581
38 8581
39 8581
40 8581
41 8581
42 8581
43 8581
44 8581
45 8581
46 8581
47 8581
48 8581
49 8581
50 8581
51 8581
52 8581
53 8581
54 8581
55 8581
56 8581
57 8581
58 8581
59 8581
60 8581
61 8581
62 8581
63 8581
64 8581
65 8581
66 8581
67 8581
68 8581
69 8581
70 8581
71 8581
72 8581
73 8581
74 8581
75 8581
76 8581
77 8581
78 8581
79 8581
80 8581
81 8581
82 8581
83 8581
84 8581
85 8581
86 8581
87 8581
88 8581
89 8581
90 5
91 8581
92 8581
93 8581
94 8581
95 8581
96 8581
97 8581
98 8581
99 8581
100 8581
101 8581
102 8581
103 8581
104 8581
105 8581
106 8581
107 8581
108 8581
109 8581
110 8581
111 8581
112 8581
113 8581
114 8581
115 8581
116 8581
117 8581
118 8581
119 8581
120 8581
121 8581
122 8581
123 8581
124 8581
125 6
126 8581
127 8581
128 8581
129 8581
130 8581
131 8581
132 8581
133 46
134 8581
135 8581
136 8581
137 61
138 8581
139 8581
140 8581
141 8581
142 8581
143 8581
144 8581
145 8581
146 35
147 8581
148 8581
149 8581
150 8581
151 8581
152 137
153 8581
154 104
155 74
156 64
157 8581
158 8581
159 8581
160 124
161 8581
162 130
163 8581
164 8581
165 129
166 8581
167 8581
168 8581
169 8581
170 8581
171 8581
172 81
173 8581
174 8581
175 8581
176 8581
177 8581
178 8581
179 8581
180 8581
181 114
182 8581
183 8581
184 8581
185 8581
186 8581
187 8581
188 8581
189 8581
190 8581
191 184
192 8581
193 8581
194 8581
195 8581
196 8581
197 4
198 161
199 8581
200 8581
201 8581
202 8581
203 8581
204 8581
205 8581
206 8581
207 3
208 8581
209 8581
210 8581
211 8581
212 8581
213 8581
214 8581
215 8581
216 8581
217 8581
218 8581
219 187
220 113
221 8581
222 8581
223 8581
224 8581
225 8581
226 8581
227 8581
228 8581
229 8581
230 15
231 227
232 8581
233 226
234 127
235 8581
236 8581
237 134
238 8581
239 8581
240 8581
241 132
242 221
243 8581
244 8581
245 234
246 21
247 8581
248 8581
249 8581
250 8581
251 8581
252 177
253 8581
254 212
255 8581
256 73
257 8581
258 8581
259 8581
260 8581
261 149
262 79
263 8581
264 8581
265 8581
266 8581
267 8581
268 37
269 131
270 8581
271 8581
272 8581
273 8581
274 8581
275 8581
276 171
277 8581
278 8581
279 8581
280 8581
281 8581
282 8581
283 218
284 169
285 8581
286 8581
287 29
288 147
289 8581
290 8581
291 228
292 8581
293 8581
294 100
295 8581
296 8581
297 8581
298 8581
299 236
300 8581
301 8581
302 8581
303 216
304 8581
305 8581
306 150
307 8581
308 8581
309 8581
310 8581
311 8581
312 8581
313 8581
314 311
315 8581
316 8581
317 8581
318 8581
319 8581
320 8581
321 193
322 202
323 8581
324 189
325 84
326 8581
327 8581
328 8581
329 249
330 36
331 168
332 8581
333 8581
334 298
335 289
336 8581
337 8581
338 8581
339 8581
340 8581
341 82
342 27
343 8581
344 8581
345 8581
346 8581
347 250
348 8581
349 8581
350 8581
351 8581
352 8581
353 278
354 316
355 8581
356 185
357 198
358 8581
359 8581
360 8581
361 238
362 345
363 8581
364 8581
365 65
366 8581
367 8581
368 25
369 8581
370 8581
371 8581
372 356
373 8581
374 117
375 271
376 1
377 209
378 8581
379 8581
380 8581
381 8581
382 8581
383 8581
384 8581
385 8581
386 72
387 255
388 8581
389 8581
390 8581
391 94
392 8581
393 374
394 344
395 120
396 8581
397 8581
398 229
399 336
400 8581
401 71
402 8581
403 8581
404 8581
405 8581
406 395
407 8581
408 8581
409 8581
410 318
411 8581
412 8581
413 407
414 8581
415 8581
416 223
417 8581
418 8581
419 8581
420 8581
421 8581
422 8581
423 8581
424 9
425 8581
426 42
427 8581
428 8581
429 8581
430 115
431 8581
432 8581
433 8581
434 8581
435 8581
436 343
437 8581
438 304
439 8581
440 353
441 8581
442 416
443 8581
444 8581
445 8581
446 8581
447 358
448 8581
449 8581
450 170
451 8581
452 8581
453 8581
454 377
455 368
456 8581
457 8581
458 339
459 8581
460 8581
461 83
462 8581
463 8581
464 8581
465 8581
466 367
467 8581
468 8581
469 435
470 8581
471 8581
472 8581
473 144
474 8581
475 8581
476 8581
477 8581
478 8581
479 8581
480 430
481 8581
482 332
483 276
484 8581
485 450
486 53
487 8581
488 111
489 8581
490 8581
491 8581
492 148
493 11
494 8581
495 254
496 210
497 8581
498 8581
499 8581
500 8581
501 8581
502 8581
503 439
504 8581
505 8581
506 8581
507 292
508 492
509 8581
510 8581
511 8581
512 89
513 8581
514 8581
515 507
516 8581
517 8581
518 8581
519 8581
520 8581
521 259
522 8581
523 8581
524 8581
525 449
526 8581
527 517
528 214
529 50
530 92
531 8581
532 8581
533 8581
534 8581
535 421
536 8581
537 8581
538 8581
539 8581
540 146
541 8581
542 8581
543 317
544 388
545 8581
546 8581
547 207
548 8581
549 8581
550 101
551 174
552 8581
553 378
554 440
555 8581
556 8581
557 434
558 8581
559 8581
560 59
561 303
562 77
563 373
564 493
565 55
566 327
567 8581
568 8581
569 8581
570 8581
571 8581
572 8581
573 8581
574 8581
575 8581
576 8581
577 8581
578 8581
579 8581
580 522
581 338
582 290
583 135
584 8581
585 8581
586 41
587 8581
588 8581
589 8581
590 186
591 558
592 8581
593 362
594 8581
595 8581
596 8581
597 8581
598 110
599 8581
600 8581
601 525
602 8581
603 8581
604 8581
605 8581
606 8581
607 8581
608 8581
609 19
610 8581
611 8581
612 8581
613 126
614 8581
615 8581
616 385
617 263
618 8581
619 452
620 349
621 8581
622 8581
623 8581
624 8
625 539
626 8581
627 8581
628 443
629 382
630 66
631 8581
632 8581
633 8581
634 8581
635 8581
636 8581
637 8581
638 123
639 315
640 8581
641 8581
642 8581
643 553
644 8581
645 244
646 8581
647 200
648 8581
649 648
650 617
651 8581
652 8581
653 8581
654 235
655 322
656 8581
657 542
658 8581
659 8581
660 34
661 424
662 531
663 158
664 8581
665 650
666 8581
667 8581
668 8581
669 8581
670 352
671 8581
672 566
673 8581
674 445
675 8581
676 121
677 446
678 8581
679 472
680 8581
681 482
682 8581
683 8581
684 8581
685 8581
686 8581
687 8581
688 8581
689 8581
690 28
691 396
692 330
693 8581
694 8581
695 8581
696 608
697 181
698 576
699 8581
700 8581
701 8581
702 8581
703 8581
704 8581
705 277
706 555
707 98
708 8581
709 548
710 8581
711 436
712 662
713 8581
714 474
715 8581
716 8581
717 8581
718 8581
719 8581
720 8581
721 8581
722 8581
723 8581
724 286
725 162
726 8581
727 222
728 668
729 8581
730 610
731 8581
732 39
733 544
734 8581
735 637
736 8581
737 8581
738 8581
739 646
740 8581
741 679
742 456
743 8581
744 8581
745 8581
746 38
747 478
748 8581
749 8581
750 605
751 404
752 8581
753 201
754 8581
755 521
756 692
757 8581
758 8581
759 48
760 8581
761 8581
762 8581
763 673
764 488
765 8581
766 8581
767 505
768 8581
769 587
770 743
771 361
772 69
773 721
774 582
775 736
776 8581
777 8581
778 8581
779 22
780 8581
781 8581
782 320
783 8581
784 86
785 8581
786 8581
787 8581
788 8581
789 8581
790 8581
791 609
792 579
793 8581
794 295
795 757
796 390
797 8581
798 751
799 8581
800 253
801 8581
802 220
803 199
804 428
805 651
806 8581
807 8581
808 752
809 471
810 8581
811 778
812 634
813 8581
814 8581
815 742
816 8581
817 489
818 80
819 8581
820 8581
821 370
822 787
823 8581
824 729
825 8581
826 8581
827 8581
828 741
829 8581
830 652
831 409
832 750
833 754
834 630
835 8581
836 60
837 8581
838 823
839 706
840 8581
841 659
842 8581
843 8581
844 658
845 511
846 8581
847 791
848 282
849 559
850 8581
851 769
852 569
853 8581
854 8581
855 8581
856 256
857 731
858 8581
859 8581
860 96
861 32
862 855
863 766
864 99
865 564
866 463
867 8581
868 540
869 762
870 8581
871 8581
872 284
873 8581
874 142
875 8581
876 8581
877 8581
878 8581
879 8581
880 835
881 45
882 281
883 106
884 8581
885 8581
886 8581
887 307
888 591
889 8581
890 8581
891 779
892 611
893 233
894 8581
895 265
896 523
897 8581
898 8581
899 853
900 411
901 8581
902 695
903 8581
904 433
905 8581
906 904
907 8581
908 739
909 8581
910 153
911 773
912 8581
913 8581
914 797
915 8581
916 834
917 8581
918 139
919 561
920 654
921 705
922 822
923 889
924 8581
925 180
926 8581
927 297
928 8581
929 8581
930 8581
931 8581
932 8581
933 777
934 47
935 8581
936 583
937 821
938 8581
939 208
940 215
941 710
942 527
943 8581
944 612
945 8581
946 8581
947 179
948 504
949 239
950 641
951 33
952 224
953 8581
954 8581
955 447
956 2
957 8581
958 814
959 301
960 8581
961 8581
962 376
963 8581
964 8581
965 8581
966 166
967 8581
968 8581
969 593
970 319
971 196
972 8581
973 8581
974 8581
975 795
976 8581
977 494
978 108
979 8581
980 632
981 479
982 269
983 291
984 534
985 8581
986 308
987 8581
988 948
989 8581
990 965
991 663
992 8581
993 8581
994 252
995 765
996 206
997 62
998 541
999 459
1000 359
1001 394
1002 620
1003 975
1004 119
1005 165
1006 8581
1007 8581
1008 8581
1009 881
1010 911
1011 644
1012 8581
1013 735
1014 701
1015 8581
1016 8581
1017 962
1018 8581
1019 661
1020 8581
1021 270
1022 8581
1023 963
1024 8581
1025 621
1026 470
1027 484
1028 321
1029 357
1030 951
1031 783
1032 589
1033 968
1034 8581
1035 8581
1036 8581
1037 8581
1038 693
1039 8581
1040 1018
1041 790
1042 509
1043 890
1044 8581
1045 8581
1046 8581
1047 467
1048 299
1049 8581
1050 8581
1051 475
1052 402
1053 8581
1054 1028
1055 1046
1056 8581
1057 300
1058 594
1059 934
1060 188
1061 176
1062 1023
1063 40
1064 8581
1065 8581
1066 8581
1067 8581
1068 8581
1069 8581
1070 245
1071 457
1072 786
1073 192
1074 105
1075 8581
1076 283
1077 914
1078 8581
1079 578
1080 195
1081 8581
1082 716
1083 8581
1084 508
1085 8581
1086 8581
1087 1037
1088 764
1089 955
1090 8581
1091 697
1092 8581
1093 1058
1094 1050
1095 8581
1096 8581
1097 8581
1098 1038
1099 483
1100 8581
1101 437
1102 8581
1103 1079
1104 1059
1105 8581
1106 8581
1107 996
1108 8581
1109 157
1110 602
1111 8581
1112 8581
1113 8581
1114 480
1115 24
1116 997
1117 717
1118 8581
1119 8581
1120 990
1121 8581
1122 91
1123 690
1124 900
1125 8581
1126 8581
1127 1055
1128 85
1129 1010
1130 8581
1131 1090
1132 664
1133 8581
1134 18
1135 974
1136 272
1137 383
1138 8581
1139 8581
1140 8581
1141 8581
1142 672
1143 20
1144 8581
1145 8581
1146 535
1147 340
1148 884
1149 8581
1150 54
1151 8581
1152 1033
1153 995
1154 261
1155 824
1156 781
1157 897
1158 8581
1159 744
1160 8581
1161 812
1162 8581
1163 8581
1164 8581
1165 314
1166 342
1167 387
1168 8581
1169 925
1170 8581
1171 51
1172 8581
1173 920
1174 460
1175 8581
1176 8581
1177 8581
1178 8581
1179 678
1180 788
1181 922
1182 386
1183 8581
1184 1020
1185 1073
1186 912
1187 8581
1188 8581
1189 1155
1190 397
1191 584
1192 8581
1193 982
1194 722
1195 8581
1196 8581
1197 784
1198 8581
1199 8581
1200 546
1201 1167
1202 1137
1203 8581
1204 8581
1205 711
1206 972
1207 499
1208 1164
1209 219
1210 1064
1211 759
1212 1139
1213 30
1214 8581
1215 557
1216 8581
1217 8581
1218 8581
1219 258
1220 8581
1221 603
1222 986
1223 8581
1224 991
1225 1192
1226 309
1227 237
1228 872
1229 8581
1230 599
1231 1156
1232 8581
1233 832
1234 1170
1235 8581
1236 438
1237 755
1238 808
1239 23
1240 8581
1241 355
1242 8581
1243 607
1244 895
1245 789
1246 12
1247 1086
1248 102
1249 262
1250 730
1251 279
1252 88
1253 1198
1254 952
1255 8581
1256 8581
1257 8581
1258 1025
1259 328
1260 799
1261 461
1262 152
1263 43
1264 1015
1265 8581
1266 1093
1267 8581
1268 8581
1269 8581
1270 8581
1271 8581
1272 625
1273 1138
1274 8581
1275 1123
1276 8581
1277 473
1278 811
1279 8581
1280 384
1281 839
1282 688
1283 1043
1284 1143
1285 1277
1286 1200
1287 1169
1288 1080
1289 854
1290 989
1291 465
1292 8581
1293 266
1294 1094
1295 8581
1296 747
1297 804
1298 8581
1299 8581
1300 1263
1301 536
1302 8581
1303 560
1304 723
1305 8581
1306 371
1307 8581
1308 8581
1309 241
1310 8581
1311 273
1312 981
1313 1115
1314 8581
1315 360
1316 848
1317 8581
1318 858
1319 850
1320 8581
1321 8581
1322 260
1323 375
1324 699
1325 194
1326 8581
1327 8581
1328 8581
1329 657
1330 205
1331 863
1332 365
1333 8581
1334 567
1335 913
1336 712
1337 1061
1338 1273
1339 8581
1340 574
1341 1264
1342 490
1343 1195
1344 1166
1345 801
1346 497
1347 138
1348 8581
1349 8581
1350 825
1351 8581
1352 1280
1353 1172
1354 1140
1355 1152
1356 423
1357 8581
1358 8581
1359 154
1360 155
1361 8581
1362 8581
1363 720
1364 7
1365 616
1366 8581
1367 794
1368 8581
1369 639
1370 1078
1371 8581
1372 1161
1373 8581
1374 1066
1375 1321
1376 8581
1377 8581
1378 1313
1379 1141
1380 8581
1381 950
1382 8581
1383 838
1384 8581
1385 1376
1386 1262
1387 8581
1388 1076
1389 8581
1390 8581
1391 1306
1392 1307
1393 903
1394 864
1395 1021
1396 871
1397 1345
1398 851
1399 8581
1400 1314
1401 1288
1402 495
1403 75
1404 326
1405 1344
1406 8581
1407 1300
1408 700
1409 1305
1410 728
1411 1370
1412 929
1413 1328
1414 8581
1415 606
1416 8581
1417 516
1418 1180
1419 70
1420 8581
1421 1296
1422 8581
1423 8581
1424 1125
1425 1324
1426 8581
1427 537
1428 1052
1429 287
1430 702
1431 1278
1432 1024
1433 8581
1434 983
1435 1389
1436 1292
1437 1255
1438 455
1439 1436
1440 8581
1441 182
1442 926
1443 1051
1444 8581
1445 816
1446 827
1447 8581
1448 1183
1449 568
1450 1102
1451 633
1452 1390
1453 191
1454 809
1455 774
1456 837
1457 1418
1458 1450
1459 551
1460 240
1461 760
1462 613
1463 1210
1464 796
1465 928
1466 1133
1467 1157
1468 466
1469 691
1470 959
1471 1308
1472 1243
1473 8581
1474 8581
1475 1391
1476 8581
1477 1067
1478 724
1479 8581
1480 1363
1481 8581
1482 905
1483 8581
1484 8581
1485 1109
1486 1121
1487 953
1488 8581
1489 133
1490 1160
1491 675
1492 817
1493 1357
1494 8581
1495 1433
1496 1381
1497 524
1498 1385
1499 1309
1500 894
1501 8581
1502 16
1503 93
1504 1294
1505 369
1506 1057
1507 1054
1508 1268
1509 1271
1510 1386
1511 1119
1512 1238
1513 1013
1514 598
1515 306
1516 1081
1517 8581
1518 280
1519 243
1520 350
1521 8581
1522 1206
1523 8581
1524 899
1525 1287
1526 1474
1527 8581
1528 1379
1529 1472
1530 687
1531 915
1532 1303
1533 8581
1534 1147
1535 1430
1536 1301
1537 464
1538 947
1539 999
1540 8581
1541 1516
1542 67
1543 1281
1544 8581
1545 8581
1546 1149
1547 1475
1548 1242
1549 1185
1550 573
1551 901
1552 8581
1553 1222
1554 8581
1555 8581
1556 8581
1557 1380
1558 8581
1559 1213
1560 666
1561 334
1562 980
1563 1112
1564 677
1565 1331
1566 1085
1567 8581
1568 883
1569 1194
1570 935
1571 667
1572 745
1573 882
1574 1113
1575 1375
1576 1362
1577 366
1578 1528
1579 8581
1580 8581
1581 927
1582 8581
1583 8581
1584 8581
1585 8581
1586 8581
1587 8581
1588 826
1589 1588
1590 1311
1591 8581
1592 8581
1593 1011
1594 976
1595 487
1596 1218
1597 806
1598 8581
1599 810
1600 1030
1601 1570
1602 1423
1603 337
1604 1237
1605 1425
1606 1187
1607 737
1608 1014
1609 1584
1610 364
1611 8581
1612 1216
1613 1286
1614 418
1615 1298
1616 642
1617 8581
1618 1548
1619 1186
1620 1431
1621 1537
1622 1458
1623 8581
1624 726
1625 56
1626 828
1627 1575
1628 1540
1629 708
1630 1253
1631 1581
1632 1154
1633 8581
1634 8581
1635 8581
1636 1225
1637 993
1638 398
1639 1525
1640 638
1641 1577
1642 1034
1643 1587
1644 879
1645 8581
1646 1633
1647 1488
1648 1188
1649 469
1650 1468
1651 78
1652 1382
1653 725
1654 1392
1655 1378
1656 1415
1657 1335
1658 513
1659 631
1660 861
1661 1012
1662 1352
1663 501
1664 1444
1665 1484
1666 1555
1667 867
1668 8581
1669 1394
1670 1084
1671 109
1672 1411
1673 1543
1674 767
1675 476
1676 1026
1677 1239
1678 1325
1679 405
1680 8581
1681 1217
1682 296
1683 543
1684 8581
1685 758
1686 885
1687 622
1688 400
1689 44
1690 1520
1691 1402
1692 8581
1693 8581
1694 1232
1695 8581
1696 8581
1697 1099
1698 1233
1699 8581
1700 8581
1701 8581
1702 1685
1703 1045
1704 1678
1705 1212
1706 703
1707 1489
1708 8581
1709 1072
1710 1699
1711 734
1712 624
1713 1483
1714 1240
1715 8581
1716 1598
1717 413
1718 1510
1719 399
1720 8581
1721 1202
1722 588
1723 1355
1724 1561
1725 1493
1726 1274
1727 1692
1728 1336
1729 1323
1730 8581
1731 1618
1732 1257
1733 8581
1734 1231
1735 1114
1736 178
1737 1729
1738 1163
1739 1677
1740 8581
1741 1661
1742 1535
1743 288
1744 845
1745 1645
1746 107
1747 8581
1748 8581
1749 1442
1750 1261
1751 1704
1752 1552
1753 13
1754 151
1755 1682
1756 363
1757 8581
1758 496
1759 1755
1760 1754
1761 1531
1762 748
1763 1693
1764 756
1765 1393
1766 1207
1767 264
1768 1521
1769 1663
1770 1351
1771 8581
1772 1679
1773 1527
1774 1595
1775 8581
1776 1745
1777 1706
1778 1712
1779 1118
1780 800
1781 1350
1782 1181
1783 8581
1784 670
1785 116
1786 8581
1787 8581
1788 1343
1789 1576
1790 1573
1791 380
1792 1785
1793 1356
1794 8581
1795 1640
1796 1211
1797 1696
1798 623
1799 8581
1800 1333
1801 8581
1802 432
1803 8581
1804 1349
1805 8581
1806 1736
1807 1749
1808 971
1809 1485
1810 8581
1811 1316
1812 8581
1813 696
1814 1096
1815 8581
1816 846
1817 1497
1818 17
1819 1758
1820 1551
1821 1105
1822 1559
1823 1536
1824 1671
1825 8581
1826 919
1827 1220
1828 1779
1829 1747
1830 671
1831 924
1832 427
1833 1466
1834 1041
1835 8581
1836 8581
1837 1285
1838 97
1839 681
1840 635
1841 1746
1842 686
1843 8581
1844 8581
1845 1029
1846 8581
1847 1843
1848 1229
1849 1545
1850 444
1851 8581
1852 1849
1853 656
1854 978
1855 1639
1856 8581
1857 8581
1858 1533
1859 8581
1860 649
1861 1401
1862 8581
1863 8581
1864 1203
1865 302
1866 8581
1867 704
1868 1503
1869 1007
1870 412
1871 1734
1872 887
1873 1819
1874 1720
1875 1524
1876 1455
1877 1148
1878 8581
1879 403
1880 1668
1881 1384
1882 1471
1883 8581
1884 753
1885 841
1886 1480
1887 1439
1888 143
1889 1342
1890 90
1891 1515
1892 1878
1893 8581
1894 669
1895 575
1896 1628
1897 274
1898 1196
1899 1410
1900 1805
1901 1501
1902 1040
1903 8581
1904 532
1905 1507
1906 1424
1907 1855
1908 8581
1909 1881
1910 1082
1911 1623
1912 1844
1913 1457
1914 1399
1915 1906
1916 1606
1917 1601
1918 347
1919 1008
1920 1295
1921 1116
1922 1354
1923 419
1924 8581
1925 694
1926 1776
1927 843
1928 1619
1929 1662
1930 1248
1931 1260
1932 1917
1933 8581
1934 898
1935 1904
1936 1224
1937 8581
1938 8581
1939 1777
1940 977
1941 8581
1942 829
1943 1711
1944 8581
1945 1609
1946 8581
1947 1049
1948 8581
1949 1396
1950 8581
1951 597
1952 1387
1953 1583
1954 1100
1955 1866
1956 1945
1957 503
1958 1097
1959 1482
1960 1914
1961 1414
1962 1834
1963 998
1964 8581
1965 1865
1966 776
1967 324
1968 1449
1969 8581
1970 1487
1971 1930
1972 1923
1973 1960
1974 275
1975 8581
1976 8581
1977 1369
1978 1766
1979 1284
1980 8581
1981 8581
1982 8581
1983 1651
1984 1806
1985 653
1986 1709
1987 1929
1988 1329
1989 1716
1990 1549
1991 595
1992 1341
1993 1365
1994 1647
1995 8581
1996 1035
1997 8581
1998 1293
1999 401
2000 732
2001 8581
2002 417
2003 1649
2004 1502
2005 1705
2006 1665
2007 1437
2008 1481
2009 267
2010 346
2011 550
2012 8581
2013 8581
2014 8581
2015 8581
2016 8581
2017 1060
2018 585
2019 1153
2020 8581
2021 1919
2022 1884
2023 8581
2024 1913
2025 852
2026 1757
2027 1562
2028 1245
2029 8581
2030 992
2031 1597
2032 1440
2033 581
2034 8581
2035 458
2036 552
2037 1205
2038 942
2039 1373
2040 420
2041 310
2042 1088
2043 1792
2044 8581
2045 8581
2046 8581
2047 8581
2048 1405
2049 1275
2050 1476
2051 2008
2052 8581
2053 1735
2054 1669
2055 875
2056 2042
2057 772
2058 1836
2059 1984
2060 2043
2061 2040
2062 122
2063 8581
2064 2010
2065 1083
2066 1670
2067 2056
2068 8581
2069 1486
2070 1653
2071 1592
2072 1532
2073 2000
2074 1451
2075 936
2076 225
2077 8581
2078 1717
2079 805
2080 8581
2081 957
2082 1182
2083 1833
2084 8581
2085 792
2086 2059
2087 1724
2088 8581
2089 939
2090 1135
2091 8581
2092 775
2093 1098
2094 815
2095 1419
2096 1593
2097 1462
2098 1981
2099 426
2100 1769
2101 1330
2102 8581
2103 2032
2104 1691
2105 1872
2106 213
2107 8581
2108 746
2109 8581
2110 1701
2111 8581
2112 1989
2113 1176
2114 1950
2115 1005
2116 1799
2117 1120
2118 1802
2119 2062
2120 8581
2121 293
2122 2004
2123 1791
2124 2123
2125 1612
2126 1465
2127 1667
2128 2113
2129 2052
2130 1643
2131 1299
2132 1317
2133 8581
2134 1197
2135 1214
2136 1463
2137 8581
2138 1933
2139 204
2140 2109
2141 1940
2142 674
2143 1787
2144 1876
2145 967
2146 869
2147 2142
2148 1596
2149 1319
2150 2039
2151 1750
2152 429
2153 8581
2154 1650
2155 8581
2156 125
2157 856
2158 1964
2159 8581
2160 2029
2161 888
2162 1969
2163 1752
2164 782
2165 1494
2166 408
2167 431
2168 1869
2169 2080
2170 627
2171 1320
2172 392
2173 1047
2174 1541
2175 2079
2176 2114
2177 538
2178 973
2179 1422
2180 910
2181 1634
2182 1496
2183 8581
2184 1377
2185 1644
2186 660
2187 1491
2188 1744
2189 8581
2190 8581
2191 626
2192 1568
2193 1892
2194 549
2195 554
2196 8581
2197 1518
2198 1258
2199 907
2200 8581
2201 1184
2202 391
2203 917
2204 1949
2205 1107
2206 1445
2207 498
2208 1957
2209 2180
2210 2166
2211 2044
2212 1912
2213 1629
2214 1557
2215 1247
2216 1727
2217 8581
2218 1409
2219 1446
2220 1443
2221 1322
2222 2203
2223 8581
2224 2206
2225 112
2226 1158
2227 771
2228 1615
2229 1117
2230 2085
2231 1372
2232 1563
2233 2001
2234 2188
2235 874
2236 8581
2237 1074
2238 203
2239 1941
2240 2137
2241 1506
2242 2111
2243 749
2244 1408
2245 830
2246 966
2247 1883
2248 1975
2249 8581
2250 1178
2251 2103
2252 1249
2253 970
2254 2002
2255 1939
2256 1721
2257 8581
2258 1009
2259 217
2260 2036
2261 1976
2262 1809
2263 1359
2264 896
2265 1056
2266 2086
2267 892
2268 1726
2269 768
2270 8581
2271 866
2272 840
2273 1042
2274 1853
2275 1360
2276 1347
2277 2156
2278 2228
2279 8581
2280 1786
2281 1546
2282 10
2283 1968
2284 8581
2285 2179
2286 8581
2287 2219
2288 1179
2289 1564
2290 1459
2291 683
2292 1600
2293 1730
2294 325
2295 8581
2296 1227
2297 2031
2298 1534
2299 1400
2300 2226
2301 2122
2302 1867
2303 164
2304 859
2305 1070
2306 2231
2307 1604
2308 8581
2309 1438
2310 1915
2311 645
2312 932
2313 1837
2314 727
2315 2300
2316 2214
2317 2250
2318 1538
2319 2089
2320 2315
2321 1479
2322 2108
2323 1244
2324 2054
2325 1690
2326 1599
2327 2028
2328 807
2329 2325
2330 570
2331 485
2332 1553
2333 491
2334 1652
2335 1361
2336 1728
2337 1740
2338 819
2339 160
2340 381
2341 1875
2342 1680
2343 2186
2344 1130
2345 2050
2346 2287
2347 1893
2348 1420
2349 1708
2350 530
2351 1797
2352 785
2353 2071
2354 1189
2355 8581
2356 2082
2357 8581
2358 2270
2359 2177
2360 1713
2361 8581
2362 2067
2363 8581
2364 2357
2365 2047
2366 1594
2367 1672
2368 1796
2369 2328
2370 2255
2371 2140
2372 1903
2373 2310
2374 2191
2375 1738
2376 8581
2377 8581
2378 1567
2379 1768
2380 1895
2381 1880
2382 2256
2383 2058
2384 2030
2385 2115
2386 1168
2387 2262
2388 1558
2389 1794
2390 8581
2391 1388
2392 1519
2393 2078
2394 1763
2395 2222
2396 49
2397 1900
2398 481
2399 2234
2400 2349
2401 2093
2402 1889
2403 1246
2404 1511
2405 1221
2406 2060
2407 1715
2408 577
2409 1909
2410 1988
2411 31
2412 2019
2413 944
2414 2408
2415 2235
2416 1967
2417 2294
2418 1771
2419 1368
2420 2415
2421 1977
2422 2284
2423 2414
2424 1101
2425 2342
2426 1215
2427 2230
2428 2208
2429 2225
2430 2148
2431 629
2432 2196
2433 2404
2434 1283
2435 1838
2436 1267
2437 2105
2438 8581
2439 2204
2440 580
2441 1821
2442 2418
2443 1974
2444 719
2445 847
2446 2327
2447 529
2448 1464
2449 2170
2450 1641
2451 2321
2452 1122
2453 2061
2454 1868
2455 1039
2456 515
2457 2127
2458 2187
2459 2285
2460 1236
2461 2445
2462 2211
2463 8581
2464 2363
2465 733
2466 2276
2467 197
2468 2249
2469 8581
2470 2370
2471 8581
2472 2174
2473 2396
2474 2189
2475 2426
2476 2063
2477 802
2478 2309
2479 8581
2480 2241
2481 519
2482 2009
2483 2305
2484 2218
2485 8581
2486 1932
2487 2273
2488 1578
2489 2129
2490 2072
2491 128
2492 2133
2493 2366
2494 1254
2495 2450
2496 2466
2497 8581
2498 836
2499 1603
2500 1854
2501 1327
2502 2365
2503 2242
2504 949
2505 1004
2506 2193
2507 1874
2508 2457
2509 1657
2510 2120
2511 8581
2512 2420
2513 1702
2514 68
2515 2192
2516 592
2517 1282
2518 1566
2519 348
2520 2013
2521 2245
2522 2213
2523 940
2524 2472
2525 8581
2526 2136
2527 1825
2528 1782
2529 1605
2530 2429
2531 1413
2532 2382
2533 8581
2534 1279
2535 1358
2536 2161
2537 2017
2538 257
2539 1812
2540 628
2541 2025
2542 8581
2543 1087
2544 2100
2545 2244
2546 2291
2547 2055
2548 2314
2549 1898
2550 2003
2551 8581
2552 1144
2553 2333
2554 2340
2555 2499
2556 528
2557 8581
2558 2556
2559 1986
2560 1621
2561 994
2562 1859
2563 2199
2564 8581
2565 2307
2566 1858
2567 1688
2568 2442
2569 183
2570 2557
2571 1971
2572 141
2573 2258
2574 2233
2575 2018
2576 1689
2577 2460
2578 1773
2579 1901
2580 1614
2581 8581
2582 1000
2583 2132
2584 2527
2585 1846
2586 2377
2587 2355
2588 2295
2589 2409
2590 1289
2591 2343
2592 2590
2593 1994
2594 2190
2595 2220
2596 1888
2597 8581
2598 2239
2599 1417
2600 2195
2601 2391
2602 2393
2603 425
2604 1982
2605 2324
2606 1820
2607 1764
2608 2606
2609 870
2610 8581
2611 2582
2612 2454
2613 1522
2614 2015
2615 2513
2616 95
2617 1823
2618 2318
2619 406
2620 2471
2621 2588
2622 8581
2623 2356
2624 1453
2625 2155
2626 8581
2627 1338
2628 8581
2629 2494
2630 1733
2631 2417
2632 2424
2633 2101
2634 2626
2635 604
2636 1907
2637 1095
2638 8581
2639 2358
2640 2480
2641 2617
2642 1832
2643 2334
2644 8581
2645 2390
2646 2157
2647 2117
2648 26
2649 1075
2650 8581
2651 2164
2652 1697
2653 2405
2654 1920
2655 2479
2656 248
2657 2292
2658 1310
2659 232
2660 477
2661 2610
2662 2520
2663 285
2664 2124
2665 2478
2666 1648
2667 2026
2668 8581
2669 2611
2670 8581
2671 1979
2672 2094
2673 1666
2674 2012
2675 2298
2676 1852
2677 2400
2678 1447
2679 8581
2680 2565
2681 2575
2682 1780
2683 2198
2684 2665
2685 2128
2686 8581
2687 862
2688 1993
2689 1756
2690 2337
2691 268
2692 761
2693 1952
2694 526
2695 312
2696 1674
2697 813
2698 909
2699 8581
2700 2437
2701 2350
2702 941
2703 2634
2704 8581
2705 2693
2706 2674
2707 2194
2708 2247
2709 2685
2710 2570
2711 1574
2712 2096
2713 2330
2714 159
2715 2448
2716 329
2717 1016
2718 2227
2719 1813
2720 1656
2721 1877
2722 1022
2723 818
2724 2352
2725 1978
2726 2476
2727 1841
2728 547
2729 1790
2730 2584
2731 680
2732 1991
2733 1332
2734 175
2735 8581
2736 76
2737 2532
2738 946
2739 1404
2740 393
2741 1985
2742 1127
2743 1781
2744 8581
2745 1683
2746 1091
2747 335
2748 2657
2749 1748
2750 2522
2751 1681
2752 118
2753 2569
2754 2312
2755 1454
2756 140
2757 718
2758 2645
2759 1962
2760 2185
2761 908
2762 1191
2763 2364
2764 1290
2765 2401
2766 2632
2767 1857
2768 8581
2769 793
2770 2554
2771 1946
2772 1435
2773 2329
2774 1831
2775 2181
2776 1490
2777 2646
2778 2592
2779 1226
2780 1828
2781 2385
2782 2689
2783 8581
2784 2647
2785 2033
2786 1916
2787 2007
2788 8581
2789 954
2790 506
2791 2217
2792 2791
2793 2566
2794 2246
2795 2374
2796 2088
2797 1676
2798 1700
2799 8581
2800 8581
2801 2465
2802 2435
2803 2792
2804 2323
2805 2367
2806 1498
2807 1760
2808 8581
2809 2604
2810 1655
2811 2673
2812 2636
2813 2201
2814 2518
2815 1684
2816 2750
2817 1580
2818 2573
2819 1840
2820 2051
2821 1862
2822 2797
2823 636
2824 2671
2825 2609
2826 2586
2827 2550
2828 1159
2829 2635
2830 2387
2831 8581
2832 1006
2833 2057
2834 2510
2835 172
2836 2160
2837 1208
2838 8581
2839 2761
2840 2081
2841 2456
2842 1759
2843 2483
2844 2559
2845 8581
2846 1318
2847 1473
2848 145
2849 556
2850 2691
2851 2770
2852 2427
2853 2147
2854 2232
2855 2641
2856 1572
2857 1924
2858 2613
2859 468
2860 500
2861 52
2862 1132
2863 1367
2864 8581
2865 2683
2866 1856
2867 1272
2868 2529
2869 2546
2870 2112
2871 1956
2872 1017
2873 1902
2874 2644
2875 2528
2876 1958
2877 1554
2878 2764
2879 2065
2880 586
2881 2666
2882 1827
2883 1032
2884 2280
2885 2790
2886 2024
2887 8581
2888 2705
2889 2348
2890 1703
2891 2766
2892 1861
2893 2419
2894 1687
2895 1259
2896 2731
2897 2097
2898 2553
2899 462
2900 1965
2901 1947
2902 1590
2903 2344
2904 8581
2905 2487
2906 1636
2907 1731
2908 8581
2909 2116
2910 8581
2911 2311
2912 2516
2913 2394
2914 1624
2915 2801
2916 1031
2917 1145
2918 2759
2919 2848
2920 2729
2921 2745
2922 2489
2923 2598
2924 1165
2925 1456
2926 682
2927 2868
2928 2861
2929 1326
2930 1069
2931 2872
2932 1839
2933 1044
2934 2722
2935 1542
2936 2684
2937 2402
2938 1304
2939 1383
2940 2577
2941 2544
2942 2839
2943 1270
2944 2341
2945 2167
2946 2747
2947 1230
2948 1955
2949 8581
2950 2308
2951 1589
2952 8581
2953 2576
2954 2223
2955 2900
2956 2882
2957 8581
2958 1943
2959 8581
2960 1036
2961 410
2962 2524
2963 2107
2964 1723
2965 1742
2966 1432
2967 8581
2968 2829
2969 2205
2970 873
2971 798
2972 414
2973 1063
2974 2831
2975 2709
2976 2182
2977 2653
2978 1659
2979 2240
2980 1514
2981 1406
2982 1291
2983 2014
2984 2595
2985 1911
2986 1500
2987 1660
2988 2704
2989 969
2990 8581
2991 562
2992 2581
2993 2360
2994 2064
2995 1816
2996 2278
2997 2724
2998 1842
2999 2351
3000 2719
3001 2838
3002 2965
3003 2967
3004 2451
3005 2399
3006 1530
3007 1582
3008 2802
3009 2069
3010 902
3011 2322
3012 2983
3013 1469
3014 136
3015 2421
3016 545
3017 8581
3018 3001
3019 2462
3020 2459
3021 2690
3022 1910
3023 2732
3024 1065
3025 1954
3026 2895
3027 1707
3028 2670
3029 2126
3030 2490
3031 1585
3032 1412
3033 8581
3034 1896
3035 8581
3036 2455
3037 831
3038 2798
3039 1441
3040 2519
3041 2153
3042 8581
3043 1822
3044 2571
3045 1948
3046 2422
3047 1201
3048 1428
3049 2821
3050 2389
3051 2430
3052 2916
3053 2037
3054 1995
3055 3000
3056 2326
3057 2650
3058 2034
3059 2410
3060 8581
3061 2536
3062 1556
3063 2439
3064 2275
3065 2238
3066 3033
3067 2380
3068 1103
3069 2237
3070 2618
3071 2853
3072 565
3073 2580
3074 2141
3075 2608
3076 2541
3077 8581
3078 2162
3079 1426
3080 2870
3081 2509
3082 2891
3083 1871
3084 2265
3085 2660
3086 1695
3087 2346
3088 351
3089 715
3090 8581
3091 451
3092 2926
3093 294
3094 8581
3095 2562
3096 3066
3097 3092
3098 2920
3099 1544
3100 2438
3101 1340
3102 1897
3103 1209
3104 3031
3105 2540
3106 2721
3107 2725
3108 2555
3109 1613
3110 8581
3111 3091
3112 1908
3113 3016
3114 1803
3115 2202
3116 2549
3117 2229
3118 2739
3119 87
3120 1398
3121 2841
3122 2542
3123 8581
3124 2492
3125 3007
3126 2692
3127 8581
3128 2035
3129 1646
3130 1987
3131 2885
3132 8581
3133 8581
3134 2538
3135 2755
3136 958
3137 2413
3138 2960
3139 3095
3140 600
3141 3115
3142 8581
3143 2905
3144 1048
3145 1885
3146 1106
3147 2659
3148 2597
3149 2316
3150 1001
3151 156
3152 2676
3153 3010
3154 1571
3155 1617
3156 2789
3157 2994
3158 2407
3159 2931
3160 3071
3161 2508
3162 2121
3163 2603
3164 2293
3165 2701
3166 1512
3167 8581
3168 3105
3169 1894
3170 2589
3171 3067
3172 2297
3173 3133
3174 3130
3175 1935
3176 2092
3177 3035
3178 3122
3179 2574
3180 2760
3181 1743
3182 3064
3183 3128
3184 619
3185 2977
3186 2675
3187 8581
3188 533
3189 1815
3190 2568
3191 1027
3192 8581
3193 2369
3194 618
3195 2822
3196 1770
3197 2784
3198 2716
3199 1992
3200 2283
3201 1928
3202 2601
3203 665
3204 8581
3205 2785
3206 1951
3207 3065
3208 596
3209 2637
3210 2593
3211 2596
3212 8581
3213 571
3214 3195
3215 2696
3216 3147
3217 2869
3218 1251
3219 3207
3220 2887
3221 8581
3222 1223
3223 2083
3224 2274
3225 2888
3226 1886
3227 2616
3228 3194
3229 2648
3230 8581
3231 2686
3232 2500
3233 2694
3234 2846
3235 8581
3236 1762
3237 2728
3238 331
3239 8581
3240 2680
3241 1778
3242 2699
3243 2639
3244 1980
3245 2210
3246 640
3247 3135
3248 3081
3249 2947
3250 8581
3251 1925
3252 1569
3253 906
3254 3034
3255 3202
3256 3203
3257 2268
3258 2748
3259 1772
3260 2221
3261 2098
3262 1818
3263 2535
3264 2828
3265 2375
3266 2866
3267 1252
3268 2850
3269 2299
3270 8581
3271 8581
3272 3082
3273 2877
3274 8581
3275 1608
3276 1250
3277 2561
3278 780
3279 2642
3280 3212
3281 1622
3282 3280
3283 3154
3284 2864
3285 2937
3286 1970
3287 2411
3288 2376
3289 1937
3290 2277
3291 3041
3292 2104
3293 2621
3294 1997
3295 2807
3296 2583
3297 2615
3298 3078
3299 1966
3300 3174
3301 2938
3302 2851
3303 1586
3304 2959
3305 2823
3306 3084
3307 1560
3308 2917
3309 3226
3310 1077
3311 8581
3312 1870
3313 2741
3314 3140
3315 1204
3316 2338
3317 2826
3318 1334
3319 2087
3320 8581
3321 1175
3322 2368
3323 2952
3324 63
3325 3264
3326 1526
3327 8581
3328 3027
3329 3252
3330 3189
3331 2824
3332 1631
3333 3312
3334 1495
3335 2767
3336 2339
3337 453
3338 2263
3339 1234
3340 2207
3341 857
3342 1800
3343 3029
3344 2996
3345 3263
3346 2871
3347 2526
3348 1899
3349 3149
3350 3299
3351 3103
3352 2572
3353 3015
3354 2718
3355 3211
3356 2066
3357 2431
3358 1136
3359 2612
3360 2913
3361 2633
3362 3025
3363 2700
3364 3168
3365 3184
3366 803
3367 1626
3368 2909
3369 2491
3370 2398
3371 103
3372 713
3373 3336
3374 518
3375 3098
3376 930
3377 2894
3378 3093
3379 2511
3380 1364
3381 3254
3382 2045
3383 1927
3384 2954
3385 2752
3386 1053
3387 2260
3388 8581
3389 3051
3390 1694
3391 2296
3392 3233
3393 2209
3394 2184
3395 341
3396 3350
3397 2503
3398 3085
3399 14
3400 2878
3401 1725
3402 3275
3403 1427
3404 3044
3405 2672
3406 2975
3407 1461
3408 3208
3409 2774
3410 1228
3411 2763
3412 8581
3413 707
3414 1658
3415 2727
3416 2158
3417 1826
3418 242
3419 2070
3420 615
3421 2320
3422 2484
3423 2924
3424 2474
3425 698
3426 3199
3427 1741
3428 8581
3429 2643
3430 1793
3431 1150
3432 8581
3433 3346
3434 2963
3435 1616
3436 1241
3437 3333
3438 3284
3439 2212
3440 2183
3441 1131
3442 1963
3443 2619
3444 2943
3445 2498
3446 3039
3447 3359
3448 1089
3449 520
3450 685
3451 3077
3452 3344
3453 3401
3454 1879
3455 8581
3456 2388
3457 3158
3458 2027
3459 2782
3460 8581
3461 3114
3462 2969
3463 2795
3464 3101
3465 3063
3466 3177
3467 2135
3468 3388
3469 2467
3470 2971
3471 3323
3472 3156
3473 3247
3474 2169
3475 2552
3476 2879
3477 3390
3478 2336
3479 2488
3480 3449
3481 3118
3482 3070
3483 3436
3484 231
3485 2151
3486 3374
3487 2362
3488 2095
3489 3458
3490 2964
3491 984
3492 3138
3493 3235
3494 1104
3495 2993
3496 2889
3497 2331
3498 2776
3499 1996
3500 2628
3501 2243
3502 3412
3503 938
3504 3366
3505 2614
3506 2995
3507 3108
3508 2771
3509 3238
3510 2197
3511 3276
3512 3117
3513 3391
3514 2978
3515 3398
3516 833
3517 2432
3518 2172
3519 1374
3520 3406
3521 173
3522 2468
3523 1882
3524 1961
3525 3217
3526 3487
3527 2778
3528 3478
3529 1848
3530 2986
3531 3266
3532 2077
3533 2786
3534 2279
3535 372
3536 3500
3537 2053
3538 2378
3539 2073
3540 2534
3541 3330
3542 3534
3543 3059
3544 1686
3545 1337
3546 3046
3547 3476
3548 2496
3549 57
3550 2272
3551 3358
3552 3285
3553 2425
3554 3278
3555 3099
3556 3400
3557 3477
3558 3159
3559 2525
3560 2757
3561 3334
3562 1698
3563 916
3564 3250
3565 2772
3566 3172
3567 1922
3568 3248
3569 313
3570 3481
3571 2915
3572 3396
3573 2021
3574 3489
3575 3240
3576 1851
3577 2656
3578 2623
3579 3353
3580 842
3581 3571
3582 3152
3583 3439
3584 3179
3585 2712
3586 1847
3587 738
3588 3411
3589 2416
3590 3132
3591 2501
3592 3426
3593 937
3594 3270
3595 1936
3596 2904
3597 3318
3598 2918
3599 3004
3600 1348
3601 676
3602 3261
3603 3295
3604 3418
3605 3448
3606 8581
3607 3493
3608 2507
3609 1767
3610 2697
3611 2406
3612 3148
3613 988
3614 1071
3615 514
3616 2930
3617 3216
3618 1824
3619 3469
3620 3308
3621 3393
3622 1921
3623 3473
3624 2607
3625 3214
3626 2746
3627 1718
3628 3403
3629 3080
3630 3569
3631 3516
3632 1416
3633 2773
3634 2830
3635 2944
3636 3119
3637 2873
3638 2835
3639 2865
3640 3575
3641 3368
3642 3173
3643 323
3644 3055
3645 3638
3646 3230
3647 8581
3648 2922
3649 1751
3650 1504
3651 2813
3652 2678
3653 3451
3654 2495
3655 2733
3656 3456
3657 2779
3658 3201
3659 3584
3660 58
3661 1972
3662 1111
3663 2481
3664 3251
3665 3265
3666 3342
3667 3375
3668 3380
3669 2547
3670 2091
3671 486
3672 3466
3673 2252
3674 2102
3675 3465
3676 2849
3677 2735
3678 2762
3679 3110
3680 2911
3681 2658
3682 3624
3683 3558
3684 3616
3685 3256
3686 1953
3687 1235
3688 2084
3689 709
3690 3206
3691 3517
3692 3619
3693 3429
3694 3337
3695 2144
3696 2863
3697 8581
3698 2539
3699 3294
3700 2749
3701 3515
3702 3607
3703 1068
3704 3611
3705 849
3706 1789
3707 2857
3708 2119
3709 2020
3710 3163
3711 3550
3712 2257
3713 3228
3714 2640
3715 1434
3716 2800
3717 3641
3718 1174
3719 2386
3720 3300
3721 2980
3722 3341
3723 647
3724 3145
3725 3386
3726 8581
3727 3175
3728 2497
3729 2361
3730 2022
3731 3377
3732 3349
3733 3544
3734 943
3735 2927
3736 2907
3737 3455
3738 3662
3739 1944
3740 3032
3741 3301
3742 3420
3743 2444
3744 2951
3745 3540
3746 1739
3747 3384
3748 3351
3749 2512
3750 3369
3751 3672
3752 2886
3753 3498
3754 3360
3755 3272
3756 2968
3757 3069
3758 2936
3759 2286
3760 3424
3761 1795
3762 2629
3763 865
3764 3463
3765 3654
3766 2423
3767 3459
3768 3685
3769 1513
3770 8581
3771 3124
3772 2668
3773 3236
3774 3608
3775 1990
3776 3503
3777 3021
3778 2867
3779 3381
3780 1891
3781 2736
3782 3610
3783 2932
3784 3562
3785 3634
3786 3180
3787 2862
3788 2711
3789 3003
3790 3666
3791 2248
3792 2844
3793 3617
3794 3435
3795 1784
3796 2485
3797 2493
3798 211
3799 3040
3800 3074
3801 3620
3802 2076
3803 3645
3804 3533
3805 305
3806 3696
3807 2858
3808 1934
3809 1547
3810 3164
3811 2840
3812 3553
3813 3801
3814 1635
3815 3680
3816 8581
3817 3775
3818 3310
3819 3090
3820 3593
3821 2837
3822 3432
3823 3183
3824 2981
3825 3450
3826 3409
3827 2023
3828 3761
3829 3484
3830 1830
3831 3574
3832 3678
3833 3431
3834 1579
3835 3621
3836 2627
3837 3415
3838 1019
3839 3524
3840 3573
3841 3733
3842 8581
3843 3394
3844 2706
3845 3657
3846 1737
3847 442
3848 3488
3849 2345
3850 3286
3851 3554
3852 3434
3853 3714
3854 3601
3855 2738
3856 2392
3857 3322
3858 3205
3859 1607
3860 2373
3861 3494
3862 2814
3863 3674
3864 2594
3865 3580
3866 2740
3867 3190
3868 3062
3869 3151
3870 3596
3871 3506
3872 8581
3873 3776
3874 3273
3875 1845
3876 2715
3877 2236
3878 2587
3879 3038
3880 2269
3881 3832
3882 2605
3883 2855
3884 3636
3885 3073
3886 2622
3887 2730
3888 2397
3889 1732
3890 893
3891 2289
3892 1297
3893 931
3894 3274
3895 3404
3896 945
3897 1162
3898 1814
3899 3446
3900 1126
3901 3802
3902 1124
3903 2834
3904 3026
3905 2702
3906 3363
3907 3691
3908 3376
3909 1266
3910 8581
3911 8581
3912 3531
3913 2560
3914 3560
3915 3019
3916 1610
3917 2335
3918 2537
3919 3845
3920 2714
3921 3014
3922 2933
3923 2159
3924 3008
3925 3846
3926 3697
3927 3305
3928 2875
3929 3121
3930 3461
3931 1798
3932 3505
3933 3771
3934 2698
3935 2679
3936 3125
3937 2074
3938 3204
3939 3862
3940 3600
3941 3658
3942 3111
3943 3856
3944 2306
3945 3897
3946 3054
3947 3317
3948 3325
3949 3765
3950 2777
3951 3799
3952 3917
3953 3763
3954 3597
3955 3141
3956 3746
3957 3867
3958 1470
3959 3321
3960 2502
3961 3543
3962 2958
3963 2145
3964 1508
3965 3948
3966 1062
3967 3030
3968 3127
3969 3790
3970 3012
3971 2176
3972 3604
3973 3234
3974 3383
3975 572
3976 2783
3977 3844
3978 2883
3979 3853
3980 3837
3981 2353
3982 3106
3983 3902
3984 3669
3985 3693
3986 2804
3987 3552
3988 2514
3989 3740
3990 2200
3991 3581
3992 3725
3993 3730
3994 454
3995 3335
3996 8581
3997 2925
3998 2662
3999 3314
4000 1775
4001 3804
4002 2143
4003 2796
4004 2452
4005 2531
4006 3311
4007 389
4008 3453
4009 4006
4010 2682
4011 3262
4012 3445
4013 3496
4014 3354
4015 2765
4016 2068
4017 3371
4018 3315
4019 1627
4020 3433
4021 3043
4022 3410
4023 3767
4024 3911
4025 3670
4026 1788
4027 1817
4028 3736
4029 2381
4030 3257
4031 2266
4032 956
4033 3612
4034 3397
4035 2810
4036 2563
4037 2717
4038 3167
4039 3268
4040 3468
4041 2216
4042 2946
4043 3945
4044 3537
4045 3684
4046 2990
4047 2599
4048 876
4049 3520
4050 3131
4051 3291
4052 3713
4053 3830
4054 3864
4055 1177
4056 2941
4057 3682
4058 3339
4059 3170
4060 4042
4061 3912
4062 3545
4063 2906
4064 3599
4065 3362
4066 3603
4067 2979
4068 1804
4069 3648
4070 3165
4071 886
4072 3614
4073 3319
4074 2215
4075 763
4076 3732
4077 3704
4078 2955
4079 3508
4080 1108
4081 2754
4082 614
4083 2428
4084 1835
4085 3160
4086 2780
4087 3702
4088 3778
4089 3565
4090 2543
4091 3931
4092 8581
4093 3825
4094 3555
4095 3819
4096 3075
4097 3900
4098 3613
4099 2787
4100 3671
4101 3088
4102 2934
4103 3267
4104 3427
4105 3472
4106 3536
4107 3290
4108 979
4109 1783
4110 4096
4111 3711
4112 3865
4113 3937
4114 3328
4115 4028
4116 3134
4117 3705
4118 3298
4119 4117
4120 3921
4121 3586
4122 2152
4123 3136
4124 1302
4125 844
4126 2106
4127 2806
4128 3863
4129 4111
4130 3916
4131 3572
4132 3925
4133 3527
4134 2631
4135 985
4136 3877
4137 4057
4138 4032
4139 3896
4140 3938
4141 8581
4142 3421
4143 3718
4144 2475
4145 2928
4146 354
4147 3792
4148 4132
4149 3706
4150 2372
4151 3577
4152 3541
4153 3872
4154 1452
4155 2768
4156 3717
4157 3079
4158 3750
4159 1864
4160 8581
4161 3667
4162 1448
4163 2751
4164 2567
4165 3655
4166 3389
4167 3279
4168 3745
4169 3598
4170 3969
4171 3539
4172 2304
4173 3570
4174 3405
4175 2743
4176 3022
4177 3186
4178 3627
4179 4036
4180 3036
4181 3223
4182 2473
4183 4137
4184 4171
4185 2110
4186 1265
4187 2515
4188 2898
4189 3245
4190 2654
4191 3028
4192 2224
4193 2859
4194 1339
4195 3561
4196 230
4197 2469
4198 4060
4199 4182
4200 1602
4201 3724
4202 2038
4203 2681
4204 3364
4205 2708
4206 3869
4207 3812
4208 2919
4209 3511
4210 3893
4211 8581
4212 3640
4213 1632
4214 3951
4215 4017
4216 8581
4217 8581
4218 3874
4219 3651
4220 3888
4221 3176
4222 3831
4223 3126
4224 3781
4225 3880
4226 4208
4227 2769
4228 2319
4229 3499
4230 1673
4231 3935
4232 3966
4233 3521
4234 1193
4235 2713
4236 2985
4237 3491
4238 3878
4239 3490
4240 3807
4241 4018
4242 3887
4243 3892
4244 1171
4245 3710
4246 4200
4247 3482
4248 4209
4249 3143
4250 3729
4251 3942
4252 4186
4253 3833
4254 3049
4255 1505
4256 601
4257 4252
4258 3399
4259 3743
4260 3848
4261 4218
4262 740
4263 4151
4264 2171
4265 3980
4266 2815
4267 1807
4268 2890
4269 3722
4270 4237
4271 4094
4272 2545
4273 3086
4274 246
4275 1092
4276 4157
4277 2131
4278 3748
4279 4273
4280 3302
4281 3953
4282 3852
4283 2354
4284 3793
4285 8581
4286 2726
4287 3347
4288 2130
4289 1517
4290 2901
4291 2486
4292 3949
4293 3633
4294 4207
4295 860
4296 1219
4297 3965
4298 3986
4299 3993
4300 4286
4301 4064
4302 3818
4303 4107
4304 4115
4305 3367
4306 2788
4307 2881
4308 3548
4309 3762
4310 3137
4311 563
4312 3514
4313 3438
4314 4088
4315 2912
4316 4305
4317 3787
4318 3361
4319 4277
4320 3229
4321 3296
4322 3213
4323 3444
4324 4247
4325 3557
4326 2820
4327 3723
4328 3307
4329 3241
4330 1890
4331 4213
4332 3997
4333 4050
4334 2991
4335 2984
4336 2921
4337 1312
4338 3072
4339 2836
4340 3246
4341 3703
4342 2999
4343 3112
4344 2897
4345 3768
4346 3100
4347 3735
4348 2591
4349 3639
4350 4319
4351 3815
4352 1722
4353 3171
4354 1638
4355 4351
4356 2825
4357 4211
4358 2956
4359 4215
4360 2477
4361 2649
4362 2261
4363 1654
4364 1761
4365 2992
4366 4353
4367 3058
4368 3647
4369 4223
4370 4310
4371 2982
4372 3810
4373 3535
4374 3688
4375 3320
4376 3107
4377 3780
4378 3899
4379 3605
4380 4363
4381 4194
4382 3881
4383 3563
4384 3974
4385 4358
4386 3340
4387 4014
4388 3814
4389 4192
4390 247
4391 3742
4392 3798
4393 3988
4394 441
4395 2880
4396 3447
4397 2833
4398 3940
4399 3142
4400 3625
4401 4135
4402 3076
4403 4008
4404 3821
4405 512
4406 4002
4407 1938
4408 4226
4409 3950
4410 3002
4411 3849
4412 2446
4413 4357
4414 3231
4415 4393
4416 3829
4417 4118
4418 2808
4419 3497
4420 3739
4421 2458
4422 2441
4423 3187
4424 3782
4425 4197
4426 3992
4427 3909
4428 3715
4429 3716
4430 3675
4431 3961
4432 2470
4433 3023
4434 3707
4435 2290
4436 3442
4437 163
4438 4021
4439 3097
4440 3045
4441 510
4442 3759
4443 3120
4444 2168
4445 4337
4446 3919
4447 1959
4448 3338
4449 2908
4450 1860
4451 4155
4452 3975
4453 8581
4454 4000
4455 3673
4456 4084
4457 1926
4458 684
4459 2075
4460 4281
4461 3721
4462 3057
4463 4202
4464 448
4465 4191
4466 4176
4467 3973
4468 1269
4469 3970
4470 2884
4471 3842
4472 3687
4473 4136
4474 3210
4475 4091
4476 4173
4477 3392
4478 2041
4479 4251
4480 1625
4481 4110
4482 3243
4483 3644
4484 4472
4485 1276
4486 2178
4487 2843
4488 4250
4489 4162
4490 3764
4491 4375
4492 4133
4493 3215
4494 4441
4495 3395
4496 4246
4497 3197
4498 1467
4499 4283
4500 3847
4501 2935
4502 2842
4503 3313
4504 4388
4505 2533
4506 4244
4507 4254
4508 2827
4509 3628
4510 3606
4511 1395
4512 4282
4513 4146
4514 4193
4515 4462
4516 3556
4517 3288
4518 3546
4519 1983
4520 4322
4521 2756
4522 4278
4523 3835
4524 3809
4525 4451
4526 4396
4527 3936
4528 8581
4529 4023
4530 1591
4531 1499
4532 4402
4533 4432
4534 3109
4535 3502
4536 3567
4537 4180
4538 3452
4539 4294
4540 2359
4541 3955
4542 3859
4543 3523
4544 3894
4545 8581
4546 1675
4547 3457
4548 3292
4549 3530
4550 4449
4551 3805
4552 4224
4553 3146
4554 4306
4555 2505
4556 1765
4557 2939
4558 3908
4559 4487
4560 4330
4561 4510
4562 3882
4563 4124
4564 3661
4565 4411
4566 4103
4567 3946
4568 3348
4569 3895
4570 2688
4571 3698
4572 2973
4573 3196
4574 3629
4575 4214
4576 2150
4577 3507
4578 1620
4579 3694
4580 3566
4581 2138
4582 3823
4583 4550
4584 2929
4585 4287
4586 4033
4587 4415
4588 3255
4589 4024
4590 655
4591 4325
4592 3220
4593 3289
4594 4229
4595 4390
4596 1529
4597 3789
4598 3808
4599 3995
4600 4489
4601 4177
4602 2134
4603 4482
4604 2794
4605 4196
4606 987
4607 4435
4608 4405
4609 4204
4610 3668
4611 4175
4612 2090
4613 4542
4614 3609
4615 4262
4616 4318
4617 4571
4618 2303
4619 4245
4620 3996
4621 2910
4622 4440
4623 921
4624 3637
4625 1002
4626 3419
4627 880
4628 4438
4629 4331
4630 4457
4631 4034
4632 4299
4633 4040
4634 2805
4635 4483
4636 4630
4637 4610
4638 4576
4639 3959
4640 3701
4641 4362
4642 4104
4643 1829
4644 3898
4645 1801
4646 4012
4647 3976
4648 3772
4649 3522
4650 4172
4651 4264
4652 4508
4653 4372
4654 4170
4655 4646
4656 3486
4657 3283
4658 2453
4659 4076
4660 4562
4661 8581
4662 2902
4663 2720
4664 3467
4665 3549
4666 1142
4667 3811
4668 2758
4669 4547
4670 4475
4671 590
4672 4239
4673 4159
4674 2816
4675 3851
4676 502
4677 3983
4678 2710
4679 4336
4680 4467
4681 4219
4682 4529
4683 3665
4684 4335
4685 1753
4686 3414
4687 2347
4688 3708
4689 3664
4690 1492
4691 961
4692 2988
4693 2845
4694 4285
4695 3930
4696 2440
4697 3222
4698 3483
4699 4139
4700 2707
4701 3890
4702 4052
4703 4307
4704 3422
4705 4606
4706 3047
4707 4073
4708 4152
4709 4667
4710 8581
4711 3871
4712 2997
4713 4031
4714 3924
4715 1999
4716 4581
4717 3564
4718 3153
4719 4314
4720 3816
4721 3150
4722 4481
4723 4584
4724 3689
4725 3005
4726 2384
4727 3656
4728 4228
4729 3910
4730 4243
4731 3817
4732 4647
4733 689
4734 2962
4735 4643
4736 4304
4737 4327
4738 3891
4739 3365
4740 4509
4741 3826
4742 4682
4743 4256
4744 4116
4745 4652
4746 2288
4747 4370
4748 4395
4749 8581
4750 4338
4751 4560
4752 8581
4753 3326
4754 4541
4755 2005
4756 4308
4757 4637
4758 4523
4759 4632
4760 3460
4761 3719
4762 3519
4763 3578
4764 4212
4765 4027
4766 4534
4767 3927
4768 3630
4769 3306
4770 3440
4771 4468
4772 1315
4773 3542
4774 3089
4775 3941
4776 4666
4777 4394
4778 4697
4779 2687
4780 3198
4781 4563
4782 3971
4783 4640
4784 4497
4785 3408
4786 1887
4787 4410
4788 4235
4789 2793
4790 3868
4791 4168
4792 4147
4793 3590
4794 4642
4795 3588
4796 4586
4797 2874
4798 4702
4799 4263
4800 3751
4801 3806
4802 2558
4803 3962
4804 3923
4805 4760
4806 4380
4807 3528
4808 2302
4809 4198
4810 2723
4811 4345
4812 4267
4813 4782
4814 4678
4815 2832
4816 3646
4817 4736
4818 2966
4819 3423
4820 4500
4821 3879
4822 4397
4823 1630
4824 4238
4825 4280
4826 3836
4827 4546
4828 4680
4829 4359
4830 4101
4831 3770
4832 4051
4833 4649
4834 4787
4835 3020
4836 1942
4837 1366
4838 4401
4839 4406
4840 4374
4841 1421
4842 3820
4843 3766
4844 4295
4845 190
4846 4447
4847 3192
4848 3855
4849 3304
4850 878
4851 8581
4852 3582
4853 4274
4854 4506
4855 4526
4856 4087
4857 4505
4858 3758
4859 3037
4860 1429
4861 3977
4862 4010
4863 4035
4864 4350
4865 3990
4866 4236
4867 2638
4868 2974
4869 4622
4870 4754
4871 4806
4872 4530
4873 3242
4874 1810
4875 3797
4876 4572
4877 8581
4878 4217
4879 4824
4880 4555
4881 4495
4882 2506
4883 4156
4884 4749
4885 4639
4886 3518
4887 8581
4888 3345
4889 4290
4890 3370
4891 2463
4892 3547
4893 3052
4894 4880
4895 4579
4896 3769
4897 4893
4898 3979
4899 4385
4900 4328
4901 2259
4902 4142
4903 4851
4904 3356
4905 3385
4906 3963
4907 3956
4908 4400
4909 3760
4910 1808
4911 2923
4912 3994
4913 4437
4914 4503
4915 3538
4916 4484
4917 3635
4918 4517
4919 1407
4920 3929
4921 4525
4922 4723
4923 2940
4924 4049
4925 714
4926 4065
4927 4143
4928 4020
4929 4539
4930 4303
4931 4524
4932 2677
4933 4846
4934 4712
4935 1774
4936 3984
4937 4797
4938 4047
4939 2313
4940 3623
4941 3978
4942 3260
4943 4886
4944 3225
4945 4066
4946 4093
4947 2548
4948 4870
4949 1611
4950 3803
4951 2811
4952 4568
4953 4082
4954 4811
4955 4826
4956 4347
4957 4847
4958 4343
4959 4386
4960 3866
4961 2957
4962 4340
4963 2663
4964 4819
4965 3470
4966 2651
4967 3182
4968 3471
4969 3227
4970 3922
4971 4907
4972 4404
4973 3232
4974 4769
4975 4573
4976 4967
4977 4756
4978 2371
4979 4507
4980 4407
4981 4588
4982 4927
4983 4668
4984 4823
4985 3618
4986 4874
4987 3161
4988 4938
4989 3734
4990 1642
4991 3166
4992 3642
4993 4677
4994 4683
4995 4914
4996 4041
4997 4859
4998 3660
4999 2578
5000 3532
5001 3631
5002 3060
5003 2620
5004 4203
5005 4474
5006 1664
5007 2125
5008 4585
5009 4121
5010 4998
5011 4125
5012 2655
5013 4097
5014 3592
5015 4641
5016 3056
5017 5007
5018 4675
5019 4373
5020 4609
5021 4492
5022 4366
5023 4046
5024 4833
5025 4324
5026 3738
5027 3157
5028 3860
5029 4138
5030 4332
5031 4053
5032 4743
5033 2517
5034 4627
5035 4692
5036 4877
5037 4185
5038 4056
5039 4225
5040 4302
5041 4952
5042 3504
5043 4145
5044 4662
5045 2781
5046 4722
5047 4856
5048 3221
5049 4058
5050 3510
5051 3316
5052 4293
5053 3843
5054 4516
5055 4364
5056 1931
5057 4634
5058 3441
5059 3840
5060 8581
5061 3331
5062 4693
5063 4838
5064 2443
5065 4984
5066 3947
5067 4913
5068 3643
5069 1003
5070 4371
5071 4453
5072 4687
5073 4080
5074 2254
5075 4069
5076 5058
5077 4636
5078 4651
5079 2504
5080 4982
5081 4301
5082 4690
5083 4333
5084 1151
5085 868
5086 4789
5087 2395
5088 3373
5089 5021
5090 4949
5091 4969
5092 820
5093 4860
5094 877
5095 4852
5096 4055
5097 4928
5098 2972
5099 4538
5100 4963
5101 1477
5102 4271
5103 4707
5104 4349
5105 4603
5106 4114
5107 3501
5108 3906
5109 4759
5110 4030
5111 4518
5112 4329
5113 4703
5114 3293
5115 4866
5116 2664
5117 2049
5118 4276
5119 4187
5120 2625
5121 4781
5122 2818
5123 3913
5124 4580
5125 4511
5126 4296
5127 4381
5128 4593
5129 5009
5130 4735
5131 3954
5132 251
5133 5072
5134 4719
5135 4378
5136 4761
5137 5057
5138 4558
5139 3525
5140 4748
5141 4933
5142 4947
5143 5035
5144 4853
5145 3529
5146 1973
5147 4499
5148 3932
5149 4298
5150 3850
5151 4148
5152 4100
5153 3649
5154 2579
5155 4763
5156 3379
5157 4063
5158 3907
5159 4944
5160 4232
5161 4233
5162 3352
5163 4783
5164 4845
5165 4044
5166 4816
5167 3692
5168 4248
5169 3324
5170 5048
5171 4669
5172 4469
5173 4131
5174 4553
5175 5134
5176 3329
5177 933
5178 4654
5179 4765
5180 5051
5181 4657
5182 5160
5183 4379
5184 4288
5185 4268
5186 3777
5187 4164
5188 4444
5189 4695
5190 4257
5191 4597
5192 3712
5193 4258
5194 5052
5195 4591
5196 2817
5197 4684
5198 4313
5199 3972
5200 4629
5201 3791
5202 3958
5203 4112
5204 1719
5205 4932
5206 5038
5207 4888
5208 3083
5209 4941
5210 4910
5211 4210
5212 4706
5213 3857
5214 3495
5215 4821
5216 4700
5217 4972
5218 4671
5219 4048
5220 3934
5221 5059
5222 2856
5223 5100
5224 4660
5225 4061
5226 5097
5227 4549
5228 4113
5229 3626
5230 4160
5231 3838
5232 4776
5233 4721
5234 4705
5235 4234
5236 5082
5237 8581
5238 4158
5239 5124
5240 5161
5241 5122
5242 2987
5243 3224
5244 4772
5245 3904
5246 4352
5247 4711
5248 4840
5249 2799
5250 4616
5251 4981
5252 5117
5253 5068
5254 4899
5255 5239
5256 4377
5257 4565
5258 4884
5259 4916
5260 3185
5261 3249
5262 3747
5263 4795
5264 3794
5265 4796
5266 3960
5267 4045
5268 5047
5269 5123
5270 4788
5271 5171
5272 3918
5273 1146
5274 4361
5275 2154
5276 5191
5277 4720
5278 4727
5279 4935
5280 5079
5281 5226
5282 5198
5283 2433
5284 3683
5285 4595
5286 3756
5287 2403
5288 1403
5289 4650
5290 3297
5291 4548
5292 3579
5293 3583
5294 1637
5295 4608
5296 4991
5297 5294
5298 4974
5299 4751
5300 4971
5301 4260
5302 2695
5303 5156
5304 4551
5305 2893
5306 5116
5307 5002
5308 5206
5309 4965
5310 5210
5311 5103
5312 5242
5313 4464
5314 2585
5315 5212
5316 3854
5317 3779
5318 5309
5319 4849
5320 5024
5321 4898
5322 4153
5323 4626
5324 3822
5325 4820
5326 2551
5327 5085
5328 2267
5329 3786
5330 4188
5331 3372
5332 2530
5333 3875
5334 4976
5335 4828
5336 4954
5337 4923
5338 3244
5339 5013
5340 2847
5341 3343
5342 3926
5343 4389
5344 5304
5345 4739
5346 5247
5347 4488
5348 4102
5349 4105
5350 4075
5351 3744
5352 5342
5353 5168
5354 4843
5355 5040
5356 4354
5357 4830
5358 5127
5359 4460
5360 5340
5361 5167
5362 4734
5363 5230
5364 4391
5365 5172
5366 5308
5367 3841
5368 4869
5369 4612
5370 3239
5371 4977
5372 4521
5373 3700
5374 5164
5375 4854
5376 4807
5377 4596
5378 5190
5379 5232
5380 5182
5381 5350
5382 4129
5383 5213
5384 5162
5385 5193
5386 1129
5387 4315
5388 4790
5389 3783
5390 3587
5391 2163
5392 4848
5393 3303
5394 3050
5395 4427
5396 5311
5397 4922
5398 4903
5399 3827
5400 2896
5401 5130
5402 2139
5403 3011
5404 4653
5405 5042
5406 5150
5407 5012
5408 2860
5409 4015
5410 5382
5411 2046
5412 3382
5413 4929
5414 2876
5415 5381
5416 4420
5417 5081
5418 4478
5419 4960
5420 4786
5421 4730
5422 1346
5423 3695
5424 5169
5425 4679
5426 4615
5427 3526
5428 4779
5429 4480
5430 5137
5431 3462
5432 2667
5433 5006
5434 5346
5435 5420
5436 2118
5437 2903
5438 4513
5439 4154
5440 3474
5441 4953
5442 4216
5443 3987
5444 3061
5445 4311
5446 3042
5447 5184
5448 5443
5449 4590
5450 4494
5451 2892
5452 4078
5453 4911
5454 3094
5455 4835
5456 5305
5457 3492
5458 5335
5459 4317
5460 5398
5461 4445
5462 4242
5463 4184
5464 5205
5465 4798
5466 4067
5467 5286
5468 4149
5469 4992
5470 4613
5471 3017
5472 5414
5473 8581
5474 4167
5475 5173
5476 4323
5477 5238
5478 5355
5479 4890
5480 1539
5481 4013
5482 5128
5483 4312
5484 770
5485 3839
5486 3727
5487 3355
5488 3650
5489 3813
5490 5372
5491 4732
5492 4320
5493 4195
5494 5071
5495 4988
5496 5070
5497 3357
5498 5003
5499 4241
5500 5393
5501 3068
5502 5334
5503 2976
5504 4729
5505 3327
5506 4810
5507 5054
5508 4689
5509 4956
5510 4504
5511 4801
5512 3253
5513 5387
5514 5129
5515 4150
5516 4022
5517 3901
5518 5271
5519 4784
5520 3754
5521 4486
5522 5503
5523 960
5524 4715
5525 5066
5526 4694
5527 4688
5528 5132
5529 4623
5530 4309
5531 4909
5532 5119
5533 4672
5534 4906
5535 4601
5536 4537
5537 4598
5538 5313
5539 5248
5540 4412
5541 5510
5542 4552
5543 8581
5544 5252
5545 4951
5546 5406
5547 5218
5548 5010
5549 5131
5550 5457
5551 3981
5552 4661
5553 5019
5554 3999
5555 4905
5556 2099
5557 5025
5558 4589
5559 5152
5560 4533
5561 5141
5562 4275
5563 4025
5564 2175
5565 5493
5566 2669
5567 1710
5568 5455
5569 1460
5570 4514
5571 3944
5572 3009
5573 5441
5574 5572
5575 5479
5576 5344
5577 4995
5578 4836
5579 4940
5580 4557
5581 5405
5582 5016
5583 4883
5584 3943
5585 5225
5586 4628
5587 5583
5588 3905
5589 5111
5590 5533
5591 5064
5592 1918
5593 4920
5594 5459
5595 4696
5596 4804
5597 5075
5598 4742
5599 5240
5600 5567
5601 4221
5602 4455
5603 5320
5604 4174
5605 2447
5606 2332
5607 2523
5608 4130
5609 5514
5610 4936
5611 5564
5612 3018
5613 4498
5614 2173
5615 4566
5616 4617
5617 4261
5618 5500
5619 5508
5620 4878
5621 4423
5622 5573
5623 4522
5624 5595
5625 4344
5626 4900
5627 4205
5628 5288
5629 5499
5630 4384
5631 4985
5632 5482
5633 5612
5634 3602
5635 4753
5636 8581
5637 4733
5638 5077
5639 4418
5640 5586
5641 5544
5642 2803
5643 5217
5644 4844
5645 2854
5646 5569
5647 5065
5648 4249
5649 5627
5650 4570
5651 5109
5652 5530
5653 5327
5654 4326
5655 964
5656 4183
5657 2016
5658 5015
5659 2006
5660 2744
5661 4422
5662 5477
5663 5056
5664 4607
5665 5655
5666 5541
5667 3013
5668 3920
5669 5317
5670 5623
5671 5461
5672 5568
5673 5105
5674 2998
5675 4436
5676 5220
5677 3568
5678 3430
5679 5676
5680 5401
5681 5245
5682 5545
5683 5436
5684 5664
5685 5374
5686 5356
5687 4676
5688 5083
5689 4190
5690 3454
5691 5120
5692 3883
5693 5221
5694 5110
5695 5471
5696 5667
5697 5621
5698 4431
5699 5639
5700 3443
5701 4265
5702 4762
5703 5146
5704 5005
5705 918
5706 4802
5707 4803
5708 5351
5709 4681
5710 2914
5711 5565
5712 5069
5713 4875
5714 5136
5715 5262
5716 3737
5717 4255
5718 5231
5719 5114
5720 5695
5721 3139
5722 5099
5723 4240
5724 5637
5725 4531
5726 4961
5727 5543
5728 5444
5729 5705
5730 4924
5731 4532
5732 3824
5733 5719
5734 5606
5735 5577
5736 5694
5737 5090
5738 5687
5739 5339
5740 3957
5741 4895
5742 5149
5743 5361
5744 1523
5745 4392
5746 1353
5747 4740
5748 5596
5749 4837
5750 5681
5751 2464
5752 4189
5753 3773
5754 5087
5755 4664
5756 5474
5757 3178
5758 5254
5759 5310
5760 5537
5761 5348
5762 5237
5763 5360
5764 5463
5765 4259
5766 5096
5767 4144
5768 4443
5769 5166
5770 4599
5771 4659
5772 4465
5773 4614
5774 4766
5775 5316
5776 5602
5777 5192
5778 5204
5779 5560
5780 5534
5781 4600
5782 5743
5783 5148
5784 4918
5785 5622
5786 4881
5787 5375
5788 4930
5789 4043
5790 4346
5791 5674
5792 4889
5793 5151
5794 5748
5795 5791
5796 5538
5797 5554
5798 4919
5799 5326
5800 4019
5801 4554
5802 4574
5803 5321
5804 4857
5805 5073
5806 4861
5807 4658
5808 5078
5809 5684
5810 5118
5811 3741
5812 5030
5813 4714
5814 5548
5815 4476
5816 3861
5817 5312
5818 4908
5819 5809
5820 4355
5821 3480
5822 4417
5823 1256
5824 5447
5825 5672
5826 5298
5827 2564
5828 4201
5829 4279
5830 5036
5831 4755
5832 5076
5833 3096
5834 4822
5835 5465
5836 5677
5837 5685
5838 4738
5839 5424
5840 5274
5841 5736
5842 3116
5843 4086
5844 4583
5845 5669
5846 5093
5847 4559
5848 5582
5849 5697
5850 5720
5851 4670
5852 5551
5853 3416
5854 5793
5855 5236
5856 4479
5857 5089
5858 5399
5859 5432
5860 4773
5861 3720
5862 5061
5863 5460
5864 4545
5865 5023
5866 4897
5867 4409
5868 4752
5869 4959
5870 5725
5871 5531
5872 5199
5873 5552
5874 5053
5875 5591
5876 5574
5877 5153
5878 4792
5879 5202
5880 2742
5881 4777
5882 5011
5883 3686
5884 5768
5885 5446
5886 3681
5887 5427
5888 5836
5889 5711
5890 422
5891 4770
5892 5140
5893 5715
5894 4741
5895 3169
5896 2521
5897 5780
5898 4493
5899 5839
5900 4001
5901 5893
5902 5665
5903 3513
5904 4611
5905 4512
5906 5511
5907 3475
5908 3676
5909 5095
5910 5259
5911 5445
5912 4561
5913 5764
5914 5389
5915 5613
5916 5126
5917 8581
5918 5816
5919 4994
5920 5429
5921 4126
5922 4931
5923 4230
5924 5644
5925 5451
5926 4891
5927 4592
5928 5714
5929 5251
5930 5523
5931 5084
5932 4950
5933 4686
5934 4578
5935 4316
5936 2251
5937 5930
5938 4519
5939 3982
5940 4864
5941 3559
5942 5170
5943 5487
5944 2482
5945 3968
5946 3952
5947 4461
5948 3591
5949 5734
5950 5267
5951 4978
5952 5527
5953 3113
5954 2461
5955 5634
5956 3509
5957 5883
5958 5219
5959 3402
5960 5540
5961 3679
5962 4829
5963 1199
5964 4365
5965 3282
5966 3200
5967 5810
5968 4673
5969 4098
5970 3796
5971 5646
5972 5396
5973 4009
5974 4785
5975 5067
5976 5546
5977 5519
5978 5795
5979 5046
5980 5889
5981 3699
5982 5761
5983 5411
5984 5740
5985 2661
5986 3757
5987 4815
5988 5811
5989 3889
5990 5512
5991 5821
5992 5731
5993 5611
5994 5343
5995 5853
5996 5758
5997 5877
5998 5341
5999 5363
6000 5113
6001 4501
6002 5421
6003 4868
6004 4915
6005 4141
6006 1173
6007 5464
6008 4665
6009 5649
6010 5662
6011 5819
6012 5949
6013 5951
6014 5490
6015 6011
6016 5955
6017 5008
6018 5603
6019 5756
6020 4577
6021 5898
6022 2970
6023 5270
6024 5203
6025 5539
6026 5997
6027 5209
6028 5266
6029 4269
6030 5932
6031 5357
6032 4456
6033 5763
6034 4334
6035 4768
6036 5890
6037 5844
6038 5366
6039 3726
6040 4181
6041 5423
6042 4083
6043 5306
6044 5258
6045 5478
6046 4227
6047 5996
6048 5318
6049 5576
6050 5745
6051 3209
6052 5688
6053 6027
6054 5614
6055 5579
6056 4092
6057 5578
6058 5870
6059 6041
6060 4266
6061 6036
6062 5244
6063 5550
6064 4621
6065 5643
6066 2950
6067 5851
6068 5466
6069 4744
6070 4387
6071 5559
6072 4778
6073 5014
6074 6051
6075 5174
6076 5041
6077 5744
6078 3309
6079 5879
6080 5927
6081 4841
6082 5549
6083 5094
6084 5909
6085 6017
6086 4986
6087 5594
6088 5263
6089 5088
6090 5828
6091 5735
6092 5147
6093 5185
6094 4791
6095 6069
6096 5314
6097 4685
6098 4038
6099 4699
6100 4582
6101 5033
6102 5483
6103 4490
6104 5295
6105 5336
6106 5923
6107 5963
6108 4879
6109 4813
6110 3595
6111 5376
6112 5261
6113 5265
6114 5797
6115 5402
6116 5837
6117 5222
6118 5618
6119 5377
6120 6052
6121 5323
6122 5947
6123 5458
6124 4403
6125 5273
6126 5867
6127 4825
6128 5804
6129 4544
6130 5887
6131 5652
6132 5852
6133 5260
6134 5187
6135 5897
6136 4127
6137 5473
6138 5708
6139 4619
6140 4367
6141 4902
6142 5481
6143 4704
6144 5101
6145 5774
6146 5505
6147 6089
6148 3632
6149 4178
6150 5911
6151 2809
6152 5956
6153 5367
6154 5933
6155 4894
6156 5175
6157 5615
6158 3652
6159 5590
6160 4502
6161 2819
6162 5699
6163 2945
6164 4485
6165 6138
6166 5779
6167 5074
6168 5908
6169 6102
6170 5974
6171 5798
6172 4433
6173 4109
6174 6061
6175 5843
6176 4957
6177 5354
6178 5690
6179 5806
6180 4368
6181 5980
6182 6144
6183 5722
6184 1811
6185 4602
6186 5292
6187 5700
6188 5154
6189 6026
6190 5967
6191 5847
6192 3053
6193 5654
6194 5383
6195 5563
6196 3788
6197 6039
6198 5418
6199 4429
6200 5000
6201 3144
6202 4029
6203 6146
6204 5938
6205 5472
6206 4757
6207 4528
6208 5746
6209 4775
6210 4074
6211 5668
6212 6004
6213 4805
6214 5845
6215 6206
6216 5633
6217 5498
6218 5297
6219 2899
6220 5235
6221 3622
6222 5416
6223 6136
6224 4871
6225 5063
6226 8581
6227 5143
6228 5970
6229 6159
6230 6008
6231 5338
6232 3437
6233 4717
6234 6010
6235 6043
6236 5941
6237 4885
6238 4321
6239 6155
6240 5617
6241 5442
6242 6240
6243 5842
6244 6066
6245 6094
6246 4726
6247 5369
6248 4556
6249 5388
6250 6212
6251 5776
6252 5494
6253 8581
6254 4987
6255 2271
6256 3006
6257 5062
6258 6158
6259 4945
6260 5469
6261 4466
6262 3731
6263 5106
6264 4968
6265 6254
6266 5332
6267 4946
6268 5752
6269 5553
6270 5820
6271 5706
6272 5894
6273 5208
6274 5638
6275 5747
6276 6245
6277 4169
6278 6152
6279 5759
6280 6198
6281 5282
6282 5716
6283 5888
6284 1134
6285 6236
6286 5850
6287 5710
6288 6197
6289 3387
6290 5379
6291 5293
6292 5961
6293 5616
6294 2630
6295 6096
6296 5659
6297 5948
6298 4809
6299 5060
6300 2812
6301 5709
6302 4165
6303 1371
6304 4964
6305 4747
6306 5325
6307 4812
6308 5823
6309 6165
6310 5470
6311 5753
6312 6087
6313 3512
6314 6079
6315 5650
6316 5666
6317 5840
6318 5468
6319 4439
6320 5647
6321 5619
6322 6033
6323 5362
6324 5329
6325 6171
6326 5180
6327 6131
6328 5253
6329 5593
6330 4452
6331 4973
6332 5691
6333 5331
6334 5609
6335 6085
6336 2942
6337 2301
6338 2281
6339 6059
6340 5163
6341 5196
6342 5216
6343 3219
6344 4426
6345 6282
6346 6234
6347 6025
6348 5373
6349 2652
6350 5813
6351 6037
6352 6292
6353 4999
6354 6170
6355 6201
6356 4594
6357 5491
6358 5673
6359 4037
6360 6070
6361 5679
6362 5430
6363 6202
6364 4564
6365 6174
6366 2146
6367 4376
6368 3800
6369 5513
6370 5832
6371 5966
6372 6030
6373 6239
6374 4710
6375 5284
6376 4106
6377 5641
6378 5919
6379 3102
6380 5751
6381 5928
6382 3258
6383 6157
6384 6211
6385 5678
6386 5952
6387 5935
6388 5954
6389 4108
6390 4569
6391 6105
6392 5328
6393 5159
6394 4199
6395 5693
6396 5766
6397 5857
6398 6373
6399 5349
6400 4764
6401 5833
6402 6016
6403 6169
6404 4867
6405 5378
6406 4442
6407 5522
6408 6241
6409 6387
6410 5228
6411 5773
6412 6178
6413 5386
6414 5597
6415 4011
6416 6274
6417 4834
6418 5792
6419 5179
6420 3749
6421 5229
6422 4698
6423 6371
6424 6060
6425 5506
6426 4827
6427 5771
6428 5536
6429 6402
6430 6416
6431 4831
6432 5043
6433 5968
6434 6269
6435 5108
6436 4068
6437 2703
6438 1714
6439 5250
6440 3659
6441 6115
6442 4356
6443 6378
6444 5926
6445 5835
6446 5214
6447 3784
6448 6383
6449 4089
6450 6362
6451 6411
6452 6067
6453 5516
6454 5874
6455 5683
6456 5914
6457 6029
6458 5178
6459 5723
6460 6459
6461 6422
6462 5404
6463 4635
6464 5322
6465 4728
6466 4079
6467 5449
6468 6306
6469 5086
6470 5910
6471 6377
6472 2852
6473 6028
6474 6247
6475 6438
6476 3939
6477 6095
6478 5598
6479 6259
6480 6074
6481 6084
6482 5588
6483 5830
6484 5610
6485 5502
6486 6355
6487 5207
6488 5330
6489 6071
6490 6472
6491 5848
6492 6129
6493 6050
6494 6126
6495 5831
6496 5741
6497 4863
6498 6406
6499 4872
6500 4862
6501 6130
6502 5971
6503 5453
6504 5004
6505 5566
6506 6435
6507 5034
6508 6286
6509 4970
6510 6476
6511 5858
6512 6132
6513 6194
6514 4272
6515 5953
6516 5359
6517 6242
6518 4416
6519 5507
6520 5144
6521 6494
6522 6003
6523 5989
6524 6400
6525 5686
6526 4179
6527 5794
6528 5682
6529 5524
6530 6098
6531 5750
6532 3677
6533 5600
6534 1110
6535 4771
6536 5571
6537 6148
6538 5920
6539 6091
6540 4099
6541 6344
6542 3181
6543 6501
6544 8581
6545 2953
6546 6149
6547 6444
6548 3155
6549 6180
6550 6119
6551 6439
6552 6283
6553 6020
6554 5489
6555 5801
6556 5692
6557 6218
6558 5029
6559 5391
6560 4896
6561 6268
6562 5915
6563 5969
6564 6188
6565 6338
6566 5733
6567 5138
6568 6415
6569 6123
6570 6294
6571 6471
6572 6441
6573 6182
6574 5754
6575 6348
6576 4633
6577 6253
6578 6073
6579 5873
6580 4958
6581 5504
6582 6271
6583 5728
6584 6116
6585 4003
6586 167
6587 6150
6588 5001
6589 6421
6590 4943
6591 4663
6592 6436
6593 6145
6594 4206
6595 6249
6596 5950
6597 6321
6598 6160
6599 6574
6600 4090
6601 6276
6602 6595
6603 6508
6604 5347
6605 4419
6606 6361
6607 6561
6608 6443
6609 5197
6610 6246
6611 5080
6612 6386
6613 6609
6614 4724
6615 4990
6616 2253
6617 6183
6618 5884
6619 4477
6620 6388
6621 5302
6622 6404
6623 5026
6624 6110
6625 3886
6626 5555
6627 923
6628 5501
6629 5824
6630 5409
6631 5599
6632 6354
6633 5859
6634 5157
6635 6103
6636 3087
6637 6000
6638 5055
6639 6434
6640 6262
6641 5462
6642 5557
6643 6034
6644 4231
6645 4408
6646 891
6647 2961
6648 6370
6649 5721
6650 6295
6651 5434
6652 5777
6653 4624
6654 4398
6655 6191
6656 5998
6657 4414
6658 6021
6659 2412
6660 6523
6661 4937
6662 6506
6663 6128
6664 6005
6665 6230
6666 5892
6667 5028
6668 5917
6669 5808
6670 6427
6671 6579
6672 6628
6673 6379
6674 6630
6675 6139
6676 6671
6677 6207
6678 6522
6679 5246
6680 4983
6681 6260
6682 6135
6683 5364
6684 6175
6685 2165
6686 5121
6687 5112
6688 5729
6689 4081
6690 5875
6691 5324
6692 5724
6693 5787
6694 6660
6695 6390
6696 4543
6697 6396
6698 5570
6699 6487
6700 4876
6701 6611
6702 2436
6703 4620
6704 3271
6705 3933
6706 5988
6707 4070
6708 5965
6709 5535
6710 6565
6711 6654
6712 6562
6713 6464
6714 5045
6715 1478
6716 4731
6717 5946
6718 6429
6719 6418
6720 6648
6721 6454
6722 5188
6723 6653
6724 5135
6725 6189
6726 6613
6727 6577
6728 6461
6729 6662
6730 4458
6731 5300
6732 6285
6733 5454
6734 4095
6735 5307
6736 4454
6737 6137
6738 6032
6739 4605
6740 5913
6741 6161
6742 6250
6743 4421
6744 6507
6745 6615
6746 5630
6747 6323
6748 6225
6749 5249
6750 6614
6751 6456
6752 2048
6753 6477
6754 5786
6755 5605
6756 6364
6757 6509
6758 2282
6759 2264
6760 3277
6761 4996
6762 6603
6763 6563
6764 6312
6765 5900
6766 5991
6767 5846
6768 6610
6769 3653
6770 5102
6771 5670
6772 5125
6773 6544
6774 6469
6775 6340
6776 5301
6777 6398
6778 6528
6779 5285
6780 6106
6781 6314
6782 6219
6783 6717
6784 5732
6785 6726
6786 4604
6787 2317
6788 3287
6789 5139
6790 6678
6791 6571
6792 6374
6793 6759
6794 6738
6795 6587
6796 2011
6797 6672
6798 6035
6799 5895
6800 4708
6801 6093
6802 6108
6803 6729
6804 6681
6805 5395
6806 6480
6807 5785
6808 5680
6809 5365
6810 4737
6811 6679
6812 5200
6813 2948
6814 5234
6815 6399
6816 4793
6817 4297
6818 5592
6819 4430
6820 3885
6821 6224
6822 3425
6823 6689
6824 6722
6825 6733
6826 4428
6827 4270
6828 3870
6829 6666
6830 3967
6831 3774
6832 6047
6833 6553
6834 5276
6835 5822
6836 6195
6837 5658
6838 6675
6839 6682
6840 5921
6841 5438
6842 6252
6843 5480
6844 5098
6845 6162
6846 6786
6847 5765
6848 6567
6849 6697
6850 6111
6851 6546
6852 6720
6853 5400
6854 5944
6855 5940
6856 5352
6857 5561
6858 5972
6859 4725
6860 5860
6861 6186
6862 4818
6863 5986
6864 5518
6865 6376
6866 2379
6867 6822
6868 5133
6869 1873
6870 5243
6871 5762
6872 4496
6873 5241
6874 6828
6875 4459
6876 5183
6877 6310
6878 6346
6879 5788
6880 6775
6881 4535
6882 5896
6883 3281
6884 6540
6885 6190
6886 6216
6887 4656
6888 3998
6889 6504
6890 3485
6891 6712
6892 5817
6893 6431
6894 5864
6895 333
6896 6607
6897 6584
6898 4339
6899 6502
6900 6766
6901 5020
6902 6616
6903 5415
6904 6176
6905 5532
6906 4134
6907 2600
6908 6063
6909 6141
6910 6802
6911 6549
6912 415
6913 6337
6914 6299
6915 6812
6916 6018
6917 4071
6918 4342
6919 6798
6920 6460
6921 4567
6922 5624
6923 4774
6924 5412
6925 5790
6926 4072
6927 6270
6928 3884
6929 5425
6930 6516
6931 6810
6932 6890
6933 5601
6934 6799
6935 5841
6936 6811
6937 6597
6938 6442
6939 5521
6940 6872
6941 6887
6942 4085
6943 6744
6944 3690
6945 6875
6946 6164
6947 4348
6948 5730
6949 2753
6950 5044
6951 5645
6952 6593
6953 6762
6954 6641
6955 6244
6956 4839
6957 6366
6958 6076
6959 4645
6960 6907
6961 6545
6962 6688
6963 6291
6964 6750
6965 6289
6966 6058
6967 5562
6968 6962
6969 6368
6970 6065
6971 6874
6972 6854
6973 6782
6974 6719
6975 4166
6976 6015
6977 6099
6978 6790
6979 6193
6980 6752
6981 6749
6982 5957
6983 6014
6984 6906
6985 6663
6986 6788
6987 6380
6988 6736
6989 4901
6990 6913
6991 5939
6992 6920
6993 4625
6994 6620
6995 3928
6996 5838
6997 5091
6998 6901
6999 6748
7000 3989
7001 6339
7002 6542
7003 5760
7004 6882
7005 6841
7006 5515
7007 6568
7008 6045
7009 6140
7010 2734
7011 4858
7012 6385
7013 5903
7014 6857
7015 6658
7016 6795
7017 5983
7018 6264
7019 4842
7020 4527
7021 5769
7022 6637
7023 6118
7024 6685
7025 6967
7026 6918
7027 5784
7028 6173
7029 6535
7030 6957
7031 4648
7032 6781
7033 5628
7034 6530
7035 3417
7036 6533
7037 6490
7038 6097
7039 6081
7040 5964
7041 6266
7042 6080
7043 6077
7044 6467
7045 6554
7046 6817
7047 7044
7048 6691
7049 6826
7050 6703
7051 4413
7052 6771
7053 4004
7054 5281
7055 7028
7056 6408
7057 4794
7058 6805
7059 4446
7060 6989
7061 4638
7062 6153
7063 4119
7064 6939
7065 6272
7066 5408
7067 5037
7068 6333
7069 5556
7070 6981
7071 6871
7072 5626
7073 6880
7074 4515
7075 6804
7076 5772
7077 6994
7078 5901
7079 5854
7080 5904
7081 5256
7082 6702
7083 5032
7084 6801
7085 6763
7086 5936
7087 6305
7088 6279
7089 3964
7090 6221
7091 6784
7092 7046
7093 7013
7094 6147
7095 7083
7096 6837
7097 6466
7098 6555
7099 7096
7100 6446
7101 5825
7102 5289
7103 6643
7104 5781
7105 6414
7106 6486
7107 5755
7108 6632
7109 5215
7110 4300
7111 4939
7112 5255
7113 5960
7114 6714
7115 6879
7116 6393
7117 6437
7118 6307
7119 5800
7120 7016
7121 3104
7122 7077
7123 6578
7124 6922
7125 5981
7126 6317
7127 6222
7128 6192
7129 7097
7130 6518
7131 6177
7132 5353
7133 7006
7134 6754
7135 5826
7136 7051
7137 5497
7138 6425
7139 6767
7140 5435
7141 7002
7142 7117
7143 6302
7144 5547
7145 6057
7146 6572
7147 6655
7148 6910
7149 5384
7150 6851
7151 7109
7152 6420
7153 4882
7154 7082
7155 6586
7156 6581
7157 6888
7158 6527
7159 7115
7160 5426
7161 5233
7162 6594
7163 5805
7164 6525
7165 5651
7166 5885
7167 4425
7168 6167
7169 6255
7170 5937
7171 6519
7172 5485
7173 4383
7174 5958
7175 5319
7176 5770
7177 6485
7178 6865
7179 6284
7180 5333
7181 5394
7182 6639
7183 6263
7184 6495
7185 6843
7186 3576
7187 5818
7188 5580
7189 5337
7190 6113
7191 7158
7192 5452
7193 6953
7194 6965
7195 6075
7196 6181
7197 5581
7198 6971
7199 5496
7200 7165
7201 5984
7202 6803
7203 6496
7204 5807
7205 5985
7206 6619
7207 6575
7208 6932
7209 4942
7210 3048
7211 4123
7212 7190
7213 6592
7214 5815
7215 7085
7216 7084
7217 6520
7218 4912
7219 5698
7220 5017
7221 5275
7222 4470
7223 6853
7224 6809
7225 6612
7226 6569
7227 7020
7228 5869
7229 5849
7230 6324
7231 7070
7232 6038
7233 5176
7234 5380
7235 5410
7236 6721
7237 6121
7238 6256
7239 6394
7240 6899
7241 7012
7242 6739
7243 6203
7244 7152
7245 6935
7246 5978
7247 6869
7248 6599
7249 7160
7250 6903
7251 6866
7252 6900
7253 7048
7254 3914
7255 7033
7256 5856
7257 6168
7258 6500
7259 6265
7260 7120
7261 4039
7262 6902
7263 4925
7264 6777
7265 6369
7266 6631
7267 7218
7268 6049
7269 7122
7270 4059
7271 7147
7272 5653
7273 6969
7274 7024
7275 4817
7276 6090
7277 6823
7278 7180
7279 3709
7280 5778
7281 7023
7282 6142
7283 6227
7284 6536
7285 6296
7286 5663
7287 6022
7288 7091
7289 7168
7290 5291
7291 6924
7292 6558
7293 3663
7294 7054
7295 6917
7296 6870
7297 4222
7298 7090
7299 7094
7300 4758
7301 5701
7302 6710
7303 7289
7304 6433
7305 5737
7306 4120
7307 7102
7308 7199
7309 6413
7310 5976
7311 6591
7312 7154
7313 5661
7314 7026
7315 5371
7316 6564
7317 5257
7318 4382
7319 7307
7320 5428
7321 4054
7322 7281
7323 4948
7324 7273
7325 6473
7326 6708
7327 6776
7328 7319
7329 4750
7330 7137
7331 6412
7332 6209
7333 7105
7334 6503
7335 6363
7336 6483
7337 6172
7338 7230
7339 6013
7340 5802
7341 4062
7342 4887
7343 6491
7344 7239
7345 5977
7346 7073
7347 6275
7348 6884
7349 7229
7350 5712
7351 4644
7352 4966
7353 6101
7354 5993
7355 7087
7356 3615
7357 5315
7358 6664
7359 7086
7360 5990
7361 6732
7362 7187
7363 6449
7364 5145
7365 6891
7366 7354
7367 5575
7368 4463
7369 4360
7370 6134
7371 6151
7372 7125
7373 7128
7374 7064
7375 4808
7376 7228
7377 7233
7378 5881
7379 6330
7380 3858
7381 5783
7382 4424
7383 6606
7384 6680
7385 7363
7386 6815
7387 7313
7388 4850
7389 5385
7390 6127
7391 5211
7392 6325
7393 3551
7394 6552
7395 6541
7396 7226
7397 7282
7398 7110
7399 5475
7400 7301
7401 7352
7402 7089
7403 4767
7404 6143
7405 6829
7406 4832
7407 7242
7408 6117
7409 6511
7410 5632
7411 7293
7412 5189
7413 5671
7414 6372
7415 7366
7416 5878
7417 7357
7418 6316
7419 6952
7420 6718
7421 6820
7422 6331
7423 1565
7424 6497
7425 5636
7426 4163
7427 3407
7428 7280
7429 6824
7430 6248
7431 6941
7432 3795
7433 6687
7434 3594
7435 7116
7436 6716
7437 6308
7438 6908
7439 6723
7440 2624
7441 4691
7442 6580
7443 6850
7444 6999
7445 5891
7446 7126
7447 5812
7448 6627
7449 6359
7450 6423
7451 3024
7452 5392
7453 6644
7454 7011
7455 6724
7456 7353
7457 7432
7458 5027
7459 7388
7460 6959
7461 5107
7462 6730
7463 6977
7464 6056
7465 7355
7466 7030
7467 6440
7468 4904
7469 7320
7470 6914
7471 6482
7472 6280
7473 7053
7474 7065
7475 7299
7476 3876
7477 7287
7478 7050
7479 6778
7480 7365
7481 5642
7482 6706
7483 5201
7484 5422
7485 6756
7486 6601
7487 7193
7488 6652
7489 6755
7490 7314
7491 6258
7492 7278
7493 5727
7494 7340
7495 7111
7496 7275
7497 5142
7498 7454
7499 5886
7500 6347
7501 7209
7502 7288
7503 6761
7504 7139
7505 6267
7506 6836
7507 6622
7508 7349
7509 3903
7510 5994
7511 7081
7512 7506
7513 6336
7514 6448
7515 4253
7516 7401
7517 5450
7518 5526
7519 6911
7520 6210
7521 7159
7522 6451
7523 6970
7524 5635
7525 5264
7526 7321
7527 7245
7528 6787
7529 6772
7530 7515
7531 7504
7532 7076
7533 7243
7534 7424
7535 5115
7536 5749
7537 7220
7538 6006
7539 6683
7540 7412
7541 4007
7542 7371
7543 7274
7544 7370
7545 7510
7546 3413
7547 6979
7548 6629
7549 5528
7550 6092
7551 7361
7552 6514
7553 3269
7554 5931
7555 7061
7556 7112
7557 7292
7558 6625
7559 6012
7560 6335
7561 7367
7562 6184
7563 7431
7564 6968
7565 7310
7566 7443
7567 6301
7568 7350
7569 4745
7570 7356
7571 6936
7572 6816
7573 5999
7574 5865
7575 6954
7576 7543
7577 7173
7578 5992
7579 6343
7580 7527
7581 7172
7582 6287
7583 7419
7584 7451
7585 5181
7586 6228
7587 7483
7588 6319
7589 4989
7590 6898
7591 6760
7592 6154
7593 6430
7594 7569
7595 6315
7596 6196
7597 6395
7598 6543
7599 6797
7600 7272
7601 7143
7602 7415
7603 6987
7604 7376
7605 7465
7606 7587
7607 6341
7608 5829
7609 4979
7610 7552
7611 6356
7612 6624
7613 6833
7614 6819
7615 3162
7616 6780
7617 6515
7618 7106
7619 7381
7620 5925
7621 6715
7622 6848
7623 4713
7624 5558
7625 7602
7626 5092
7627 7430
7628 5177
7629 7375
7630 5767
7631 7514
7632 7564
7633 4016
7634 7442
7635 4289
7636 7608
7637 7404
7638 6478
7639 7582
7640 6133
7641 6505
7642 6583
7643 6453
7644 7124
7645 7238
7646 7267
7647 7477
7648 6277
7649 6845
7650 6311
7651 6062
7652 6745
7653 7318
7654 7457
7655 6548
7656 7295
7657 6367
7658 6465
7659 7145
7660 6237
7661 6064
7662 6665
7663 6326
7664 6839
7665 6737
7666 7576
7667 7507
7668 6229
7669 6741
7670 4491
7671 6867
7672 6796
7673 5456
7674 7279
7675 7463
7676 7212
7677 6510
7678 7655
7679 7297
7680 6351
7681 7114
7682 5922
7683 6104
7684 5525
7685 7649
7686 7188
7687 7014
7688 7619
7689 7526
7690 7302
7691 7400
7692 7325
7693 7607
7694 7691
7695 6700
7696 7216
7697 5587
7698 5589
7699 5866
7700 6638
7701 6904
7702 7140
7703 7153
7704 7237
7705 6950
7706 7661
7707 7588
7708 6659
7709 6768
7710 6800
7711 7622
7712 6261
7713 7503
7714 3193
7715 7502
7716 7181
7717 7693
7718 6751
7719 7378
7720 6668
7721 6896
7722 7135
7723 3123
7724 7711
7725 6892
7726 6895
7727 7658
7728 7678
7729 7391
7730 7467
7731 6813
7732 7157
7733 5488
7734 7427
7735 7141
7736 6990
7737 6068
7738 6897
7739 7399
7740 1128
7741 7437
7742 7334
7743 7444
7744 5227
7745 5283
7746 6873
7747 7624
7748 7258
7749 5194
7750 6958
7751 7336
7752 6676
7753 5882
7754 5022
7755 7674
7756 7206
7757 6002
7758 7271
7759 4284
7760 6877
7761 6086
7762 7597
7763 7008
7764 5431
7765 6124
7766 6600
7767 7176
7768 7311
7769 7762
7770 7174
7771 6044
7772 6468
7773 7509
7774 6983
7775 6531
7776 7692
7777 6551
7778 1998
7779 7605
7780 7308
7781 7648
7782 7358
7783 7402
7784 7219
7785 7623
7786 6596
7787 6428
7788 5018
7789 7312
7790 5868
7791 7348
7792 7684
7793 7549
7794 7066
7795 2383
7796 6617
7797 6834
7798 7345
7799 5942
7800 5912
7801 6946
7802 7654
7803 6861
7804 5476
7805 7095
7806 7398
7807 5995
7808 7010
7809 7538
7810 6217
7811 6517
7812 643
7813 6304
7814 7540
7815 6651
7816 6640
7817 6835
7818 6539
7819 3378
7820 7304
7821 6054
7822 7403
7823 7671
7824 7468
7825 5268
7826 7660
7827 6588
7828 6734
7829 6318
7830 4399
7831 5929
7832 6889
7833 5713
7834 7021
7835 6107
7836 7698
7837 6556
7838 6757
7839 7729
7840 7722
7841 7410
7842 6894
7843 6238
7844 6993
7845 7034
7846 6389
7847 6605
7848 7189
7849 7803
7850 7566
7851 7673
7852 5907
7853 7615
7854 7184
7855 7385
7856 7496
7857 7393
7858 7445
7859 6912
7860 7501
7861 5775
7862 7512
7863 7368
7864 7047
7865 5287
7866 7346
7867 6488
7868 5827
7869 7392
7870 5987
7871 7843
7872 6997
7873 6046
7874 7476
7875 4291
7876 7533
7877 6947
7878 7452
7879 7374
7880 6945
7881 6885
7882 6792
7883 6996
7884 7816
7885 5492
7886 7646
7887 5397
7888 7055
7889 6966
7890 6963
7891 6878
7892 7315
7893 6673
7894 5050
7895 6375
7896 7867
7897 7197
7898 7332
7899 7870
7900 5718
7901 7182
7902 6667
7903 5924
7904 6582
7905 7789
7906 6982
7907 7611
7908 7373
7909 7225
7910 7788
7911 7532
7912 7470
7913 5277
7914 7201
7915 4718
7916 6125
7917 7905
7918 7601
7919 6352
7920 5345
7921 6529
7922 3188
7923 7838
7924 6735
7925 7409
7926 7565
7927 7815
7928 7492
7929 7494
7930 7670
7931 3129
7932 7656
7933 7880
7934 7456
7935 7715
7936 7644
7937 6384
7938 6493
7939 7604
7940 6163
7941 6452
7942 7326
7943 7621
7944 6931
7945 7101
7946 6019
7947 7733
7948 7640
7949 6973
7950 7893
7951 6560
7952 6392
7953 7687
7954 7847
7955 7931
7956 6934
7957 7752
7958 7529
7959 6642
7960 7222
7961 7952
7962 7211
7963 6670
7964 7505
7965 7290
7966 6397
7967 7426
7968 4341
7969 6928
7970 6342
7971 6764
7972 7574
7973 6856
7974 7767
7975 7221
7976 6223
7977 6919
7978 7596
7979 3332
7980 2602
7981 7620
7982 6832
7983 7042
7984 5495
7985 6927
7986 7580
7987 7254
7988 7175
7989 7591
7990 7898
7991 7984
7992 2949
7993 6185
7994 7701
7995 7886
7996 4917
7997 7439
7998 6886
7999 7396
8000 7945
8001 7993
8002 7787
8003 7186
8004 7025
8005 6403
8006 6100
8007 7035
8008 4220
8009 7844
8010 7805
8011 5278
8012 6550
8013 7938
8014 6450
8015 7921
8016 7786
8017 6883
8018 7947
8019 7440
8020 3915
8021 6785
8022 7453
8023 5517
8024 7940
8025 7441
8026 7864
8027 6923
8028 7795
8029 7871
8030 7633
8031 5417
8032 7666
8033 7294
8034 7683
8035 7417
8036 7950
8037 6232
8038 7612
8039 7300
8040 7530
8041 7544
8042 7902
8043 6699
8044 7149
8045 7405
8046 6692
8047 4540
8048 7573
8049 7329
8050 6215
8051 7447
8052 7133
8053 7283
8054 7462
8055 5648
8056 7561
8057 7842
8058 7896
8059 5905
8060 7614
8061 5290
8062 7257
8063 5620
8064 7127
8065 6455
8066 6944
8067 6783
8068 7448
8069 7471
8070 7915
8071 6995
8072 6313
8073 6419
8074 7709
8075 7058
8076 7309
8077 7627
8078 7836
8079 7259
8080 5484
8081 4926
8082 6881
8083 7298
8084 8005
8085 6645
8086 6677
8087 7474
8088 3191
8089 7386
8090 7982
8091 7824
8092 7562
8093 7708
8094 7976
8095 7792
8096 7015
8097 6852
8098 6938
8099 6120
8100 7200
8101 5403
8102 7062
8103 7650
8104 7958
8105 7994
8106 2149
8107 6711
8108 7331
8109 7819
8110 6942
8111 7296
8112 7535
8113 7036
8114 5702
8115 6740
8116 7262
8117 7948
8118 7999
8119 7007
8120 6704
8121 6566
8122 5855
8123 8020
8124 4618
8125 7928
8126 5520
8127 7829
8128 8040
8129 7339
8130 4448
8131 8074
8132 6747
8133 7845
8134 7618
8135 8025
8136 7069
8137 7523
8138 7285
8139 7436
8140 8041
8141 7955
8142 7820
8143 7438
8144 7827
8145 7524
8146 7337
8147 7171
8148 7625
8149 8131
8150 8077
8151 5224
8152 5738
8153 8143
8154 6992
8155 6072
8156 7198
8157 7941
8158 7807
8159 7653
8160 5789
8161 7482
8162 6447
8163 7712
8164 8091
8165 7679
8166 7557
8167 8049
8168 1190
8169 3752
8170 7682
8171 6204
8172 7841
8173 7485
8174 7449
8175 7246
8176 6956
8177 6024
8178 5467
8179 7261
8180 4140
8181 4005
8182 5031
8183 7539
8184 6961
8185 7923
8186 7169
8187 7799
8188 1397
8189 7771
8190 8138
8191 7136
8192 7856
8193 7975
8194 5962
8195 6320
8196 7031
8197 6023
8198 7000
8199 8152
8200 8099
8201 6926
8202 6669
8203 6929
8204 7577
8205 8066
8206 5439
8207 5979
8208 7029
8209 4674
8210 8090
8211 7192
8212 6382
8213 7394
8214 7639
8215 7284
8216 7978
8217 7397
8218 7774
8219 7390
8220 5899
8221 7892
8222 6499
8223 6532
8224 7810
8225 7957
8226 7831
8227 5945
8228 7773
8229 5585
8230 6859
8231 5880
8232 2989
8233 7794
8234 8165
8235 7809
8236 7497
8237 7643
8238 6661
8239 7347
8240 7721
8241 2737
8242 8200
8243 6707
8244 7717
8245 4520
8246 8029
8247 8186
8248 7959
8249 4997
8250 7516
8251 7495
8252 7040
8253 8012
8254 5982
8255 7119
8256 8109
8257 7887
8258 6475
8259 7286
8260 8167
8261 7769
8262 7555
8263 5390
8264 6031
8265 7513
8266 5757
8267 8204
8268 4655
8269 8072
8270 7676
8271 8018
8272 7579
8273 6534
8274 8252
8275 8233
8276 7234
8277 8259
8278 6974
8279 8215
8280 7664
8281 7977
8282 6179
8283 7990
8284 7146
8285 7196
8286 7866
8287 8101
8288 6921
8289 6082
8290 7793
8291 7450
8292 6635
8293 7686
8294 7742
8295 6457
8296 8126
8297 7697
8298 7876
8299 7812
8300 6925
8301 8047
8302 7616
8303 7434
8304 7710
8305 7469
8306 7806
8307 6975
8308 7508
8309 7387
8310 5876
8311 8110
8312 6401
8313 6855
8314 8144
8315 8084
8316 8180
8317 8273
8318 7113
8319 8083
8320 6328
8321 7951
8322 7705
8323 7922
8324 8010
8325 7479
8326 6329
8327 7041
8328 8228
8329 7832
8330 8286
8331 8217
8332 7890
8333 7554
8334 7613
8335 7235
8336 6725
8337 5299
8338 6357
8339 8135
8340 7071
8341 6960
8342 7754
8343 7665
8344 7802
8345 2449
8346 7129
8347 7998
8348 7903
8349 7909
8350 7078
8351 3259
8352 8039
8353 7249
8354 8344
8355 7568
8356 8061
8357 7746
8358 8293
8359 5918
8360 8176
8361 7716
8362 4855
8363 7204
8364 7017
8365 7464
8366 8302
8367 8097
8368 7634
8369 7213
8370 4799
8371 8136
8372 5604
8373 6985
8374 6827
8375 6984
8376 6489
8377 7429
8378 7768
8379 8168
8380 7797
8381 6838
8382 7997
8383 6053
8384 7217
8385 3479
8386 6358
8387 8011
8388 7749
8389 7732
8390 7018
8391 7377
8392 8313
8393 7121
8394 8002
8395 7629
8396 8249
8397 7380
8398 7944
8399 8128
8400 4369
8401 7583
8402 8123
8403 5607
8404 8188
8405 7988
8406 8388
8407 7075
8408 7961
8409 6576
8410 7822
8411 7210
8412 8045
8413 7466
8414 7983
8415 6166
8416 8042
8417 8315
8418 8063
8419 4122
8420 8036
8421 8369
8422 7636
8423 8378
8424 8277
8425 7416
8426 7003
8427 8372
8428 7631
8429 8335
8430 8159
8431 8272
8432 5689
8433 8141
8434 5640
8435 7818
8436 8070
8437 7960
8438 7475
8439 6753
8440 6940
8441 7883
8442 7170
8443 7642
8444 8145
8445 5656
8446 6818
8447 4962
8448 7934
8449 7927
8450 8172
8451 7537
8452 8037
8453 6727
8454 7637
8455 6972
8456 5296
8457 6770
8458 7748
8459 7247
8460 7652
8461 5303
8462 6122
8463 8096
8464 5973
8465 8400
8466 6844
8467 7413
8468 7155
8469 1850
8470 5407
8471 8310
8472 6791
8473 6696
8474 8301
8475 7933
8476 8300
8477 4892
8478 6226
8479 8407
8480 7525
8481 6405
8482 7037
8483 7360
8484 7528
8485 7677
8486 8232
8487 8454
8488 7630
8489 5872
8490 7223
8491 8115
8492 6636
8493 7276
8494 7996
8495 7949
8496 7734
8497 8093
8498 8239
8499 7718
8500 7455
8501 8473
8502 6187
8503 6863
8504 6538
8505 8271
8506 7888
8507 7969
8508 7659
8509 7335
8510 6657
8511 3218
8512 8154
8513 8469
8514 7001
8515 7861
8516 7791
8517 6251
8518 7860
8519 8221
8520 7264
8521 7738
8522 8264
8523 8170
8524 8022
8525 6731
8526 7560
8527 8337
8528 4631
8529 7872
8530 8355
8531 8278
8532 7852
8533 7813
8534 8351
8535 8127
8536 7100
8537 8529
8538 8137
8539 5862
8540 7263
8541 7531
8542 8386
8543 7423
8544 3585
8545 8318
8546 8130
8547 8435
8548 7379
8549 8065
8550 7891
8551 3985
8552 7979
8553 4077
8554 5803
8555 8008
8556 7598
8557 6156
8558 8444
8559 7906
8560 8317
8561 7801
8562 7783
8563 8360
8564 8548
8565 8150
8566 5959
8567 7808
8568 7177
8569 4161
8570 8538
8571 5696
8572 8408
8573 5707
8574 7720
8575 7781
8576 8558
8577 8075
8578 8405
8579 8343
8580 7571
8582 6769
8583 7480
8584 7563
8585 5934
8586 7817
8587 6728
8588 6937
8589 7214
8590 8464
8591 6585
8592 6693
8593 8303
8594 7667
8595 8004
8596 8219
8597 5165
8598 6570
8599 8112
8600 8098
8601 6825
8602 8537
8603 7675
8604 7107
8605 6598
8606 8006
8607 8461
8608 8403
8609 7383
8610 8417
8611 7879
8612 6860
8613 6773
8614 7362
8615 5158
8616 7224
8617 8395
8618 6235
8619 7919
8620 8327
8621 6779
8622 8394
8623 7971
8624 7986
8625 8222
8626 6589
8627 8611
8628 3755
8629 7785
8630 6293
8631 8519
8632 7606
8633 8210
8634 6709
8635 7974
8636 8430
8637 8502
8638 6409
8639 7167
8640 8492
8641 7985
8642 8567
8643 8024
8644 8078
8645 8055
8646 5704
8647 8189
8648 8536
8649 8426
8650 8262
8651 8608
8652 6701
8653 8549
8654 7575
8655 6462
8656 8415
8657 7369
8658 7741
8659 8406
8660 8595
8661 8332
8662 7695
8663 8244
8664 7929
8665 8194
8666 8361
8667 7756
8668 8347
8669 4128
8670 8208
8671 7980
8672 8459
8673 8060
8674 8187
8675 8356
8676 8173
8677 5657
8678 7884
8679 6647
8680 7628
8681 4716
8682 8580
8683 8620
8684 8298
8685 7987
8686 8576
8687 6789
8688 7703
8689 8420
8690 7265
8691 8027
8692 7067
8693 7134
8694 3873
8695 8349
8696 8433
8697 8341
8698 6001
8699 8304
8700 6684
8701 8306
8702 8311
8703 8599
8704 6830
8705 7869
8706 8629
8707 8247
8708 7163
8709 7079
8710 8358
8711 6980
8712 8104
8713 6948
8714 8373
8715 7052
8716 8014
8717 7702
8718 7493
8719 8336
8720 6309
8721 6943
8722 7760
8723 8604
8724 6112
8725 6327
8726 7728
8727 8235
8728 8274
8729 379
8730 8162
8731 8725
8732 3728
8733 8667
8734 8326
8735 8409
8736 7689
8737 8422
8738 5861
8739 6976
8740 7074
8741 7704
8742 7161
8743 8733
8744 8566
8745 8626
8746 7833
8747 6557
8748 4434
8749 7520
8750 7907
8751 4701
8752 8111
8753 8671
8754 8650
8755 8238
8756 8226
8757 6474
8758 7699
8759 7917
8760 8750
8761 7092
8762 8562
8763 7323
8764 8462
8765 8586
8766 8307
8767 8623
8768 8455
8769 7973
8770 7459
8771 7727
8772 3834
8773 8216
8774 7885
8775 8328
8776 8739
8777 7645
8778 8622
8779 8035
8780 7830
8781 8153
8782 7130
8783 8451
8784 7747
8785 6705
8786 8663
8787 7900
8788 8429
8789 8067
8790 8613
8791 8359
8792 7546
8793 7868
8794 8507
8795 8624
8796 8156
8797 8781
8798 8155
8799 6213
8800 6842
8801 6674
8802 5726
8803 8539
8804 4780
8805 8285
8806 6009
8807 7195
8808 8628
8809 8258
8810 8594
8811 3785
8812 7926
8813 6481
8814 8504
8815 8496
8816 7724
8817 8514
8818 7098
8819 8734
8820 7518
8821 8087
8822 7027
8823 8237
8824 8350
8825 8648
8826 5529
8827 7330
8828 7341
8829 8801
8830 8280
8831 7517
8832 8825
8833 7408
8834 8124
8835 8184
8836 8676
8837 8700
8838 8376
8839 6458
8840 8321
8841 8531
8842 7638
8843 8819
8844 8547
8845 6916
8846 7039
8847 8789
8848 6278
8849 7626
8850 7151
8851 6951
8852 8017
8853 5155
8854 8784
8855 7943
8856 8348
8857 8521
8858 8265
8859 8800
8860 8596
8861 7662
8862 8121
8863 8113
8864 8058
8865 8575
8866 8517
8867 7796
8868 8560
8869 8643
8870 8527
8871 8645
8872 8704
8873 8100
8874 7939
8875 4709
8876 7489
8877 7700
8878 5799
8879 8609
8880 8365
8881 7236
8882 7757
8883 8445
8884 8446
8885 8861
8886 6909
8887 8385
8888 5717
8889 8179
8890 8871
8891 6621
8892 8389
8893 8234
8894 8427
8895 7460
8896 7918
8897 8666
8898 8413
8899 7782
8900 8095
8901 8559
8902 8467
8903 8870
8904 6988
8905 7668
8906 8707
8907 8540
8908 8727
8909 6602
8910 7920
8911 8513
8912 8868
8913 8499
8914 8836
8915 8015
8916 8477
8917 5703
8918 8616
8919 8331
8920 8715
8921 8185
8922 8483
8923 8107
8924 7208
8925 7778
8926 8746
8927 8555
8928 6695
8929 8701
8930 8268
8931 8711
8932 7179
8933 7837
8934 8670
8935 8164
8936 7498
8937 8206
8938 8297
8939 8387
8940 8747
8941 8723
8942 7875
8943 4921
8944 7162
8945 7395
8946 8146
8947 8046
8948 8134
8949 8688
8950 8401
8951 8692
8952 6055
8953 8737
8954 4575
8955 8230
8956 8177
8957 8697
8958 8802
8959 7761
8960 7118
8961 3589
8962 7551
8963 8786
8964 8683
8965 7651
8966 7763
8967 7589
8968 7914
8969 7932
8970 8487
8971 8510
8972 8753
8973 8414
8974 6257
8975 8329
8976 8463
8977 8913
8978 8713
8979 8860
8980 8935
8981 8092
8982 8571
8983 8898
8984 8699
8985 8218
8986 8884
8987 8266
8988 8901
8989 8199
8990 7857
8991 8908
8992 8988
8993 8674
8994 8703
8995 6365
8996 8443
8997 8174
8998 7719
8999 8998
9000 7966
9001 8570
9002 8573
9003 4800
9004 7680
9005 7723
9006 8947
9007 8284
9008 8227
9009 8640
9010 8225
9011 8970
9012 8597
9013 7277
9014 8766
9015 8197
9016 8528
9017 8930
9018 8854
9019 7790
9020 8094
9021 8937
9022 3464
9023 5039
9024 8646
9025 6808
9026 8673
9027 7148
9028 7420
9029 7484
9030 8975
9031 7593
9032 8475
9033 8418
9034 7981
9035 8885
9036 8142
9037 8660
9038 8140
9039 6991
9040 8788
9041 8969
9042 6618
9043 7446
9044 8019
9045 8607
9046 8051
9047 7912
9048 8163
9049 8474
9050 8945
9051 8191
9052 8916
9053 7610
9054 7150
9055 8062
9056 8809
9057 8085
9058 7045
9059 6088
9060 8698
9061 7240
9062 7080
9063 7227
9064 5448
9065 8428
9066 8926
9067 8324
9068 8717
9069 7521
9070 5906
9071 8843
9072 8961
9073 8059
9074 8380
9075 8696
9076 8448
9077 6840
9078 6424
9079 5413
9080 8732
9081 8605
9082 8996
9083 8924
9084 8231
9085 8694
9086 8158
9087 8354
9088 8686
9089 8506
9090 8522
9091 5834
9092 7536
9093 8785
9094 6746
9095 9063
9096 8393
9097 8867
9098 8338
9099 4471
9100 8610
9101 5440
9102 8325
9103 8003
9104 8953
9105 7972
9106 7178
9107 7725
9108 7068
9109 8043
9110 8771
9111 7590
9112 7826
9113 7811
9114 8894
9115 4473
9116 6930
9117 3428
9118 6626
9119 6794
9120 9083
9121 8679
9122 7825
9123 8760
9124 7739
9125 9119
9126 7486
9127 8482
9128 7753
9129 8175
9130 8980
9131 8729
9132 9070
9133 9005
9134 7688
9135 9087
9136 7840
9137 9057
9138 8891
9139 8939
9140 8644
9141 9108
9142 6821
9143 7930
9144 8550
9145 8951
9146 8948
9147 8768
9148 7992
9149 8773
9150 8827
9151 8905
9152 7043
9153 6847
9154 8073
9155 8166
9156 9074
9157 8833
9158 8551
9159 7740
9160 5433
9161 3991
9162 9147
9163 8053
9164 8740
9165 8823
9166 8086
9167 9135
9168 9077
9169 7333
9170 9106
9171 8118
9172 7834
9173 8108
9174 8920
9175 8721
9176 7777
9177 9023
9178 8371
9179 8706
9180 8149
9181 9112
9182 8966
9183 9042
9184 8593
9185 7268
9186 9137
9187 7488
9188 9089
9189 8899
9190 8685
9191 5782
9192 6300
9193 6849
9194 8508
9195 8738
9196 8852
9197 8270
9198 7603
9199 8938
9200 8925
9201 4814
9202 8968
9203 8076
9204 7685
9205 6048
9206 6381
9207 8196
9208 8807
9209 5742
9210 8742
9211 7714
9212 8702
9213 7093
9214 8117
9215 8246
9216 8637
9217 7967
9218 8850
9219 9177
9220 8190
9221 8912
9222 7545
9223 9181
9224 7968
9225 7913
9226 8992
9227 8751
9228 9036
9229 8777
9230 7848
9231 7750
9232 5871
9233 8442
9234 8543
9235 8088
9236 6590
9237 9062
9238 4934
9239 8498
9240 9153
9241 5796
9242 8148
9243 4292
9244 6288
9245 6432
9246 9156
9247 5975
9248 7863
9249 8633
9250 9249
9251 8959
9252 8390
9253 8419
9254 7937
9255 8601
9256 8824
9257 6915
9258 7481
9259 8776
9260 8205
9261 9086
9262 9090
9263 9129
9264 9046
9265 8755
9266 8907
9267 8886
9268 9078
9269 9160
9270 8842
9271 9164
9272 9002
9273 8505
9274 6479
9275 5916
9276 8574
9277 8931
9278 9239
9279 7255
9280 8367
9281 8256
9282 7342
9283 7269
9284 8410
9285 8038
9286 8761
9287 6964
9288 2775
9289 9107
9290 8434
9291 9159
9292 6078
9293 8716
9294 8822
9295 7056
9296 8255
9297 9244
9298 9004
9299 8672
9300 9285
9301 7766
9302 9141
9303 8818
9304 8399
9305 8879
9306 8102
9307 7250
9308 9131
9309 7935
9310 9295
9311 7185
9312 7936
9313 9024
9314 7991
9315 5629
9316 8981
9317 9221
9318 8198
9319 7425
9320 7522
9321 8032
9322 7731
9323 8178
9324 7663
9325 6868
9326 9198
9327 5863
9328 7166
9329 7132
9330 8682
9331 9162
9332 6360
9333 6694
9334 6686
9335 8568
9336 8684
9337 8452
9338 8195
9339 8986
9340 7584
9341 6524
9342 6858
9343 5943
9344 6214
9345 7751
9346 8479
9347 8223
9348 7669
9349 7828
9350 7072
9351 9292
9352 9216
9353 8132
9354 5509
9355 7472
9356 6042
9357 1550
9358 8068
9359 9281
9360 7428
9361 9191
9362 7737
9363 6391
9364 8779
9365 8803
9366 6633
9367 9202
9368 8542
9369 8851
9370 8844
9371 8922
9372 8139
9373 8007
9374 6231
9375 7183
9376 9145
9377 6986
9378 7911
9379 9253
9380 8161
9381 7252
9382 7765
9383 9294
9384 8054
9385 9375
9386 7144
9387 7487
9388 7804
9389 8203
9390 9028
9391 7548
9392 8821
9393 8831
9394 9144
9395 9275
9396 9389
9397 9282
9398 8500
9399 7641
9400 8954
9401 9152
9402 9242
9403 9098
9404 9298
9405 9283
9406 9103
9407 7873
9408 9405
9409 8044
9410 6243
9411 3753
9412 9196
9413 8614
9414 8384
9415 7924
9416 8509
9417 6114
9418 7458
9419 9182
9420 8457
9421 9264
9422 7995
9423 7592
9424 8669
9425 9190
9426 7800
9427 8129
9428 9084
9429 8602
9430 5608
9431 7942
9432 8651
9433 8817
9434 8251
9435 9222
9436 7005
9437 9029
9438 8353
9439 6492
9440 7372
9441 8381
9442 8396
9443 9059
9444 8744
9445 8847
9446 8989
9447 8914
9448 9339
9449 8808
9450 7586
9451 9404
9452 6445
9453 7207
9454 8503
9455 9268
9456 7764
9457 7433
9458 9382
9459 8275
9460 7422
9461 9271
9462 8295
9463 8792
9464 8411
9465 8872
9466 9336
9467 9325
9468 9433
9469 8848
9470 9204
9471 9320
9472 8357
9473 9307
9474 9311
9475 8636
9476 7572
9477 9445
9478 5279
9479 8119
9480 8584
9481 7491
9482 8927
9483 8967
9484 8932
9485 6649
9486 9379
9487 9409
9488 8928
9489 7382
9490 9134
9491 7647
9492 9127
9493 8664
9494 9260
9495 8458
9496 8681
9497 9486
9498 9459
9499 8554
9500 8423
9501 9099
9502 6463
9503 9254
9504 8021
9505 8211
9506 9316
9507 7534
9508 8260
9509 8534
9510 8296
9511 9158
9512 7203
9513 9443
9514 7963
9515 7707
9516 8214
9517 9329
9518 9421
9519 9387
9520 9437
9521 9157
9522 9021
9523 8339
9524 7251
9525 7744
9526 8370
9527 7775
9528 9235
9529 9091
9530 7328
9531 9278
9532 7556
9533 7851
9534 8858
9535 8764
9536 8874
9537 8588
9538 9308
9539 8985
9540 8484
9541 8724
9542 8501
9543 8587
9544 7736
9545 6656
9546 8987
9547 6417
9548 8497
9549 6349
9550 9538
9551 9288
9552 9032
9553 9018
9554 9192
9555 8615
9556 8541
9557 9406
9558 8921
9559 7260
9560 9266
9561 8748
9562 7435
9563 5419
9564 9398
9565 8838
9566 9342
9567 7570
9568 8294
9569 8978
9570 8653
9571 8261
9572 8757
9573 9428
9574 7609
9575 9219
9576 8288
9577 4975
9578 7205
9579 8949
9580 9092
9581 9506
9582 8577
9583 9273
9584 5542
9585 8346
9586 7784
9587 8896
9588 8553
9589 9223
9590 7550
9591 7672
9592 9272
9593 8465
9594 8512
9595 7696
9596 7359
9597 4450
9598 9474
9599 8680
9600 6862
9601 8374
9602 8709
9603 9016
9604 9603
9605 9143
9606 9602
9607 9504
9608 9526
9609 9469
9610 9438
9611 9150
9612 8530
9613 8756
9614 9609
9615 7964
9616 9241
9617 9394
9618 8690
9619 7389
9620 8533
9621 8952
9622 9187
9623 9565
9624 6350
9625 8116
9626 8993
9627 8160
9628 8763
9629 8432
9630 7490
9631 9110
9632 8888
9633 9535
9634 9302
9635 7865
9636 8656
9637 7142
9638 9126
9639 7022
9640 9408
9641 9542
9642 6426
9643 7004
9644 7194
9645 8910
9646 9534
9647 8806
9648 8638
9649 6537
9650 9305
9651 9355
9652 8033
9653 6220
9654 8619
9655 8631
9656 9064
9657 7291
9658 8436
9659 8893
9660 8243
9661 8695
9662 6978
9663 9357
9664 9114
9665 9381
9666 9461
9667 9589
9668 9139
9669 9067
9670 7735
9671 9149
9672 5902
9673 9598
9674 7131
9675 7881
9676 8080
9677 9348
9678 8849
9679 9393
9680 9612
9681 8632
9682 7916
9683 8468
9684 7894
9685 9255
9686 9392
9687 8122
9688 8840
9689 8665
9690 8052
9691 9568
9692 8532
9693 8657
9694 8523
9695 9175
9696 9596
9697 9367
9698 9172
9699 8081
9700 9446
9701 8720
9702 7559
9703 8363
9704 9364
9705 9652
9706 9009
9707 8795
9708 8815
9709 8031
9710 9116
9711 8362
9712 9199
9713 9649
9714 7032
9715 7351
9716 8627
9717 8918
9718 8314
9719 7327
9720 9698
9721 7889
9722 8151
9723 5814
9724 9539
9725 9467
9726 9448
9727 8606
9728 9673
9729 6573
9730 9061
9731 9597
9732 8491
9733 9680
9734 9540
9735 7338
9736 5368
9737 9101
9738 8991
9739 9456
9740 9094
9741 8201
9742 8287
9743 9684
9744 8471
9745 8749
9746 4026
9747 9479
9748 7473
9749 6690
9750 8103
9751 9314
9752 8813
9753 9217
9754 9577
9755 9665
9756 9605
9757 8915
9758 9505
9759 9093
9760 9377
9761 9362
9762 8476
9763 8906
9764 9690
9765 8934
9766 8404
9767 9521
9768 9214
9769 9081
9770 9702
9771 9146
9772 9415
9773 9212
9774 9471
9775 9464
9776 8812
9777 9301
9778 7305
9779 7745
9780 8649
9781 9163
9782 8790
9783 9731
9784 8798
9785 9678
9786 9343
9787 8890
9788 9423
9789 9482
9790 8691
9791 8283
9792 8564
9793 4587
9794 9324
9795 8425
9796 7057
9797 9725
9798 6955
9799 9400
9800 9759
9801 9495
9802 9561
9803 9008
9804 7581
9805 8267
9806 9076
9807 9642
9808 9410
9809 6208
9810 9185
9811 8960
9812 8366
9813 9720
9814 9761
9815 9309
9816 8147
9817 8940
9818 9503
9819 9020
9820 8857
9821 8693
9822 8034
9823 9054
9824 9718
9825 6814
9826 9470
9827 7854
9828 9039
9829 8345
9830 9373
9831 9180
9832 8291
9833 8557
9834 7256
9835 9804
9836 9807
9837 8714
9838 9520
9839 6407
9840 9458
9841 8082
9842 9328
9843 6273
9844 8069
9845 7635
9846 7322
9847 9770
9848 8257
9849 9508
9850 9360
9851 9104
9852 7814
9853 9171
9854 9411
9855 9056
9856 9518
9857 7364
9858 9787
9859 8839
9860 9247
9861 9614
9862 9819
9863 9653
9864 8480
9865 8585
9866 9243
9867 9655
9868 8719
9869 8382
9870 9232
9871 9667
9872 9556
9873 9233
9874 8569
9875 8677
9876 8630
9877 9300
9878 7406
9879 9795
9880 9705
9881 8889
9882 7594
9883 9739
9884 8431
9885 9417
9886 7895
9887 9753
9888 9550
9889 8447
9890 8881
9891 7578
9892 8525
9893 9879
9894 8105
9895 9803
9896 6281
9897 8876
9898 9236
9899 9269
9900 9872
9901 9634
9902 8342
9903 9796
9904 9799
9905 8071
9906 9395
9907 9463
9908 7779
9909 8758
9910 8635
9911 9906
9912 9194
9913 7231
9914 8592
9915 9312
9916 8478
9917 9170
9918 9576
9919 9686
9920 8911
9921 8279
9922 9601
9923 7855
9924 8289
9925 8955
9926 9276
9927 9424
9928 8835
9929 7266
9930 8964
9931 9045
9932 9450
9933 9713
9934 9732
9935 9631
9936 8979
9937 9068
9938 6742
9939 9744
9940 8023
9941 8182
9942 9581
9943 9847
9944 9793
9945 6846
9946 9766
9947 8828
9948 8923
9949 9259
9950 9208
9951 7858
9952 7989
9953 6998
9954 9648
9955 9817
9956 8048
9957 7599
9958 9344
9959 8591
9960 9757
9961 7567
9962 9225
9963 8863
9964 8712
9965 6547
9966 9478
9967 9562
9968 8556
9969 9569
9970 9866
9971 9514
9972 7899
9973 9545
9974 9186
9975 9549
9976 8639
9977 9304
9978 8379
9979 9442
9980 9637
9981 7156
9982 8743
9983 9857
9984 9926
9985 7164
9986 7511
9987 9668
9988 7617
9989 5437
9990 6513
9991 8330
9992 8878
9993 9738
9994 8026
9995 9052
9996 8181
9997 9543
9998 9031
9999 9484
10000 8169
