9000
1 172
2 172
3 172
4 172
5 172
6 172
7 172
8 172
9 172
10 172
11 172
12 172
13 172
14 172
15 172
16 172
17 172
18 172
19 172
20 172
21 172
22 172
23 172
24 172
25 172
26 172
27 172
28 172
29 172
30 172
31 172
32 172
33 172
34 172
35 172
36 172
37 172
38 172
39 172
40 172
41 172
42 172
43 172
44 172
45 172
46 172
47 172
48 172
49 172
50 172
51 172
52 172
53 172
54 172
55 172
56 172
57 172
58 172
59 172
60 172
61 172
62 172
63 172
64 172
65 172
66 172
67 172
68 172
69 172
70 172
71 172
72 172
73 172
74 172
75 172
76 172
77 172
78 172
79 172
80 172
81 172
82 172
83 172
84 172
85 172
86 172
87 172
88 172
89 172
90 172
91 172
92 172
93 172
94 172
95 172
96 172
97 172
98 172
99 172
100 172
101 172
102 172
103 172
104 172
105 172
106 172
107 172
108 172
109 172
110 172
111 172
112 172
113 172
114 172
115 172
116 172
117 172
118 172
119 172
120 172
121 172
122 172
123 172
124 172
125 172
126 172
127 172
128 172
129 172
130 172
131 172
132 172
133 172
134 172
135 172
136 172
137 172
138 172
139 57
140 172
141 172
142 172
143 172
144 172
145 172
146 172
147 172
148 172
149 172
150 172
151 172
152 172
153 172
154 172
155 172
156 172
157 172
158 172
159 172
160 172
161 172
162 172
163 172
164 172
165 172
166 172
167 172
168 172
169 172
170 172
171 172
173 172
174 172
175 172
176 172
177 172
178 172
179 172
180 172
181 172
182 172
183 172
184 172
185 172
186 172
187 172
188 172
189 172
190 172
191 172
192 172
193 172
194 172
195 172
196 172
197 172
198 172
199 172
200 172
201 172
202 172
203 172
204 172
205 172
206 172
207 172
208 172
209 172
210 199
211 172
212 172
213 172
214 172
215 172
216 172
217 172
218 172
219 172
220 172
221 172
222 172
223 172
224 172
225 172
226 172
227 172
228 172
229 172
230 172
231 172
232 172
233 172
234 172
235 172
236 172
237 172
238 172
239 172
240 172
241 172
242 172
243 172
244 172
245 172
246 172
247 172
248 172
249 172
250 172
251 172
252 172
253 172
254 172
255 172
256 172
257 172
258 172
259 172
260 172
261 172
262 172
263 172
264 172
265 172
266 172
267 172
268 172
269 172
270 172
271 172
272 172
273 172
274 172
275 172
276 172
277 172
278 172
279 172
280 172
281 172
282 172
283 172
284 172
285 172
286 172
287 172
288 172
289 172
290 172
291 172
292 172
293 172
294 172
295 172
296 172
297 242
298 172
299 172
300 172
301 172
302 172
303 172
304 172
305 172
306 172
307 172
308 172
309 172
310 147
311 172
312 172
313 172
314 172
315 172
316 172
317 172
318 172
319 172
320 172
321 172
322 172
323 172
324 172
325 172
326 172
327 172
328 172
329 9
330 172
331 172
332 172
333 172
334 172
335 172
336 172
337 172
338 172
339 31
340 172
341 172
342 172
343 172
344 172
345 172
346 172
347 172
348 172
349 172
350 172
351 172
352 172
353 172
354 172
355 102
356 172
357 172
358 172
359 172
360 172
361 172
362 172
363 172
364 172
365 172
366 172
367 172
368 172
369 172
370 172
371 172
372 172
373 172
374 172
375 172
376 172
377 172
378 172
379 172
380 172
381 172
382 172
383 172
384 172
385 172
386 172
387 172
388 172
389 172
390 172
391 172
392 172
393 172
394 172
395 172
396 172
397 172
398 172
399 172
400 172
401 172
402 172
403 172
404 172
405 172
406 172
407 172
408 30
409 172
410 172
411 172
412 172
413 172
414 172
415 172
416 172
417 172
418 172
419 172
420 172
421 172
422 172
423 172
424 172
425 172
426 172
427 172
428 26
429 172
430 172
431 172
432 172
433 197
434 172
435 172
436 172
437 172
438 172
439 172
440 172
441 172
442 172
443 172
444 172
445 172
446 172
447 172
448 52
449 172
450 172
451 172
452 172
453 170
454 172
455 172
456 278
457 294
458 172
459 172
460 159
461 172
462 172
463 248
464 172
465 172
466 172
467 172
468 172
469 172
470 172
471 172
472 172
473 172
474 172
475 172
476 172
477 172
478 172
479 172
480 172
481 172
482 172
483 172
484 172
485 172
486 172
487 172
488 172
489 172
490 172
491 172
492 172
493 172
494 172
495 172
496 172
497 172
498 172
499 172
500 172
501 172
502 172
503 15
504 172
505 92
506 172
507 172
508 172
509 172
510 384
511 172
512 172
513 172
514 172
515 172
516 172
517 172
518 172
519 172
520 172
521 172
522 172
523 172
524 172
525 172
526 172
527 172
528 172
529 172
530 172
531 172
532 172
533 172
534 172
535 172
536 172
537 175
538 172
539 172
540 172
541 509
542 172
543 215
544 172
545 172
546 172
547 172
548 172
549 172
550 172
551 172
552 172
553 292
554 172
555 172
556 525
557 172
558 172
559 172
560 172
561 172
562 172
563 172
564 172
565 172
566 172
567 172
568 172
569 172
570 172
571 172
572 172
573 172
574 172
575 172
576 172
577 172
578 172
579 172
580 172
581 172
582 172
583 172
584 172
585 172
586 172
587 172
588 173
589 172
590 172
591 172
592 172
593 172
594 172
595 172
596 172
597 172
598 172
599 172
600 438
601 172
602 172
603 172
604 172
605 172
606 172
607 172
608 172
609 172
610 172
611 172
612 172
613 172
614 187
615 172
616 172
617 172
618 172
619 172
620 172
621 512
622 172
623 172
624 172
625 172
626 172
627 172
628 172
629 58
630 172
631 172
632 172
633 172
634 172
635 172
636 463
637 172
638 367
639 172
640 172
641 172
642 172
643 172
644 172
645 172
646 172
647 172
648 172
649 172
650 172
651 317
652 172
653 172
654 172
655 172
656 172
657 172
658 172
659 172
660 172
661 572
662 172
663 172
664 172
665 172
666 172
667 172
668 172
669 172
670 172
671 172
672 172
673 172
674 172
675 172
676 172
677 231
678 172
679 172
680 172
681 172
682 172
683 172
684 172
685 172
686 172
687 172
688 626
689 172
690 172
691 172
692 172
693 172
694 172
695 172
696 172
697 172
698 172
699 172
700 172
701 172
702 172
703 172
704 172
705 172
706 172
707 172
708 172
709 361
710 172
711 502
712 172
713 172
714 172
715 172
716 172
717 172
718 172
719 172
720 676
721 172
722 172
723 172
724 172
725 172
726 172
727 172
728 172
729 172
730 172
731 172
732 172
733 172
734 172
735 172
736 516
737 172
738 172
739 372
740 172
741 172
742 172
743 172
744 172
745 172
746 172
747 172
748 172
749 172
750 172
751 172
752 172
753 172
754 172
755 172
756 237
757 172
758 172
759 172
760 172
761 172
762 172
763 172
764 172
765 172
766 172
767 172
768 172
769 172
770 172
771 172
772 172
773 454
774 172
775 705
776 172
777 172
778 172
779 172
780 172
781 172
782 172
783 192
784 767
785 417
786 172
787 172
788 172
789 172
790 172
791 172
792 172
793 172
794 172
795 172
796 172
797 124
798 172
799 172
800 172
801 172
802 172
803 172
804 172
805 172
806 172
807 172
808 172
809 172
810 172
811 172
812 172
813 172
814 172
815 172
816 172
817 53
818 172
819 172
820 172
821 172
822 172
823 298
824 172
825 172
826 172
827 172
828 172
829 436
830 172
831 172
832 692
833 172
834 172
835 172
836 217
837 364
838 172
839 172
840 172
841 172
842 736
843 172
844 172
845 172
846 172
847 172
848 172
849 694
850 172
851 172
852 172
853 172
854 172
855 172
856 647
857 434
858 172
859 172
860 172
861 172
862 172
863 172
864 172
865 366
866 172
867 172
868 172
869 172
870 172
871 241
872 172
873 172
874 172
875 172
876 172
877 172
878 751
879 172
880 172
881 172
882 172
883 172
884 172
885 172
886 172
887 813
888 172
889 172
890 172
891 172
892 760
893 172
894 410
895 172
896 172
897 172
898 172
899 172
900 172
901 677
902 172
903 172
904 172
905 172
906 172
907 172
908 172
909 172
910 172
911 172
912 172
913 172
914 172
915 172
916 172
917 172
918 172
919 172
920 351
921 172
922 172
923 916
924 172
925 172
926 172
927 172
928 172
929 172
930 172
931 368
932 63
933 172
934 172
935 172
936 172
937 172
938 172
939 172
940 172
941 172
942 172
943 172
944 172
945 172
946 172
947 172
948 172
949 172
950 172
951 172
952 172
953 172
954 172
955 172
956 172
957 172
958 1
959 172
960 172
961 81
962 172
963 172
964 172
965 172
966 399
967 172
968 608
969 172
970 901
971 172
972 172
973 172
974 172
975 172
976 172
977 172
978 172
979 172
980 172
981 172
982 172
983 172
984 172
985 172
986 172
987 172
988 172
989 172
990 172
991 172
992 172
993 172
994 172
995 172
996 172
997 172
998 172
999 172
1000 172
1001 122
1002 910
1003 172
1004 172
1005 226
1006 172
1007 172
1008 172
1009 172
1010 172
1011 172
1012 172
1013 172
1014 837
1015 172
1016 172
1017 172
1018 672
1019 172
1020 172
1021 172
1022 172
1023 172
1024 172
1025 172
1026 172
1027 481
1028 355
1029 172
1030 778
1031 172
1032 172
1033 172
1034 172
1035 172
1036 172
1037 172
1038 172
1039 172
1040 172
1041 172
1042 172
1043 172
1044 172
1045 172
1046 172
1047 515
1048 172
1049 172
1050 172
1051 172
1052 172
1053 172
1054 491
1055 172
1056 172
1057 172
1058 172
1059 172
1060 172
1061 942
1062 860
1063 172
1064 172
1065 172
1066 172
1067 755
1068 172
1069 172
1070 172
1071 970
1072 172
1073 762
1074 172
1075 508
1076 172
1077 172
1078 172
1079 172
1080 172
1081 172
1082 172
1083 172
1084 172
1085 172
1086 172
1087 172
1088 59
1089 172
1090 172
1091 172
1092 172
1093 95
1094 172
1095 172
1096 172
1097 172
1098 172
1099 172
1100 172
1101 172
1102 923
1103 172
1104 172
1105 172
1106 172
1107 172
1108 172
1109 987
1110 172
1111 172
1112 172
1113 172
1114 172
1115 172
1116 172
1117 172
1118 172
1119 495
1120 172
1121 172
1122 172
1123 172
1124 172
1125 172
1126 600
1127 172
1128 172
1129 172
1130 172
1131 172
1132 172
1133 172
1134 172
1135 172
1136 172
1137 172
1138 172
1139 172
1140 172
1141 172
1142 172
1143 172
1144 172
1145 172
1146 172
1147 172
1148 172
1149 172
1150 172
1151 172
1152 313
1153 172
1154 172
1155 172
1156 172
1157 172
1158 172
1159 172
1160 172
1161 172
1162 172
1163 172
1164 969
1165 172
1166 172
1167 172
1168 172
1169 172
1170 172
1171 1043
1172 172
1173 172
1174 172
1175 172
1176 172
1177 172
1178 591
1179 172
1180 172
1181 172
1182 172
1183 172
1184 172
1185 172
1186 1122
1187 1075
1188 172
1189 172
1190 172
1191 172
1192 172
1193 172
1194 172
1195 886
1196 172
1197 172
1198 172
1199 480
1200 172
1201 172
1202 273
1203 172
1204 787
1205 172
1206 227
1207 172
1208 172
1209 172
1210 172
1211 172
1212 1169
1213 172
1214 172
1215 72
1216 172
1217 172
1218 464
1219 172
1220 172
1221 172
1222 172
1223 1116
1224 882
1225 172
1226 172
1227 172
1228 172
1229 172
1230 172
1231 172
1232 172
1233 172
1234 172
1235 172
1236 172
1237 41
1238 172
1239 909
1240 172
1241 172
1242 172
1243 172
1244 172
1245 172
1246 172
1247 172
1248 172
1249 172
1250 172
1251 172
1252 172
1253 172
1254 172
1255 1245
1256 172
1257 172
1258 172
1259 172
1260 172
1261 1226
1262 172
1263 172
1264 172
1265 172
1266 172
1267 172
1268 172
1269 346
1270 172
1271 172
1272 172
1273 172
1274 172
1275 172
1276 172
1277 172
1278 172
1279 172
1280 172
1281 172
1282 172
1283 172
1284 172
1285 172
1286 944
1287 172
1288 172
1289 172
1290 172
1291 172
1292 177
1293 172
1294 172
1295 172
1296 172
1297 172
1298 172
1299 172
1300 172
1301 38
1302 1271
1303 764
1304 172
1305 172
1306 172
1307 172
1308 172
1309 172
1310 172
1311 172
1312 172
1313 172
1314 172
1315 172
1316 172
1317 543
1318 172
1319 172
1320 172
1321 642
1322 172
1323 172
1324 172
1325 172
1326 172
1327 172
1328 172
1329 172
1330 172
1331 649
1332 172
1333 749
1334 172
1335 172
1336 172
1337 172
1338 172
1339 172
1340 337
1341 172
1342 172
1343 1263
1344 172
1345 172
1346 172
1347 172
1348 172
1349 172
1350 172
1351 172
1352 172
1353 421
1354 172
1355 172
1356 172
1357 172
1358 261
1359 172
1360 1003
1361 172
1362 172
1363 172
1364 172
1365 172
1366 172
1367 172
1368 172
1369 628
1370 172
1371 172
1372 172
1373 172
1374 172
1375 172
1376 172
1377 172
1378 172
1379 172
1380 193
1381 172
1382 172
1383 172
1384 172
1385 172
1386 172
1387 172
1388 172
1389 172
1390 172
1391 232
1392 172
1393 172
1394 172
1395 601
1396 172
1397 172
1398 172
1399 172
1400 172
1401 172
1402 309
1403 172
1404 370
1405 1135
1406 172
1407 158
1408 172
1409 172
1410 178
1411 172
1412 629
1413 172
1414 587
1415 172
1416 1390
1417 172
1418 176
1419 172
1420 172
1421 449
1422 538
1423 172
1424 172
1425 1282
1426 172
1427 172
1428 172
1429 22
1430 3
1431 503
1432 504
1433 172
1434 172
1435 1128
1436 412
1437 172
1438 831
1439 452
1440 172
1441 172
1442 774
1443 172
1444 172
1445 172
1446 172
1447 1029
1448 786
1449 85
1450 1339
1451 172
1452 172
1453 892
1454 172
1455 172
1456 172
1457 172
1458 172
1459 314
1460 172
1461 524
1462 172
1463 172
1464 172
1465 172
1466 552
1467 172
1468 1157
1469 1242
1470 172
1471 1210
1472 172
1473 172
1474 172
1475 265
1476 172
1477 1344
1478 172
1479 172
1480 172
1481 172
1482 172
1483 172
1484 172
1485 715
1486 172
1487 172
1488 172
1489 211
1490 172
1491 172
1492 172
1493 172
1494 172
1495 172
1496 93
1497 172
1498 931
1499 172
1500 172
1501 172
1502 172
1503 1414
1504 172
1505 172
1506 172
1507 172
1508 172
1509 172
1510 172
1511 172
1512 172
1513 172
1514 172
1515 172
1516 746
1517 172
1518 1467
1519 172
1520 172
1521 172
1522 172
1523 172
1524 172
1525 172
1526 172
1527 172
1528 172
1529 1026
1530 172
1531 172
1532 172
1533 172
1534 172
1535 172
1536 172
1537 172
1538 570
1539 172
1540 172
1541 172
1542 172
1543 172
1544 1321
1545 172
1546 172
1547 172
1548 172
1549 172
1550 172
1551 172
1552 172
1553 172
1554 172
1555 172
1556 172
1557 172
1558 172
1559 172
1560 172
1561 172
1562 172
1563 172
1564 172
1565 172
1566 281
1567 172
1568 172
1569 700
1570 883
1571 172
1572 172
1573 172
1574 172
1575 172
1576 172
1577 172
1578 172
1579 172
1580 172
1581 172
1582 172
1583 172
1584 1274
1585 172
1586 172
1587 1530
1588 172
1589 172
1590 172
1591 172
1592 172
1593 172
1594 172
1595 172
1596 172
1597 172
1598 172
1599 172
1600 1329
1601 172
1602 315
1603 172
1604 172
1605 1237
1606 172
1607 172
1608 172
1609 172
1610 172
1611 172
1612 757
1613 172
1614 172
1615 172
1616 172
1617 172
1618 1293
1619 172
1620 172
1621 1119
1622 172
1623 347
1624 172
1625 172
1626 995
1627 1338
1628 172
1629 172
1630 172
1631 172
1632 172
1633 810
1634 172
1635 172
1636 172
1637 172
1638 172
1639 172
1640 172
1641 172
1642 172
1643 172
1644 172
1645 172
1646 349
1647 172
1648 172
1649 172
1650 172
1651 402
1652 413
1653 414
1654 172
1655 172
1656 172
1657 172
1658 172
1659 172
1660 782
1661 838
1662 172
1663 359
1664 172
1665 172
1666 172
1667 172
1668 861
1669 172
1670 172
1671 655
1672 172
1673 172
1674 172
1675 172
1676 172
1677 172
1678 172
1679 172
1680 172
1681 1334
1682 172
1683 44
1684 172
1685 172
1686 172
1687 172
1688 172
1689 172
1690 172
1691 423
1692 172
1693 172
1694 172
1695 172
1696 172
1697 172
1698 172
1699 852
1700 172
1701 160
1702 1228
1703 172
1704 392
1705 172
1706 1596
1707 172
1708 172
1709 172
1710 172
1711 172
1712 172
1713 172
1714 172
1715 172
1716 482
1717 172
1718 172
1719 172
1720 172
1721 172
1722 1373
1723 172
1724 172
1725 97
1726 1006
1727 172
1728 1130
1729 172
1730 1622
1731 172
1732 620
1733 172
1734 172
1735 1381
1736 172
1737 145
1738 1372
1739 307
1740 172
1741 172
1742 172
1743 172
1744 172
1745 172
1746 172
1747 816
1748 898
1749 172
1750 172
1751 172
1752 172
1753 172
1754 172
1755 172
1756 172
1757 172
1758 1124
1759 1113
1760 172
1761 172
1762 937
1763 172
1764 172
1765 172
1766 172
1767 172
1768 172
1769 578
1770 172
1771 172
1772 172
1773 172
1774 1216
1775 1469
1776 1333
1777 172
1778 172
1779 172
1780 172
1781 172
1782 429
1783 172
1784 1433
1785 172
1786 775
1787 1064
1788 172
1789 1521
1790 172
1791 369
1792 172
1793 172
1794 1138
1795 172
1796 172
1797 740
1798 172
1799 1118
1800 172
1801 172
1802 172
1803 841
1804 172
1805 172
1806 250
1807 172
1808 172
1809 172
1810 172
1811 172
1812 172
1813 172
1814 172
1815 172
1816 172
1817 240
1818 172
1819 1076
1820 172
1821 172
1822 172
1823 1636
1824 172
1825 172
1826 780
1827 581
1828 172
1829 172
1830 172
1831 666
1832 172
1833 1644
1834 100
1835 172
1836 989
1837 172
1838 172
1839 1165
1840 172
1841 172
1842 172
1843 1112
1844 172
1845 172
1846 172
1847 172
1848 172
1849 172
1850 172
1851 172
1852 172
1853 1060
1854 172
1855 1429
1856 172
1857 172
1858 172
1859 172
1860 172
1861 257
1862 1071
1863 1718
1864 172
1865 172
1866 172
1867 172
1868 1846
1869 172
1870 172
1871 172
1872 172
1873 474
1874 172
1875 172
1876 172
1877 172
1878 172
1879 172
1880 172
1881 1311
1882 766
1883 172
1884 400
1885 1438
1886 172
1887 385
1888 172
1889 264
1890 172
1891 172
1892 1771
1893 172
1894 1028
1895 1241
1896 172
1897 172
1898 1217
1899 172
1900 172
1901 172
1902 172
1903 172
1904 39
1905 172
1906 1279
1907 172
1908 180
1909 1894
1910 172
1911 1444
1912 172
1913 32
1914 172
1915 172
1916 172
1917 1299
1918 172
1919 1630
1920 172
1921 959
1922 172
1923 296
1924 1109
1925 172
1926 390
1927 172
1928 172
1929 172
1930 172
1931 172
1932 6
1933 1154
1934 1065
1935 887
1936 172
1937 172
1938 155
1939 172
1940 172
1941 172
1942 244
1943 336
1944 172
1945 172
1946 172
1947 172
1948 863
1949 213
1950 172
1951 47
1952 172
1953 172
1954 172
1955 172
1956 172
1957 172
1958 172
1959 172
1960 1873
1961 172
1962 172
1963 295
1964 172
1965 871
1966 172
1967 172
1968 172
1969 172
1970 172
1971 172
1972 172
1973 172
1974 476
1975 497
1976 1408
1977 172
1978 172
1979 183
1980 172
1981 172
1982 172
1983 172
1984 419
1985 172
1986 1411
1987 172
1988 172
1989 172
1990 64
1991 172
1992 172
1993 172
1994 172
1995 1145
1996 172
1997 1886
1998 86
1999 172
2000 172
2001 1591
2002 1508
2003 172
2004 172
2005 172
2006 961
2007 1330
2008 172
2009 88
2010 172
2011 172
2012 1473
2013 172
2014 172
2015 172
2016 544
2017 172
2018 172
2019 172
2020 172
2021 172
2022 172
2023 172
2024 172
2025 172
2026 1059
2027 1824
2028 172
2029 172
2030 172
2031 172
2032 172
2033 172
2034 172
2035 172
2036 172
2037 439
2038 870
2039 188
2040 172
2041 172
2042 1457
2043 172
2044 172
2045 1187
2046 172
2047 1158
2048 430
2049 172
2050 172
2051 172
2052 172
2053 172
2054 172
2055 172
2056 172
2057 172
2058 593
2059 172
2060 172
2061 172
2062 172
2063 172
2064 172
2065 172
2066 172
2067 1137
2068 172
2069 166
2070 1445
2071 172
2072 172
2073 1755
2074 172
2075 172
2076 172
2077 172
2078 680
2079 1425
2080 172
2081 433
2082 172
2083 172
2084 1854
2085 172
2086 172
2087 172
2088 172
2089 172
2090 1085
2091 1532
2092 172
2093 172
2094 172
2095 172
2096 172
2097 172
2098 172
2099 80
2100 798
2101 1691
2102 172
2103 172
2104 172
2105 172
2106 386
2107 1698
2108 2059
2109 172
2110 172
2111 1558
2112 172
2113 2002
2114 172
2115 172
2116 172
2117 507
2118 172
2119 1115
2120 1366
2121 172
2122 172
2123 172
2124 172
2125 1865
2126 172
2127 985
2128 1424
2129 172
2130 1916
2131 172
2132 951
2133 172
2134 172
2135 172
2136 888
2137 35
2138 1852
2139 784
2140 172
2141 172
2142 172
2143 172
2144 172
2145 1418
2146 172
2147 1097
2148 172
2149 172
2150 172
2151 172
2152 1821
2153 321
2154 172
2155 202
2156 172
2157 172
2158 365
2159 1623
2160 172
2161 172
2162 172
2163 1183
2164 172
2165 172
2166 172
2167 172
2168 172
2169 172
2170 1198
2171 451
2172 172
2173 172
2174 172
2175 1020
2176 827
2177 172
2178 172
2179 172
2180 172
2181 172
2182 172
2183 172
2184 172
2185 172
2186 1694
2187 172
2188 2054
2189 172
2190 172
2191 612
2192 82
2193 172
2194 1868
2195 1741
2196 172
2197 1567
2198 354
2199 339
2200 172
2201 172
2202 1720
2203 172
2204 172
2205 172
2206 172
2207 172
2208 172
2209 172
2210 172
2211 1314
2212 172
2213 520
2214 1775
2215 172
2216 684
2217 172
2218 172
2219 172
2220 172
2221 1723
2222 389
2223 172
2224 172
2225 2170
2226 172
2227 172
2228 172
2229 172
2230 1492
2231 172
2232 172
2233 172
2234 172
2235 172
2236 172
2237 172
2238 172
2239 172
2240 1653
2241 172
2242 172
2243 172
2244 2099
2245 1036
2246 172
2247 172
2248 1682
2249 172
2250 1114
2251 2141
2252 172
2253 172
2254 172
2255 172
2256 2228
2257 172
2258 172
2259 262
2260 172
2261 172
2262 172
2263 172
2264 2071
2265 172
2266 172
2267 1966
2268 172
2269 172
2270 455
2271 181
2272 172
2273 172
2274 172
2275 2233
2276 172
2277 247
2278 172
2279 172
2280 172
2281 49
2282 172
2283 172
2284 172
2285 1737
2286 172
2287 172
2288 588
2289 172
2290 172
2291 1201
2292 1207
2293 172
2294 1251
2295 356
2296 172
2297 172
2298 172
2299 172
2300 172
2301 172
2302 1583
2303 2096
2304 172
2305 172
2306 303
2307 172
2308 172
2309 172
2310 919
2311 783
2312 1386
2313 858
2314 1368
2315 172
2316 172
2317 1454
2318 172
2319 172
2320 172
2321 2218
2322 172
2323 172
2324 172
2325 172
2326 496
2327 172
2328 1027
2329 172
2330 172
2331 1326
2332 172
2333 172
2334 128
2335 1592
2336 172
2337 172
2338 172
2339 172
2340 172
2341 172
2342 172
2343 172
2344 172
2345 172
2346 1635
2347 172
2348 724
2349 2213
2350 172
2351 172
2352 172
2353 172
2354 1879
2355 172
2356 172
2357 172
2358 172
2359 1730
2360 121
2361 172
2362 172
2363 87
2364 1849
2365 172
2366 893
2367 172
2368 2035
2369 172
2370 172
2371 622
2372 172
2373 2062
2374 172
2375 172
2376 50
2377 172
2378 172
2379 172
2380 270
2381 172
2382 172
2383 235
2384 687
2385 1784
2386 172
2387 172
2388 172
2389 2137
2390 1289
2391 1413
2392 172
2393 880
2394 172
2395 172
2396 269
2397 172
2398 172
2399 1620
2400 172
2401 457
2402 606
2403 747
2404 172
2405 2045
2406 172
2407 1518
2408 172
2409 172
2410 172
2411 1725
2412 10
2413 172
2414 1746
2415 172
2416 172
2417 172
2418 172
2419 172
2420 2163
2421 172
2422 2036
2423 172
2424 172
2425 172
2426 172
2427 115
2428 172
2429 172
2430 1163
2431 172
2432 1203
2433 1961
2434 172
2435 172
2436 96
2437 722
2438 172
2439 172
2440 602
2441 1862
2442 172
2443 172
2444 172
2445 172
2446 172
2447 172
2448 2025
2449 172
2450 172
2451 678
2452 1042
2453 172
2454 172
2455 172
2456 172
2457 2441
2458 172
2459 172
2460 172
2461 172
2462 1494
2463 172
2464 172
2465 2251
2466 172
2467 172
2468 172
2469 172
2470 1551
2471 172
2472 172
2473 172
2474 172
2475 172
2476 172
2477 1728
2478 172
2479 1337
2480 172
2481 1022
2482 172
2483 2117
2484 172
2485 172
2486 172
2487 172
2488 2272
2489 1690
2490 172
2491 1490
2492 1739
2493 1927
2494 1141
2495 172
2496 130
2497 874
2498 172
2499 172
2500 172
2501 172
2502 2127
2503 2103
2504 172
2505 1593
2506 490
2507 362
2508 1547
2509 172
2510 172
2511 172
2512 271
2513 2474
2514 172
2515 172
2516 172
2517 172
2518 1088
2519 172
2520 172
2521 172
2522 172
2523 172
2524 172
2525 885
2526 172
2527 172
2528 2466
2529 172
2530 172
2531 1797
2532 172
2533 172
2534 1172
2535 584
2536 172
2537 1286
2538 334
2539 172
2540 172
2541 897
2542 172
2543 656
2544 172
2545 172
2546 172
2547 172
2548 140
2549 431
2550 172
2551 172
2552 637
2553 2030
2554 172
2555 1456
2556 172
2557 172
2558 172
2559 2377
2560 2178
2561 966
2562 172
2563 172
2564 1068
2565 172
2566 1166
2567 172
2568 328
2569 814
2570 172
2571 172
2572 172
2573 172
2574 172
2575 172
2576 172
2577 172
2578 172
2579 172
2580 172
2581 2433
2582 172
2583 2577
2584 172
2585 172
2586 930
2587 172
2588 583
2589 172
2590 172
2591 172
2592 2344
2593 172
2594 172
2595 172
2596 172
2597 172
2598 1005
2599 172
2600 172
2601 2575
2602 2161
2603 172
2604 2084
2605 172
2606 172
2607 172
2608 172
2609 172
2610 1646
2611 172
2612 172
2613 65
2614 172
2615 1612
2616 172
2617 172
2618 172
2619 172
2620 172
2621 172
2622 442
2623 172
2624 172
2625 1162
2626 2011
2627 1343
2628 172
2629 406
2630 1889
2631 172
2632 172
2633 305
2634 172
2635 1073
2636 585
2637 1914
2638 172
2639 172
2640 172
2641 441
2642 172
2643 172
2644 172
2645 1816
2646 1023
2647 172
2648 977
2649 172
2650 2176
2651 172
2652 172
2653 172
2654 172
2655 172
2656 172
2657 2487
2658 172
2659 172
2660 2206
2661 815
2662 172
2663 172
2664 2288
2665 172
2666 172
2667 460
2668 172
2669 1913
2670 939
2671 214
2672 1255
2673 60
2674 284
2675 172
2676 172
2677 2522
2678 1142
2679 300
2680 172
2681 172
2682 172
2683 172
2684 172
2685 172
2686 172
2687 172
2688 172
2689 2489
2690 1906
2691 1422
2692 172
2693 172
2694 172
2695 2384
2696 941
2697 172
2698 934
2699 2469
2700 172
2701 172
2702 1748
2703 616
2704 172
2705 1121
2706 2570
2707 172
2708 1776
2709 172
2710 172
2711 172
2712 172
2713 172
2714 172
2715 822
2716 172
2717 443
2718 1709
2719 172
2720 172
2721 172
2722 2532
2723 172
2724 172
2725 172
2726 172
2727 79
2728 2690
2729 965
2730 599
2731 172
2732 172
2733 172
2734 1358
2735 172
2736 172
2737 172
2738 172
2739 172
2740 172
2741 2331
2742 2234
2743 172
2744 505
2745 172
2746 986
2747 2038
2748 172
2749 172
2750 1193
2751 172
2752 172
2753 1619
2754 299
2755 172
2756 2742
2757 172
2758 1451
2759 1212
2760 172
2761 172
2762 1638
2763 927
2764 172
2765 172
2766 172
2767 1566
2768 172
2769 172
2770 172
2771 172
2772 172
2773 1192
2774 1708
2775 172
2776 172
2777 37
2778 172
2779 1802
2780 2727
2781 172
2782 172
2783 172
2784 475
2785 172
2786 172
2787 150
2788 172
2789 2428
2790 172
2791 172
2792 2379
2793 172
2794 172
2795 172
2796 1988
2797 172
2798 172
2799 172
2800 172
2801 172
2802 471
2803 172
2804 172
2805 172
2806 256
2807 2452
2808 172
2809 172
2810 172
2811 2739
2812 172
2813 172
2814 172
2815 2076
2816 172
2817 2463
2818 1683
2819 172
2820 146
2821 1041
2822 2676
2823 488
2824 172
2825 2553
2826 172
2827 172
2828 172
2829 973
2830 172
2831 172
2832 172
2833 1688
2834 1860
2835 172
2836 2604
2837 172
2838 535
2839 172
2840 2730
2841 1054
2842 172
2843 172
2844 1287
2845 172
2846 172
2847 172
2848 179
2849 172
2850 2306
2851 686
2852 2037
2853 2572
2854 940
2855 62
2856 2152
2857 172
2858 1410
2859 172
2860 172
2861 1769
2862 172
2863 172
2864 172
2865 172
2866 1199
2867 172
2868 172
2869 1111
2870 172
2871 172
2872 172
2873 117
2874 172
2875 1205
2876 172
2877 172
2878 1736
2879 1634
2880 259
2881 172
2882 1534
2883 1876
2884 172
2885 172
2886 172
2887 172
2888 172
2889 2728
2890 172
2891 172
2892 172
2893 172
2894 172
2895 1937
2896 172
2897 1248
2898 1629
2899 172
2900 172
2901 1536
2902 2454
2903 172
2904 172
2905 702
2906 172
2907 172
2908 172
2909 172
2910 172
2911 172
2912 2614
2913 172
2914 172
2915 532
2916 172
2917 172
2918 2677
2919 172
2920 172
2921 172
2922 615
2923 172
2924 61
2925 1259
2926 710
2927 172
2928 2765
2929 172
2930 1645
2931 172
2932 560
2933 1777
2934 1196
2935 172
2936 172
2937 172
2938 172
2939 172
2940 172
2941 2912
2942 172
2943 172
2944 172
2945 172
2946 172
2947 172
2948 172
2949 172
2950 2866
2951 2643
2952 172
2953 548
2954 693
2955 172
2956 1616
2957 172
2958 1001
2959 172
2960 172
2961 83
2962 172
2963 172
2964 924
2965 172
2966 172
2967 172
2968 172
2969 172
2970 172
2971 172
2972 2470
2973 2019
2974 172
2975 172
2976 172
2977 2811
2978 172
2979 172
2980 172
2981 1732
2982 2250
2983 172
2984 2803
2985 172
2986 1417
2987 2486
2988 172
2989 172
2990 172
2991 2130
2992 172
2993 172
2994 500
2995 1978
2996 172
2997 172
2998 825
2999 172
3000 2636
3001 172
3002 1497
3003 172
3004 172
3005 172
3006 172
3007 2711
3008 945
3009 660
3010 707
3011 2231
3012 109
3013 1220
3014 172
3015 172
3016 1764
3017 132
3018 172
3019 2810
3020 2861
3021 172
3022 101
3023 450
3024 172
3025 172
3026 172
3027 172
3028 172
3029 1209
3030 2609
3031 172
3032 172
3033 172
3034 172
3035 856
3036 1647
3037 172
3038 172
3039 172
3040 123
3041 172
3042 172
3043 172
3044 1285
3045 1922
3046 172
3047 2851
3048 486
3049 172
3050 713
3051 172
3052 172
3053 2651
3054 172
3055 172
3056 796
3057 172
3058 172
3059 1327
3060 991
3061 1795
3062 172
3063 172
3064 172
3065 229
3066 172
3067 3043
3068 1105
3069 1594
3070 172
3071 1312
3072 2216
3073 172
3074 2083
3075 172
3076 172
3077 559
3078 172
3079 172
3080 21
3081 172
3082 420
3083 2512
3084 172
3085 172
3086 172
3087 172
3088 172
3089 2042
3090 172
3091 172
3092 2633
3093 2120
3094 172
3095 172
3096 172
3097 1531
3098 172
3099 172
3100 172
3101 172
3102 172
3103 172
3104 1427
3105 172
3106 1132
3107 2951
3108 1106
3109 2332
3110 172
3111 1313
3112 547
3113 2221
3114 172
3115 172
3116 172
3117 172
3118 172
3119 2359
3120 172
3121 2970
3122 1045
3123 1940
3124 172
3125 748
3126 388
3127 172
3128 172
3129 172
3130 1223
3131 172
3132 113
3133 873
3134 1265
3135 172
3136 172
3137 318
3138 2930
3139 2662
3140 2573
3141 2462
3142 1437
3143 2405
3144 753
3145 172
3146 2617
3147 172
3148 3008
3149 823
3150 607
3151 2109
3152 172
3153 172
3154 172
3155 2865
3156 172
3157 172
3158 172
3159 2959
3160 2087
3161 172
3162 2215
3163 416
3164 172
3165 172
3166 2256
3167 172
3168 2869
3169 1649
3170 172
3171 172
3172 848
3173 1834
3174 172
3175 172
3176 2933
3177 172
3178 1923
3179 1675
3180 172
3181 172
3182 172
3183 129
3184 172
3185 172
3186 2058
3187 172
3188 172
3189 427
3190 1233
3191 172
3192 172
3193 172
3194 172
3195 1478
3196 172
3197 172
3198 1896
3199 172
3200 2126
3201 172
3202 2770
3203 172
3204 2515
3205 1214
3206 172
3207 172
3208 172
3209 473
3210 1661
3211 2008
3212 172
3213 172
3214 3001
3215 172
3216 172
3217 172
3218 1711
3219 2417
3220 1597
3221 172
3222 172
3223 172
3224 172
3225 172
3226 2583
3227 172
3228 172
3229 3203
3230 172
3231 172
3232 172
3233 172
3234 172
3235 172
3236 523
3237 172
3238 2261
3239 172
3240 2871
3241 172
3242 172
3243 172
3244 172
3245 172
3246 2783
3247 172
3248 172
3249 172
3250 2626
3251 2983
3252 172
3253 172
3254 2146
3255 172
3256 323
3257 1514
3258 172
3259 2655
3260 1487
3261 172
3262 172
3263 1284
3264 172
3265 172
3266 2091
3267 172
3268 957
3269 3028
3270 172
3271 411
3272 1504
3273 1948
3274 172
3275 1371
3276 1945
3277 2478
3278 2348
3279 172
3280 172
3281 172
3282 1261
3283 756
3284 172
3285 172
3286 172
3287 3238
3288 172
3289 172
3290 172
3291 1482
3292 172
3293 190
3294 2371
3295 172
3296 172
3297 1807
3298 172
3299 2761
3300 172
3301 172
3302 172
3303 1510
3304 172
3305 734
3306 1102
3307 172
3308 172
3309 172
3310 308
3311 834
3312 3291
3313 172
3314 172
3315 91
3316 172
3317 3282
3318 172
3319 172
3320 172
3321 172
3322 422
3323 172
3324 1584
3325 172
3326 2265
3327 2829
3328 172
3329 20
3330 3281
3331 3094
3332 172
3333 1997
3334 2242
3335 172
3336 172
3337 172
3338 172
3339 1773
3340 1588
3341 2032
3342 172
3343 172
3344 172
3345 172
3346 172
3347 172
3348 1870
3349 172
3350 172
3351 1463
3352 1281
3353 819
3354 172
3355 2151
3356 7
3357 172
3358 2009
3359 172
3360 172
3361 172
3362 1984
3363 172
3364 1659
3365 172
3366 8
3367 794
3368 2430
3369 2303
3370 172
3371 172
3372 1472
3373 2475
3374 172
3375 172
3376 172
3377 172
3378 2898
3379 1175
3380 172
3381 2993
3382 172
3383 765
3384 3210
3385 2449
3386 1810
3387 625
3388 1432
3389 172
3390 2660
3391 759
3392 172
3393 172
3394 172
3395 1392
3396 172
3397 3366
3398 1402
3399 172
3400 833
3401 3209
3402 172
3403 1799
3404 172
3405 770
3406 172
3407 3335
3408 3093
3409 1150
3410 1247
3411 2225
3412 172
3413 979
3414 172
3415 40
3416 3016
3417 1222
3418 172
3419 2679
3420 172
3421 3278
3422 1700
3423 172
3424 426
3425 3280
3426 1559
3427 172
3428 172
3429 3222
3430 1178
3431 172
3432 792
3433 2781
3434 2778
3435 1540
3436 3125
3437 325
3438 172
3439 172
3440 172
3441 172
3442 172
3443 2795
3444 172
3445 172
3446 2494
3447 172
3448 2156
3449 1319
3450 172
3451 172
3452 172
3453 1270
3454 172
3455 3421
3456 172
3457 2144
3458 2293
3459 172
3460 2537
3461 172
3462 2411
3463 3407
3464 1803
3465 172
3466 437
3467 260
3468 2273
3469 3136
3470 1087
3471 172
3472 172
3473 2919
3474 172
3475 2060
3476 172
3477 1578
3478 172
3479 1182
3480 3243
3481 172
3482 172
3483 3435
3484 172
3485 797
3486 172
3487 172
3488 172
3489 172
3490 172
3491 3118
3492 2790
3493 3146
3494 172
3495 172
3496 172
3497 11
3498 172
3499 24
3500 172
3501 1499
3502 2914
3503 172
3504 1871
3505 3474
3506 172
3507 479
3508 1954
3509 3044
3510 172
3511 172
3512 172
3513 172
3514 157
3515 2367
3516 172
3517 172
3518 3475
3519 3433
3520 1447
3521 3276
3522 172
3523 908
3524 1384
3525 3277
3526 1938
3527 103
3528 172
3529 172
3530 172
3531 172
3532 2693
3533 172
3534 172
3535 285
3536 172
3537 172
3538 172
3539 3259
3540 1180
3541 1033
3542 1639
3543 447
3544 371
3545 2364
3546 1189
3547 2821
3548 172
3549 172
3550 172
3551 172
3552 1604
3553 172
3554 172
3555 1976
3556 172
3557 3224
3558 172
3559 172
3560 2118
3561 172
3562 172
3563 590
3564 2349
3565 1935
3566 3520
3567 172
3568 172
3569 172
3570 172
3571 3357
3572 172
3573 172
3574 172
3575 2928
3576 172
3577 172
3578 172
3579 2624
3580 172
3581 172
3582 2224
3583 1519
3584 172
3585 172
3586 172
3587 172
3588 172
3589 172
3590 3418
3591 2786
3592 172
3593 2613
3594 573
3595 172
3596 172
3597 3063
3598 172
3599 2232
3600 172
3601 172
3602 2568
3603 467
3604 2438
3605 153
3606 2413
3607 2923
3608 172
3609 1837
3610 172
3611 172
3612 2294
3613 172
3614 172
3615 172
3616 904
3617 172
3618 1686
3619 172
3620 3604
3621 172
3622 172
3623 2285
3624 172
3625 172
3626 172
3627 172
3628 487
3629 2069
3630 172
3631 1712
3632 3168
3633 172
3634 172
3635 1185
3636 744
3637 1256
3638 2072
3639 2351
3640 172
3641 172
3642 2715
3643 3587
3644 172
3645 2927
3646 3488
3647 172
3648 1606
3649 172
3650 172
3651 254
3652 172
3653 172
3654 172
3655 2639
3656 2798
3657 172
3658 172
3659 172
3660 172
3661 2596
3662 3234
3663 172
3664 3498
3665 651
3666 172
3667 172
3668 3310
3669 2754
3670 172
3671 172
3672 1885
3673 172
3674 3545
3675 172
3676 962
3677 1830
3678 172
3679 501
3680 172
3681 999
3682 1696
3683 280
3684 3382
3685 172
3686 172
3687 3023
3688 172
3689 172
3690 172
3691 3549
3692 1498
3693 3104
3694 266
3695 1975
3696 172
3697 172
3698 172
3699 3158
3700 172
3701 283
3702 172
3703 2608
3704 172
3705 172
3706 172
3707 172
3708 3140
3709 172
3710 172
3711 172
3712 3685
3713 2446
3714 28
3715 3314
3716 172
3717 3411
3718 3519
3719 172
3720 172
3721 172
3722 2391
3723 172
3724 172
3725 172
3726 2414
3727 2495
3728 172
3729 2840
3730 820
3731 172
3732 172
3733 1520
3734 172
3735 2670
3736 1347
3737 172
3738 172
3739 3613
3740 172
3741 3731
3742 3022
3743 172
3744 2985
3745 172
3746 172
3747 172
3748 172
3749 172
3750 172
3751 3396
3752 172
3753 3566
3754 3133
3755 3605
3756 3495
3757 172
3758 172
3759 172
3760 611
3761 3007
3762 172
3763 3298
3764 2296
3765 2957
3766 172
3767 1910
3768 3585
3769 405
3770 2557
3771 2443
3772 172
3773 172
3774 172
3775 172
3776 172
3777 3751
3778 172
3779 534
3780 172
3781 172
3782 1735
3783 172
3784 773
3785 172
3786 2998
3787 172
3788 172
3789 2249
3790 172
3791 172
3792 172
3793 3434
3794 2354
3795 3428
3796 172
3797 172
3798 3525
3799 2843
3800 3568
3801 1738
3802 3237
3803 3570
3804 3401
3805 1365
3806 2461
3807 228
3808 1999
3809 1867
3810 172
3811 1090
3812 172
3813 3090
3814 172
3815 172
3816 172
3817 172
3818 3096
3819 331
3820 750
3821 172
3822 2961
3823 172
3824 3380
3825 3253
3826 1770
3827 172
3828 245
3829 1891
3830 172
3831 172
3832 2460
3833 172
3834 172
3835 172
3836 3476
3837 2921
3838 172
3839 172
3840 2357
3841 172
3842 172
3843 172
3844 664
3845 172
3846 172
3847 3414
3848 172
3849 125
3850 172
3851 172
3852 172
3853 172
3854 1947
3855 172
3856 172
3857 2040
3858 172
3859 172
3860 2562
3861 169
3862 878
3863 1726
3864 172
3865 3392
3866 2505
3867 172
3868 2542
3869 172
3870 172
3871 3757
3872 311
3873 137
3874 2223
3875 172
3876 172
3877 3127
3878 172
3879 172
3880 2767
3881 172
3882 3637
3883 172
3884 172
3885 172
3886 172
3887 3614
3888 172
3889 561
3890 2688
3891 618
3892 1336
3893 374
3894 172
3895 172
3896 172
3897 172
3898 477
3899 172
3900 3402
3901 172
3902 1665
3903 3478
3904 172
3905 3269
3906 172
3907 1758
3908 172
3909 172
3910 2373
3911 1002
3912 172
3913 172
3914 172
3915 172
3916 3081
3917 172
3918 172
3919 2191
3920 821
3921 949
3922 1475
3923 3181
3924 172
3925 172
3926 172
3927 172
3928 3584
3929 1082
3930 1562
3931 172
3932 2166
3933 2755
3934 172
3935 807
3936 1664
3937 172
3938 73
3939 172
3940 3246
3941 172
3942 2023
3943 172
3944 172
3945 3457
3946 2886
3947 172
3948 3794
3949 2280
3950 172
3951 172
3952 172
3953 172
3954 1989
3955 172
3956 1806
3957 2259
3958 172
3959 3640
3960 3738
3961 555
3962 868
3963 1585
3964 172
3965 172
3966 172
3967 172
3968 172
3969 172
3970 45
3971 2523
3972 1570
3973 172
3974 172
3975 1306
3976 194
3977 2119
3978 2435
3979 5
3980 172
3981 2110
3982 172
3983 172
3984 1528
3985 3356
3986 3518
3987 172
3988 2409
3989 172
3990 172
3991 3578
3992 2305
3993 172
3994 172
3995 172
3996 172
3997 172
3998 3213
3999 899
4000 1252
4001 2283
4002 172
4003 172
4004 172
4005 3353
4006 172
4007 1491
4008 172
4009 1881
4010 3913
4011 172
4012 172
4013 172
4014 172
4015 172
4016 3272
4017 2756
4018 661
4019 3790
4020 172
4021 172
4022 172
4023 2657
4024 172
4025 172
4026 172
4027 172
4028 172
4029 172
4030 2922
4031 911
4032 2713
4033 3195
4034 172
4035 2300
4036 3061
4037 172
4038 172
4039 2427
4040 172
4041 172
4042 172
4043 172
4044 3420
4045 172
4046 172
4047 172
4048 172
4049 172
4050 172
4051 218
4052 2501
4053 172
4054 172
4055 172
4056 2937
4057 1693
4058 172
4059 172
4060 172
4061 172
4062 172
4063 172
4064 172
4065 172
4066 172
4067 3110
4068 172
4069 2791
4070 1000
4071 3917
4072 172
4073 1759
4074 172
4075 149
4076 1767
4077 3764
4078 1581
4079 2003
4080 172
4081 172
4082 689
4083 3641
4084 172
4085 172
4086 172
4087 3725
4088 172
4089 172
4090 172
4091 172
4092 3792
4093 172
4094 172
4095 172
4096 1238
4097 2124
4098 172
4099 172
4100 172
4101 172
4102 1074
4103 817
4104 172
4105 172
4106 172
4107 172
4108 172
4109 2431
4110 172
4111 172
4112 172
4113 172
4114 2658
4115 3856
4116 172
4117 172
4118 172
4119 320
4120 172
4121 4016
4122 3249
4123 172
4124 2599
4125 3348
4126 3242
4127 1902
4128 172
4129 2772
4130 2597
4131 2526
4132 1666
4133 172
4134 1243
4135 172
4136 172
4137 2324
4138 3137
4139 172
4140 3398
4141 3386
4142 3266
4143 172
4144 3596
4145 172
4146 2140
4147 77
4148 172
4149 2290
4150 812
4151 2554
4152 3983
4153 3846
4154 172
4155 3453
4156 4078
4157 172
4158 2028
4159 172
4160 172
4161 172
4162 172
4163 3577
4164 4161
4165 1951
4166 3879
4167 2302
4168 172
4169 172
4170 172
4171 76
4172 172
4173 172
4174 1218
4175 3620
4176 151
4177 2789
4178 2173
4179 3565
4180 2436
4181 623
4182 2699
4183 2653
4184 2591
4185 172
4186 533
4187 172
4188 3439
4189 172
4190 172
4191 2857
4192 172
4193 172
4194 172
4195 1449
4196 667
4197 3232
4198 3866
4199 172
4200 252
4201 172
4202 172
4203 172
4204 172
4205 2190
4206 566
4207 1376
4208 172
4209 2498
4210 1618
4211 2310
4212 172
4213 3928
4214 172
4215 267
4216 1656
4217 172
4218 2132
4219 172
4220 3762
4221 1367
4222 1148
4223 172
4224 172
4225 172
4226 1652
4227 2551
4228 3531
4229 4156
4230 3385
4231 172
4232 4076
4233 3907
4234 3991
4235 172
4236 407
4237 108
4238 383
4239 172
4240 172
4241 172
4242 172
4243 172
4244 3761
4245 1576
4246 172
4247 172
4248 2590
4249 172
4250 1815
4251 172
4252 172
4253 172
4254 2227
4255 3294
4256 172
4257 172
4258 2424
4259 172
4260 172
4261 1057
4262 172
4263 172
4264 172
4265 172
4266 172
4267 172
4268 2918
4269 2262
4270 219
4271 172
4272 172
4273 3362
4274 172
4275 1715
4276 1903
4277 2988
4278 3046
4279 172
4280 1213
4281 172
4282 172
4283 2484
4284 172
4285 2317
4286 172
4287 172
4288 172
4289 3143
4290 172
4291 172
4292 1377
4293 3597
4294 172
4295 571
4296 2669
4297 2924
4298 172
4299 4207
4300 3745
4301 274
4302 172
4303 1354
4304 3960
4305 2827
4306 4085
4307 3182
4308 172
4309 1828
4310 1032
4311 172
4312 1014
4313 172
4314 172
4315 172
4316 172
4317 172
4318 172
4319 1859
4320 1044
4321 632
4322 4122
4323 4316
4324 836
4325 172
4326 2253
4327 172
4328 172
4329 2318
4330 3676
4331 1936
4332 701
4333 3829
4334 172
4335 172
4336 3590
4337 2116
4338 172
4339 172
4340 172
4341 3973
4342 4000
4343 2673
4344 1099
4345 4054
4346 2536
4347 3064
4348 172
4349 172
4350 3875
4351 172
4352 172
4353 3622
4354 172
4355 1406
4356 2600
4357 172
4358 3979
4359 172
4360 2700
4361 2709
4362 172
4363 172
4364 172
4365 172
4366 172
4367 2667
4368 1956
4369 843
4370 172
4371 172
4372 172
4373 172
4374 172
4375 172
4376 4346
4377 2187
4378 4137
4379 1246
4380 1969
4381 4071
4382 4176
4383 172
4384 172
4385 172
4386 172
4387 1780
4388 3514
4389 2987
4390 4332
4391 172
4392 172
4393 172
4394 4309
4395 2561
4396 2113
4397 253
4398 172
4399 172
4400 172
4401 2184
4402 4329
4403 517
4404 994
4405 728
4406 172
4407 1535
4408 1533
4409 1232
4410 3295
4411 2015
4412 329
4413 2135
4414 172
4415 1587
4416 172
4417 75
4418 172
4419 275
4420 172
4421 2808
4422 2229
4423 1888
4424 2925
4425 2525
4426 1391
4427 172
4428 2882
4429 3010
4430 4124
4431 172
4432 3582
4433 172
4434 2429
4435 613
4436 3654
4437 4031
4438 648
4439 3527
4440 172
4441 172
4442 1364
4443 172
4444 172
4445 4008
4446 857
4447 172
4448 3719
4449 172
4450 172
4451 172
4452 4251
4453 172
4454 172
4455 1924
4456 172
4457 3011
4458 2304
4459 172
4460 2094
4461 4180
4462 3861
4463 4047
4464 1826
4465 3073
4466 172
4467 172
4468 172
4469 3329
4470 172
4471 172
4472 172
4473 1658
4474 2976
4475 2549
4476 3139
4477 4026
4478 172
4479 172
4480 172
4481 172
4482 2080
4483 172
4484 2805
4485 172
4486 172
4487 172
4488 4083
4489 172
4490 172
4491 2134
4492 881
4493 2992
4494 3839
4495 172
4496 172
4497 172
4498 1038
4499 1160
4500 3964
4501 4402
4502 344
4503 172
4504 3906
4505 172
4506 172
4507 4458
4508 3836
4509 2656
4510 1560
4511 3445
4512 172
4513 172
4514 172
4515 148
4516 4388
4517 3574
4518 172
4519 2801
4520 172
4521 2547
4522 4222
4523 172
4524 1564
4525 3697
4526 4364
4527 3642
4528 3454
4529 172
4530 4269
4531 172
4532 172
4533 1318
4534 2889
4535 172
4536 172
4537 172
4538 1155
4539 2203
4540 3192
4541 3244
4542 172
4543 2598
4544 172
4545 3358
4546 172
4547 172
4548 172
4549 172
4550 172
4551 2061
4552 2534
4553 3331
4554 1401
4555 1177
4556 3080
4557 2172
4558 3062
4559 172
4560 3129
4561 1290
4562 4281
4563 172
4564 531
4565 172
4566 19
4567 2295
4568 3765
4569 3900
4570 4511
4571 4172
4572 3268
4573 172
4574 172
4575 3961
4576 172
4577 1152
4578 3830
4579 1624
4580 172
4581 172
4582 3523
4583 172
4584 3744
4585 172
4586 172
4587 685
4588 172
4589 172
4590 2476
4591 172
4592 3978
4593 1174
4594 172
4595 172
4596 446
4597 172
4598 2687
4599 3481
4600 172
4601 3741
4602 4536
4603 172
4604 1219
4605 172
4606 172
4607 3647
4608 459
4609 172
4610 172
4611 3492
4612 172
4613 2136
4614 172
4615 2432
4616 3726
4617 3178
4618 172
4619 2585
4620 172
4621 172
4622 3656
4623 3589
4624 172
4625 172
4626 2416
4627 172
4628 172
4629 2817
4630 172
4631 172
4632 172
4633 2826
4634 1811
4635 2177
4636 2870
4637 2546
4638 1107
4639 172
4640 172
4641 3722
4642 4418
4643 172
4644 1538
4645 691
4646 172
4647 1717
4648 172
4649 4575
4650 2844
4651 172
4652 1455
4653 172
4654 172
4655 1772
4656 172
4657 172
4658 1960
4659 2847
4660 3810
4661 1912
4662 172
4663 172
4664 1481
4665 3159
4666 3554
4667 1280
4668 172
4669 172
4670 172
4671 172
4672 3955
4673 1926
4674 172
4675 3344
4676 2397
4677 4343
4678 990
4679 1254
4680 172
4681 172
4682 172
4683 172
4684 3360
4685 2149
4686 3555
4687 3240
4688 2848
4689 4384
4690 2343
4691 4293
4692 4211
4693 3695
4694 2989
4695 172
4696 4273
4697 172
4698 172
4699 2708
4700 172
4701 172
4702 4044
4703 1695
4704 172
4705 3920
4706 3934
4707 172
4708 172
4709 4092
4710 172
4711 172
4712 3610
4713 2451
4714 1972
4715 172
4716 172
4717 788
4718 172
4719 172
4720 172
4721 1985
4722 3462
4723 3207
4724 1292
4725 172
4726 172
4727 172
4728 4374
4729 172
4730 172
4731 3886
4732 203
4733 3201
4734 1882
4735 172
4736 172
4737 1754
4738 172
4739 4262
4740 172
4741 172
4742 2578
4743 3965
4744 3992
4745 3157
4746 2747
4747 172
4748 172
4749 1701
4750 1495
4751 1905
4752 2566
4753 415
4754 3537
4755 4732
4756 592
4757 172
4758 1524
4759 4510
4760 3279
4761 4086
4762 172
4763 826
4764 1202
4765 4154
4766 1611
4767 172
4768 172
4769 4342
4770 172
4771 172
4772 2016
4773 172
4774 1921
4775 3256
4776 2873
4777 89
4778 3393
4779 1847
4780 172
4781 1987
4782 2236
4783 3939
4784 172
4785 172
4786 4569
4787 172
4788 3218
4789 635
4790 2330
4791 4588
4792 172
4793 4256
4794 172
4795 2753
4796 3336
4797 1040
4798 4690
4799 1595
4800 172
4801 866
4802 4104
4803 172
4804 1133
4805 172
4806 1835
4807 172
4808 3832
4809 3436
4810 172
4811 2185
4812 4304
4813 172
4814 394
4815 470
4816 172
4817 3771
4818 172
4819 3669
4820 1396
4821 872
4822 172
4823 172
4824 3261
4825 1308
4826 172
4827 172
4828 172
4829 172
4830 529
4831 4279
4832 2752
4833 172
4834 172
4835 172
4836 172
4837 4656
4838 1977
4839 172
4840 172
4841 723
4842 172
4843 696
4844 172
4845 172
4846 172
4847 172
4848 963
4849 4493
4850 172
4851 172
4852 3558
4853 2932
4854 2207
4855 4525
4856 4741
4857 172
4858 4750
4859 172
4860 172
4861 172
4862 2048
4863 342
4864 172
4865 4698
4866 172
4867 3571
4868 172
4869 2055
4870 172
4871 172
4872 172
4873 172
4874 3557
4875 3988
4876 3915
4877 1878
4878 4216
4879 3459
4880 1743
4881 172
4882 2394
4883 3039
4884 172
4885 1253
4886 172
4887 3797
4888 172
4889 279
4890 800
4891 172
4892 172
4893 172
4894 172
4895 172
4896 172
4897 172
4898 172
4899 1667
4900 1943
4901 3892
4902 172
4903 2362
4904 4613
4905 172
4906 172
4907 3226
4908 3252
4909 1012
4910 172
4911 3109
4912 172
4913 3199
4914 172
4915 2329
4916 172
4917 2784
4918 4898
4919 2902
4920 4132
4921 4675
4922 172
4923 2407
4924 172
4925 172
4926 905
4927 172
4928 172
4929 172
4930 4730
4931 2559
4932 172
4933 3984
4934 1580
4935 172
4936 2698
4937 1932
4938 2990
4939 3145
4940 172
4941 172
4942 4685
4943 3404
4944 4149
4945 172
4946 172
4947 698
4948 172
4949 172
4950 2850
4951 1897
4952 172
4953 172
4954 2735
4955 172
4956 172
4957 3148
4958 172
4959 4209
4960 172
4961 4126
4962 1056
4963 172
4964 2916
4965 172
4966 382
4967 172
4968 4589
4969 3458
4970 1794
4971 172
4972 172
4973 2726
4974 172
4975 2535
4976 1153
4977 172
4978 604
4979 1563
4980 3153
4981 1893
4982 3924
4983 4674
4984 3346
4985 172
4986 172
4987 172
4988 172
4989 4648
4990 4534
4991 172
4992 172
4993 1848
4994 4446
4995 4704
4996 172
4997 4119
4998 4112
4999 2615
5000 4393
5001 4321
5002 131
5003 2972
5004 172
5005 172
5006 554
5007 4212
5008 2301
5009 2594
5010 172
5011 3510
5012 172
5013 172
5014 172
5015 172
5016 172
5017 3840
5018 172
5019 172
5020 3394
5021 4419
5022 2875
5023 1895
5024 1399
5025 1633
5026 172
5027 1434
5028 2481
5029 172
5030 594
5031 4146
5032 1699
5033 4034
5034 3715
5035 172
5036 172
5037 3212
5038 172
5039 172
5040 163
5041 4718
5042 4002
5043 4
5044 172
5045 172
5046 890
5047 3079
5048 172
5049 3880
5050 674
5051 4998
5052 172
5053 172
5054 4397
5055 3086
5056 172
5057 781
5058 3551
5059 3413
5060 3161
5061 172
5062 172
5063 172
5064 172
5065 172
5066 4173
5067 2896
5068 4164
5069 1309
5070 453
5071 3426
5072 4483
5073 172
5074 172
5075 1613
5076 172
5077 3890
5078 172
5079 2340
5080 2066
5081 172
5082 172
5083 172
5084 172
5085 2975
5086 859
5087 4287
5088 3560
5089 4496
5090 1324
5091 3486
5092 4661
5093 172
5094 3658
5095 1554
5096 1925
5097 172
5098 172
5099 1340
5100 172
5101 4179
5102 4667
5103 4896
5104 5019
5105 172
5106 172
5107 5079
5108 720
5109 3615
5110 172
5111 172
5112 3123
5113 1179
5114 172
5115 172
5116 3947
5117 3975
5118 4940
5119 172
5120 4270
5121 172
5122 5048
5123 4764
5124 4411
5125 345
5126 3048
5127 3271
5128 4841
5129 172
5130 172
5131 172
5132 198
5133 172
5134 172
5135 3239
5136 493
5137 4565
5138 4317
5139 2065
5140 1004
5141 172
5142 3456
5143 172
5144 1436
5145 4238
5146 172
5147 4811
5148 2237
5149 2483
5150 172
5151 2074
5152 3338
5153 3581
5154 2511
5155 4564
5156 2589
5157 2258
5158 2455
5159 172
5160 172
5161 4633
5162 2763
5163 4903
5164 2257
5165 3509
5166 172
5167 172
5168 4036
5169 2341
5170 207
5171 3825
5172 172
5173 172
5174 172
5175 172
5176 172
5177 172
5178 4513
5179 5066
5180 1582
5181 172
5182 2804
5183 172
5184 172
5185 1062
5186 2128
5187 3461
5188 2800
5189 1546
5190 172
5191 5111
5192 172
5193 172
5194 4882
5195 4481
5196 2737
5197 3288
5198 2182
5199 172
5200 172
5201 1010
5202 172
5203 1793
5204 172
5205 172
5206 172
5207 172
5208 172
5209 172
5210 2388
5211 2986
5212 3686
5213 172
5214 16
5215 172
5216 172
5217 1887
5218 2361
5219 172
5220 2769
5221 4066
5222 172
5223 4939
5224 172
5225 4582
5226 1838
5227 172
5228 2133
5229 172
5230 4682
5231 4783
5232 996
5233 3623
5234 172
5235 4700
5236 4699
5237 172
5238 172
5239 2692
5240 4001
5241 4453
5242 3887
5243 172
5244 1129
5245 4357
5246 172
5247 172
5248 3128
5249 172
5250 172
5251 1398
5252 172
5253 172
5254 2415
5255 5215
5256 172
5257 4676
5258 172
5259 172
5260 5176
5261 2538
5262 172
5263 2248
5264 4093
5265 172
5266 5219
5267 1277
5268 3989
5269 4746
5270 527
5271 4883
5272 2853
5273 172
5274 4937
5275 2401
5276 2155
5277 172
5278 519
5279 4398
5280 1167
5281 172
5282 172
5283 1149
5284 1383
5285 4473
5286 4891
5287 4505
5288 172
5289 5253
5290 172
5291 172
5292 3320
5293 1722
5294 3740
5295 172
5296 172
5297 3000
5298 2026
5299 2328
5300 1462
5301 172
5302 545
5303 3373
5304 172
5305 172
5306 1483
5307 4111
5308 4779
5309 4457
5310 2901
5311 25
5312 172
5313 172
5314 172
5315 4988
5316 172
5317 172
5318 172
5319 358
5320 1920
5321 4683
5322 3424
5323 172
5324 172
5325 172
5326 172
5327 2211
5328 1061
5329 4983
5330 1089
5331 4562
5332 3957
5333 172
5334 225
5335 706
5336 172
5337 1206
5338 3572
5339 172
5340 3897
5341 172
5342 172
5343 2395
5344 172
5345 4315
5346 718
5347 2114
5348 172
5349 4445
5350 541
5351 172
5352 5001
5353 172
5354 48
5355 1266
5356 2867
5357 4050
5358 1556
5359 172
5360 172
5361 1800
5362 4084
5363 1362
5364 3147
5365 172
5366 5349
5367 172
5368 5232
5369 4598
5370 172
5371 3283
5372 3473
5373 5067
5374 322
5375 172
5376 4965
5377 3035
5378 2263
5379 1740
5380 1430
5381 3451
5382 172
5383 172
5384 3200
5385 172
5386 1468
5387 4120
5388 172
5389 4470
5390 3485
5391 4893
5392 4471
5393 1496
5394 3563
5395 172
5396 2890
5397 172
5398 4300
5399 172
5400 172
5401 172
5402 172
5403 172
5404 172
5405 172
5406 249
5407 172
5408 3648
5409 3670
5410 3533
5411 3216
5412 172
5413 5071
5414 5094
5415 3443
5416 1663
5417 4561
5418 2629
5419 3601
5420 4254
5421 448
5422 5022
5423 2830
5424 4387
5425 172
5426 172
5427 1465
5428 4890
5429 172
5430 917
5431 2022
5432 172
5433 5106
5434 172
5435 3981
5436 5348
5437 172
5438 3311
5439 478
5440 291
5441 172
5442 172
5443 4931
5444 938
5445 758
5446 2539
5447 172
5448 205
5449 2689
5450 1561
5451 5011
5452 5371
5453 172
5454 172
5455 172
5456 172
5457 2480
5458 172
5459 172
5460 1244
5461 172
5462 162
5463 172
5464 1957
5465 5362
5466 172
5467 4089
5468 172
5469 2053
5470 172
5471 3092
5472 3528
5473 4695
5474 172
5475 4162
5476 4645
5477 596
5478 172
5479 172
5480 3998
5481 172
5482 172
5483 3864
5484 3138
5485 4984
5486 172
5487 793
5488 172
5489 3646
5490 172
5491 172
5492 1405
5493 4395
5494 152
5495 74
5496 4585
5497 4621
5498 172
5499 763
5500 2894
5501 5364
5502 5484
5503 172
5504 154
5505 5447
5506 683
5507 2828
5508 172
5509 172
5510 172
5511 5320
5512 172
5513 936
5514 3847
5515 172
5516 1627
5517 1211
5518 172
5519 2252
5520 5127
5521 172
5522 4282
5523 3085
5524 3827
5525 3914
5526 5255
5527 614
5528 3600
5529 172
5530 5006
5531 3815
5532 4096
5533 172
5534 340
5535 172
5536 3884
5537 1017
5538 3931
5539 2938
5540 3374
5541 172
5542 4063
5543 5147
5544 172
5545 172
5546 3990
5547 1822
5548 5041
5549 172
5550 1625
5551 172
5552 3101
5553 5359
5554 172
5555 4410
5556 1470
5557 4953
5558 4901
5559 4752
5560 1761
5561 4226
5562 2043
5563 3930
5564 3748
5565 172
5566 5089
5567 172
5568 172
5569 1231
5570 172
5571 4243
5572 172
5573 5448
5574 5573
5575 172
5576 4509
5577 5497
5578 5388
5579 3327
5580 4697
5581 172
5582 172
5583 4531
5584 172
5585 172
5586 947
5587 172
5588 5424
5589 172
5590 5296
5591 2327
5592 2611
5593 172
5594 4368
5595 1078
5596 172
5597 4702
5598 172
5599 172
5600 4693
5601 3315
5602 2946
5603 5441
5604 2714
5605 3756
5606 3345
5607 4902
5608 1785
5609 2268
5610 2764
5611 5294
5612 4835
5613 172
5614 4706
5615 172
5616 3804
5617 2701
5618 172
5619 1523
5620 2812
5621 172
5622 5475
5623 172
5624 172
5625 172
5626 2139
5627 172
5628 4653
5629 3851
5630 172
5631 4791
5632 3799
5633 172
5634 5072
5635 172
5636 172
5637 4361
5638 3049
5639 172
5640 172
5641 1067
5642 172
5643 2403
5644 172
5645 5259
5646 679
5647 172
5648 172
5649 3483
5650 4377
5651 172
5652 4024
5653 5301
5654 172
5655 4581
5656 99
5657 3869
5658 172
5659 172
5660 3666
5661 172
5662 4792
5663 1025
5664 172
5665 3607
5666 3352
5667 172
5668 172
5669 172
5670 5185
5671 172
5672 172
5673 3753
5674 172
5675 172
5676 172
5677 172
5678 172
5679 5088
5680 172
5681 172
5682 3507
5683 1047
5684 2710
5685 731
5686 603
5687 2892
5688 4330
5689 4335
5690 5323
5691 4440
5692 4567
5693 3893
5694 3820
5695 4756
5696 3442
5697 4665
5698 172
5699 2995
5700 3539
5701 4819
5702 172
5703 172
5704 172
5705 3120
5706 172
5707 4116
5708 172
5709 1507
5710 2444
5711 1841
5712 172
5713 3368
5714 3752
5715 172
5716 172
5717 5224
5718 4911
5719 3241
5720 3165
5721 3132
5722 2913
5723 2368
5724 4455
5725 4946
5726 172
5727 1079
5728 4009
5729 4153
5730 172
5731 5086
5732 5487
5733 5308
5734 172
5735 172
5736 172
5737 5075
5738 56
5739 3837
5740 172
5741 3391
5742 172
5743 172
5744 2571
5745 172
5746 172
5747 4774
5748 5080
5749 5249
5750 172
5751 4228
5752 5187
5753 172
5754 5467
5755 633
5756 172
5757 2788
5758 172
5759 425
5760 2500
5761 2090
5762 172
5763 172
5764 5510
5765 172
5766 172
5767 5312
5768 3912
5769 5455
5770 5640
5771 4369
5772 172
5773 1420
5774 172
5775 2533
5776 1317
5777 2238
5778 3724
5779 172
5780 172
5781 1375
5782 3450
5783 4486
5784 5558
5785 4416
5786 4530
5787 5517
5788 4075
5789 172
5790 172
5791 424
5792 4663
5793 5263
5794 172
5795 3556
5796 5402
5797 4925
5798 3511
5799 168
5800 2180
5801 4284
5802 3512
5803 172
5804 3275
5805 5195
5806 3885
5807 172
5808 727
5809 5277
5810 172
5811 3580
5812 172
5813 4803
5814 5588
5815 172
5816 925
5817 172
5818 5702
5819 3870
5820 4029
5821 172
5822 5810
5823 2052
5824 2298
5825 3901
5826 172
5827 172
5828 3937
5829 1260
5830 2740
5831 1171
5832 172
5833 5800
5834 3948
5835 5547
5836 172
5837 3267
5838 2628
5839 172
5840 172
5841 4399
5842 3672
5843 2641
5844 4253
5845 1952
5846 172
5847 498
5848 1872
5849 5633
5850 172
5851 5382
5852 3257
5853 1734
5854 5120
5855 172
5856 172
5857 172
5858 5662
5859 617
5860 172
5861 5696
5862 3755
5863 2082
5864 3319
5865 172
5866 172
5867 3052
5868 4651
5869 172
5870 2366
5871 172
5872 5634
5873 1431
5874 172
5875 172
5876 3895
5877 4972
5878 1419
5879 172
5880 172
5881 172
5882 3089
5883 172
5884 5334
5885 4915
5886 1537
5887 5639
5888 2488
5889 172
5890 2393
5891 172
5892 5141
5893 5803
5894 5887
5895 4815
5896 277
5897 172
5898 172
5899 4420
5900 172
5901 4920
5902 2447
5903 172
5904 172
5905 172
5906 2836
5907 172
5908 489
5909 2372
5910 2612
5911 172
5912 5135
5913 1221
5914 2541
5915 1278
5916 172
5917 4326
5918 4442
5919 4463
5920 1851
5921 5408
5922 5052
5923 5290
5924 172
5925 4039
5926 172
5927 4845
5928 1147
5929 829
5930 918
5931 172
5932 5589
5933 2004
5934 172
5935 5396
5936 3916
5937 172
5938 172
5939 2064
5940 703
5941 4338
5942 556
5943 172
5944 5387
5945 2104
5946 3899
5947 799
5948 172
5949 172
5950 5892
5951 3750
5952 4971
5953 4892
5954 172
5955 4336
5956 172
5957 172
5958 172
5959 172
5960 5084
5961 1053
5962 4595
5963 172
5964 172
5965 172
5966 2807
5967 172
5968 172
5969 172
5970 4816
5971 3977
5972 2703
5973 4334
5974 172
5975 5830
5976 1721
5977 3179
5978 1697
5979 4789
5980 1930
5981 3618
5982 4786
5983 172
5984 172
5985 1357
5986 5269
5987 172
5988 23
5989 4782
5990 172
5991 4796
5992 172
5993 4225
5994 172
5995 4795
5996 2695
5997 4454
5998 144
5999 964
6000 172
6001 2647
6002 172
6003 4183
6004 3608
6005 3508
6006 2169
6007 172
6008 1676
6009 2775
6010 172
6011 172
6012 1919
6013 172
6014 3728
6015 513
6016 2192
6017 640
6018 1448
6019 172
6020 5748
6021 4038
6022 172
6023 4869
6024 3302
6025 172
6026 2911
6027 5654
6028 5670
6029 5806
6030 172
6031 172
6032 2674
6033 3599
6034 5412
6035 375
6036 4836
6037 2270
6038 2678
6039 5971
6040 4433
6041 737
6042 2519
6043 1628
6044 4244
6045 3941
6046 1544
6047 172
6048 172
6049 172
6050 4944
6051 172
6052 4203
6053 172
6054 172
6055 2895
6056 440
6057 2193
6058 172
6059 5708
6060 5660
6061 172
6062 5483
6063 172
6064 1058
6065 1240
6066 4876
6067 1093
6068 5368
6069 2842
6070 4817
6071 4995
6072 5619
6073 2018
6074 276
6075 2402
6076 172
6077 172
6078 1008
6079 172
6080 2675
6081 172
6082 4889
6083 4283
6084 2375
6085 1440
6086 1272
6087 4831
6088 4672
6089 172
6090 4295
6091 2774
6092 172
6093 3966
6094 172
6095 5299
6096 4318
6097 1804
6098 120
6099 172
6100 4401
6101 5797
6102 992
6103 172
6104 172
6105 172
6106 2556
6107 172
6108 172
6109 1979
6110 1403
6111 2545
6112 2342
6113 4115
6114 172
6115 4139
6116 172
6117 172
6118 172
6119 172
6120 172
6121 4592
6122 172
6123 5940
6124 172
6125 3116
6126 172
6127 5148
6128 1134
6129 172
6130 172
6131 5494
6132 172
6133 3678
6134 4866
6135 5078
6136 5201
6137 2312
6138 4594
6139 5698
6140 2635
6141 2047
6142 4019
6143 4436
6144 172
6145 4040
6146 3579
6147 172
6148 4801
6149 172
6150 1605
6151 5944
6152 172
6153 172
6154 172
6155 5391
6156 5057
6157 4731
6158 172
6159 5973
6160 4587
6161 172
6162 172
6163 575
6164 2620
6165 5012
6166 2518
6167 172
6168 5451
6169 3142
6170 3972
6171 4913
6172 172
6173 4166
6174 105
6175 3970
6176 3524
6177 172
6178 1103
6179 3632
6180 3406
6181 172
6182 4475
6183 6152
6184 2239
6185 4689
6186 2514
6187 4348
6188 5284
6189 4873
6190 1522
6191 2041
6192 172
6193 172
6194 3343
6195 3247
6196 5432
6197 4134
6198 4337
6199 172
6200 2387
6201 5186
6202 2729
6203 5083
6204 2219
6205 172
6206 650
6207 172
6208 172
6209 2012
6210 2632
6211 4501
6212 172
6213 6105
6214 5243
6215 1557
6216 1869
6217 5457
6218 172
6219 4127
6220 172
6221 3657
6222 5637
6223 172
6224 1055
6225 172
6226 4218
6227 172
6228 172
6229 172
6230 172
6231 3926
6232 5220
6233 172
6234 172
6235 223
6236 4607
6237 172
6238 2785
6239 2825
6240 4514
6241 1744
6242 5616
6243 5361
6244 172
6245 6001
6246 2274
6247 3772
6248 3367
6249 3515
6250 2579
6251 1939
6252 2920
6253 1315
6254 5257
6255 172
6256 5861
6257 5846
6258 2999
6259 2619
6260 4538
6261 172
6262 1348
6263 1839
6264 2642
6265 172
6266 3204
6267 172
6268 3708
6269 2792
6270 2492
6271 172
6272 2724
6273 172
6274 6197
6275 3505
6276 172
6277 172
6278 5831
6279 3187
6280 2905
6281 6240
6282 172
6283 172
6284 530
6285 172
6286 4246
6287 172
6288 2398
6289 3828
6290 172
6291 6278
6292 17
6293 172
6294 639
6295 6274
6296 5395
6297 2049
6298 172
6299 2510
6300 2723
6301 472
6302 4610
6303 172
6304 1980
6305 172
6306 542
6307 2607
6308 172
6309 4467
6310 3633
6311 5197
6312 5779
6313 172
6314 172
6315 3547
6316 1474
6317 172
6318 5060
6319 2603
6320 172
6321 3831
6322 172
6323 172
6324 4095
6325 172
6326 2309
6327 216
6328 172
6329 5415
6330 3236
6331 171
6332 2254
6333 172
6334 172
6335 4443
6336 172
6337 172
6338 6022
6339 172
6340 2063
6341 172
6342 3069
6343 2818
6344 3173
6345 5686
6346 172
6347 172
6348 5370
6349 4639
6350 5988
6351 5056
6352 3822
6353 5488
6354 172
6355 172
6356 5307
6357 1719
6358 172
6359 4064
6360 172
6361 172
6362 1707
6363 5661
6364 172
6365 1310
6366 3299
6367 3130
6368 3076
6369 5009
6370 5819
6371 3997
6372 5795
6373 172
6374 5305
6375 172
6376 5117
6377 172
6378 172
6379 2965
6380 172
6381 5021
6382 1892
6383 5967
6384 172
6385 906
6386 6315
6387 6336
6388 912
6389 350
6390 3679
6391 172
6392 2311
6393 4165
6394 5994
6395 3321
6396 172
6397 172
6398 2418
6399 2269
6400 2550
6401 172
6402 172
6403 172
6404 172
6405 172
6406 3423
6407 1603
6408 172
6409 172
6410 172
6411 3263
6412 172
6413 3516
6414 2601
6415 4030
6416 3986
6417 719
6418 172
6419 172
6420 2336
6421 4006
6422 6360
6423 172
6424 5916
6425 172
6426 5251
6427 5629
6428 5833
6429 3769
6430 795
6431 4195
6432 3816
6433 172
6434 2010
6435 172
6436 1706
6437 6378
6438 172
6439 4376
6440 1435
6441 172
6442 172
6443 2697
6444 6423
6445 4771
6446 172
6447 2903
6448 444
6449 5520
6450 1197
6451 2374
6452 5235
6453 172
6454 172
6455 5031
6456 172
6457 172
6458 1965
6459 5054
6460 172
6461 4372
6462 172
6463 1958
6464 3882
6465 6341
6466 1442
6467 4379
6468 172
6469 172
6470 2497
6471 172
6472 3905
6473 5669
6474 5314
6475 1303
6476 1332
6477 1552
6478 4957
6479 172
6480 645
6481 1302
6482 1335
6483 172
6484 2007
6485 5406
6486 4489
6487 172
6488 5160
6489 3350
6490 3969
6491 172
6492 847
6493 6103
6494 5319
6495 172
6496 4417
6497 5154
6498 172
6499 4214
6500 172
6501 4986
6502 172
6503 3732
6504 172
6505 1527
6506 172
6507 172
6508 172
6509 4579
6510 4190
6511 172
6512 1791
6513 2220
6514 172
6515 172
6516 6160
6517 5231
6518 5270
6519 2838
6520 2845
6521 5018
6522 172
6523 6015
6524 5566
6525 172
6526 3777
6527 3002
6528 172
6529 172
6530 172
6531 3690
6532 2552
6533 172
6534 5652
6535 1944
6536 5546
6537 791
6538 172
6539 172
6540 172
6541 5955
6542 172
6543 5979
6544 172
6545 5989
6546 172
6547 3548
6548 4506
6549 2942
6550 172
6551 4099
6552 172
6553 4851
6554 6237
6555 172
6556 98
6557 6419
6558 3675
6559 5513
6560 5615
6561 172
6562 172
6563 5775
6564 172
6565 4614
6566 6389
6567 172
6568 4994
6569 3452
6570 172
6571 1996
6572 133
6573 172
6574 172
6575 2078
6576 1412
6577 172
6578 172
6579 172
6580 3668
6581 5025
6582 4140
6583 3227
6584 172
6585 172
6586 6436
6587 4714
6588 6046
6589 4521
6590 172
6591 172
6592 4701
6593 5879
6594 6396
6595 5543
6596 172
6597 6431
6598 6428
6599 5899
6600 1502
6601 1655
6602 5097
6603 172
6604 4897
6605 6444
6606 5554
6607 5781
6608 172
6609 2543
6610 5941
6611 172
6612 4670
6613 6372
6614 172
6615 5498
6616 3151
6617 6031
6618 172
6619 4333
6620 172
6621 172
6622 5855
6623 172
6624 1101
6625 172
6626 172
6627 3149
6628 735
6629 172
6630 5261
6631 5090
6632 172
6633 867
6634 4560
6635 5657
6636 172
6637 5836
6638 5429
6639 3649
6640 5585
6641 4716
6642 2544
6643 172
6644 2717
6645 172
6646 172
6647 6253
6648 2503
6649 172
6650 172
6651 2204
6652 172
6653 172
6654 185
6655 2031
6656 6556
6657 6426
6658 172
6659 2780
6660 5820
6661 1724
6662 1229
6663 172
6664 3710
6665 3041
6666 6007
6667 172
6668 3372
6669 3099
6670 172
6671 172
6672 172
6673 172
6674 172
6675 172
6676 3733
6677 4960
6678 4155
6679 4818
6680 172
6681 172
6682 5766
6683 5398
6684 172
6685 172
6686 3364
6687 172
6688 1774
6689 6078
6690 2297
6691 172
6692 172
6693 172
6694 172
6695 172
6696 286
6697 2123
6698 4192
6699 4274
6700 5015
6701 172
6702 172
6703 4520
6704 4438
6705 3567
6706 172
6707 4623
6708 6139
6709 4267
6710 172
6711 5064
6712 172
6713 2934
6714 3813
6715 4356
6716 6650
6717 6013
6718 1283
6719 172
6720 1632
6721 209
6722 4187
6723 2646
6724 5824
6725 5986
6726 6649
6727 4090
6728 6325
6729 3378
6730 6557
6731 5454
6732 172
6733 172
6734 172
6735 172
6736 67
6737 6639
6738 6026
6739 3260
6740 4250
6741 6391
6742 3532
6743 621
6744 4936
6745 5181
6746 172
6747 6199
6748 2719
6749 4158
6750 172
6751 5099
6752 172
6753 6597
6754 3185
6755 3561
6756 6168
6757 172
6758 2115
6759 381
6760 4400
6761 172
6762 172
6763 172
6764 172
6765 824
6766 172
6767 6540
6768 3626
6769 6277
6770 2241
6771 4344
6772 4439
6773 3193
6774 6564
6775 6637
6776 5914
6777 6135
6778 94
6779 6214
6780 5280
6781 5254
6782 4735
6783 172
6784 172
6785 4824
6786 6702
6787 4826
6788 4855
6789 3586
6790 6472
6791 3702
6792 4862
6793 172
6794 6786
6795 172
6796 4427
6797 1981
6798 6162
6799 6334
6800 3304
6801 2426
6802 5814
6803 172
6804 2806
6805 2516
6806 4213
6807 5309
6808 172
6809 3569
6810 172
6811 4767
6812 3652
6813 3390
6814 6236
6815 172
6816 1488
6817 172
6818 1684
6819 172
6820 2996
6821 553
6822 6519
6823 172
6824 4020
6825 172
6826 6619
6827 5472
6828 172
6829 6265
6830 172
6831 3834
6832 6066
6833 4307
6834 4947
6835 6258
6836 2944
6837 4469
6838 5313
6839 2070
6840 6052
6841 172
6842 670
6843 4935
6844 5081
6845 3891
6846 5735
6847 172
6848 172
6849 4004
6850 6617
6851 5894
6852 4224
6853 2400
6854 6479
6855 4696
6856 558
6857 1049
6858 3156
6859 3465
6860 172
6861 5608
6862 2445
6863 172
6864 6575
6865 172
6866 5241
6867 6598
6868 4590
6869 2450
6870 172
6871 4922
6872 5751
6873 172
6874 6544
6875 5062
6876 2745
6877 1765
6878 2129
6879 172
6880 5598
6881 1621
6882 6429
6883 3341
6884 172
6885 6861
6886 1642
6887 4147
6888 172
6889 6030
6890 809
6891 4448
6892 172
6893 172
6894 5283
6895 3221
6896 172
6897 884
6898 5110
6899 172
6900 4964
6901 172
6902 1127
6903 6580
6904 172
6905 4853
6906 3013
6907 3720
6908 3838
6909 172
6910 4657
6911 5949
6912 4229
6913 172
6914 4188
6915 5459
6916 172
6917 4923
6918 4643
6919 6518
6920 5182
6921 5373
6922 172
6923 13
6924 172
6925 6411
6926 172
6927 172
6928 6123
6929 6566
6930 172
6931 4969
6932 2967
6933 6146
6934 172
6935 432
6936 5770
6937 172
6938 4067
6939 172
6940 3191
6941 2832
6942 2448
6943 4390
6944 915
6945 5303
6946 6820
6947 4871
6948 4452
6949 172
6950 6310
6951 4303
6952 6543
6953 6756
6954 6485
6955 4840
6956 2558
6957 3060
6958 172
6959 172
6960 5842
6961 3700
6962 1648
6963 4724
6964 5780
6965 172
6966 3194
6967 172
6968 4962
6969 3598
6970 172
6971 5321
6972 172
6973 4168
6974 352
6975 1674
6976 2145
6977 5485
6978 2634
6979 172
6980 3922
6981 1464
6982 2696
6983 803
6984 6916
6985 6818
6986 6368
6987 721
6988 172
6989 172
6990 5525
6991 172
6992 172
6993 714
6994 172
6995 3858
6996 220
6997 5278
6998 929
6999 172
7000 6181
7001 5245
7002 6757
7003 5073
7004 172
7005 2243
7006 4479
7007 172
7008 6405
7009 5480
7010 4178
7011 172
7012 4261
7013 172
7014 172
7015 5638
7016 174
7017 6606
7018 4406
7019 1077
7020 4884
7021 776
7022 172
7023 568
7024 6452
7025 3776
7026 5456
7027 172
7028 172
7029 6517
7030 2884
7031 4554
7032 172
7033 6859
7034 1161
7035 172
7036 5592
7037 5423
7038 3946
7039 4668
7040 172
7041 1356
7042 5653
7043 1689
7044 1288
7045 6230
7046 2793
7047 5700
7048 6416
7049 2746
7050 804
7051 2148
7052 5948
7053 4363
7054 6418
7055 172
7056 3144
7057 1705
7058 3639
7059 172
7060 172
7061 6115
7062 5874
7063 5156
7064 6075
7065 172
7066 2179
7067 5189
7068 2555
7069 4813
7070 1571
7071 1446
7072 172
7073 172
7074 2809
7075 172
7076 3472
7077 172
7078 6990
7079 2771
7080 3100
7081 5911
7082 1276
7083 172
7084 539
7085 1543
7086 6318
7087 3517
7088 172
7089 172
7090 6453
7091 172
7092 6803
7093 5397
7094 6967
7095 5287
7096 6409
7097 172
7098 172
7099 172
7100 5118
7101 172
7102 172
7103 172
7104 5038
7105 172
7106 172
7107 3734
7108 4553
7109 5650
7110 172
7111 4025
7112 3999
7113 172
7114 6900
7115 172
7116 172
7117 2846
7118 5036
7119 1555
7120 3015
7121 6196
7122 4495
7123 172
7124 6758
7125 4571
7126 6166
7127 6596
7128 3682
7129 2142
7130 5664
7131 172
7132 1453
7133 172
7134 3842
7135 6846
7136 5258
7137 172
7138 6301
7139 4533
7140 2841
7141 1501
7142 1500
7143 1092
7144 4597
7145 4880
7146 6035
7147 6154
7148 90
7149 6379
7150 4142
7151 172
7152 172
7153 379
7154 2671
7155 4617
7156 172
7157 172
7158 7082
7159 172
7160 4537
7161 3306
7162 172
7163 6976
7164 5171
7165 6457
7166 4345
7167 1168
7168 862
7169 6057
7170 172
7171 6931
7172 243
7173 1515
7174 2954
7175 172
7176 5822
7177 2423
7178 333
7179 172
7180 2762
7181 4895
7182 312
7183 3951
7184 5553
7185 5584
7186 682
7187 6765
7188 6188
7189 3655
7190 172
7191 6110
7192 2815
7193 3665
7194 913
7195 2000
7196 1070
7197 4550
7198 1120
7199 5340
7200 172
7201 1328
7202 6239
7203 172
7204 3363
7205 3175
7206 6712
7207 172
7208 1304
7209 7059
7210 3898
7211 126
7212 3876
7213 3102
7214 3047
7215 172
7216 6646
7217 2610
7218 6824
7219 172
7220 7177
7221 6835
7222 172
7223 5049
7224 5928
7225 172
7226 654
7227 172
7228 2350
7229 3313
7230 6206
7231 5344
7232 3078
7233 2595
7234 1051
7235 2097
7236 4934
7237 6866
7238 172
7239 7196
7240 172
7241 2749
7242 1046
7243 172
7244 172
7245 3384
7246 3365
7247 7195
7248 172
7249 6299
7250 1727
7251 138
7252 172
7253 456
7254 514
7255 4312
7256 6578
7257 6202
7258 681
7259 5363
7260 5815
7261 6126
7262 172
7263 5302
7264 2168
7265 7011
7266 2956
7267 2943
7268 3119
7269 4754
7270 172
7271 4015
7272 172
7273 172
7274 3245
7275 172
7276 6789
7277 172
7278 690
7279 5897
7280 172
7281 3493
7282 2422
7283 7278
7284 5519
7285 5295
7286 172
7287 172
7288 2734
7289 5813
7290 6521
7291 172
7292 172
7293 2939
7294 5571
7295 1095
7296 3301
7297 4027
7298 172
7299 118
7300 3559
7301 2712
7302 172
7303 4407
7304 6377
7305 2320
7306 6293
7307 172
7308 659
7309 172
7310 3438
7311 7289
7312 172
7313 1614
7314 106
7315 3923
7316 4219
7317 172
7318 6548
7319 853
7320 2897
7321 172
7322 6778
7323 2093
7324 6241
7325 6446
7326 6550
7327 5151
7328 5410
7329 7299
7330 1608
7331 1268
7332 3377
7333 136
7334 7199
7335 172
7336 5292
7337 4375
7338 3370
7339 6282
7340 1264
7341 172
7342 172
7343 5860
7344 172
7345 172
7346 2439
7347 55
7348 5077
7349 6577
7350 5603
7351 3798
7352 4412
7353 4310
7354 6050
7355 5727
7356 7162
7357 5689
7358 4930
7359 6620
7360 4056
7361 6585
7362 2165
7363 6422
7364 3171
7365 4785
7366 6927
7367 5161
7368 6610
7369 7273
7370 3051
7371 172
7372 6917
7373 172
7374 172
7375 172
7376 1575
7377 4011
7378 1863
7379 6383
7380 7321
7381 1021
7382 5577
7383 172
7384 3032
7385 1565
7386 5144
7387 802
7388 4948
7389 172
7390 5282
7391 4100
7392 172
7393 4073
7394 1548
7395 717
7396 1361
7397 5753
7398 6929
7399 6203
7400 5614
7401 1195
7402 468
7403 946
7404 6897
7405 172
7406 172
7407 3575
7408 6558
7409 6956
7410 2940
7411 6722
7412 5578
7413 246
7414 7184
7415 5139
7416 172
7417 5978
7418 172
7419 1458
7420 3359
7421 5226
7422 172
7423 172
7424 7288
7425 6764
7426 2569
7427 3330
7428 7046
7429 7414
7430 7160
7431 6515
7432 172
7433 3513
7434 2014
7435 2520
7436 1341
7437 6943
7438 324
7439 172
7440 172
7441 4858
7442 4103
7443 3696
7444 4612
7445 6962
7446 2530
7447 2814
7448 4966
7449 5951
7450 172
7451 172
7452 4912
7453 2410
7454 2877
7455 2068
7456 1660
7457 1967
7458 6668
7459 4241
7460 2704
7461 172
7462 172
7463 3859
7464 172
7465 172
7466 4863
7467 5285
7468 6114
7469 7226
7470 5647
7471 4894
7472 172
7473 5212
7474 5715
7475 172
7476 172
7477 5002
7478 4382
7479 172
7480 5968
7481 993
7482 952
7483 7113
7484 7158
7485 172
7486 3166
7487 896
7488 1654
7489 7435
7490 2885
7491 4686
7492 7478
7493 5252
7494 172
7495 5771
7496 6179
7497 172
7498 5501
7499 172
7500 2966
7501 6829
7502 5492
7503 2631
7504 3469
7505 172
7506 6272
7507 6432
7508 4125
7509 6058
7510 172
7511 7218
7512 2101
7513 5537
7514 5729
7515 7339
7516 6674
7517 6655
7518 461
7519 6435
7520 172
7521 7095
7522 172
7523 4257
7524 172
7525 4583
7526 6285
7527 7347
7528 172
7529 172
7530 4503
7531 172
7532 172
7533 3082
7534 5626
7535 6480
7536 1525
7537 172
7538 4462
7539 1798
7540 172
7541 6787
7542 1030
7543 2625
7544 221
7545 5536
7546 172
7547 6473
7548 5469
7549 6499
7550 172
7551 6434
7552 7315
7553 172
7554 7111
7555 4221
7556 4719
7557 2931
7558 3067
7559 5561
7560 1704
7561 6924
7562 1450
7563 6275
7564 2881
7565 5581
7566 6562
7567 1094
7568 5870
7569 172
7570 4694
7571 172
7572 6173
7573 6559
7574 5490
7575 3811
7576 3300
7577 6090
7578 4118
7579 7290
7580 6945
7581 2200
7582 2308
7583 7320
7584 172
7585 172
7586 2174
7587 6590
7588 981
7589 595
7590 6666
7591 5695
7592 1346
7593 172
7594 7506
7595 6056
7596 2750
7597 172
7598 7066
7599 4005
7600 619
7601 6388
7602 6568
7603 7047
7604 6994
7605 6252
7606 5238
7607 5980
7608 4129
7609 7459
7610 6783
7611 3349
7612 172
7613 172
7614 172
7615 6211
7616 4097
7617 4434
7618 6800
7619 6438
7620 7156
7621 1866
7622 2102
7623 1466
7624 1250
7625 6977
7626 7472
7627 172
7628 7261
7629 7385
7630 172
7631 2508
7632 6335
7633 974
7634 3503
7635 7364
7636 172
7637 172
7638 5741
7639 7413
7640 7623
7641 5286
7642 4822
7643 172
7644 5765
7645 6688
7646 172
7647 4114
7648 2464
7649 3982
7650 5802
7651 172
7652 3661
7653 2955
7654 2592
7655 3653
7656 6729
7657 2212
7658 172
7659 172
7660 6303
7661 4012
7662 5784
7663 4527
7664 5200
7665 5358
7666 5051
7667 7134
7668 7028
7669 6370
7670 4136
7671 172
7672 172
7673 7555
7674 5207
7675 6936
7676 7419
7677 5996
7678 2799
7679 4181
7680 5042
7681 4079
7682 172
7683 4286
7684 5630
7685 4331
7686 5648
7687 6896
7688 5206
7689 172
7690 2984
7691 4558
7692 7172
7693 172
7694 4650
7695 6911
7696 5721
7697 5586
7698 172
7699 597
7700 3805
7701 172
7702 1350
7703 5105
7704 6986
7705 1825
7706 5793
7707 6700
7708 7504
7709 172
7710 4742
7711 5221
7712 5891
7713 5383
7714 172
7715 3602
7716 1670
7717 3265
7718 5264
7719 172
7720 801
7721 4201
7722 7541
7723 172
7724 71
7725 2862
7726 5446
7727 711
7728 6737
7729 7173
7730 172
7731 3712
7732 7574
7733 7605
7734 7180
7735 6302
7736 172
7737 4926
7738 3995
7739 172
7740 6215
7741 3307
7742 4761
7743 6133
7744 172
7745 3540
7746 5281
7747 172
7748 172
7749 6749
7750 3376
7751 172
7752 5172
7753 5706
7754 6888
7755 510
7756 172
7757 172
7758 4556
7759 6329
7760 7007
7761 172
7762 7065
7763 2217
7764 172
7765 7429
7766 6345
7767 4798
7768 1833
7769 6720
7770 172
7771 6998
7772 172
7773 172
7774 4830
7775 4157
7776 6478
7777 5381
7778 7210
7779 7439
7780 7511
7781 6875
7782 172
7783 2255
7784 172
7785 5069
7786 172
7787 4046
7788 5218
7789 78
7790 5699
7791 6685
7792 5624
7793 297
7794 772
7795 2860
7796 6794
7797 7355
7798 172
7799 5129
7800 2521
7801 631
7802 7282
7803 4722
7804 7407
7805 6838
7806 5108
7807 172
7808 7279
7809 6065
7810 5583
7811 1301
7812 1809
7813 1763
7814 42
7815 652
7816 172
7817 3713
7818 1011
7819 1817
7820 172
7821 6953
7822 1994
7823 6743
7824 172
7825 5972
7826 5974
7827 5329
7828 4979
7829 172
7830 172
7831 6627
7832 7573
7833 3535
7834 6651
7835 5268
7836 6707
7837 293
7838 1973
7839 6951
7840 5913
7841 6257
7842 7492
7843 172
7844 7808
7845 172
7846 7616
7847 3635
7848 3417
7849 6923
7850 172
7851 4691
7852 7617
7853 2736
7854 6819
7855 172
7856 5339
7857 172
7858 4933
7859 5569
7860 172
7861 172
7862 4061
7863 4999
7864 184
7865 7609
7866 7693
7867 172
7868 4499
7869 172
7870 2768
7871 172
7872 3502
7873 7620
7874 2017
7875 6592
7876 172
7877 6683
7878 172
7879 4171
7880 7784
7881 6570
7882 7519
7883 7665
7884 5562
7885 4626
7886 7652
7887 4152
7888 7844
7889 6482
7890 6095
7891 3155
7892 172
7893 172
7894 172
7895 3160
7896 5070
7897 6955
7898 4528
7899 172
7900 6658
7901 7717
7902 1374
7903 3004
7904 172
7905 5256
7906 5389
7907 7038
7908 6294
7909 172
7910 6535
7911 5987
7912 5734
7913 172
7914 7473
7915 172
7916 4121
7917 7394
7918 172
7919 5901
7920 172
7921 6969
7922 4578
7923 6079
7924 2849
7925 172
7926 5875
7927 5500
7928 4236
7929 7578
7930 3219
7931 4532
7932 4145
7933 172
7934 7174
7935 2158
7936 4472
7937 4291
7938 7411
7939 1643
7940 172
7941 5645
7942 172
7943 6999
7944 864
7945 2281
7946 7825
7947 2941
7948 6112
7949 172
7950 6263
7951 875
7952 7507
7953 7512
7954 6949
7955 2321
7956 172
7957 7893
7958 172
7959 7839
7960 3974
7961 1098
7962 5414
7963 172
7964 6116
7965 4378
7966 5745
7967 7119
7968 14
7969 172
7970 6121
7971 2033
7972 5595
7973 5279
7974 172
7975 172
7976 7685
7977 2994
7978 3066
7979 1819
7980 5333
7981 4647
7982 5293
7983 4678
7984 1928
7985 6863
7986 172
7987 172
7988 2733
7989 3721
7990 172
7991 2529
7992 1300
7993 6930
7994 2121
7995 6358
7996 1959
7997 7142
7998 7378
7999 5703
8000 6094
8001 6520
8002 6886
8003 2584
8004 172
8005 3541
8006 6213
8007 7421
8008 7141
8009 7771
8010 1631
8011 5274
8012 7313
8013 5895
8014 4938
8015 172
8016 2106
8017 5552
8018 1968
8019 3673
8020 172
8021 68
8022 6467
8023 1590
8024 4422
8025 172
8026 4296
8027 6530
8028 6382
8029 4790
8030 2706
8031 4013
8032 6069
8033 3152
8034 6220
8035 7789
8036 5966
8037 7425
8038 5924
8039 3795
8040 172
8041 3843
8042 172
8043 6268
8044 172
8045 172
8046 1048
8047 4042
8048 7973
8049 1258
8050 3553
8051 172
8052 4460
8053 5005
8054 7448
8055 7881
8056 2502
8057 4194
8058 4886
8059 7716
8060 6101
8061 1778
8062 172
8063 582
8064 1050
8065 2879
8066 172
8067 172
8068 5026
8069 546
8070 4302
8071 172
8072 172
8073 6131
8074 5673
8075 6314
8076 7668
8077 445
8078 7917
8079 6440
8080 5518
8081 172
8082 7751
8083 5512
8084 5550
8085 172
8086 172
8087 7731
8088 8022
8089 5531
8090 172
8091 7725
8092 7417
8093 3399
8094 172
8095 8085
8096 3375
8097 5818
8098 8056
8099 172
8100 8016
8101 4736
8102 7836
8103 2979
8104 967
8105 5393
8106 7888
8107 6291
8108 5697
8109 4549
8110 4885
8111 5843
8112 1369
8113 3487
8114 172
8115 5719
8116 7493
8117 5564
8118 5921
8119 7520
8120 7675
8121 6689
8122 172
8123 854
8124 6283
8125 2089
8126 2949
8127 1875
8128 6083
8129 4596
8130 172
8131 172
8132 2490
8133 4109
8134 6735
8135 104
8136 4720
8137 5466
8138 6905
8139 5884
8140 3747
8141 1855
8142 6776
8143 172
8144 3225
8145 902
8146 172
8147 172
8148 1091
8149 634
8150 3621
8151 3395
8152 6439
8153 1685
8154 2355
8155 7730
8156 4905
8157 111
8158 172
8159 7667
8160 3782
8161 5304
8162 6802
8163 3643
8164 2540
8165 7979
8166 6526
8167 172
8168 5560
8169 6538
8170 233
8171 1756
8172 4177
8173 172
8174 391
8175 172
8176 5946
8177 172
8178 7201
8179 4028
8180 3114
8181 6774
8182 7936
8183 172
8184 3455
8185 7544
8186 1239
8187 6441
8188 4266
8189 7534
8190 6136
8191 272
8192 6703
8193 172
8194 172
8195 7361
8196 7782
8197 172
8198 7122
8199 5112
8200 5365
8201 3853
8202 5426
8203 5438
8204 172
8205 3691
8206 7312
8207 4021
8208 172
8209 4065
8210 4292
8211 6837
8212 7054
8213 3034
8214 2287
8215 5785
8216 4899
8217 5375
8218 972
8219 4559
8220 7247
8221 3872
8222 4710
8223 2013
8224 6586
8225 5199
8226 172
8227 563
8228 172
8229 7230
8230 6157
8231 172
8232 8126
8233 5559
8234 5728
8235 5033
8236 2718
8237 643
8238 6132
8239 172
8240 172
8241 5927
8242 6204
8243 4444
8244 6463
8245 7913
8246 172
8247 6021
8248 6010
8249 263
8250 172
8251 172
8252 172
8253 4868
8254 3477
8255 5676
8256 7295
8257 5124
8258 5153
8259 6474
8260 3903
8261 5133
8262 172
8263 7462
8264 7490
8265 172
8266 752
8267 2491
8268 5919
8269 172
8270 7635
8271 4778
8272 8205
8273 3711
8274 2837
8275 172
8276 3878
8277 1360
8278 8021
8279 6445
8280 5533
8281 6798
8282 5783
8283 5984
8284 4636
8285 5740
8286 6553
8287 2479
8288 769
8289 5801
8290 7885
8291 172
8292 172
8293 3205
8294 7056
8295 6371
8296 7670
8297 5674
8298 3296
8299 172
8300 7896
8301 6662
8302 8213
8303 1602
8304 7974
8305 6118
8306 172
8307 6604
8308 6475
8309 6290
8310 172
8311 7121
8312 4800
8313 172
8314 377
8315 4341
8316 172
8317 7741
8318 8232
8319 172
8320 7010
8321 7674
8322 7958
8323 8312
8324 5352
8325 6469
8326 4150
8327 7833
8328 5834
8329 2164
8330 3248
8331 4240
8332 1164
8333 172
8334 172
8335 2935
8336 5337
8337 172
8338 5250
8339 7644
8340 3729
8341 7820
8342 5435
8343 8166
8344 1516
8345 7213
8346 4970
8347 4721
8348 2201
8349 3347
8350 7565
8351 7527
8352 172
8353 6071
8354 511
8355 6496
8356 3942
8357 4848
8358 212
8359 5663
8360 7584
8361 6167
8362 172
8363 7613
8364 7962
8365 172
8366 6234
8367 4380
8368 2277
8369 289
8370 5999
8371 3616
8372 4508
8373 6996
8374 5646
8375 172
8376 6699
8377 6611
8378 8080
8379 6640
8380 3925
8381 5142
8382 2167
8383 5434
8384 6584
8385 6148
8386 172
8387 3326
8388 172
8389 3228
8390 7488
8391 6267
8392 7110
8393 1757
8394 6149
8395 4159
8396 7707
8397 6988
8398 172
8399 7326
8400 6708
8401 4904
8402 7497
8403 5225
8404 5671
8405 7328
8406 172
8407 7739
8408 5443
8409 172
8410 172
8411 4823
8412 7206
8413 6449
8414 172
8415 7357
8416 5377
8417 3097
8418 2051
8419 5040
8420 172
8421 5772
8422 3716
8423 4355
8424 172
8425 5900
8426 2683
8427 172
8428 3919
8429 172
8430 6217
8431 2406
8432 172
8433 6894
8434 172
8435 6612
8436 7556
8437 172
8438 5718
8439 6972
8440 290
8441 5384
8442 5752
8443 8144
8444 7246
8445 7564
8446 7366
8447 172
8448 3689
8449 4516
8450 3683
8451 3215
8452 8305
8453 1382
8454 172
8455 6591
8456 8038
8457 2485
8458 172
8459 172
8460 5223
8461 172
8462 4484
8463 172
8464 6723
8465 8369
8466 1982
8467 5758
8468 6059
8469 6792
8470 172
8471 172
8472 6926
8473 8378
8474 8180
8475 1295
8476 172
8477 5003
8478 172
8479 5098
8480 6692
8481 2057
8482 5188
8483 4474
8484 172
8485 172
8486 5465
8487 1589
8488 3889
8489 6394
8490 1234
8491 8175
8492 6081
8493 7918
8494 172
8495 6365
8496 4351
8497 6855
8498 234
8499 5074
8500 7348
8501 2333
8502 7607
8503 2313
8504 5322
8505 4591
8506 7182
8507 172
8508 172
8509 5044
8510 3468
8511 7369
8512 5849
8513 7301
8514 172
8515 172
8516 7374
8517 7454
8518 624
8519 172
8520 8153
8521 7645
8522 172
8523 7132
8524 7073
8525 7736
8526 3286
8527 4362
8528 172
8529 790
8530 7857
8531 172
8532 2759
8533 5756
8534 172
8535 7890
8536 7256
8537 928
8538 8184
8539 4308
8540 1829
8541 7552
8542 6876
8543 7743
8544 8145
8545 3544
8546 6821
8547 172
8548 3848
8549 172
8550 567
8551 7631
8552 172
8553 172
8554 8534
8555 1733
8556 4760
8557 1760
8558 8294
8559 4003
8560 2160
8561 2
8562 5010
8563 8522
8564 4035
8565 8496
8566 842
8567 2315
8568 2425
8569 6701
8570 172
8571 1389
8572 172
8573 3921
8574 8278
8575 8414
8576 8571
8577 172
8578 172
8579 5906
8580 172
8581 7849
8582 4151
8583 4101
8584 172
8585 5150
8586 156
8587 7022
8588 8448
8589 8015
8590 8328
8591 1792
8592 4500
8593 8537
8594 8199
8595 3786
8596 8197
8597 172
8598 7198
8599 4230
8600 6486
8601 1529
8602 172
8603 172
8604 6780
8605 172
8606 8110
8607 7653
8608 7427
8609 172
8610 2209
8611 7043
8612 4022
8613 5658
8614 8483
8615 7592
8616 172
8617 172
8618 172
8619 2899
8620 3121
8621 4833
8622 8216
8623 5591
8624 518
8625 5433
8626 4045
8627 3172
8628 6088
8629 172
8630 6536
8631 8190
8632 172
8633 7614
8634 7928
8635 172
8636 7229
8637 2086
8638 8266
8639 172
8640 172
8641 6209
8642 549
8643 172
8644 7797
8645 6500
8646 172
8647 172
8648 2459
8649 172
8650 172
8651 4838
8652 172
8653 2891
8654 7755
8655 4199
8656 1397
8657 4526
8658 3550
8659 7762
8660 172
8661 8054
8662 172
8663 2322
8664 8365
8665 172
8666 210
8667 4642
8668 6415
8669 8221
8670 6281
8671 4745
8672 8004
8673 7440
8674 172
8675 5681
8676 6338
8677 172
8678 5839
8679 7496
8680 172
8681 6626
8682 172
8683 2210
8684 172
8685 172
8686 7866
8687 6647
8688 7302
8689 172
8690 7159
8691 3940
8692 6995
8693 6024
8694 4539
8695 172
8696 6671
8697 172
8698 6471
8699 5587
8700 1423
8701 1845
8702 1443
8703 5690
8704 7037
8705 6878
8706 3018
8707 8317
8708 6643
8709 418
8710 2802
8711 5736
8712 2467
8713 2686
8714 8173
8715 4184
8716 2839
8717 1549
8718 7106
8719 4052
8720 6871
8721 172
8722 172
8723 1713
8724 2779
8725 172
8726 6313
8727 2900
8728 6309
8729 172
8730 8041
8731 6401
8732 7220
8733 2235
8734 8045
8735 6091
8736 6907
8737 5422
8738 5904
8739 3117
8740 1827
8741 4482
8742 1305
8743 6055
8744 3355
8745 172
8746 8218
8747 3042
8748 5623
8749 7367
8750 5242
8751 8455
8752 5523
8753 172
8754 5600
8755 3801
8756 7251
8757 6675
8758 3971
8759 172
8760 7656
8761 172
8762 5572
8763 2197
8764 2278
8765 172
8766 7350
8767 172
8768 7563
8769 172
8770 8023
8771 172
8772 5926
8773 7359
8774 5482
8775 2370
8776 172
8777 84
8778 8308
8779 6316
8780 172
8781 3430
8782 6808
8783 7907
8784 4679
8785 6119
8786 172
8787 172
8788 7887
8789 7069
8790 5937
8791 172
8792 6772
8793 4852
8794 7345
8795 7275
8796 172
8797 8421
8798 3202
8799 6260
8800 1836
8801 3217
8802 5468
8803 2159
8804 6676
8805 5209
8806 6504
8807 6120
8808 2831
8809 2507
8810 2691
8811 709
8812 7204
8813 7384
8814 236
8815 8742
8816 172
8817 6826
8818 7654
8819 1394
8820 172
8821 4271
8822 2125
8823 7426
8824 378
8825 8611
8826 8770
8827 8578
8828 8677
8829 172
8830 8196
8831 982
8832 6980
8833 605
8834 4255
8835 7728
8836 1416
8837 172
8838 5896
8839 7734
8840 172
8841 8671
8842 7469
8843 172
8844 739
8845 7463
8846 172
8847 5760
8848 5956
8849 172
8850 1942
8851 4666
8852 172
8853 8590
8854 5826
8855 5574
8856 3188
8857 8257
8858 6044
8859 172
8860 3645
8861 5665
8862 4449
8863 2858
8864 6054
8865 8593
8866 6289
8867 8001
8868 6873
8869 172
8870 6390
8871 5087
8872 5400
8873 7702
8874 7390
8875 3844
8876 5053
8877 4758
8878 8696
8879 1787
8880 172
8881 5851
8882 3588
8883 5869
8884 191
8885 172
8886 8220
8887 3593
8888 4383
8889 6012
8890 6134
8891 4748
8892 8889
8893 6860
8894 5932
8895 2299
8896 8608
8897 8463
8898 8065
8899 172
8900 5460
8901 4759
8902 550
8903 7484
8904 2574
8905 5193
8906 7698
8907 4872
8908 8461
8909 1702
8910 4888
8911 8753
8912 465
8913 3369
8914 2244
8915 8098
8916 6848
8917 6298
8918 6249
8919 7968
8920 172
8921 2112
8922 4799
8923 3818
8924 7796
8925 7790
8926 404
8927 2392
8928 6169
8929 3233
8930 172
8931 5068
8932 8894
8933 2039
8934 8610
8935 6516
8936 7985
8937 6825
8938 172
8939 172
8940 6616
8941 4847
8942 172
8943 5925
8944 4611
8945 6588
8946 172
8947 172
8948 1400
8949 6172
8950 3688
8951 172
8952 172
8953 172
8954 398
8955 3742
8956 7532
8957 3416
8958 7306
8959 8657
8960 172
8961 3491
8962 172
8963 7700
8964 172
8965 172
8966 3482
8967 2081
8968 8637
8969 7164
8970 7248
8971 7909
8972 8774
8973 5136
8974 4068
8975 5685
8976 5428
8977 1019
8978 6261
8979 6175
8980 2787
8981 2694
8982 172
8983 387
8984 172
8985 7296
8986 172
8987 2623
8988 6086
8989 200
8990 8559
8991 172
8992 4080
8993 1974
8994 1750
8995 8966
8996 8827
8997 4311
8998 3910
8999 4793
9000 172
