866 933
789 85
218 271
852 22
130 748
140 506
333 690
230 828
792 282
93 832
666 537
471 842
75 619
251 658
726 660
188 780
64 668
222 725
616 706
198 518
547 861
245 27
853 724
122 724
582 821
359 577
158 47
382 843
420 708
247 235
584 604
426 544
211 51
56 683
234 292
149 589
113 139
23 254
508 523
436 19
725 501
789 66
864 792
325 334
156 739
663 385
831 707
310 569
685 148
373 391
840 336
769 670
179 396
615 711
380 138
695 723
231 255
88 592
562 117
256 99
2 477
798 829
54 124
330 353
818 730
495 46
768 715
564 637
640 89
86 436
707 320
175 391
745 117
199 693
325 455
329 847
49 744
322 100
855 22
793 12
37 833
528 454
671 720
828 579
170 323
689 411
585 712
485 393
157 664
657 574
265 693
730 167
585 627
524 737
557 838
856 539
435 283
345 507
633 696
273 297
624 761
398 695
628 578
839 65
741 603
717 153
563 292
203 758
39 866
666 253
675 679
88 93
713 543
482 106
77 708
599 359
87 109
786 820
680 655
509 305
626 529
532 149
321 637
599 4
638 585
704 268
52 89
285 602
111 330
774 355
581 137
448 300
807 656
147 762
192 339
604 662
288 314
817 395
603 575
450 212
162 169
374 840
865 128
616 497
171 767
489 625
369 333
347 39
784 319
527 660
553 861
258 176
36 269
765 370
168 750
484 535
225 778
363 470
756 449
328 97
457 170
461 860
686 298
595 794
240 463
242 686
552 757
30 147
818 424
548 790
813 194
95 796
47 331
317 598
567 499
20 580
527 87
431 294
204 112
465 106
45 22
697 728
108 88
138 456
78 297
230 536
729 74
13 806
497 553
442 787
617 406
78 336
608 686
165 354
831 157
114 190
583 215
36 396
667 112
705 75
214 669
644 469
683 734
240 681
31 562
627 700
586 501
449 733
453 397
692 159
113 853
306 632
782 727
670 542
690 601
68 405
357 367
630 583
159 183
497 328
401 68
482 854
789 699
802 361
12 161
61 150
721 141
419 502
303 814
661 25
96 425
710 816
513 717
747 291
646 689
536 320
263 305
822 636
255 54
372 492
49 545
586 410
205 551
650 661
734 743
267 823
605 92
318 73
640 496
815 402
288 108
344 3
72 122
853 38
8 166
621 95
465 795
417 15
29 663
62 521
43 312
205 698
137 472
387 410
304 33
311 728
154 494
737 91
791 469
169 634
453 758
266 107
703 671
726 533
686 299
732 293
584 832
148 271
287 481
823 424
851 167
43 342
464 400
647 365
242 619
467 637
304 76
238 572
610 406
141 634
607 710
91 204
29 228
247 591
209 339
635 727
346 28
198 249
557 739
689 701
143 10
213 403
44 469
347 186
728 15
155 103
561 505
776 223
138 395
36 348
526 629
575 246
443 809
181 767
559 131
817 275
382 521
49 145
651 92
408 670
290 848
846 790
443 471
423 805
272 537
286 702
537 419
800 343
556 680
84 828
406 859
785 289
831 83
381 665
33 338
428 195
846 768
736 176
518 788
34 233
356 405
389 422
461 201
749 181
531 20
749 685
623 84
144 470
134 673
779 558
491 529
42 198
844 193
784 783
843 444
23 671
286 523
490 492
100 594
246 839
837 795
608 658
781 570
865 565
735 819
356 523
232 753
595 627
489 522
498 751
305 652
364 234
555 227
841 189
583 116
102 506
407 225
844 212
342 172
750 371
558 95
503 611
692 241
684 121
251 595
770 821
708 414
479 457
296 66
195 71
652 337
654 703
435 807
593 672
170 257
727 810
481 511
528 742
58 217
388 28
741 294
542 284
104 26
507 530
579 116
139 709
80 840
826 146
740 444
637 229
399 676
232 460
619 207
185 554
794 332
783 118
825 96
252 222
151 24
561 835
561 579
200 745
249 622
571 593
309 181
378 178
543 152
606 82
651 45
582 796
812 696
621 499
759 105
259 419
655 555
462 349
487 398
94 267
803 244
824 425
508 70
468 699
625 752
45 462
352 483
277 259
319 74
587 631
722 474
566 455
72 208
433 811
464 687
415 510
662 764
722 388
56 51
237 657
547 632
274 546
195 213
782 23
187 654
50 803
287 90
247 63
9 367
573 364
200 224
640 146
479 512
467 124
614 816
469 514
192 536
731 438
451 847
647 95
519 748
7 486
439 118
498 494
505 798
54 318
460 337
721 57
798 515
454 408
67 63
857 381
20 628
755 606
165 164
207 515
346 332
99 544
677 393
159 609
317 134
404 539
590 224
101 194
40 830
613 340
833 255
549 684
126 282
535 5
131 373
601 802
512 822
843 35
602 854
597 308
591 127
516 485
208 574
719 738
856 493
315 106
182 615
3 184
306 188
226 57
629 497
282 447
268 307
326 412
335 450
338 86
88 764
308 17
814 768
339 143
397 440
459 681
369 45
191 799
402 406
674 766
664 656
58 596
44 206
149 650
546 386
389 233
204 374
397 401
66 120
841 111
827 718
681 91
486 820
526 669
809 694
635 280
76 762
274 119
653 735
606 281
77 294
715 797
761 293
415 216
552 220
815 47
500 286
367 277
866 32
729 344
503 127
121 174
743 533
132 493
279 633
447 773
761 811
251 626
383 249
48 606
667 766
495 250
12 127
357 135
261 708
555 674
343 638
91 203
325 476
79 430
22 568
30 64
487 777
279 850
32 162
677 8
545 436
799 502
855 63
383 678
312 173
193 859
288 180
534 172
838 340
293 390
830 682
714 378
163 535
280 472
316 129
405 313
99 424
107 481
430 250
475 396
234 643
83 642
766 772
529 318
248 706
172 437
436 418
197 278
86 194
481 580
379 107
597 685
8 142
37 802
570 429
121 237
281 821
717 765
716 69
702 444
719 322
36 863
395 128
114 832
272 445
424 847
559 12
264 109
384 129
258 645
149 301
332 276
759 649
128 516
76 622
351 559
166 350
239 546
208 151
747 318
662 713
208 547
14 554
354 576
742 394
804 851
399 358
133 704
415 307
217 522
852 680
421 322
720 55
636 241
721 585
520 59
736 780
254 441
492 21
820 535
243 115
324 388
661 489
362 24
83 532
2 390
102 418
347 182
431 658
552 456
26 364
147 365
474 801
517 107
262 442
6 376
504 186
130 614
596 120
499 824
262 718
678 513
253 581
136 277
335 220
849 594
663 155
270 784
601 541
107 11
520 385
432 857
636 140
18 23
797 794
587 688
270 183
283 103
225 450
449 97
372 604
839 130
711 48
590 530
841 808
826 375
812 827
310 351
409 802
693 223
648 660
757 607
363 371
261 434
605 311
285 842
578 738
111 785
642 310
113 14
760 739
196 280
756 777
850 126
473 114
358 433
642 839
746 230
119 771
434 550
59 778
195 123
104 295
245 563
239 263
34 92
691 300
639 686
360 182
706 819
825 226
548 85
860 441
386 145
333 187
792 110
438 779
427 862
284 236
416 423
507 525
755 233
458 831
404 556
275 260
613 427
592 600
394 13
202 288
659 46
478 6
21 787
221 383
55 432
350 302
758 803
160 115
645 216
313 215
387 675
479 560
314 119
218 776
17 31
437 352
401 362
774 98
783 69
163 323
854 577
51 218
854 525
612 94
412 495
243 125
594 160
438 641
827 244
377 80
174 548
518 847
123 749
773 42
775 442
133 707
554 1
46 378
618 682
468 808
524 376
618 354
248 763
709 777
368 639
480 450
800 576
425 177
61 276
9 672
659 578
753 201
291 417
864 865
17 461
845 375
694 767
105 839
152 98
688 649
561 858
723 519
483 550
264 301
184 760
243 270
494 1
401 82
705 531
142 813
274 7
252 837
801 44
368 167
505 392
349 326
488 654
519 551
540 41
623 567
81 660
327 609
411 426
706 366
284 716
108 646
308 671
191 445
698 694
845 600
165 79
40 159
178 698
282 836
620 4
446 684
396 561
416 288
572 373
318 653
150 806
153 324
154 514
848 2
675 796
173 598
719 18
52 566
669 345
321 423
289 631
400 6
639 545
731 834
295 278
175 817
219 667
144 381
576 781
331 300
731 10
210 2
805 571
420 240
60 673
341 691
669 197
36 285
588 173
168 804
563 466
183 316
612 290
491 4
266 615
732 53
273 238
452 198
384 62
795 302
687 476
110 341
538 633
90 199
256 754
847 732
50 270
245 132
114 613
223 684
297 16
413 148
107 71
496 16
151 527
304 570
325 41
714 97
355 754
403 404 727 585 817 723 335 791 101 858 916 676 168 245 639 84 239 285 812 733 311 221 813 912 368 63 516 379 759 836 226 493 161 86 473 529 92 645 607 466 108 491 874 470 831 710 589 449 360 864 535 234 485 284 407 527 570 396 743 128 464 849 901 931 510 845 409 337 597 599 264 90 233 750 593 83 696 376 651 127 325 519 760 26 513 391 378 753 707 551 454 209 357 120 180 609 47 497 269 247 298 170 433 731 385 462 686 709 138 162 588 293 75 780 660 761 902 322 300 374 539 579 49 137 892 259 721 640 830 177 372 319 503 186 9 129 339 270 412 114 596 50 143 380 729 751 538 103 682 631 279 919 153 801 265 238 740 701 816 181 695 119 611 577 873 123 405 195 58 486 909 352 484 658 54 719 438 344 895 921 364 698 1 927 237 11 388 197 164 173 804 925 883 281 20 105 386 121 833 600 511 458 52 917 115 930 563 229 406 351 18 768 771 132 435 191 190 814 283 304 893 741 158 59 669 622 770 840 624 502 747 481 141 614 370 915 224 595 93 715 294 130 922 10 621 302 654 446 150 148 468 592 98 591 779 359 423 36 85 216 724 758 716 825 872 792 711 381 532 228 276 419 908 199 87 232 504 632 418 675 677 353 853 192 309 755 453 575 852 179 501 211 203 708 176 271 534 793 369 44 445 815 923 39 767 713 155 900 586 598 327 720 672 871 480 257 144 550 196 894 60 555 189 764 410 685 714 2 169 125 110 267 795 41 112 320 25 671 828 623 745 328 334 705 456 411 856 643 408 253 437 252 383 863 574 533 843 860 718 521 147 329 29 706 465 826 748 526 851 413 227 847 876 362 838 697 290 832 341 546 889 249 340 781 896 262 371 628 100 312 222 206 303 890 175 338 117 48 384 773 167 272 401 266 666 185 256 444 187 673 722 537 330 787 136 736 744 796 899 530 377 88 514 875 292 375 213 455 145 156 880 104 687 225 278 236 634 790 702 394 447 323 699 688 846 520 475 859 367 552 201 618 566 277 626 280 824 704 393 139 819 656 142 603 417 157 416 799 430 499 421 914 387 693 932 662 625 910 553 800 647 635 172 33 667 210 554 842 692 571 354 821 317 477 878 366 194 230 664 807 314 389 903 431 348 218 184 57 636 390 74 5 109 42 668 854 494 772 822 732 152 441 315 289 488 933 522 66 794 373 463 235 275 641 131 498 212 582 27 629 653 594 517 43 428 113 205 540 316 474 694 769 495 689 415 617 443 784 299 683 630 515 547 827 649 886 523 806 23 746 888 31 728 451 193 844 244 810 564 6 200 202 331 924 223 602 45 573 460 324 690 149 397 32 798 865 774 665 457 558 928 19 650 583 850 487 425 572 776 805 301 735 450 81 808 663 496 862 347 217 349 601 467 506 365 646 637 904 674 422 78 580 333 834 559 72 918 777 782 783 295 242 241 543 214 661 174 891 763 541 730 885 4 633 305 215 250 24 16 166 12 565 151 528 737 605 70 531 509 398 82 183 268 788 489 482 208 802 604 839 620 61 122 479 679 263 556 500 124 126 726 567 681 739 868 96 429 584 490 648 321 542 590 22 762 55 789 749 766 820 866 80 432 691 756 56 332 549 561 15 857 576 562 478 38 287 424 544 346 738 461 905 655 642 178 97 154 581 434 246 71 436 913 569 133 507 823 684 524 734 207 240 308 848 907 188 107 76 243 775 140 426 448 251 198 439 414 21 786 67 95 610 505 754 678 906 288 30 897 68 926 274 855 282 160 28 725 342 616 34 627 204 811 358 306 752 884 518 51 73 116 557 606 395 17 841 837 879 254 94 778 469 545 440 37 882 91 785 402 118 400 219 809 343 615 471 476 392 568 106 296 77 869 356 134 35 258 99 231 260 492 452 62 898 870 578 14 835 644 336 536 877 350 548 363 313 525 911 442 361 273 472 40 608 79
