841 980
629 605
565 825
606 812
484 705
376 810
345 580
714 175
164 382
4 584
167 260
236 127
69 213
49 251
364 133
555 537
82 712
162 438
486 391
777 490
383 503
817 285
233 532
822 164
365 61
672 252
808 743
371 497
79 711
455 354
294 500
284 662
495 590
694 11
194 794
396 488
779 101
644 121
199 172
476 649
334 659
154 763
351 766
455 816
420 751
825 254
536 41
758 573
806 429
505 286
222 454
785 364
367 602
788 233
178 270
279 550
282 737
456 264
356 353
650 223
690 732
620 564
172 56
133 455
793 449
383 686
148 762
65 205
518 587
768 697
116 607
577 164
156 526
655 207
245 427
779 771
576 838
46 449
623 510
248 125
259 623
356 121
560 504
571 221
261 300
195 637
682 57
582 561
604 453
794 459
273 485
533 467
621 811
710 189
817 534
653 553
583 553
758 839
319 279
104 574
466 137
803 735
198 786
201 128
78 772
267 29
256 772
419 264
277 666
470 433
6 597
567 587
722 598
300 92
17 59
669 409
15 446
331 670
272 395
326 253
470 416
368 130
432 279
150 543
674 652
10 97
322 263
171 626
524 321
56 698
320 401
447 773
802 750
48 84
128 747
374 64
561 672
397 526
763 13
291 485
734 199
545 217
789 490
430 226
369 830
529 217
829 590
107 469
375 26
266 774
286 692
602 97
689 120
613 388
580 588
701 283
545 468
173 616
20 322
833 92
61 269
458 765
189 615
836 706
478 558
623 218
341 316
426 451
331 93
274 594
748 721
455 91
437 493
150 392
145 782
508 392
765 84
260 406
493 538
130 778
772 393
256 327
434 331
578 546
462 326
675 671
194 676
310 720
505 648
283 284
394 103
5 829
87 356
444 559
404 311
466 17
627 5
200 398
794 249
796 98
115 624
800 40
309 434
22 754
776 40
330 119
433 654
42 700
297 751
515 603
471 95
37 559
733 623
141 792
95 498
243 703
389 44
184 594
746 827
746 82
64 222
2 264
324 651
707 555
409 147
577 617
534 647
749 479
809 394
278 56
585 288
168 371
450 399
54 480
204 518
134 615
811 562
370 86
470 35
139 49
569 14
337 12
544 506
424 441
356 773
837 183
321 492
14 77
227 702
158 784
782 791
305 315
481 449
622 760
59 330
541 385
159 246
772 575
73 724
302 13
119 98
599 270
96 414
23 396
672 474
451 741
624 360
494 405
118 162
260 411
334 472
372 189
780 236
362 326
613 212
221 777
657 580
500 216
356 782
599 807
377 547
91 377
499 154
61 462
701 229
68 307
130 223
373 124
73 769
475 337
151 375
447 723
118 71
633 423
164 601
410 93
455 215
561 646
352 341
355 713
346 668
348 233
295 606
527 224
566 89
91 308
607 752
64 683
723 493
244 817
503 34
197 533
421 417
681 303
698 477
524 819
274 14
308 790
238 553
733 283
530 568
440 636
63 490
320 149
387 2
657 155
147 190
519 737
467 141
663 708
247 841
401 689
475 581
230 50
182 662
593 94
250 619
618 19
455 585
123 415
278 629
342 433
309 428
266 512
86 491
265 181
101 620
71 105
690 196
808 634
246 152
607 18
694 293
568 725
407 615
19 209
69 232
41 311
236 784
305 820
507 295
29 511
68 47
713 490
543 612
302 667
336 606
513 608
587 749
803 769
52 529
520 697
359 109
338 317
219 611
666 461
51 787
542 583
489 463
604 280
547 819
305 635
129 833
608 751
477 725
431 90
805 160
456 371
419 705
73 200
527 227
60 324
574 250
71 62
88 340
475 173
384 402
348 113
423 737
502 697
652 390
597 671
418 804
757 787
513 4
412 239
364 253
160 616
12 379
166 452
329 322
260 297
795 146
389 368
8 718
369 693
55 671
117 370
229 149
41 655
488 260
530 633
80 302
290 708
136 775
24 564
503 732
392 76
650 393
71 442
542 223
691 457
368 123
104 24
419 684
690 632
379 227
21 608
383 539
664 685
555 43
621 446
386 12
355 764
238 275
8 242
487 461
615 480
46 543
437 500
1 820
582 579
503 661
795 693
835 595
747 831
398 97
688 819
187 457
24 177
734 683
157 274
696 663
435 491
570 44
299 309
743 651
501 2
51 405
285 794
679 723
272 837
102 98
651 316
611 765
568 517
369 116
752 75
51 523
192 69
636 458
49 261
729 203
85 421
518 113
181 673
651 650
439 70
412 554
756 317
80 329
32 456
610 287
680 388
54 671
757 427
601 811
337 710
576 449
738 750
261 711
85 186
197 825
425 314
246 344
338 681
759 779
253 544
192 569
639 775
287 88
28 787
473 252
836 101
650 219
794 308
649 514
747 219
435 525
563 237
131 138
482 281
344 715
296 46
225 753
257 150
255 40
157 502
778 830
747 528
122 425
216 34
143 586
1 509
304 766
520 159
370 326
727 805
200 595
138 77
126 483
730 573
545 253
66 798
828 748
44 177
162 208
789 315
100 837
280 209
394 120
706 427
698 141
37 605
52 194
42 504
480 534
106 828
596 76
161 249
667 456
648 608
238 313
511 499
515 664
57 217
678 32
476 133
366 488
11 463
505 36
253 644
188 496
480 357
660 191
734 176
66 799
638 507
300 180
229 680
215 387
303 289
328 660
96 238
763 309
826 801
359 17
107 764
107 345
497 700
344 110
101 378
837 3
802 601
751 53
761 463
523 625
744 652
103 439
801 188
389 718
828 531
220 621
824 705
628 338
755 209
168 169
10 286
255 179
660 615
84 322
99 381
642 45
596 424
514 479
71 337
207 481
143 565
546 301
129 81
771 464
310 487
766 136
839 596
263 101
742 616
22 632
144 815
521 255
482 560
415 264
325 740
350 208
784 684
307 172
255 108
746 260
332 243
823 261
668 436
600 354
258 69
258 697
462 74
637 585
453 651
378 586
489 112
581 537
39 707
253 235
105 540
583 437
706 658
435 390
262 380
493 224
230 736
563 478
266 377
284 63
602 210
476 440
446 612
821 483
178 532
66 288
528 281
513 625
765 826
221 125
4 730
572 137
669 834
733 602
346 464
166 145
132 771
721 771
145 7
369 832
287 614
325 509
531 701
366 305
453 716
805 572
534 740
245 699
9 786
330 379
360 756
396 540
483 512
72 486
119 414
339 534
358 487
115 480
783 242
365 529
450 380
677 247
762 112
630 413
388 516
568 188
810 583
68 395
343 665
106 418
425 109
639 577
71 59
638 138
792 25
525 548
185 566
581 307
729 683
378 727
94 744
645 312
240 21
643 236
187 486
206 711
362 333
128 314
626 825
258 248
403 242
133 335
530 385
717 414
687 550
694 418
218 515
166 243
37 618
20 88
567 821
581 359
391 573
743 124
294 149
749 241
807 495
591 384
195 561
550 38
529 111
736 781
684 242
138 3
809 95
217 642
696 470
726 286
650 30
775 708
526 837
198 13
737 340
333 311
301 306
633 589
818 283
265 546
430 594
634 251
314 281
710 704
719 64
784 138
335 173
234 559
609 260
465 308
331 424
592 112
105 205
247 539
377 110
246 84
312 414
79 417
39 512
426 173
48 767
31 443
403 460
349 755
108 665
63 697
16 797
769 140
370 731
26 692
150 468
596 622
421 314
594 770
539 608
271 232
329 277
120 109
584 758
203 645
339 818
503 640
749 429
799 415
448 239
482 531
497 358
820 709
99 96
785 422
289 465
193 375
262 473
482 114
11 391
228 625
638 431
588 150
78 656
156 812
669 62
267 43
591 256
691 151
419 557
176 448
831 813
775 266
36 766
182 15
380 412
545 152
180 26
132 396
759 350
389 58
821 779
359 298
498 788
632 814
231 120
303 212
397 500
745 656
738 619
374 692
299 349
344 89
221 256
757 226
176 836
632 284
429 290
35 301
413 612
134 549
443 841
198 22
146 627
232 177
641 516
582 659
286 463
176 328
142 651
432 840
317 785
677 346
485 627
291 535
636 83
239 594
445 831
756 753
759 764
427 171
555 70
728 30
340 318
631 599
329 67
535 334
347 794
304 800
352 160
817 427
563 593
625 573
87 610
6 99
559 350
400 505
323 208
687 382
90 65
336 185
525 360
31 494
444 522
788 268
91 465
211 571
61 673
432 741
179 272
148 436
274 643
654 458
701 82
168 19
747 551
678 100
780 386
175 322
823 459
764 66
7 42
266 660
81 381
237 739
654 550
101 506
296 171
598 325
556 1
135 785
155 188
185 686
428 102
174 642
412 544
535 214
719 413
124 100
292 670
318 408
552 819
542 781
265 442
520 170
603 786
605 12
585 144
510 238
35 520
583 486
163 539
840 537
216 706
803 333
143 629
50 666
75 471
363 802
662 33
361 545
153 262
27 253
476 484
695 789
393 823
202 104
402 819
243 739
750 70
85 49
367 745
165 75
16 437
838 155
343 508
276 409
381 156 572 672 176 380 852 5 515 768 213 185 228 402 789 907 334 968 720 694 335 383 54 430 781 480 302 452 543 357 397 805 342 239 593 865 78 810 697 117 485 89 287 967 139 124 436 796 378 258 384 343 613 140 654 969 400 482 426 318 309 616 953 851 872 912 783 644 444 143 721 462 581 566 473 878 520 465 904 512 337 268 391 352 523 646 202 696 887 132 177 573 896 503 675 34 44 725 360 626 736 530 759 40 188 688 678 958 395 218 262 100 750 752 881 951 277 226 924 128 550 297 830 921 457 682 455 639 709 895 83 137 108 524 339 928 421 489 449 231 637 946 353 438 708 901 932 910 98 510 42 972 719 446 232 310 324 86 582 151 263 555 164 673 911 691 656 619 693 726 841 661 171 712 522 935 826 802 266 908 361 111 647 793 257 532 971 645 840 219 853 513 629 110 184 763 304 105 95 706 411 445 427 19 505 787 529 707 440 655 547 794 966 227 416 849 362 526 393 557 835 281 540 244 884 528 338 260 792 906 120 668 490 237 627 620 458 833 562 692 724 541 401 194 245 22 215 181 240 900 699 598 825 31 355 118 33 611 729 364 949 585 930 677 612 979 367 437 684 757 307 888 769 685 905 975 229 602 751 844 667 925 234 153 957 963 278 279 379 8 387 586 936 546 52 283 235 742 806 766 964 980 467 336 122 777 663 940 204 27 11 79 3 326 609 687 836 970 372 415 929 429 93 914 954 922 182 544 501 631 468 25 855 867 363 97 292 471 45 147 634 80 779 533 280 815 978 899 433 370 236 621 799 155 608 187 977 488 716 66 212 525 359 195 875 483 464 368 592 285 274 115 778 632 496 160 745 192 267 62 348 220 927 431 650 216 179 414 804 366 883 657 264 479 91 623 934 516 704 894 832 666 948 578 32 206 565 50 521 770 898 116 511 536 306 628 252 456 897 15 169 643 756 472 484 103 791 12 167 491 16 208 829 559 454 499 960 839 938 790 270 733 786 76 450 90 121 224 893 28 136 863 876 862 423 39 633 276 873 168 345 731 349 138 55 238 159 813 965 747 271 130 21 460 161 506 269 253 46 827 722 487 604 299 636 538 165 29 469 749 183 64 743 477 823 119 4 313 870 638 175 327 580 26 784 60 916 404 322 214 539 71 113 514 315 249 880 764 453 131 141 294 419 193 834 617 351 889 386 2 317 162 545 291 955 417 170 146 902 603 705 259 265 818 323 885 576 831 74 737 17 727 148 203 112 92 81 104 392 746 658 800 388 952 816 418 463 303 389 432 356 594 233 35 290 877 962 891 230 43 570 651 937 531 738 406 289 369 635 225 596 518 261 476 670 492 198 553 567 209 577 375 398 248 665 919 23 190 587 798 197 588 88 507 399 77 941 502 868 70 801 821 246 679 653 154 286 824 614 254 149 869 312 917 595 61 145 723 642 710 933 272 10 428 474 837 223 221 301 500 282 49 201 48 944 618 797 974 439 822 758 871 106 915 776 607 680 785 676 939 308 255 470 847 517 152 624 535 811 199 498 850 207 346 640 390 848 782 504 354 734 425 765 7 961 451 321 96 102 860 606 882 754 320 330 166 959 133 630 879 695 250 56 385 942 892 186 820 295 597 99 129 568 382 210 591 739 552 579 563 809 247 373 753 403 69 773 664 376 493 600 191 856 20 300 767 701 82 846 6 9 243 211 288 775 365 495 864 703 625 101 293 494 534 622 715 808 24 107 681 41 780 519 144 341 134 744 571 311 408 890 788 689 686 298 549 142 371 73 866 217 713 509 741 698 903 527 772 874 554 857 976 945 30 599 601 838 410 358 447 574 87 67 508 196 72 422 58 760 328 409 13 564 157 178 886 795 854 943 920 222 475 558 396 717 748 53 740 241 394
