744 995
12 225
87 405
668 529
413 601
401 561
341 462
646 630
685 253
174 31
380 173
115 267
72 371
638 277
27 344
662 500
709 136
499 273
303 53
725 304
293 433
415 707
353 414
725 95
397 237
174 123
76 265
177 84
601 622
536 152
509 128
138 470
52 734
674 682
385 554
80 631
175 456
160 642
12 698
516 125
480 321
28 650
295 83
556 247
228 570
357 98
14 391
112 214
656 122
679 170
408 282
243 611
500 136
223 191
571 479
169 247
146 203
691 394
108 579
209 87
647 41
314 92
213 36
220 40
596 350
552 657
141 265
220 121
563 156
129 9
298 589
108 471
484 573
607 99
334 69
738 62
231 475
30 268
334 546
228 593
625 177
252 629
30 119
675 378
142 284
583 41
303 391
69 114
40 171
187 268
101 741
324 86
350 362
106 138
210 313
515 198
346 359
145 224
47 569
655 610
185 659
530 368
24 633
353 140
288 4
110 688
382 30
22 108
75 422
409 345
104 441
354 58
230 229
137 246
541 463
590 543
58 677
511 260
424 153
627 434
138 694
615 165
365 469
260 396
629 726
496 642
533 1
464 277
215 481
394 265
698 238
740 91
527 721
610 540
342 436
144 506
210 444
613 42
144 296
359 612
692 345
107 330
490 732
434 719
452 420
202 143
540 494
7 311
112 465
524 440
251 637
571 126
165 386
556 459
732 579
60 666
634 507
379 520
180 212
239 371
628 712
159 493
581 638
672 18
361 668
144 665
417 229
323 452
473 451
368 111
549 551
135 208
28 381
226 371
286 571
193 241
63 405
525 345
370 107
176 14
501 435
612 525
94 272
175 45
131 558
618 113
309 501
104 535
124 244
222 635
98 293
206 502
306 468
377 740
406 722
308 704
160 482
737 526
343 328
15 217
483 727
312 110
450 661
352 358
536 673
711 311
223 591
548 393
428 224
11 616
88 89
94 69
69 722
466 68
127 429
481 525
700 78
244 550
33 699
373 407
661 455
431 300
440 376
348 326
207 410
514 439
55 8
399 377
488 636
417 126
134 322
586 276
729 114
112 459
271 278
597 26
234 284
137 443
83 359
346 671
375 630
357 13
290 299
447 187
693 516
471 16
446 179
266 92
132 402
339 136
611 388
302 291
443 76
155 382
424 621
668 392
71 426
506 358
196 298
455 139
186 713
151 599
702 195
189 73
518 275
289 644
19 95
553 46
717 463
166 330
289 191
78 531
62 435
542 319
350 2
492 284
731 434
439 510
127 722
624 733
232 163
654 57
155 54
78 258
383 267
669 695
617 618
292 238
214 555
364 10
498 672
38 348
3 306
444 734
460 211
478 644
592 461
705 3
473 76
55 448
247 638
320 252
671 388
200 504
97 201
374 646
544 179
296 563
622 467
663 512
46 69
364 168
266 278
292 605
699 587
557 528
369 124
605 323
429 496
620 524
35 153
21 347
331 542
679 104
423 694
48 429
578 102
209 280
287 229
431 523
546 400
84 648
154 315
192 48
437 17
410 129
491 129
266 546
464 218
195 683
574 286
19 192
591 421
113 85
84 556
532 406
563 649
233 69
562 528
530 583
721 701
375 305
347 26
689 693
537 538
230 610
324 470
279 295
270 205
711 611
199 525
723 256
76 404
512 641
159 511
490 257
103 562
262 236
460 709
412 663
59 527
708 738
431 92
655 235
425 413
409 626
604 304
301 355
92 505
116 556
18 494
438 259
636 155
577 143
15 242
556 254
558 141
589 351
315 714
366 130
516 74
91 318
297 281
433 171
328 208
643 423
729 507
238 420
692 109
447 89
361 164
701 637
399 156
202 73
10 360
169 40
61 701
414 641
718 177
219 606
221 112
158 592
519 729
472 77
412 96
553 626
312 400
187 183
147 360
517 222
499 332
330 255
393 539
583 319
719 365
543 132
128 701
133 59
400 671
31 354
600 337
97 389
558 393
141 300
61 589
462 181
173 592
307 438
422 699
120 298
148 720
536 521
543 244
725 624
410 235
101 674
197 742
357 396
568 375
242 186
146 707
655 530
407 366
106 225
205 148
569 388
349 333
184 74
578 332
61 612
352 576
305 411
585 445
702 482
639 691
442 671
5 412
513 183
230 94
161 397
404 356
337 575
172 8
486 336
564 595
423 119
402 6
57 625
322 525
188 358
216 255
66 129
394 713
476 50
117 695
550 273
231 61
234 385
20 338
645 513
263 253
617 173
590 702
679 665
404 47
327 698
584 117
244 548
419 609
592 648
721 572
454 57
425 417
624 693
712 16
168 394
724 170
100 564
479 529
22 217
335 117
590 186
559 251
475 32
673 103
75 239
703 607
272 77
681 258
280 317
676 547
185 338
532 519
594 320
100 637
340 653
616 524
64 302
361 638
606 608
567 325
488 731
597 411
369 478
4 735
342 554
427 186
88 59
548 63
285 374
588 372
102 466
370 180
688 482
481 567
292 68
234 105
495 378
567 534
367 686
578 506
561 418
628 51
145 153
725 485
71 646
269 290
219 433
328 555
149 384
697 472
705 200
318 658
32 566
350 538
682 118
325 489
603 615
151 730
326 550
421 79
435 418
345 190
508 703
584 650
39 389
368 22
593 731
655 119
47 248
697 541
198 189
163 446
731 321
716 29
618 112
231 7
67 664
23 83
430 663
530 430
64 316
587 588
569 660
68 702
744 403
561 105
484 520
580 327
678 469
15 570
714 492
313 497
739 677
82 181
21 717
245 457
657 659
482 684
39 390
519 152
574 620
690 24
395 531
540 396
67 49
341 383
147 1
204 687
521 613
676 439
25 639
258 328
610 401
437 351
345 195
508 460
336 713
256 65
495 53
596 710
195 9
127 600
100 463
235 631
121 607
201 25
330 193
395 35
377 470
285 552
678 235
450 609
649 115
521 564
271 133
582 579
204 257
509 647
716 332
70 150
637 699
124 667
448 264
81 116
386 581
441 665
215 387
45 663
172 742
483 46
372 51
66 339
494 194
631 181
481 12
551 477
723 96
616 137
387 42
2 585
635 718
555 640
128 154
150 131
178 65
425 379
286 264
95 218
390 651
603 503
328 155
203 526
441 507
384 504
191 185
211 668
161 250
723 639
500 83
627 385
138 224
390 156
407 433
7 36
227 457
74 402
735 241
654 93
471 167
61 469
675 240
237 715
355 491
145 599
632 171
16 285
215 270
512 456
652 391
45 37
297 182
518 743
288 538
522 704
158 566
226 86
600 13
652 250
93 380
196 207
175 432
393 34
43 261
687 106
50 255
547 396
427 197
537 443
162 268
737 509
519 496
310 726
378 499
254 623
84 100
117 573
301 60
739 72
49 651
127 453
335 135
189 538
29 239
507 204
336 49
686 594
461 129
540 333
44 454
115 98
736 102
364 336
201 476
604 487
37 111
233 108
283 190
386 323
49 709
666 182
425 134
121 474
576 744
44 558
43 389
696 384
573 664
497 416
169 743
166 141
184 429
167 45
453 685
589 523
401 81
403 349
329 356
378 280
33 515
331 568
17 363
474 479
206 195
468 214
554 139
499 477
90 207
720 505
673 619
420 487
559 619
333 347
441 729
118 688
302 38
349 295
105 485
623 539
727 436
67 445
71 641
107 20
258 649
565 243
553 309
131 428
493 23
458 310
232 667
168 122
99 492
741 653
510 415
104 150
283 522
464 644
109 640
696 695
608 274
392 133
602 617
41 240
343 739
595 619
52 395
279 670
109 513
570 499
660 648
611 689
126 291
269 249
12 715
342 277
26 5
658 317
662 582
577 580
545 490
90 271
543 84
545 501
3 525
115 82
53 198
596 114
677 157
249 461
404 697
529 399
52 432
704 325
249 564
728 114
533 27
344 246
428 638
176 676
614 47
634 549
326 15
457 606
637 354
691 466
262 287
309 560
546 335
125 263
134 261
170 91
640 443
682 71
565 616
537 684
606 329
157 398
527 737
410 568
259 416
693 449
534 532
492 164
603 140
351 299
90 34
700 308
54 708
80 97
573 404
190 743
17 535
514 498
294 690
449 696
534 245
273 710
220 621
13 167
307 480
530 151
189 681
214 60
131 262
613 596
256 690
733 96
361 349
560 194
105 49
681 403
715 634
387 706
216 398
662 458
97 212
461 132
139 214
137 276
213 643
18 192
554 373
38 196
413 247
388 349
153 260
56 108
544 281
341 611
243 642
684 316
248 500
348 524
586 647
730 217
593 410
214 430
504 56
85 639
724 339
597 640
33 433
572 120
462 303
73 305
650 276
364 466
7 12
199 689
282 459
14 426
65 274
632 381
79 273
44 515
11 602
122 142
449 641
517 227
167 670
525 204
392 512
84 598
329 669
451 294
502 376
728 123
432 645
419 465
683 476
622 382
489 625
162 683
686 557
633 656
296 541
59 361
400 260
567 9
41 197
587 149
727 708
547 275
142 188
187 6
391 208
550 340
56 408
651 304
366 341
135 251
602 467
348 471
487 70
486 491
680 677
294 233 111 671 5 695 815 44 402 289 556 184 645 883 155 763 408 810 865 102 95 920 581 568 536 508 256 175 885 658 896 234 317 231 628 340 53 168 122 357 746 713 850 756 419 994 639 967 551 687 787 320 562 285 110 991 597 785 11 866 765 61 88 675 483 573 696 225 139 711 411 921 73 240 715 401 495 366 229 197 148 312 942 21 949 993 721 656 775 470 135 343 764 841 76 280 712 206 100 201 936 299 375 132 217 802 25 493 84 740 898 145 29 951 680 567 119 962 735 332 301 178 1 919 987 170 410 911 504 355 261 927 930 376 729 104 825 822 48 2 37 691 514 318 881 839 415 369 361 812 512 879 650 117 365 474 282 142 232 831 176 246 817 422 196 33 479 748 836 481 855 780 961 127 958 751 371 430 278 435 416 571 152 389 819 277 592 953 149 820 161 158 106 80 130 952 146 570 973 397 611 208 345 381 893 989 884 600 606 468 963 352 126 423 643 908 974 228 933 670 303 644 868 157 450 466 859 195 377 913 754 943 985 267 533 388 607 720 980 69 959 64 807 521 550 676 534 114 509 799 760 830 384 115 94 906 517 247 32 413 96 779 433 559 472 829 532 448 486 60 446 797 290 834 251 523 105 272 771 565 16 678 702 891 576 510 169 978 610 14 742 383 205 281 39 732 160 254 319 738 202 734 284 965 804 364 75 542 703 717 856 174 79 298 230 612 460 92 243 982 869 595 437 194 640 40 72 179 538 163 654 456 701 598 454 655 749 279 897 291 698 916 204 185 964 864 461 912 766 697 457 223 400 295 575 316 338 621 791 396 774 18 672 452 239 714 646 636 940 724 465 497 473 604 471 653 718 838 405 924 222 767 931 489 666 269 182 77 515 737 727 513 627 491 794 78 667 385 832 649 530 360 118 723 347 716 674 823 983 809 619 516 673 10 857 892 679 71 137 984 966 140 578 694 313 334 854 648 561 328 327 362 52 120 630 108 519 524 860 244 669 164 348 811 147 154 782 731 382 268 663 710 707 440 305 307 36 121 660 786 398 392 784 935 221 798 950 417 186 955 367 762 81 237 537 187 498 529 753 939 995 9 4 123 777 248 57 203 342 297 520 500 50 637 136 49 270 501 198 664 215 216 447 652 333 708 329 518 41 563 824 584 613 705 557 641 808 690 28 880 482 426 404 218 554 842 929 545 877 909 162 116 686 395 172 874 22 409 588 379 594 525 306 459 173 915 945 20 219 783 124 488 741 803 274 90 759 65 191 469 682 484 24 67 190 593 394 887 322 424 968 70 722 923 193 547 899 359 326 8 131 391 138 661 937 82 59 286 894 341 725 591 302 599 944 657 506 463 496 210 438 757 895 579 858 103 429 271 68 801 321 339 293 948 113 330 445 144 744 499 418 166 45 189 511 773 35 768 7 273 848 552 755 847 704 109 209 837 888 308 292 420 990 167 62 444 480 134 245 583 886 659 192 617 605 378 876 582 914 665 910 677 642 265 560 624 800 539 236 971 349 143 242 226 761 403 618 83 399 56 788 356 566 626 527 266 549 490 976 74 743 487 938 934 580 531 590 311 540 407 719 324 662 629 453 12 988 813 315 26 220 541 601 462 709 873 616 986 728 922 42 890 439 91 55 553 781 264 98 861 443 609 467 835 358 972 200 602 259 99 826 587 770
