502 519
322 69
110 93
41 299
488 195
131 401
238 496
86 466
379 249
68 265
105 328
352 347
337 199
330 3
381 61
229 174
476 268
94 446
482 268
325 296
309 432
62 363
483 364
59 136
415 221
9 93
142 353
81 282
131 170
288 255
370 302
44 173
214 418
135 169
464 429
142 108
371 459
117 274
368 218
146 86
454 20
170 251
468 365
42 2
501 317
281 312
225 260
141 43
342 157
199 140
107 229
192 452
368 391
383 177
8 417
118 282
243 118
378 35
421 344
470 271
436 425
385 397
237 355
382 102
393 357
158 87
237 358
159 470
269 421
465 63
491 150
321 216
157 92
350 154
240 122
394 27
407 371
216 398
198 349
364 239
477 247
60 494
253 470
79 46
400 182
446 284
10 171
19 50
299 238
326 461
480 50
262 496
145 148
406 3
492 125
166 472
253 345
182 66
278 414
95 8
404 306
17 370
252 460
74 124
276 71
284 108
25 376
142 255
154 119
370 393
468 246
191 35
452 90
347 98
378 34
97 341
436 394
412 127
305 130
372 105
347 163
424 389
240 425
272 437
264 384
141 236
210 87
280 489
244 33
210 369
469 495
83 348
178 128
76 331
36 24
399 410
98 469
89 166
458 33
377 267
17 434
79 396
448 95
63 413
462 195
286 331
271 384
471 136
61 26
482 500
326 74
139 17
7 255
62 277
85 199
203 479
273 16
361 202
52 76
197 291
93 208
334 447
37 1
468 56
115 88
84 173
285 13
361 280
113 457
196 136
153 257
92 474
175 98
200 350
178 43
490 397
481 135
18 146
270 148
256 124
487 294
496 452
126 209
249 40
7 473
426 279
165 22
49 341
380 302
297 449
346 154
237 486
69 86
96 135
364 48
228 291
82 349
121 468
314 44
464 336
188 300
383 360
62 169
213 44
11 36
364 467
361 88
167 468
274 232
20 409
109 205
315 294
75 439
445 186
65 135
38 228
261 381
406 259
312 288
247 104
480 313
493 47
184 273
13 319
106 3
109 186
464 156
296 393
125 305
292 375
135 61
216 451
46 281
103 393
383 189
387 259
104 5
459 148
8 427
80 302
102 137
440 133
143 109
161 231
138 248
192 388
337 120
446 447
8 162
236 76
240 356
324 64
98 85
190 13
403 175
127 214
221 491
168 187
493 490
305 132
393 410
438 28
366 46
209 45
444 300
414 279
15 437
458 488
238 294
222 56
355 476
257 227
44 307
445 249
449 338
253 386
395 95
474 391
167 375
479 70
134 129
236 212
51 105
161 58
258 296
81 283
402 185
109 283
417 243
153 248
134 323
369 101
139 10
180 428
155 259
193 76
424 316
215 146
260 66
260 200
296 210
370 180
131 406
281 127
309 445
321 179
147 53
407 102
31 172
476 311
310 452
268 39
350 442
166 467
405 295
300 450
468 426
220 426
17 293
116 232
167 312
433 500
302 57
55 369
76 20
102 383
25 66
71 73
323 390
86 244
455 87
136 48
469 12
48 478
290 349
493 250
274 348
77 110
289 490
196 97
423 175
79 456
302 422
203 230
453 325
149 139
253 181
373 482
475 362
48 367
111 11
53 434
131 38
463 333
475 414
242 300
417 326
206 164
416 109
485 215
301 369
9 102
144 476
498 319
254 170
29 327
464 211
235 328
141 275
266 8
22 321
235 173
131 359
460 384
331 95
352 219
55 479
361 249
269 208
160 233
25 133
259 431
486 425
280 71
296 397
270 38
341 151
415 464
233 312
78 48
45 437
290 339
199 161
51 413
452 99
443 91
441 73
67 282
205 183
354 26
347 228
386 499
252 420
369 267
248 1
477 339
188 68
294 216
131 114
184 241
72 127
43 317
272 310
16 32
480 61
273 401
414 188
153 430
206 488
349 323
223 424
78 91
207 199
176 367
44 94
75 173
7 290
226 481
213 243
68 194
50 70
159 407
101 224
146 35
332 397
274 128
273 10
222 215
452 457
238 499
78 133
21 306
474 477
285 134
151 434
344 28
93 484
265 114
64 76
100 446
435 191
6 284
205 152
316 97
66 449
243 273
30 294
161 18
310 14
497 43
482 115
324 287
229 413
43 306
391 329
295 392
384 436
15 168
335 163
256 424
343 102
272 234
304 40
33 320
169 327
32 310
97 319
301 405
402 61
4 25
216 259
502 1
54 98
190 408
419 15
186 154
253 201
295 374
263 417
463 462
42 381
63 354
499 347
354 23
456 415
298 255
145 272
245 141
418 332
446 305
28 474
416 217
260 172
434 430
33 116
308 177
123 242
71 109
204 407
411 303
1 112
351 300
35 24
318 220
340 69
303 466
60 146
333 310
284 211
117 375
303 176 121 362 281 385 19 291 317 388 105 124 447 172 48 429 337 41 78 251 450 322 20 135 130 276 23 97 39 258 466 25 117 168 434 489 67 294 70 244 128 235 499 225 438 86 29 109 21 486 405 451 293 353 154 181 446 344 311 408 255 113 139 364 101 315 369 238 153 382 155 132 102 371 142 259 409 260 54 376 501 197 207 228 491 461 179 304 151 417 203 65 99 279 167 265 493 295 312 458 336 470 93 367 165 301 55 313 452 201 284 44 487 253 74 183 73 71 107 206 138 307 444 186 507 478 394 262 462 148 519 400 243 152 413 397 261 240 108 239 209 232 257 469 213 110 473 285 247 471 296 479 454 389 204 416 98 341 387 263 442 133 338 2 104 496 318 16 319 268 310 355 219 38 334 335 398 202 160 63 191 33 82 481 242 40 305 77 512 420 464 347 430 222 272 248 218 118 83 170 89 211 459 372 115 28 91 236 515 503 324 419 465 392 440 45 427 351 357 27 283 345 264 476 194 81 111 502 43 328 348 230 513 282 22 220 161 131 5 380 141 237 50 217 256 252 190 59 390 177 62 277 112 358 174 339 330 393 226 391 24 182 249 368 178 163 327 437 309 381 448 506 122 146 402 47 289 518 332 192 346 321 370 136 175 267 185 51 123 64 428 221 366 114 443 403 422 30 210 17 359 485 14 88 145 100 169 199 129 271 406 508 231 26 250 8 162 11 15 69 325 224 233 361 377 275 314 149 510 12 497 492 463 407 10 66 426 365 1 76 187 157 308 412 216 363 37 342 477 306 96 378 495 300 158 433 159 374 340 329 140 474 254 441 298 198 208 196 323 90 278 46 350 150 53 49 343 460 396 384 326 58 488 517 425 95 411 280 34 52 200 75 423 36 386 401 480 490 180 166 241 68 505 436 193 32 494 356 333 173 13 484 414 126 514 468 288 270 302 404 516 373 399 410 116 92 286 299 164 395 125 147 56 457 189 6 223 137 80 467 245 482 84 9 205 354 453 61 266 435 456 500 195 483 274 273 85 475 234 106 184 316 445 331 3 472 79 18 171 120 72 511 449 143 4 229 297 188 227 246 127 455 349 379 119 94 375 214 212 87 418 60 432 7 42 31 509 57 421 360 134
