708 720
301 87
454 105
255 596
103 184
147 69
634 1
56 120
341 400
611 58
362 308
484 446
212 307
395 245
248 152
510 387
637 674
403 553
314 425
93 143
286 463
223 83
563 107
257 58
99 369
330 159
50 446
246 439
578 386
498 572
348 162
347 656
287 349
333 576
198 516
562 559
655 624
658 562
697 689
468 289
319 684
151 144
131 417
511 205
162 336
297 379
240 406
560 215
69 538
294 649
70 608
385 201
591 642
448 583
627 625
304 127
92 588
82 554
671 66
117 242
548 346
313 175
612 541
588 565
480 520
500 9
133 360
480 157
503 428
263 232
323 632
35 51
598 79
39 349
238 328
10 682
247 356
265 438
115 430
602 103
566 161
39 180
500 199
369 277
308 365
505 269
384 287
541 79
46 623
119 33
245 43
377 569
86 606
643 64
481 25
690 57
279 566
628 687
694 6
236 155
157 449
264 241
41 548
57 276
406 539
136 24
84 692
46 554
148 267
615 350
5 100
314 254
13 398
661 77
576 316
149 131
75 598
387 143
53 313
321 281
657 262
346 298
123 283
131 633
411 339
13 482
681 561
89 647
68 229
3 32
663 142
357 524
411 392
134 179
262 455
243 278
32 490
244 347
213 651
343 281
178 66
19 18
25 27
533 428
272 680
405 447
258 44
188 522
154 534
451 177
643 299
398 540
577 94
51 489
635 250
328 209
599 301
171 451
53 428
486 645
15 642
328 458
61 656
647 145
137 599
579 220
76 269
643 235
408 203
460 480
261 255
450 673
31 640
461 488
167 645
380 102
115 169
100 513
299 288
575 19
306 179
348 292
172 127
285 95
582 412
132 496
533 378
471 354
479 602
545 204
677 308
221 414
141 525
695 55
4 79
461 304
467 444
332 166
532 248
15 673
500 438
402 518
257 289
41 522
175 450
600 495
190 317
186 136
573 537
674 105
585 590
644 322
436 675
485 532
277 165
676 489
377 331
708 330
473 200
586 681
185 341
341 372
81 170
672 286
309 217
196 167
484 279
246 447
399 542
305 299
431 391
589 213
335 47
253 370
67 558
554 5
620 231
375 507
608 556
562 148
55 499
224 23
571 428
160 164
8 376
226 106
169 184
32 533
373 517
664 233
410 217
682 177
163 283
333 440
585 74
679 33
140 189
524 508
259 258
280 610
599 509
382 465
501 264
223 341
45 516
289 358
408 681
682 73
49 606
406 653
707 546
604 258
668 273
605 471
670 380
683 92
368 14
703 263
544 394
514 671
474 640
187 278
312 370
128 528
618 518
535 28
111 614
515 629
404 361
59 291
520 158
167 375
63 706
643 337
699 198
351 43
29 617
530 217
418 94
193 580
176 225
701 612
447 504
124 310
660 512
297 37
50 38
300 579
692 490
609 245
420 318
334 427
58 234
499 361
706 678
597 420
7 668
474 650
387 502
96 418
584 93
54 448
641 271
129 31
14 488
56 346
531 175
281 398
364 203
435 653
273 617
440 601
640 164
341 636
667 511
45 491
150 407
592 118
230 495
347 525
627 132
526 276
349 98
229 284
699 250
307 464
563 53
163 76
142 174
670 696
542 371
342 84
179 65
126 498
31 223
183 302
442 553
296 552
492 411
309 141
701 316
194 625
389 154
582 12
598 54
239 108
523 40
358 90
208 553
28 114
87 69
332 70
524 130
368 469
707 115
325 80
437 27
120 16
584 114
705 125
139 128
442 693
571 388
685 475
615 547
217 367
642 78
463 30
641 376
206 613
203 659
110 284
267 550
40 203
310 592
587 545
528 596
575 613
118 135
256 35
441 439
594 646
423 704
178 694
263 438
365 652
110 2
72 247
401 691
369 361
409 95
534 614
144 507
84 666
704 153
52 619
411 62
113 697
127 680
403 557
647 551
240 498
176 632
567 602
121 568
251 284
707 320
645 216
642 616
113 101
108 361
591 170
429 662
293 594
497 477
420 536
536 95
657 388
254 512
383 267
509 367
12 219
493 337
197 164
275 644
527 43
166 268
159 338
162 211
338 654
466 273
379 74
12 222
379 387
267 601
415 613
73 468
452 363
688 342
585 353
462 413
326 322
627 389
315 516
209 581
211 416
71 49
109 33
240 355
371 554
214 529
408 85
564 80
476 636
295 578
486 607
429 283
122 382
158 310
101 81
374 353
671 236
5 202
698 622
418 571
126 322
303 85
634 225
116 28
73 396
350 564
191 515
137 680
565 89
367 459
102 43
230 208
686 419
434 341
23 318
117 335
426 472
531 695
704 77
101 352
302 553
219 6
133 65
196 20
465 595
210 624
517 259
366 327
35 585
307 394
699 697
619 538
471 662
1 467
515 532
695 427
696 345
149 248
12 192
145 508
237 587
190 660
456 445
490 168
439 511
231 227
319 304
578 264
233 274
316 173
15 621
49 409
2 567
428 214
11 463
340 88
470 420
359 2
324 29
255 138
274 122
472 607
92 23
344 22
562 445
648 443
169 483
397 270
589 335
280 156
244 257
340 325
320 694
48 685
291 347
655 114
55 702
435 433
552 566
669 652
705 292
636 458
414 215
60 189
237 426
306 515
201 608
650 513
663 655
574 424
180 453
187 698
311 555
580 373
606 593
436 497
88 255
67 19
151 452
415 457
191 370
155 204
218 537
630 399
52 294
227 156
594 517
182 234
672 194
348 106
412 186
16 704
236 21
271 561
487 679
22 689
32 42
363 618
687 239
401 248
150 33
62 381
420 478
242 457
402 26
377 314
436 182
424 583
189 105
305 600
519 156
249 501
573 465
29 521
437 491
36 685
239 97
391 637
221 604
438 171
199 24
421 705
612 413
581 327
311 708
205 345
386 251
486 443
598 631
30 455
358 308
520 422
436 207
210 49
649 317
39 679
501 91
474 290
38 708
62 235
594 72
394 644
570 418
112 413
356 36
266 387
425 688
456 464
484 665
505 547
659 700
622 534
128 48
633 228
706 157
501 653
143 432
535 643
579 296
135 7
336 156
299 574
243 371
233 447
61 354
125 18
382 400
612 639
568 560
268 570
77 514
506 619
402 680
170 200
95 329
34 594
282 291
176 121
270 35
362 339
674 526
181 43
75 407
338 57
287 228
17 104
83 626
477 181
8 620
628 244
78 63
195 212
300 521
207 90
188 368
260 414
366 446
543 81
114 281
590 66
142 541
659 390
603 532
481 105
189 252
130 665
444 133
674 419
17 662
249 494
218 523
201 553
457 638
428 393
549 166
146 518
226 61 472 599 720 16 490 136 533 276 293 640 705 288 240 406 59 679 106 353 505 241 398 331 156 689 444 195 711 112 462 356 464 673 408 230 299 698 109 418 483 342 87 13 96 686 379 644 349 244 121 446 213 614 149 101 114 389 271 557 3 611 503 340 154 618 442 586 386 159 26 332 232 153 171 184 352 488 441 43 224 152 403 190 192 314 173 307 422 17 168 46 581 625 510 404 23 5 147 377 649 453 316 469 651 29 396 125 265 285 275 658 253 145 35 220 521 623 428 313 367 81 693 258 162 661 699 186 594 64 229 603 675 561 47 281 183 102 638 198 470 120 395 289 646 53 704 132 596 423 435 556 49 210 335 348 368 643 605 157 501 272 585 478 260 55 67 89 374 310 279 261 366 375 214 629 708 222 695 262 457 297 468 601 324 20 169 491 248 459 619 236 575 50 381 52 94 578 269 609 6 602 28 631 273 529 493 238 282 134 187 219 225 624 88 179 382 412 688 165 370 117 40 385 652 79 487 452 630 590 90 325 691 696 685 659 216 37 681 380 569 354 76 351 449 662 669 98 717 484 143 278 604 439 197 312 634 369 127 33 437 531 18 479 99 277 135 206 175 73 107 427 298 243 600 10 100 690 333 257 626 583 666 627 188 36 607 615 65 549 383 320 321 317 85 364 63 249 234 27 118 663 201 268 680 4 38 701 401 656 670 668 302 674 512 563 357 326 706 534 227 83 419 450 60 527 203 496 209 516 378 319 130 283 655 161 528 633 465 104 539 77 525 612 567 246 532 322 108 181 667 318 62 68 409 523 430 146 551 21 684 407 477 254 25 338 119 617 710 455 576 716 263 429 296 420 641 571 115 547 700 245 185 660 458 513 524 221 555 628 39 508 709 336 58 182 591 327 647 337 466 259 564 266 517 554 174 200 400 280 499 463 176 45 425 678 189 402 110 520 123 93 250 48 610 392 355 251 665 541 1 166 545 329 522 489 636 397 559 579 672 373 292 536 66 664 526 218 482 78 362 577 139 111 431 573 384 692 507 718 343 492 648 70 592 393 124 538 247 92 440 228 707 544 34 363 32 341 215 315 15 697 448 301 460 211 306 500 553 133 570 105 715 75 294 86 116 495 7 41 208 635 399 19 305 497 473 713 432 702 414 303 69 160 129 256 177 502 148 506 530 304 205 44 719 350 371 480 311 376 558 155 657 511 217 274 588 650 97 207 598 51 138 548 24 456 286 95 290 447 642 417 584 300 394 405 562 309 565 113 621 475 103 474 328 485 74 287 291 587 360 683 344 476 461 284 471 653 433 622 237 372 126 196 84 606 2 158 270 151 170 14 434 235 509 514 347 22 231 677 128 451 31 416 252 574 330 212 361 141 365 191 589 566 323 515 595 676 687 167 467 572 593 582 30 172 613 390 255 223 56 645 54 178 359 358 597 694 654 57 387 295 426 518 9 308 535 122 537 498 421 391 144 388 542 443 239 552 267 543 632 12 334 415 608 494 339 712 639 71 519 550 80 504 438 424 486 445 436 620 411 199 233 580 540 194 671 163 142 616 42 410 682 91 703 131 180 82 193 568 413 546 264 345 346 454 714
