500
0 447 5
0 695 5
0 861 5
0 367 5
0 884 5
0 845 5
0 681 5
0 320 5
0 227 5
0 33 5
0 126 5
0 112 5
0 340 5
0 86 5
0 485 5
0 663 5
0 773 5
0 899 5
0 460 5
0 691 5
0 893 5
0 173 5
0 743 5
0 929 5
0 183 5
0 895 5
0 644 5
0 239 5
0 194 5
0 270 5
0 440 5
0 744 5
0 346 5
0 528 5
0 936 5
0 450 5
0 5 5
0 466 5
0 416 5
0 874 5
0 694 5
0 496 5
0 534 5
0 53 5
0 532 5
0 471 5
0 303 5
0 304 5
0 747 5
0 680 5
0 584 5
0 329 5
0 271 5
0 413 5
0 58 5
0 433 5
0 829 5
0 252 5
0 442 5
0 288 5
0 987 5
0 137 5
0 625 5
0 266 5
0 412 5
0 79 5
0 601 5
0 116 5
0 655 5
0 563 5
0 977 5
0 570 5
0 191 5
0 474 5
0 658 5
0 306 5
0 914 5
0 85 5
0 46 5
0 318 5
0 293 5
0 588 5
0 445 5
0 926 5
0 708 5
0 195 5
0 998 5
0 19 5
0 848 5
0 706 5
0 181 5
0 567 5
0 727 5
0 142 5
0 253 5
0 790 5
0 449 5
0 985 5
0 591 5
0 997 5
0 582 5
0 996 5
0 954 5
0 876 5
0 403 5
0 525 5
0 668 5
0 837 5
0 469 5
0 543 5
0 569 5
0 648 5
0 312 5
0 609 5
0 678 5
0 784 5
0 682 5
0 374 5
0 697 5
0 786 5
0 256 5
0 901 5
0 229 5
0 967 5
0 561 5
0 108 5
0 745 5
0 930 5
0 107 5
0 232 5
0 427 5
0 970 5
0 434 5
0 918 5
0 83 5
0 942 5
0 973 5
0 267 5
0 489 5
0 377 5
0 621 5
0 840 5
0 114 5
0 322 5
0 159 5
0 917 5
0 325 5
0 177 5
0 141 5
0 55 5
0 272 5
0 23 5
0 777 5
0 989 5
0 328 5
0 801 5
0 157 5
0 429 5
0 806 5
0 410 5
0 133 5
0 499 5
0 672 5
0 944 5
0 308 5
0 3 5
0 520 5
0 558 5
0 383 5
0 692 5
0 597 5
0 912 5
0 446 5
0 871 5
0 851 5
0 526 5
0 662 5
0 764 5
0 11 5
0 922 5
0 160 5
0 754 5
0 464 5
0 437 5
0 803 5
0 87 5
0 404 5
0 407 5
0 411 5
0 982 5
0 579 5
0 178 5
0 164 5
0 707 5
0 162 5
0 230 5
0 990 5
0 69 5
0 618 5
0 400 5
0 719 5
0 911 5
0 151 5
0 885 5
0 454 5
0 234 5
0 821 5
0 352 5
0 422 5
0 808 5
0 169 5
0 148 5
0 645 5
0 957 5
0 546 5
0 798 5
0 503 5
0 287 5
0 877 5
0 852 5
0 483 5
0 49 5
0 642 5
0 238 5
0 124 5
0 258 5
0 479 5
0 572 5
0 457 5
0 822 5
0 262 5
0 881 5
0 657 5
0 951 5
0 849 5
0 521 5
0 488 5
0 478 5
0 945 5
0 144 5
0 804 5
0 309 5
0 509 5
0 683 5
0 490 5
0 553 5
0 907 5
0 495 5
0 741 5
0 2 5
0 1000 5
0 536 5
0 664 5
0 832 5
0 448 5
0 373 5
0 759 5
0 24 5
0 938 5
0 297 5
0 375 5
0 63 5
0 844 5
0 507 5
0 237 5
0 482 5
0 291 5
0 782 5
0 463 5
0 819 5
0 545 5
0 802 5
0 880 5
0 336 5
0 508 5
0 770 5
0 163 5
0 976 5
0 379 5
0 10 5
0 201 5
0 67 5
0 280 5
0 835 5
0 717 5
0 547 5
0 38 5
0 866 5
0 465 5
0 368 5
0 290 5
0 900 5
0 96 5
0 634 5
0 408 5
0 174 5
0 586 5
0 189 5
0 688 5
0 264 5
0 52 5
0 738 5
0 244 5
0 343 5
0 814 5
0 616 5
0 581 5
0 470 5
0 587 5
0 233 5
0 129 5
0 574 5
0 505 5
0 102 5
0 511 5
0 687 5
0 792 5
0 354 5
0 43 5
0 294 5
0 22 5
0 405 5
0 993 5
0 395 5
0 360 5
0 200 5
0 523 5
0 462 5
0 80 5
0 737 5
0 172 5
0 585 5
0 935 5
0 66 5
0 710 5
0 143 5
0 760 5
0 301 5
0 939 5
0 246 5
0 468 5
0 969 5
0 673 5
0 925 5
0 424 5
0 186 5
0 175 5
0 653 5
0 576 5
0 873 5
0 103 5
0 841 5
0 552 5
0 289 5
0 56 5
0 398 5
0 240 5
0 184 5
0 51 5
0 250 5
0 679 5
0 190 5
0 414 5
0 136 5
0 125 5
0 197 5
0 828 5
0 251 5
0 452 5
0 718 5
0 492 5
0 247 5
0 198 5
0 686 5
0 831 5
0 619 5
0 348 5
0 839 5
0 298 5
0 89 5
0 384 5
0 273 5
0 243 5
0 274 5
0 419 5
0 88 5
0 999 5
0 670 5
0 9 5
0 44 5
0 807 5
0 800 5
0 334 5
0 889 5
0 68 5
0 339 5
0 882 5
0 76 5
0 73 5
0 430 5
0 225 5
0 739 5
0 712 5
0 975 5
0 357 5
0 132 5
0 77 5
0 90 5
0 661 5
0 568 5
0 217 5
0 583 5
0 138 5
0 613 5
0 580 5
0 752 5
0 134 5
0 731 5
0 118 5
0 111 5
0 519 5
0 632 5
0 878 5
0 370 5
0 8 5
0 974 5
0 199 5
0 154 5
0 480 5
0 983 5
0 955 5
0 590 5
0 833 5
0 369 5
0 571 5
0 248 5
0 205 5
0 338 5
0 171 5
0 342 5
0 781 5
0 36 5
0 122 5
0 809 5
0 420 5
0 746 5
0 627 5
0 818 5
0 675 5
0 820 5
0 643 5
0 279 5
0 887 5
0 763 5
0 299 5
0 362 5
0 249 5
0 934 5
0 18 5
0 960 5
0 476 5
0 920 5
0 317 5
0 378 5
0 943 5
0 431 5
0 665 5
0 91 5
0 595 5
0 455 5
0 702 5
0 188 5
0 559 5
0 796 5
0 41 5
0 16 5
0 742 5
0 393 5
0 321 5
0 514 5
0 671 5
0 732 5
0 721 5
0 275 5
0 962 5
0 284 5
0 481 5
0 428 5
0 432 5
0 161 5
0 736 5
0 961 5
0 255 5
0 606 5
0 838 5
0 905 5
0 120 5
0 530 5
0 855 5
0 204 5
