500
0 516 2
0 215 2
0 946 2
0 194 2
0 164 2
0 71 2
0 710 2
0 4 2
0 656 2
0 132 2
0 424 2
0 372 2
0 278 2
0 97 2
0 143 2
0 543 2
0 506 2
0 283 2
0 14 2
0 515 2
0 170 2
0 792 2
0 963 2
0 243 2
0 314 2
0 573 2
0 915 2
0 157 2
0 959 2
0 111 2
0 379 2
0 751 2
0 63 2
0 754 2
0 736 2
0 109 2
0 974 2
0 30 2
0 332 2
0 257 2
0 41 2
0 404 2
0 809 2
0 702 2
0 167 2
0 957 2
0 361 2
0 18 2
0 434 2
0 794 2
0 896 2
0 273 2
0 64 2
0 647 2
0 199 2
0 511 2
0 743 2
0 476 2
0 561 2
0 110 2
0 517 2
0 539 2
0 766 2
0 910 2
0 328 2
0 617 2
0 520 2
0 240 2
0 852 2
0 380 2
0 183 2
0 664 2
0 134 2
0 637 2
0 634 2
0 811 2
0 169 2
0 104 2
0 130 2
0 350 2
0 628 2
0 550 2
0 321 2
0 916 2
0 593 2
0 466 2
0 701 2
0 21 2
0 75 2
0 70 2
0 613 2
0 501 2
0 887 2
0 218 2
0 806 2
0 255 2
0 262 2
0 918 2
0 570 2
0 694 2
0 294 2
0 472 2
0 891 2
0 300 2
0 831 2
0 706 2
0 549 2
0 885 2
0 242 2
0 190 2
0 61 2
0 519 2
0 348 2
0 408 2
0 456 2
0 325 2
0 229 2
0 448 2
0 38 2
0 210 2
0 802 2
0 486 2
0 334 2
0 193 2
0 595 2
0 758 2
0 221 2
0 861 2
0 512 2
0 760 2
0 597 2
0 966 2
0 615 2
0 772 2
0 580 2
0 298 2
0 373 2
0 265 2
0 62 2
0 858 2
0 498 2
0 552 2
0 304 2
0 352 2
0 374 2
0 607 2
0 748 2
0 951 2
0 881 2
0 768 2
0 699 2
0 76 2
0 704 2
0 189 2
0 537 2
0 395 2
0 499 2
0 929 2
0 322 2
0 234 2
0 447 2
0 949 2
0 641 2
0 112 2
0 591 2
0 198 2
0 790 2
0 153 2
0 335 2
0 289 2
0 620 2
0 759 2
0 455 2
0 815 2
0 968 2
0 985 2
0 46 2
0 538 2
0 32 2
0 437 2
0 375 2
0 473 2
0 478 2
0 895 2
0 225 2
0 779 2
0 88 2
0 939 2
0 592 2
0 163 2
0 622 2
0 507 2
0 596 2
0 203 2
0 830 2
0 381 2
0 648 2
0 581 2
0 409 2
0 399 2
0 735 2
0 45 2
0 778 2
0 266 2
0 523 2
0 233 2
0 627 2
0 576 2
0 188 2
0 145 2
0 869 2
0 542 2
0 377 2
0 619 2
0 685 2
0 23 2
0 913 2
0 975 2
0 82 2
0 346 2
0 484 2
0 205 2
0 757 2
0 66 2
0 182 2
0 572 2
0 295 2
0 673 2
0 666 2
0 841 2
0 139 2
0 438 2
0 651 2
0 175 2
0 745 2
0 81 2
0 217 2
0 930 2
0 510 2
0 605 2
0 103 2
0 117 2
0 186 2
0 608 2
0 119 2
0 933 2
0 462 2
0 494 2
0 611 2
0 653 2
0 708 2
0 961 2
0 874 2
0 291 2
0 705 2
0 893 2
0 956 2
0 801 2
0 528 2
0 209 2
0 108 2
0 393 2
0 582 2
0 992 2
0 333 2
0 353 2
0 842 2
0 649 2
0 598 2
0 168 2
0 33 2
0 173 2
0 496 2
0 707 2
0 907 2
0 911 2
0 603 2
0 650 2
0 612 2
0 672 2
0 633 2
0 884 2
0 83 2
0 301 2
0 965 2
0 105 2
0 691 2
0 412 2
0 584 2
0 928 2
0 429 2
0 457 2
0 955 2
0 52 2
0 290 2
0 590 2
0 785 2
0 477 2
0 343 2
0 983 2
0 106 2
0 227 2
0 684 2
0 503 2
0 668 2
0 697 2
0 828 2
0 558 2
0 42 2
0 908 2
0 947 2
0 984 2
0 270 2
0 783 2
0 784 2
0 994 2
0 713 2
0 58 2
0 467 2
0 839 2
0 814 2
0 2 2
0 122 2
0 568 2
0 427 2
0 847 2
0 49 2
0 362 2
0 261 2
0 85 2
0 709 2
0 832 2
0 174 2
0 464 2
0 90 2
0 293 2
0 355 2
0 309 2
0 443 2
0 950 2
0 497 2
0 124 2
0 820 2
0 883 2
0 264 2
0 943 2
0 363 2
0 371 2
0 571 2
0 977 2
0 482 2
0 87 2
0 338 2
0 524 2
0 765 2
0 180 2
0 739 2
0 1000 2
0 84 2
0 856 2
0 577 2
0 601 2
0 525 2
0 880 2
0 172 2
0 821 2
0 941 2
0 368 2
0 471 2
0 179 2
0 378 2
0 312 2
0 276 2
0 196 2
0 740 2
0 36 2
0 917 2
0 840 2
0 738 2
0 31 2
0 114 2
0 150 2
0 882 2
0 98 2
0 944 2
0 878 2
0 347 2
0 431 2
0 26 2
0 365 2
0 964 2
0 317 2
0 489 2
0 269 2
0 922 2
0 330 2
0 100 2
0 37 2
0 588 2
0 560 2
0 299 2
0 11 2
0 629 2
0 877 2
0 213 2
0 912 2
0 238 2
0 140 2
0 903 2
0 59 2
0 244 2
0 339 2
0 767 2
0 681 2
0 625 2
0 354 2
0 185 2
0 89 2
0 914 2
0 979 2
0 632 2
0 676 2
0 825 2
0 324 2
0 721 2
0 846 2
0 686 2
0 795 2
0 44 2
0 635 2
0 208 2
0 258 2
0 329 2
0 280 2
0 859 2
0 422 2
0 392 2
0 20 2
0 232 2
0 798 2
0 853 2
0 349 2
0 719 2
0 308 2
0 465 2
0 897 2
0 201 2
0 323 2
0 555 2
0 734 2
0 850 2
0 662 2
0 529 2
0 559 2
0 980 2
0 770 2
0 480 2
0 781 2
0 835 2
0 279 2
0 237 2
0 638 2
0 551 2
0 307 2
0 413 2
0 545 2
0 16 2
0 682 2
0 491 2
0 900 2
0 774 2
0 995 2
0 316 2
0 151 2
0 3 2
0 113 2
0 621 2
0 149 2
0 829 2
0 43 2
0 742 2
0 152 2
0 228 2
0 594 2
0 536 2
0 25 2
0 8 2
0 937 2
0 729 2
0 823 2
0 245 2
0 782 2
0 259 2
0 17 2
0 235 2
0 655 2
0 211 2
0 750 2
0 849 2
0 144 2
