500
0 363 59
0 940 59
0 353 59
0 331 59
0 701 59
0 855 59
0 844 59
0 16 59
0 478 59
0 824 59
0 528 59
0 255 59
0 165 59
0 176 59
0 376 59
0 962 59
0 155 59
0 552 59
0 12 59
0 834 59
0 979 59
0 641 59
0 549 59
0 895 59
0 796 59
0 700 59
0 997 59
0 474 59
0 664 59
0 906 59
0 53 59
0 511 59
0 868 59
0 226 59
0 304 59
0 516 59
0 499 59
0 746 59
0 741 59
0 662 59
0 128 59
0 724 59
0 740 59
0 422 59
0 676 59
0 426 59
0 743 59
0 783 59
0 771 59
0 926 59
0 336 59
0 340 59
0 234 59
0 18 59
0 659 59
0 107 59
0 63 59
0 653 59
0 160 59
0 460 59
0 819 59
0 248 59
0 841 59
0 594 59
0 666 59
0 343 59
0 132 59
0 469 59
0 831 59
0 955 59
0 821 59
0 853 59
0 325 59
0 228 59
0 80 59
0 624 59
0 863 59
0 191 59
0 358 59
0 506 59
0 92 59
0 76 59
0 163 59
0 902 59
0 150 59
0 381 59
0 349 59
0 75 59
0 87 59
0 720 59
0 668 59
0 322 59
0 730 59
0 320 59
0 538 59
0 389 59
0 62 59
0 669 59
0 686 59
0 643 59
0 468 59
0 737 59
0 892 59
0 982 59
0 764 59
0 580 59
0 112 59
0 972 59
0 985 59
0 568 59
0 387 59
0 224 59
0 375 59
0 78 59
0 371 59
0 738 59
0 416 59
0 655 59
0 514 59
0 116 59
0 924 59
0 170 59
0 158 59
0 581 59
0 446 59
0 579 59
0 810 59
0 652 59
0 917 59
0 934 59
0 40 59
0 394 59
0 508 59
0 932 59
0 593 59
0 927 59
0 818 59
0 143 59
0 79 59
0 901 59
0 534 59
0 852 59
0 619 59
0 564 59
0 799 59
0 216 59
0 881 59
0 174 59
0 733 59
0 680 59
0 639 59
0 919 59
0 616 59
0 454 59
0 99 59
0 272 59
0 9 59
0 102 59
0 800 59
0 7 59
0 923 59
0 986 59
0 425 59
0 766 59
0 37 59
0 714 59
0 111 59
0 750 59
0 769 59
0 775 59
0 122 59
0 599 59
0 734 59
0 171 59
0 765 59
0 491 59
0 306 59
0 152 59
0 966 59
0 383 59
0 316 59
0 288 59
0 305 59
0 618 59
0 683 59
0 878 59
0 338 59
0 696 59
0 428 59
0 374 59
0 490 59
0 429 59
0 324 59
0 252 59
0 69 59
0 54 59
0 613 59
0 126 59
0 935 59
0 417 59
0 430 59
0 632 59
0 406 59
0 408 59
0 679 59
0 729 59
0 548 59
0 677 59
0 545 59
0 995 59
0 135 59
0 589 59
0 64 59
0 913 59
0 161 59
0 876 59
0 186 59
0 607 59
0 543 59
0 197 59
0 744 59
0 67 59
0 217 59
0 890 59
0 801 59
0 948 59
0 185 59
0 845 59
0 300 59
0 699 59
0 753 59
0 605 59
0 348 59
0 115 59
0 826 59
0 835 59
0 488 59
0 606 59
0 583 59
0 576 59
0 770 59
0 980 59
0 257 59
0 292 59
0 703 59
0 274 59
0 591 59
0 270 59
0 5 59
0 463 59
0 294 59
0 413 59
0 751 59
0 22 59
0 530 59
0 355 59
0 183 59
0 563 59
0 648 59
0 762 59
0 650 59
0 319 59
0 404 59
0 456 59
0 795 59
0 82 59
0 748 59
0 830 59
0 827 59
0 640 59
0 912 59
0 100 59
0 125 59
0 212 59
0 706 59
0 691 59
0 209 59
0 6 59
0 914 59
0 990 59
0 807 59
0 623 59
0 625 59
0 900 59
0 953 59
0 215 59
0 817 59
0 203 59
0 554 59
0 767 59
0 768 59
0 246 59
0 27 59
0 377 59
0 421 59
0 14 59
0 74 59
0 439 59
0 572 59
0 86 59
0 755 59
0 942 59
0 172 59
0 433 59
0 963 59
0 484 59
0 276 59
0 904 59
0 39 59
0 663 59
0 156 59
0 849 59
0 792 59
0 438 59
0 501 59
0 539 59
0 808 59
0 223 59
0 509 59
0 141 59
0 96 59
0 732 59
0 279 59
0 10 59
0 749 59
0 391 59
0 59 59
0 1 59
0 629 59
0 361 59
0 832 59
0 267 59
0 403 59
0 628 59
0 431 59
0 870 59
0 806 59
0 242 59
0 793 59
0 515 59
0 897 59
0 202 59
0 211 59
0 761 59
0 147 59
0 302 59
0 672 59
0 72 59
0 94 59
0 479 59
0 459 59
0 862 59
0 261 59
0 497 59
0 945 59
0 578 59
0 290 59
0 127 59
0 303 59
0 865 59
0 385 59
0 946 59
0 601 59
0 825 59
0 344 59
0 588 59
0 938 59
0 713 59
0 905 59
0 42 59
0 646 59
0 577 59
0 723 59
0 500 59
0 254 59
0 268 59
0 702 59
0 214 59
0 271 59
0 716 59
0 908 59
0 921 59
0 671 59
0 311 59
0 949 59
0 327 59
0 278 59
0 575 59
0 213 59
0 884 59
0 587 59
0 296 59
0 23 59
0 259 59
0 138 59
0 991 59
0 207 59
0 188 59
0 754 59
0 192 59
0 803 59
0 108 59
0 974 59
0 627 59
0 502 59
0 864 59
0 486 59
0 450 59
0 788 59
0 335 59
0 162 59
0 60 59
0 956 59
0 360 59
0 725 59
0 512 59
0 487 59
0 124 59
0 537 59
0 45 59
0 41 59
0 48 59
0 711 59
0 695 59
0 994 59
0 218 59
0 326 59
0 638 59
0 65 59
0 43 59
0 83 59
0 860 59
0 301 59
0 77 59
0 36 59
0 407 59
0 396 59
0 651 59
0 365 59
0 354 59
0 930 59
0 378 59
0 244 59
0 435 59
0 462 59
0 17 59
0 148 59
0 943 59
0 444 59
0 263 59
0 386 59
0 978 59
0 106 59
0 894 59
0 28 59
0 68 59
0 121 59
0 610 59
0 590 59
0 333 59
0 321 59
0 833 59
0 561 59
0 282 59
0 510 59
0 557 59
0 570 59
0 21 59
0 774 59
0 891 59
0 204 59
0 1000 59
0 368 59
0 104 59
0 235 59
0 779 59
0 123 59
0 626 59
0 620 59
0 603 59
0 464 59
0 614 59
0 33 59
0 745 59
0 546 59
0 621 59
0 412 59
0 954 59
0 49 59
0 379 59
0 569 59
0 504 59
0 507 59
0 722 59
0 529 59
0 970 59
0 241 59
0 332 59
0 559 59
0 442 59
