500
0 2750 22
0 8695 22
0 1066 22
0 6086 22
0 2964 22
0 1279 22
0 3623 22
0 1121 22
0 4705 22
0 6731 22
0 1141 22
0 1553 22
0 330 22
0 4797 22
0 4203 22
0 2571 22
0 1573 22
0 7852 22
0 6300 22
0 5717 22
0 3221 22
0 8909 22
0 4685 22
0 4322 22
0 193 22
0 7188 22
0 3492 22
0 7559 22
0 8701 22
0 4310 22
0 5894 22
0 3691 22
0 6910 22
0 9240 22
0 5528 22
0 7954 22
0 8745 22
0 1392 22
0 8974 22
0 2848 22
0 3987 22
0 6387 22
0 5725 22
0 9484 22
0 3266 22
0 2500 22
0 8348 22
0 9001 22
0 8665 22
0 442 22
0 5150 22
0 7693 22
0 1423 22
0 8986 22
0 3544 22
0 8925 22
0 4168 22
0 6504 22
0 593 22
0 2222 22
0 377 22
0 5097 22
0 8876 22
0 2485 22
0 1335 22
0 115 22
0 3134 22
0 1527 22
0 6599 22
0 3962 22
0 3821 22
0 9241 22
0 9759 22
0 1667 22
0 7950 22
0 1615 22
0 7202 22
0 3428 22
0 4598 22
0 2720 22
0 2055 22
0 306 22
0 2233 22
0 7247 22
0 6850 22
0 5760 22
0 3341 22
0 5138 22
0 7896 22
0 2981 22
0 6710 22
0 3502 22
0 1790 22
0 3350 22
0 810 22
0 7336 22
0 5321 22
0 9671 22
0 2366 22
0 9685 22
0 3055 22
0 6525 22
0 1990 22
0 6074 22
0 371 22
0 4573 22
0 1512 22
0 6364 22
0 3132 22
0 7885 22
0 8473 22
0 7615 22
0 6574 22
0 386 22
0 4269 22
0 5626 22
0 9614 22
0 1232 22
0 7898 22
0 5088 22
0 4321 22
0 5852 22
0 2149 22
0 7047 22
0 8524 22
0 1067 22
0 2882 22
0 4836 22
0 8292 22
0 1859 22
0 2519 22
0 9900 22
0 6463 22
0 9385 22
0 4664 22
0 8996 22
0 2481 22
0 2640 22
0 5899 22
0 7617 22
0 4190 22
0 3279 22
0 8517 22
0 2104 22
0 9629 22
0 4507 22
0 3258 22
0 8477 22
0 6306 22
0 8472 22
0 3936 22
0 839 22
0 1043 22
0 9883 22
0 4380 22
0 329 22
0 7235 22
0 5786 22
0 738 22
0 6105 22
0 8601 22
0 5977 22
0 6536 22
0 9773 22
0 8072 22
0 8125 22
0 2899 22
0 1896 22
0 7207 22
0 636 22
0 1223 22
0 9200 22
0 1306 22
0 8970 22
0 4906 22
0 2713 22
0 6054 22
0 8381 22
0 1264 22
0 6042 22
0 5344 22
0 9481 22
0 7920 22
0 6151 22
0 3646 22
0 8020 22
0 5404 22
0 8180 22
0 1811 22
0 2273 22
0 8204 22
0 9560 22
0 5848 22
0 6483 22
0 1238 22
0 5354 22
0 3931 22
0 647 22
0 3188 22
0 6614 22
0 9681 22
0 6844 22
0 2231 22
0 382 22
0 6078 22
0 5112 22
0 628 22
0 6024 22
0 2312 22
0 6640 22
0 3968 22
0 2439 22
0 5379 22
0 3800 22
0 7744 22
0 5073 22
0 5973 22
0 6406 22
0 7836 22
0 1650 22
0 7406 22
0 4495 22
0 2940 22
0 9007 22
0 8071 22
0 8248 22
0 310 22
0 6098 22
0 1731 22
0 7577 22
0 2703 22
0 6367 22
0 2122 22
0 6876 22
0 2139 22
0 1263 22
0 3320 22
0 4370 22
0 8172 22
0 4216 22
0 735 22
0 1479 22
0 2759 22
0 4457 22
0 321 22
0 3870 22
0 2159 22
0 3032 22
0 5653 22
0 2910 22
0 3275 22
0 8458 22
0 2095 22
0 1099 22
0 5632 22
0 1411 22
0 7331 22
0 5002 22
0 3042 22
0 921 22
0 9896 22
0 6656 22
0 2705 22
0 8129 22
0 7570 22
0 6386 22
0 4415 22
0 2852 22
0 390 22
0 9034 22
0 5993 22
0 8342 22
0 815 22
0 9252 22
0 1356 22
0 3732 22
0 5875 22
0 1876 22
0 5755 22
0 7209 22
0 94 22
0 4431 22
0 8888 22
0 8435 22
0 4201 22
0 3225 22
0 8727 22
0 8650 22
0 8456 22
0 8559 22
0 2298 22
0 1798 22
0 7825 22
0 3299 22
0 3458 22
0 4657 22
0 5752 22
0 2234 22
0 7026 22
0 9664 22
0 387 22
0 7911 22
0 6977 22
0 152 22
0 7543 22
0 144 22
0 435 22
0 3711 22
0 3240 22
0 29 22
0 4105 22
0 2796 22
0 7882 22
0 3364 22
0 8540 22
0 5512 22
0 2677 22
0 909 22
0 6748 22
0 2752 22
0 5631 22
0 8046 22
0 2847 22
0 8794 22
0 9055 22
0 8554 22
0 9769 22
0 9098 22
0 3400 22
0 8168 22
0 1183 22
0 3990 22
0 3980 22
0 7878 22
0 2211 22
0 5229 22
0 4155 22
0 8613 22
0 6294 22
0 2466 22
0 9850 22
0 1022 22
0 7379 22
0 6549 22
0 2350 22
0 1592 22
0 5743 22
0 6651 22
0 6189 22
0 3985 22
0 3993 22
0 9610 22
0 5137 22
0 2076 22
0 4691 22
0 9260 22
0 138 22
0 3813 22
0 2128 22
0 4935 22
0 7415 22
0 7987 22
0 9427 22
0 8352 22
0 792 22
0 1315 22
0 1548 22
0 883 22
0 5932 22
0 5091 22
0 1376 22
0 5611 22
0 4770 22
0 5129 22
0 3937 22
0 6048 22
0 6426 22
0 9397 22
0 8667 22
0 5162 22
0 5707 22
0 9851 22
0 5143 22
0 7681 22
0 4182 22
0 596 22
0 5545 22
0 353 22
0 9390 22
0 8664 22
0 4376 22
0 1212 22
0 8062 22
0 759 22
0 3106 22
0 7318 22
0 5979 22
0 125 22
0 319 22
0 5410 22
0 1563 22
0 8326 22
0 2893 22
0 2970 22
0 4714 22
0 5762 22
0 6246 22
0 7432 22
0 2877 22
0 5606 22
0 1902 22
0 6287 22
0 1031 22
0 9722 22
0 6791 22
0 5478 22
0 8442 22
0 9887 22
0 6050 22
0 3398 22
0 9716 22
0 2738 22
0 7287 22
0 1470 22
0 1785 22
0 9000 22
0 6347 22
0 4852 22
0 7936 22
0 7799 22
0 7826 22
0 8940 22
0 6508 22
0 1155 22
0 3601 22
0 6636 22
0 4900 22
0 4208 22
0 4237 22
0 2777 22
0 4747 22
0 405 22
0 5628 22
0 3671 22
0 7623 22
0 9894 22
0 2611 22
0 3788 22
0 313 22
0 629 22
0 7053 22
0 5330 22
0 8705 22
0 8666 22
0 4926 22
0 4010 22
0 8660 22
0 20 22
0 85 22
0 1404 22
0 8648 22
0 4106 22
0 727 22
0 9787 22
0 913 22
0 2960 22
0 9160 22
0 5022 22
0 6228 22
0 76 22
0 2398 22
0 2552 22
0 150 22
0 7170 22
0 7661 22
0 4111 22
0 1228 22
0 56 22
0 2540 22
0 8504 22
0 7323 22
0 3650 22
0 9293 22
0 2057 22
0 7909 22
0 4136 22
0 2660 22
0 7417 22
0 6487 22
0 6384 22
0 9825 22
0 274 22
0 8106 22
0 1171 22
0 4040 22
0 2169 22
0 893 22
0 833 22
0 656 22
0 9844 22
