500
0 2910 78
0 8117 78
0 2824 78
0 2532 78
0 3211 78
0 1975 78
0 3185 78
0 3073 78
0 935 78
0 8106 78
0 1007 78
0 7644 78
0 5501 78
0 1446 78
0 6506 78
0 1292 78
0 9445 78
0 2133 78
0 5053 78
0 764 78
0 216 78
0 1135 78
0 6623 78
0 6355 78
0 1151 78
0 9470 78
0 2761 78
0 2827 78
0 1379 78
0 8858 78
0 7990 78
0 3965 78
0 7550 78
0 6477 78
0 7197 78
0 6131 78
0 3304 78
0 2031 78
0 1080 78
0 1124 78
0 7786 78
0 2569 78
0 703 78
0 7034 78
0 3549 78
0 5781 78
0 3004 78
0 2670 78
0 7834 78
0 1228 78
0 4344 78
0 4137 78
0 8331 78
0 4709 78
0 540 78
0 4676 78
0 440 78
0 3772 78
0 4192 78
0 1112 78
0 6170 78
0 3079 78
0 3710 78
0 1998 78
0 1594 78
0 3698 78
0 5983 78
0 7519 78
0 8642 78
0 7395 78
0 9243 78
0 659 78
0 7769 78
0 454 78
0 3917 78
0 6981 78
0 8810 78
0 2689 78
0 3467 78
0 1005 78
0 5725 78
0 3023 78
0 849 78
0 2659 78
0 9212 78
0 8249 78
0 358 78
0 18 78
0 3838 78
0 5335 78
0 3828 78
0 8257 78
0 9214 78
0 8242 78
0 9972 78
0 7051 78
0 9828 78
0 980 78
0 4910 78
0 6887 78
0 2313 78
0 4613 78
0 8940 78
0 928 78
0 70 78
0 2079 78
0 5495 78
0 4029 78
0 9717 78
0 3370 78
0 4568 78
0 2840 78
0 2493 78
0 4880 78
0 9415 78
0 1115 78
0 2105 78
0 9241 78
0 9982 78
0 7981 78
0 5185 78
0 7054 78
0 7397 78
0 7160 78
0 2527 78
0 7241 78
0 2374 78
0 3909 78
0 3322 78
0 8451 78
0 4106 78
0 6317 78
0 9037 78
0 9348 78
0 6714 78
0 7657 78
0 8720 78
0 5813 78
0 7391 78
0 322 78
0 2748 78
0 5312 78
0 6561 78
0 5729 78
0 6442 78
0 7181 78
0 3001 78
0 2463 78
0 2676 78
0 582 78
0 5954 78
0 1653 78
0 3857 78
0 131 78
0 6851 78
0 844 78
0 9948 78
0 334 78
0 5766 78
0 8300 78
0 1454 78
0 1903 78
0 6880 78
0 830 78
0 4623 78
0 9109 78
0 8272 78
0 9254 78
0 8264 78
0 9043 78
0 9636 78
0 2816 78
0 1411 78
0 4103 78
0 1687 78
0 6948 78
0 5464 78
0 3561 78
0 4128 78
0 8475 78
0 5296 78
0 8531 78
0 5690 78
0 9103 78
0 3877 78
0 8862 78
0 2204 78
0 9031 78
0 5007 78
0 8515 78
0 5009 78
0 3470 78
0 6056 78
0 1626 78
0 7072 78
0 5244 78
0 7928 78
0 8205 78
0 8499 78
0 8410 78
0 9689 78
0 3285 78
0 6756 78
0 993 78
0 2867 78
0 7578 78
0 2794 78
0 8795 78
0 7343 78
0 406 78
0 7375 78
0 6112 78
0 8103 78
0 9730 78
0 5820 78
0 297 78
0 1188 78
0 1798 78
0 4266 78
0 3615 78
0 5102 78
0 2700 78
0 7810 78
0 3339 78
0 7518 78
0 9517 78
0 8887 78
0 3102 78
0 674 78
0 9476 78
0 7131 78
0 2982 78
0 4963 78
0 2000 78
0 1120 78
0 8992 78
0 762 78
0 1065 78
0 5823 78
0 2976 78
0 9626 78
0 4833 78
0 204 78
0 3389 78
0 3179 78
0 1280 78
0 496 78
0 4091 78
0 2693 78
0 9364 78
0 2697 78
0 5811 78
0 8848 78
0 3078 78
0 2833 78
0 3165 78
0 7927 78
0 63 78
0 9457 78
0 4756 78
0 5985 78
0 5864 78
0 224 78
0 3390 78
0 3609 78
0 2571 78
0 3626 78
0 1143 78
0 8518 78
0 6464 78
0 4422 78
0 6870 78
0 1075 78
0 5840 78
0 9829 78
0 4375 78
0 5892 78
0 4824 78
0 525 78
0 1260 78
0 6597 78
0 6226 78
0 806 78
0 3723 78
0 3757 78
0 3201 78
0 1883 78
0 1870 78
0 2740 78
0 832 78
0 1778 78
0 44 78
0 7379 78
0 7080 78
0 9703 78
0 6495 78
0 7363 78
0 6081 78
0 3505 78
0 9056 78
0 8142 78
0 5540 78
0 2346 78
0 2040 78
0 3915 78
0 2107 78
0 3184 78
0 3509 78
0 4302 78
0 8588 78
0 8465 78
0 9028 78
0 3175 78
0 6999 78
0 932 78
0 4754 78
0 3342 78
0 7749 78
0 7154 78
0 7110 78
0 9309 78
0 2686 78
0 6499 78
0 1995 78
0 2924 78
0 8620 78
0 6258 78
0 9337 78
0 4789 78
0 9048 78
0 5639 78
0 7593 78
0 9328 78
0 5003 78
0 8122 78
0 9188 78
0 3366 78
0 3581 78
0 4518 78
0 1555 78
0 6545 78
0 5768 78
0 915 78
0 624 78
0 6441 78
0 1877 78
0 5129 78
0 8083 78
0 1688 78
0 1900 78
0 4098 78
0 7013 78
0 3319 78
0 4215 78
0 1832 78
0 3551 78
0 3357 78
0 6815 78
0 1394 78
0 5099 78
0 5414 78
0 604 78
0 3051 78
0 353 78
0 6856 78
0 2457 78
0 5994 78
0 153 78
0 7454 78
0 4108 78
0 3977 78
0 2111 78
0 4321 78
0 4081 78
0 2385 78
0 633 78
0 9049 78
0 8399 78
0 6635 78
0 9409 78
0 6671 78
0 1072 78
0 881 78
0 7581 78
0 4733 78
0 6361 78
0 8657 78
0 4988 78
0 5294 78
0 9327 78
0 2202 78
0 8211 78
0 3021 78
0 6891 78
0 3973 78
0 9262 78
0 1251 78
0 5782 78
0 2476 78
0 4665 78
0 9929 78
0 9079 78
0 8958 78
0 6551 78
0 3197 78
0 8431 78
0 6661 78
0 5879 78
0 6587 78
0 9053 78
0 4835 78
0 3121 78
0 4683 78
0 6266 78
0 3297 78
0 784 78
0 5688 78
0 5744 78
0 839 78
0 9035 78
0 4841 78
0 2598 78
0 670 78
0 7436 78
0 8425 78
0 7831 78
0 9632 78
0 2523 78
0 3280 78
0 8171 78
0 1622 78
0 3618 78
0 6300 78
0 5175 78
0 5130 78
0 773 78
0 9681 78
0 2175 78
0 4571 78
0 8085 78
0 2788 78
0 3408 78
0 4243 78
0 2416 78
0 3362 78
0 9040 78
0 3715 78
0 411 78
0 1039 78
0 3508 78
0 4609 78
0 2960 78
0 8454 78
0 7751 78
0 4132 78
0 1174 78
0 3440 78
0 4022 78
0 8440 78
0 4853 78
0 8456 78
0 5168 78
0 1262 78
0 2906 78
0 9019 78
0 7345 78
0 437 78
0 5613 78
0 4416 78
0 8523 78
0 2611 78
0 6360 78
0 6819 78
0 7087 78
0 3276 78
0 7052 78
0 7508 78
0 1381 78
0 9099 78
0 2341 78
0 5238 78
0 9995 78
0 6863 78
0 5148 78
0 1490 78
0 188 78
0 6977 78
0 2041 78
0 5298 78
0 113 78
0 4908 78
0 3959 78
0 4157 78
0 8530 78
0 7239 78
0 4542 78
0 8030 78
0 7113 78
0 7372 78
0 38 78
