500
0 3416 548
0 326 548
0 1645 548
0 3693 548
0 3086 548
0 9490 548
0 5224 548
0 418 548
0 1082 548
0 7008 548
0 7959 548
0 2849 548
0 984 548
0 8975 548
0 7448 548
0 2183 548
0 8534 548
0 6202 548
0 5414 548
0 2719 548
0 2801 548
0 9472 548
0 449 548
0 1449 548
0 1429 548
0 1324 548
0 3443 548
0 8896 548
0 1681 548
0 8237 548
0 8506 548
0 4881 548
0 2288 548
0 7311 548
0 9220 548
0 8106 548
0 6816 548
0 2286 548
0 7165 548
0 5752 548
0 7725 548
0 9417 548
0 5027 548
0 7527 548
0 2310 548
0 8891 548
0 8834 548
0 1556 548
0 278 548
0 8883 548
0 6039 548
0 8493 548
0 9947 548
0 429 548
0 4543 548
0 6591 548
0 6514 548
0 5445 548
0 2727 548
0 1974 548
0 5671 548
0 6010 548
0 9485 548
0 6480 548
0 2632 548
0 1368 548
0 7709 548
0 8249 548
0 7698 548
0 4444 548
0 52 548
0 942 548
0 3394 548
0 994 548
0 9520 548
0 4589 548
0 6453 548
0 6681 548
0 6045 548
0 1091 548
0 3127 548
0 3645 548
0 4440 548
0 6012 548
0 6582 548
0 9531 548
0 1102 548
0 3078 548
0 4847 548
0 159 548
0 3725 548
0 6093 548
0 4814 548
0 6856 548
0 8688 548
0 671 548
0 6482 548
0 5410 548
0 22 548
0 4328 548
0 4870 548
0 1770 548
0 572 548
0 918 548
0 3768 548
0 4542 548
0 7013 548
0 1672 548
0 7464 548
0 6659 548
0 8297 548
0 1704 548
0 6362 548
0 6428 548
0 7378 548
0 4410 548
0 4046 548
0 4014 548
0 8461 548
0 9323 548
0 2115 548
0 7941 548
0 3911 548
0 8151 548
0 8085 548
0 5023 548
0 9516 548
0 1405 548
0 1777 548
0 6552 548
0 6027 548
0 2585 548
0 1637 548
0 4878 548
0 9055 548
0 8712 548
0 236 548
0 3182 548
0 2261 548
0 487 548
0 3365 548
0 1923 548
0 5868 548
0 563 548
0 9181 548
0 1773 548
0 8143 548
0 7849 548
0 5343 548
0 5015 548
0 6620 548
0 8615 548
0 7226 548
0 2318 548
0 9584 548
0 168 548
0 6250 548
0 7920 548
0 4712 548
0 9690 548
0 7837 548
0 1610 548
0 9360 548
0 5338 548
0 1630 548
0 3160 548
0 5878 548
0 2565 548
0 5932 548
0 1479 548
0 7047 548
0 6040 548
0 3075 548
0 1813 548
0 9824 548
0 368 548
0 529 548
0 6783 548
0 1725 548
0 2890 548
0 2498 548
0 4465 548
0 8717 548
0 132 548
0 5618 548
0 4840 548
0 1099 548
0 473 548
0 497 548
0 9570 548
0 8692 548
0 2231 548
0 169 548
0 4172 548
0 2567 548
0 4763 548
0 825 548
0 3202 548
0 6271 548
0 130 548
0 957 548
0 9346 548
0 138 548
0 8602 548
0 1330 548
0 7352 548
0 4965 548
0 7742 548
0 1430 548
0 8082 548
0 9341 548
0 3388 548
0 1253 548
0 8108 548
0 9550 548
0 3138 548
0 3891 548
0 8790 548
0 8267 548
0 6632 548
0 9302 548
0 6130 548
0 2069 548
0 9047 548
0 8159 548
0 319 548
0 7486 548
0 7605 548
0 4334 548
0 441 548
0 1553 548
0 47 548
0 8061 548
0 8974 548
0 204 548
0 8338 548
0 2460 548
0 5963 548
0 2957 548
0 6748 548
0 4997 548
0 6605 548
0 7289 548
0 1560 548
0 2848 548
0 3313 548
0 2326 548
0 5216 548
0 3618 548
0 9358 548
0 1217 548
0 970 548
0 6416 548
0 2933 548
0 5621 548
0 3780 548
0 6471 548
0 3777 548
0 7649 548
0 6762 548
0 6836 548
0 8049 548
0 7122 548
0 3242 548
0 7411 548
0 5584 548
0 3491 548
0 9168 548
0 9442 548
0 7101 548
0 3987 548
0 506 548
0 3790 548
0 2531 548
0 7797 548
0 3539 548
0 8161 548
0 113 548
0 9965 548
0 512 548
0 4834 548
0 1754 548
0 2079 548
0 8816 548
0 2453 548
0 7593 548
0 417 548
0 133 548
0 287 548
0 6232 548
0 5663 548
0 1585 548
0 6917 548
0 3272 548
0 3017 548
0 5013 548
0 2405 548
0 4038 548
0 2026 548
0 445 548
0 3227 548
0 224 548
0 9280 548
0 3480 548
0 84 548
0 2563 548
0 3528 548
0 4306 548
0 1262 548
0 5579 548
0 5966 548
0 3015 548
0 2036 548
0 5605 548
0 896 548
0 7126 548
0 9989 548
0 6223 548
0 6827 548
0 8651 548
0 6670 548
0 8358 548
0 3548 548
0 6963 548
0 6938 548
0 3894 548
0 4112 548
0 7754 548
0 4408 548
0 4637 548
0 1155 548
0 1311 548
0 3988 548
0 7127 548
0 2339 548
0 6254 548
0 91 548
0 9650 548
0 4973 548
0 6484 548
0 5915 548
0 1386 548
0 5726 548
0 1534 548
0 1520 548
0 3581 548
0 9992 548
0 903 548
0 4407 548
0 7777 548
0 8765 548
0 4294 548
0 9754 548
0 1685 548
0 1104 548
0 7014 548
0 5496 548
0 4081 548
0 8828 548
0 4757 548
0 3453 548
0 5506 548
0 6350 548
0 2367 548
0 8775 548
0 1061 548
0 100 548
0 1090 548
0 7139 548
0 1319 548
0 6169 548
0 6778 548
0 5470 548
0 8709 548
0 4812 548
0 6756 548
0 3964 548
0 3178 548
0 2479 548
0 3604 548
0 4009 548
0 9614 548
0 6313 548
0 1433 548
0 4854 548
0 2912 548
0 1497 548
0 4113 548
0 4733 548
0 6488 548
0 1350 548
0 2409 548
0 8920 548
0 2380 548
0 7229 548
0 3901 548
0 803 548
0 2058 548
0 3547 548
0 7641 548
0 5547 548
0 1695 548
0 3933 548
0 4138 548
0 5534 548
0 5544 548
0 3776 548
0 605 548
0 521 548
0 2625 548
0 9441 548
0 7600 548
0 6728 548
0 792 548
0 1885 548
0 6159 548
0 3032 548
0 4682 548
0 2033 548
0 7703 548
0 2823 548
0 9115 548
0 9669 548
0 6994 548
0 1603 548
0 5846 548
0 4535 548
0 8117 548
0 4531 548
0 9792 548
0 1545 548
0 6077 548
0 2914 548
0 998 548
0 5928 548
0 3640 548
0 3020 548
0 4229 548
0 2514 548
0 7987 548
0 8656 548
0 699 548
0 2995 548
0 4586 548
0 4281 548
0 1491 548
0 9416 548
0 7163 548
0 197 548
0 5019 548
0 5278 548
0 7538 548
0 8113 548
0 7120 548
0 8402 548
0 3148 548
0 7530 548
0 7618 548
0 1352 548
0 7468 548
0 4790 548
0 3498 548
0 5936 548
0 2981 548
0 6528 548
0 5048 548
0 7092 548
0 4930 548
0 8364 548
0 999 548
0 8606 548
0 208 548
0 693 548
0 6822 548
0 797 548
0 1579 548
0 393 548
0 2177 548
0 6638 548
0 6897 548
0 2486 548
0 8934 548
0 1854 548
0 6303 548
0 2119 548
0 513 548
0 3128 548
0 1314 548
0 9755 548
0 5246 548
0 5372 548
0 7558 548
0 3341 548
0 3773 548
0 1684 548
0 3929 548
0 7147 548
0 8056 548
0 6096 548
0 5128 548
