500
0 17924 147
0 27668 147
0 67465 147
0 25551 147
0 17812 147
0 3813 147
0 35961 147
0 96236 147
0 23887 147
0 83966 147
0 31314 147
0 91064 147
0 55361 147
0 95867 147
0 5953 147
0 57551 147
0 5593 147
0 74651 147
0 34579 147
0 80687 147
0 80161 147
0 2746 147
0 26966 147
0 26228 147
0 84329 147
0 80725 147
0 84214 147
0 66460 147
0 95645 147
0 82057 147
0 35264 147
0 30851 147
0 87497 147
0 61811 147
0 94914 147
0 49927 147
0 72923 147
0 39024 147
0 7624 147
0 13220 147
0 19168 147
0 83389 147
0 81823 147
0 13080 147
0 14628 147
0 48503 147
0 32020 147
0 60992 147
0 67510 147
0 80571 147
0 69589 147
0 32952 147
0 25473 147
0 5862 147
0 51661 147
0 33213 147
0 70259 147
0 10677 147
0 90604 147
0 57901 147
0 19736 147
0 95910 147
0 46364 147
0 389 147
0 31135 147
0 26068 147
0 3180 147
0 24033 147
0 8691 147
0 98493 147
0 94696 147
0 98686 147
0 88770 147
0 50494 147
0 31549 147
0 73306 147
0 14808 147
0 81204 147
0 24792 147
0 65042 147
0 15012 147
0 71676 147
0 16807 147
0 15554 147
0 77361 147
0 24787 147
0 17814 147
0 60231 147
0 23917 147
0 21559 147
0 2194 147
0 35391 147
0 8965 147
0 97731 147
0 84681 147
0 81959 147
0 20997 147
0 28885 147
0 4230 147
0 69019 147
0 91611 147
0 98026 147
0 72984 147
0 90201 147
0 95797 147
0 86368 147
0 90764 147
0 42013 147
0 96989 147
0 60594 147
0 38061 147
0 99908 147
0 71075 147
0 14590 147
0 11978 147
0 25933 147
0 82514 147
0 51553 147
0 26639 147
0 4722 147
0 86392 147
0 96409 147
0 62025 147
0 3731 147
0 62594 147
0 55841 147
0 94950 147
0 4074 147
0 90813 147
0 38583 147
0 91986 147
0 98678 147
0 19253 147
0 22361 147
0 30746 147
0 34324 147
0 73976 147
0 99458 147
0 36972 147
0 34753 147
0 25971 147
0 13233 147
0 74739 147
0 86744 147
0 34963 147
0 50529 147
0 58014 147
0 52473 147
0 23845 147
0 11025 147
0 99161 147
0 13246 147
0 47893 147
0 61724 147
0 23890 147
0 43943 147
0 78193 147
0 44224 147
0 94805 147
0 73231 147
0 70917 147
0 38203 147
0 36591 147
0 74291 147
0 98240 147
0 47176 147
0 43789 147
0 70321 147
0 53645 147
0 40038 147
0 65789 147
0 29157 147
0 99322 147
0 63920 147
0 94282 147
0 30349 147
0 46068 147
0 65925 147
0 16067 147
0 65510 147
0 24328 147
0 55105 147
0 3893 147
0 40450 147
0 18656 147
0 72651 147
0 26364 147
0 22256 147
0 7489 147
0 30676 147
0 1524 147
0 69631 147
0 28831 147
0 6556 147
0 69584 147
0 53244 147
0 64505 147
0 7729 147
0 19342 147
0 1299 147
0 76427 147
0 29310 147
0 57131 147
0 92594 147
0 97393 147
0 75890 147
0 19107 147
0 3654 147
0 67530 147
0 63642 147
0 78836 147
0 57820 147
0 83250 147
0 69153 147
0 23482 147
0 78049 147
0 15717 147
0 62102 147
0 97554 147
0 1409 147
0 61442 147
0 96485 147
0 10106 147
0 75466 147
0 27973 147
0 4795 147
0 54831 147
0 23657 147
0 91850 147
0 58246 147
0 26253 147
0 98154 147
0 91664 147
0 30449 147
0 47186 147
0 94299 147
0 22099 147
0 13484 147
0 32346 147
0 72521 147
0 58128 147
0 52833 147
0 64483 147
0 65409 147
0 21956 147
0 56094 147
0 43785 147
0 85360 147
0 13931 147
0 2513 147
0 29545 147
0 38626 147
0 7172 147
0 60678 147
0 71010 147
0 96741 147
0 11307 147
0 50635 147
0 43886 147
0 50566 147
0 79485 147
0 31083 147
0 39373 147
0 59826 147
0 12247 147
0 63125 147
0 78649 147
0 87349 147
0 71894 147
0 51798 147
0 42098 147
0 93758 147
0 86295 147
0 62841 147
0 1779 147
0 93784 147
0 21495 147
0 49581 147
0 63609 147
0 36240 147
0 79923 147
0 80446 147
0 68898 147
0 82357 147
0 53128 147
0 60697 147
0 39850 147
0 65490 147
0 45459 147
0 97868 147
0 16079 147
0 28497 147
0 96386 147
0 28973 147
0 92939 147
0 30271 147
0 72074 147
0 90786 147
0 52896 147
0 64282 147
0 33873 147
0 36747 147
0 64931 147
0 20351 147
0 78530 147
0 86467 147
0 60319 147
0 24779 147
0 3404 147
0 20522 147
0 28258 147
0 89371 147
0 6171 147
0 20411 147
0 99096 147
0 84044 147
0 64989 147
0 3315 147
0 12048 147
0 73339 147
0 31357 147
0 59792 147
0 40373 147
0 14565 147
0 39018 147
0 34319 147
0 62293 147
0 79591 147
0 76624 147
0 37516 147
0 15676 147
0 9406 147
0 89789 147
0 12036 147
0 43481 147
0 77800 147
0 28284 147
0 8629 147
0 95351 147
0 73024 147
0 4604 147
0 86084 147
0 17956 147
0 42538 147
0 96181 147
0 35533 147
0 91953 147
0 92881 147
0 91614 147
0 44734 147
0 12452 147
0 28608 147
0 45363 147
0 76390 147
0 55195 147
0 80003 147
0 18385 147
0 8976 147
0 10481 147
0 63335 147
0 41687 147
0 22377 147
0 14020 147
0 95354 147
0 23583 147
0 10624 147
0 92497 147
0 80552 147
0 4136 147
0 98144 147
0 34550 147
0 60254 147
0 35311 147
0 56471 147
0 15950 147
0 7177 147
0 26416 147
0 83634 147
0 36183 147
0 5527 147
0 60361 147
0 61118 147
0 62191 147
0 43412 147
0 62870 147
0 37159 147
0 7953 147
0 29613 147
0 60501 147
0 97787 147
0 82204 147
0 84303 147
0 64578 147
0 48551 147
0 13675 147
0 95304 147
0 25307 147
0 58264 147
0 5660 147
0 30948 147
0 21244 147
0 33499 147
0 17805 147
0 10992 147
0 42851 147
0 98556 147
0 84441 147
0 3002 147
0 8557 147
0 33609 147
0 74303 147
0 73069 147
0 38069 147
0 85871 147
0 41754 147
0 95096 147
0 66235 147
0 47354 147
0 33865 147
0 14536 147
0 56410 147
0 27992 147
0 54087 147
0 17032 147
0 38095 147
0 91766 147
0 49587 147
0 59847 147
0 47416 147
0 49505 147
0 36488 147
0 98801 147
0 55697 147
0 75270 147
0 82117 147
0 48499 147
0 50072 147
0 84497 147
0 66341 147
0 25627 147
0 96522 147
0 15792 147
0 67335 147
0 47605 147
0 14819 147
0 32976 147
0 50535 147
0 68526 147
0 76608 147
0 37310 147
0 32321 147
0 23027 147
0 28959 147
0 71750 147
0 59988 147
0 48082 147
0 7101 147
0 16822 147
0 82780 147
0 82839 147
0 78294 147
0 34491 147
0 26197 147
0 52559 147
0 70471 147
0 13666 147
0 10462 147
0 93800 147
0 85486 147
0 71736 147
0 35635 147
0 18093 147
0 78696 147
0 29449 147
0 14672 147
0 90285 147
0 84657 147
0 36163 147
0 73268 147
0 42901 147
0 66023 147
0 15347 147
0 46235 147
0 89072 147
0 15718 147
0 53733 147
0 8354 147
0 96781 147
0 76396 147
0 64807 147
0 94533 147
0 67256 147
0 22741 147
0 68967 147
0 41411 147
0 53374 147
0 12126 147
0 64367 147
0 38456 147
0 57165 147
