500
0 14615 1253
0 84922 1253
0 65020 1253
0 94569 1253
0 55217 1253
0 14558 1253
0 47012 1253
0 11065 1253
0 64519 1253
0 89376 1253
0 55698 1253
0 96123 1253
0 84030 1253
0 10294 1253
0 99179 1253
0 63843 1253
0 92634 1253
0 3445 1253
0 78740 1253
0 71046 1253
0 81473 1253
0 51154 1253
0 41138 1253
0 67866 1253
0 39064 1253
0 88258 1253
0 71658 1253
0 1491 1253
0 60643 1253
0 74842 1253
0 48674 1253
0 12615 1253
0 82536 1253
0 92559 1253
0 61534 1253
0 98986 1253
0 16844 1253
0 64853 1253
0 27266 1253
0 53681 1253
0 25875 1253
0 74723 1253
0 24885 1253
0 73938 1253
0 93123 1253
0 14316 1253
0 39196 1253
0 43329 1253
0 77825 1253
0 20806 1253
0 44218 1253
0 75188 1253
0 96689 1253
0 44038 1253
0 28949 1253
0 8927 1253
0 94873 1253
0 19137 1253
0 66131 1253
0 70263 1253
0 26013 1253
0 17228 1253
0 79767 1253
0 56402 1253
0 83011 1253
0 85788 1253
0 86728 1253
0 61732 1253
0 27312 1253
0 68294 1253
0 66090 1253
0 19426 1253
0 12329 1253
0 46398 1253
0 66210 1253
0 70786 1253
0 10962 1253
0 83099 1253
0 8469 1253
0 41241 1253
0 8016 1253
0 14224 1253
0 28937 1253
0 80826 1253
0 27722 1253
0 53185 1253
0 51004 1253
0 30050 1253
0 10458 1253
0 23300 1253
0 75828 1253
0 26976 1253
0 75032 1253
0 50742 1253
0 89206 1253
0 59047 1253
0 18435 1253
0 30780 1253
0 67447 1253
0 55037 1253
0 2479 1253
0 77371 1253
0 82189 1253
0 16007 1253
0 67283 1253
0 51736 1253
0 13132 1253
0 65833 1253
0 68835 1253
0 4536 1253
0 47881 1253
0 95145 1253
0 19475 1253
0 88609 1253
0 78266 1253
0 35627 1253
0 71322 1253
0 85910 1253
0 60691 1253
0 63829 1253
0 47115 1253
0 24286 1253
0 99434 1253
0 6540 1253
0 2140 1253
0 42717 1253
0 52147 1253
0 29876 1253
0 95202 1253
0 31288 1253
0 15491 1253
0 26611 1253
0 21234 1253
0 42228 1253
0 32272 1253
0 65198 1253
0 40385 1253
0 4407 1253
0 56814 1253
0 91689 1253
0 25348 1253
0 23172 1253
0 47890 1253
0 89514 1253
0 39567 1253
0 96994 1253
0 59506 1253
0 21590 1253
0 55257 1253
0 17300 1253
0 20931 1253
0 55569 1253
0 17461 1253
0 50209 1253
0 67544 1253
0 83937 1253
0 85145 1253
0 78637 1253
0 2760 1253
0 87626 1253
0 68282 1253
0 3838 1253
0 12520 1253
0 10450 1253
0 78446 1253
0 32727 1253
0 37964 1253
0 26622 1253
0 86824 1253
0 72574 1253
0 28297 1253
0 49586 1253
0 31933 1253
0 21785 1253
0 64341 1253
0 59541 1253
0 22724 1253
0 33516 1253
0 73028 1253
0 54025 1253
0 62769 1253
0 19420 1253
0 23723 1253
0 6454 1253
0 84376 1253
0 96846 1253
0 70464 1253
0 93119 1253
0 12400 1253
0 96103 1253
0 33047 1253
0 9769 1253
0 58732 1253
0 4140 1253
0 59590 1253
0 33146 1253
0 36994 1253
0 71811 1253
0 64097 1253
0 61335 1253
0 67783 1253
0 93839 1253
0 34237 1253
0 6245 1253
0 93296 1253
0 14263 1253
0 89232 1253
0 40872 1253
0 70258 1253
0 88351 1253
0 45294 1253
0 17702 1253
0 47682 1253
0 64332 1253
0 17549 1253
0 19363 1253
0 58228 1253
0 5251 1253
0 25601 1253
0 27909 1253
0 3263 1253
0 10697 1253
0 543 1253
0 90129 1253
0 20438 1253
0 4260 1253
0 39645 1253
0 21291 1253
0 99888 1253
0 40599 1253
0 19087 1253
0 28697 1253
0 87968 1253
0 83785 1253
0 41227 1253
0 48128 1253
0 77980 1253
0 39902 1253
0 47333 1253
0 18276 1253
0 45049 1253
0 91739 1253
0 24786 1253
0 81035 1253
0 63884 1253
0 49573 1253
0 27176 1253
0 44602 1253
0 10954 1253
0 63841 1253
0 14203 1253
0 14901 1253
0 78855 1253
0 27253 1253
0 88192 1253
0 79010 1253
0 49050 1253
0 43492 1253
0 10221 1253
0 10533 1253
0 79190 1253
0 69333 1253
0 85878 1253
0 31589 1253
0 17618 1253
0 30892 1253
0 90385 1253
0 85476 1253
0 65281 1253
0 12590 1253
0 12530 1253
0 25706 1253
0 26393 1253
0 99392 1253
0 69038 1253
0 37850 1253
0 48847 1253
0 39847 1253
0 44603 1253
0 43226 1253
0 45560 1253
0 28328 1253
0 11917 1253
0 64334 1253
0 67593 1253
0 77769 1253
0 78938 1253
0 79292 1253
0 14806 1253
0 44782 1253
0 54262 1253
0 60233 1253
0 12374 1253
0 22779 1253
0 14646 1253
0 62137 1253
0 1564 1253
0 67095 1253
0 57360 1253
0 10418 1253
0 85311 1253
0 78982 1253
0 76824 1253
0 33272 1253
0 17298 1253
0 59662 1253
0 37284 1253
0 22097 1253
0 72811 1253
0 16274 1253
0 85544 1253
0 91010 1253
0 90463 1253
0 12601 1253
0 85273 1253
0 86384 1253
0 81539 1253
0 50662 1253
0 39373 1253
0 33983 1253
0 62540 1253
0 22016 1253
0 62072 1253
0 64213 1253
0 95086 1253
0 40235 1253
0 95696 1253
0 88758 1253
0 2688 1253
0 46412 1253
0 48809 1253
0 42184 1253
0 15670 1253
0 21896 1253
0 39576 1253
0 33104 1253
0 46180 1253
0 44613 1253
0 10770 1253
0 29298 1253
0 31424 1253
0 9158 1253
0 67406 1253
0 16244 1253
0 92191 1253
0 32242 1253
0 57342 1253
0 65883 1253
0 16342 1253
0 85293 1253
0 10617 1253
0 86027 1253
0 89594 1253
0 14492 1253
0 92883 1253
0 81834 1253
0 4928 1253
0 68356 1253
0 11970 1253
0 30684 1253
0 91229 1253
0 75370 1253
0 14906 1253
0 56551 1253
0 84773 1253
0 20755 1253
0 74672 1253
0 86256 1253
0 1391 1253
0 35365 1253
0 6906 1253
0 17116 1253
0 69518 1253
0 74147 1253
0 87852 1253
0 43823 1253
0 28345 1253
0 92084 1253
0 96412 1253
0 45774 1253
0 84067 1253
0 4540 1253
0 24798 1253
0 71072 1253
0 39106 1253
0 10688 1253
0 55047 1253
0 90568 1253
0 13835 1253
0 13669 1253
0 97293 1253
0 63691 1253
0 12018 1253
0 85969 1253
0 64068 1253
0 39984 1253
0 13742 1253
0 91143 1253
0 15938 1253
0 84858 1253
0 44115 1253
0 20398 1253
0 66875 1253
0 88430 1253
0 24565 1253
0 76009 1253
0 22468 1253
0 2034 1253
0 19979 1253
0 15071 1253
0 18195 1253
0 3531 1253
0 54952 1253
0 5940 1253
0 99324 1253
0 99358 1253
0 73954 1253
0 42542 1253
0 55284 1253
0 7951 1253
0 24814 1253
0 31888 1253
0 25553 1253
0 7012 1253
0 2529 1253
0 66624 1253
0 28359 1253
0 26433 1253
0 23632 1253
0 70660 1253
0 71724 1253
0 64556 1253
0 79056 1253
0 6240 1253
0 57204 1253
0 44426 1253
0 34037 1253
0 12217 1253
0 79669 1253
0 24831 1253
0 20982 1253
0 6036 1253
0 71170 1253
0 89457 1253
0 99238 1253
0 19734 1253
0 58963 1253
0 79365 1253
0 15260 1253
0 73124 1253
0 34714 1253
0 78687 1253
0 49931 1253
0 95075 1253
0 96110 1253
0 61829 1253
0 233 1253
0 80409 1253
0 41604 1253
0 51547 1253
0 50219 1253
0 40426 1253
0 6927 1253
0 60999 1253
0 51046 1253
0 74011 1253
0 77255 1253
0 95278 1253
0 42767 1253
0 13073 1253
0 91518 1253
0 38805 1253
0 1594 1253
0 22385 1253
0 89163 1253
0 73664 1253
0 79806 1253
0 1632 1253
0 94018 1253
0 23028 1253
0 49614 1253
0 1604 1253
0 77977 1253
0 11256 1253
0 52064 1253
0 93408 1253
0 84548 1253
0 96559 1253
0 26491 1253
0 94105 1253
0 7455 1253
0 14623 1253
0 90617 1253
0 48012 1253
0 91724 1253
0 63093 1253
0 28543 1253
0 42738 1253
0 27516 1253
0 46401 1253
