500
0 96666 9451
0 54797 9451
0 95516 9451
0 30647 9451
0 9596 9451
0 64013 9451
0 81472 9451
0 29177 9451
0 86389 9451
0 64936 9451
0 63434 9451
0 7662 9451
0 64147 9451
0 47102 9451
0 32359 9451
0 94035 9451
0 16834 9451
0 19274 9451
0 76644 9451
0 9061 9451
0 58959 9451
0 34697 9451
0 29965 9451
0 57185 9451
0 36360 9451
0 85785 9451
0 39920 9451
0 90084 9451
0 55353 9451
0 44022 9451
0 37434 9451
0 59595 9451
0 70063 9451
0 96478 9451
0 16664 9451
0 33843 9451
0 82263 9451
0 12814 9451
0 83958 9451
0 44569 9451
0 76191 9451
0 54690 9451
0 78018 9451
0 12826 9451
0 1907 9451
0 42775 9451
0 17161 9451
0 79040 9451
0 42443 9451
0 86584 9451
0 11041 9451
0 26004 9451
0 5307 9451
0 7195 9451
0 79362 9451
0 94234 9451
0 96739 9451
0 90688 9451
0 34641 9451
0 43073 9451
0 93953 9451
0 60820 9451
0 90668 9451
0 6837 9451
0 33265 9451
0 28356 9451
0 17648 9451
0 82148 9451
0 6416 9451
0 58077 9451
0 23930 9451
0 33370 9451
0 31676 9451
0 14347 9451
0 34344 9451
0 56292 9451
0 44498 9451
0 39388 9451
0 37397 9451
0 50735 9451
0 83150 9451
0 78525 9451
0 1535 9451
0 13545 9451
0 6734 9451
0 34810 9451
0 86116 9451
0 25469 9451
0 68238 9451
0 3778 9451
0 94399 9451
0 24347 9451
0 61356 9451
0 51200 9451
0 85710 9451
0 33677 9451
0 86308 9451
0 4450 9451
0 90511 9451
0 12162 9451
0 49620 9451
0 86740 9451
0 84765 9451
0 11717 9451
0 9752 9451
0 62629 9451
0 62550 9451
0 31974 9451
0 66062 9451
0 23712 9451
0 57976 9451
0 76655 9451
0 47890 9451
0 84499 9451
0 81630 9451
0 57263 9451
0 34722 9451
0 44842 9451
0 85894 9451
0 14930 9451
0 97722 9451
0 78452 9451
0 4910 9451
0 2085 9451
0 67384 9451
0 73372 9451
0 13041 9451
0 53493 9451
0 18584 9451
0 51568 9451
0 2702 9451
0 40816 9451
0 30808 9451
0 92925 9451
0 60928 9451
0 45218 9451
0 68244 9451
0 20431 9451
0 25702 9451
0 30168 9451
0 70442 9451
0 53045 9451
0 73275 9451
0 17952 9451
0 14295 9451
0 9434 9451
0 1598 9451
0 92902 9451
0 70295 9451
0 27500 9451
0 6954 9451
0 74583 9451
0 71879 9451
0 86871 9451
0 49214 9451
0 37440 9451
0 421 9451
0 10249 9451
0 22934 9451
0 69263 9451
0 85709 9451
0 92688 9451
0 55310 9451
0 38256 9451
0 12957 9451
0 8662 9451
0 2693 9451
0 38544 9451
0 70130 9451
0 28843 9451
0 88726 9451
0 44796 9451
0 87848 9451
0 90491 9451
0 17152 9451
0 61186 9451
0 47036 9451
0 12466 9451
0 4351 9451
0 81550 9451
0 25612 9451
0 98462 9451
0 65039 9451
0 90989 9451
0 13557 9451
0 53707 9451
0 2991 9451
0 75148 9451
0 23443 9451
0 75752 9451
0 7419 9451
0 83897 9451
0 74372 9451
0 94304 9451
0 91247 9451
0 56576 9451
0 42628 9451
0 40577 9451
0 45610 9451
0 51086 9451
0 12848 9451
0 61720 9451
0 29000 9451
0 55057 9451
0 46790 9451
0 60721 9451
0 32518 9451
0 74805 9451
0 35 9451
0 91163 9451
0 31104 9451
0 93415 9451
0 5411 9451
0 38881 9451
0 85013 9451
0 16244 9451
0 60324 9451
0 60177 9451
0 97 9451
0 58250 9451
0 99426 9451
0 85559 9451
0 25825 9451
0 24085 9451
0 91067 9451
0 37634 9451
0 51730 9451
0 49570 9451
0 82795 9451
0 20701 9451
0 38257 9451
0 87518 9451
0 75728 9451
0 214 9451
0 29562 9451
0 36759 9451
0 28294 9451
0 70361 9451
0 93356 9451
0 19961 9451
0 45323 9451
0 61205 9451
0 50179 9451
0 38769 9451
0 81723 9451
0 64437 9451
0 44252 9451
0 69676 9451
0 58740 9451
0 63719 9451
0 67092 9451
0 56952 9451
0 83986 9451
0 64344 9451
0 53832 9451
0 27201 9451
0 89715 9451
0 3828 9451
0 21493 9451
0 11156 9451
0 63667 9451
0 39241 9451
0 23544 9451
0 23647 9451
0 21744 9451
0 60004 9451
0 16910 9451
0 19982 9451
0 95335 9451
0 85906 9451
0 18868 9451
0 41390 9451
0 87636 9451
0 78336 9451
0 79079 9451
0 4172 9451
0 42932 9451
0 74394 9451
0 42148 9451
0 54198 9451
0 71781 9451
0 96366 9451
0 86952 9451
0 99575 9451
0 63811 9451
0 84265 9451
0 16240 9451
0 19935 9451
0 91468 9451
0 75800 9451
0 99929 9451
0 35192 9451
0 80989 9451
0 53703 9451
0 69792 9451
0 13265 9451
0 13874 9451
0 31300 9451
0 48674 9451
0 47765 9451
0 10888 9451
0 12284 9451
0 75677 9451
0 25652 9451
0 39133 9451
0 9052 9451
0 59020 9451
0 25304 9451
0 17550 9451
0 66320 9451
0 63437 9451
0 72784 9451
0 96887 9451
0 72102 9451
0 60829 9451
0 54632 9451
0 3573 9451
0 44587 9451
0 6841 9451
0 56077 9451
0 84711 9451
0 85580 9451
0 89823 9451
0 24653 9451
0 48551 9451
0 3414 9451
0 18218 9451
0 33875 9451
0 82324 9451
0 20725 9451
0 60408 9451
0 39438 9451
0 63339 9451
0 74167 9451
0 39462 9451
0 90379 9451
0 48072 9451
0 59977 9451
0 91090 9451
0 37909 9451
0 53833 9451
0 5015 9451
0 41975 9451
0 35707 9451
0 78922 9451
0 8240 9451
0 80755 9451
0 34089 9451
0 57193 9451
0 10111 9451
0 25028 9451
0 45900 9451
0 74242 9451
0 88914 9451
0 48805 9451
0 24274 9451
0 71154 9451
0 45877 9451
0 53556 9451
0 4807 9451
0 6424 9451
0 2135 9451
0 93327 9451
0 6968 9451
0 15662 9451
0 45411 9451
0 85905 9451
0 23827 9451
0 10196 9451
0 70503 9451
0 92792 9451
0 53955 9451
0 63941 9451
0 56975 9451
0 60802 9451
0 54935 9451
0 89918 9451
0 51530 9451
0 64234 9451
0 80987 9451
0 54877 9451
0 87459 9451
0 80943 9451
0 75965 9451
0 73854 9451
0 61352 9451
0 52556 9451
0 86153 9451
0 28127 9451
0 29478 9451
0 84256 9451
0 79852 9451
0 25436 9451
0 23913 9451
0 32166 9451
0 9811 9451
0 21779 9451
0 23584 9451
0 65277 9451
0 36267 9451
0 21248 9451
0 23478 9451
0 74272 9451
0 92770 9451
0 19841 9451
0 61593 9451
0 55470 9451
0 91620 9451
0 94547 9451
0 59413 9451
0 86946 9451
0 16351 9451
0 92370 9451
0 1305 9451
0 48571 9451
0 56542 9451
0 79291 9451
0 7824 9451
0 93108 9451
0 22256 9451
0 91500 9451
0 2664 9451
0 2348 9451
0 76641 9451
0 84226 9451
0 43565 9451
0 34495 9451
0 68991 9451
0 4537 9451
0 40718 9451
0 78665 9451
0 21621 9451
0 62254 9451
0 92758 9451
0 457 9451
0 97394 9451
0 50047 9451
0 50899 9451
0 67195 9451
0 14211 9451
0 28617 9451
0 31153 9451
0 49979 9451
0 66867 9451
0 50696 9451
0 91039 9451
0 79880 9451
0 16017 9451
0 20761 9451
0 85768 9451
0 55198 9451
0 26505 9451
0 40603 9451
0 55642 9451
0 43449 9451
0 39912 9451
0 47464 9451
0 75010 9451
0 61336 9451
0 20188 9451
0 68735 9451
0 5133 9451
0 1751 9451
0 50032 9451
0 61725 9451
0 25095 9451
0 23315 9451
0 56083 9451
0 61054 9451
0 56926 9451
0 46249 9451
0 92914 9451
0 73216 9451
0 80735 9451
0 94549 9451
0 35448 9451
0 67423 9451
0 97750 9451
0 75958 9451
0 73716 9451
0 86649 9451
0 69042 9451
0 56328 9451
0 1810 9451
0 72874 9451
0 62270 9451
0 56072 9451
0 23456 9451
0 10896 9451
0 26568 9451
0 70259 9451
0 15497 9451
0 93703 9451
0 47164 9451
0 42982 9451
0 73596 9451
0 26157 9451
0 5033 9451
0 43934 9451
0 44646 9451
