500
0 210585 4759
0 611240 4759
0 885084 4759
0 149247 4759
0 294759 4759
0 944359 4759
0 561350 4759
0 856880 4759
0 959404 4759
0 443918 4759
0 611630 4759
0 309849 4759
0 887685 4759
0 233611 4759
0 448720 4759
0 220996 4759
0 122640 4759
0 141193 4759
0 195690 4759
0 640769 4759
0 149416 4759
0 322103 4759
0 948984 4759
0 68315 4759
0 740204 4759
0 985153 4759
0 799032 4759
0 366049 4759
0 130935 4759
0 44949 4759
0 445990 4759
0 997726 4759
0 841383 4759
0 589406 4759
0 220288 4759
0 943007 4759
0 778330 4759
0 663179 4759
0 378562 4759
0 292147 4759
0 866987 4759
0 927881 4759
0 829418 4759
0 803941 4759
0 703353 4759
0 736515 4759
0 982324 4759
0 500483 4759
0 570911 4759
0 47848 4759
0 535006 4759
0 581594 4759
0 351228 4759
0 410468 4759
0 355173 4759
0 113910 4759
0 118571 4759
0 582308 4759
0 849733 4759
0 850981 4759
0 218251 4759
0 387478 4759
0 264635 4759
0 340405 4759
0 890167 4759
0 753958 4759
0 439493 4759
0 194864 4759
0 408718 4759
0 795841 4759
0 693151 4759
0 297446 4759
0 419243 4759
0 113108 4759
0 959687 4759
0 105506 4759
0 368941 4759
0 29837 4759
0 969018 4759
0 884850 4759
0 777839 4759
0 799703 4759
0 251700 4759
0 17443 4759
0 862288 4759
0 327714 4759
0 348402 4759
0 944706 4759
0 707692 4759
0 23128 4759
0 338994 4759
0 438491 4759
0 477791 4759
0 291944 4759
0 367857 4759
0 712189 4759
0 198152 4759
0 356990 4759
0 980267 4759
0 462258 4759
0 928835 4759
0 594439 4759
0 844317 4759
0 979402 4759
0 650028 4759
0 735280 4759
0 247301 4759
0 255633 4759
0 561826 4759
0 173031 4759
0 813536 4759
0 447955 4759
0 969921 4759
0 325144 4759
0 426794 4759
0 538526 4759
0 359973 4759
0 649648 4759
0 42465 4759
0 569023 4759
0 217709 4759
0 268765 4759
0 315137 4759
0 686082 4759
0 910645 4759
0 494091 4759
0 869447 4759
0 703286 4759
0 799194 4759
0 392423 4759
0 923634 4759
0 884582 4759
0 921720 4759
0 179998 4759
0 76988 4759
0 637279 4759
0 335022 4759
0 980958 4759
0 933220 4759
0 360944 4759
0 57688 4759
0 545298 4759
0 662503 4759
0 812772 4759
0 697427 4759
0 327082 4759
0 756033 4759
0 251466 4759
0 234620 4759
0 562832 4759
0 583984 4759
0 384428 4759
0 489840 4759
0 440243 4759
0 732080 4759
0 442138 4759
0 841676 4759
0 955007 4759
0 756095 4759
0 354784 4759
0 178028 4759
0 464865 4759
0 739929 4759
0 535690 4759
0 388463 4759
0 95558 4759
0 472188 4759
0 701414 4759
0 57265 4759
0 585884 4759
0 262308 4759
0 269824 4759
0 697743 4759
0 431503 4759
0 695247 4759
0 987623 4759
0 736038 4759
0 90380 4759
0 127802 4759
0 488294 4759
0 745555 4759
0 512001 4759
0 377697 4759
0 690187 4759
0 234227 4759
0 80601 4759
0 736385 4759
0 71459 4759
0 271971 4759
0 344899 4759
0 334296 4759
0 64251 4759
0 368512 4759
0 924716 4759
0 284770 4759
0 5791 4759
0 71975 4759
0 494911 4759
0 16605 4759
0 405533 4759
0 494133 4759
0 478379 4759
0 897542 4759
0 863490 4759
0 224903 4759
0 210844 4759
0 541977 4759
0 435610 4759
0 894203 4759
0 543424 4759
0 946899 4759
0 548276 4759
0 861100 4759
0 134594 4759
0 602994 4759
0 883867 4759
0 292088 4759
0 441937 4759
0 958259 4759
0 389725 4759
0 944444 4759
0 206809 4759
0 848914 4759
0 163719 4759
0 179093 4759
0 860232 4759
0 479308 4759
0 368741 4759
0 846240 4759
0 695690 4759
0 983967 4759
0 147205 4759
0 777786 4759
0 652364 4759
0 469128 4759
0 699380 4759
0 349313 4759
0 233723 4759
0 123843 4759
0 165055 4759
0 882064 4759
0 98180 4759
0 359885 4759
0 861746 4759
0 164293 4759
0 555541 4759
0 664612 4759
0 6556 4759
0 664509 4759
0 903450 4759
0 835269 4759
0 987144 4759
0 892950 4759
0 952704 4759
0 897388 4759
0 985220 4759
0 127275 4759
0 330869 4759
0 953751 4759
0 214748 4759
0 388634 4759
0 77093 4759
0 393730 4759
0 742110 4759
0 618368 4759
0 327165 4759
0 865451 4759
0 593176 4759
0 977723 4759
0 588394 4759
0 71054 4759
0 766164 4759
0 508070 4759
0 6746 4759
0 62505 4759
0 695202 4759
0 914399 4759
0 637689 4759
0 192760 4759
0 423053 4759
0 610820 4759
0 233652 4759
0 481209 4759
0 970340 4759
0 442352 4759
0 801912 4759
0 109928 4759
0 602610 4759
0 214146 4759
0 39539 4759
0 694787 4759
0 425028 4759
0 249429 4759
0 600273 4759
0 68742 4759
0 38633 4759
0 533383 4759
0 205695 4759
0 749487 4759
0 167852 4759
0 45686 4759
0 559723 4759
0 13818 4759
0 378331 4759
0 547901 4759
0 746624 4759
0 877605 4759
0 155267 4759
0 370747 4759
0 633133 4759
0 592236 4759
0 498160 4759
0 132107 4759
0 328095 4759
0 849997 4759
0 638577 4759
0 593740 4759
0 715585 4759
0 473221 4759
0 122513 4759
0 248153 4759
0 140034 4759
0 492496 4759
0 557021 4759
0 495249 4759
0 910 4759
0 962923 4759
0 917988 4759
0 589456 4759
0 23699 4759
0 42388 4759
0 755441 4759
0 845298 4759
0 301500 4759
0 906055 4759
0 268050 4759
0 100950 4759
0 278968 4759
0 242754 4759
0 315796 4759
0 567191 4759
0 921075 4759
0 9602 4759
0 498372 4759
0 360532 4759
0 213467 4759
0 22723 4759
0 389422 4759
0 380969 4759
0 429403 4759
0 551938 4759
0 360545 4759
0 746802 4759
0 626274 4759
0 817213 4759
0 684584 4759
0 869006 4759
0 14748 4759
0 448305 4759
0 904848 4759
0 336857 4759
0 193143 4759
0 632538 4759
0 429800 4759
0 443183 4759
0 614943 4759
0 894326 4759
0 800123 4759
0 295471 4759
0 306689 4759
0 370049 4759
0 90711 4759
0 279413 4759
0 593738 4759
0 107832 4759
0 563081 4759
0 715293 4759
0 141863 4759
0 695066 4759
0 554909 4759
0 63366 4759
0 904518 4759
0 332769 4759
0 456098 4759
0 485772 4759
0 266707 4759
0 524556 4759
0 172515 4759
0 179148 4759
0 311932 4759
0 478808 4759
0 105838 4759
0 2083 4759
0 257068 4759
0 891969 4759
0 588495 4759
0 549485 4759
0 104722 4759
0 92485 4759
0 372116 4759
0 554569 4759
0 823706 4759
0 791392 4759
0 197387 4759
0 348627 4759
0 321266 4759
0 808080 4759
0 991551 4759
0 70376 4759
0 492485 4759
0 788241 4759
0 434301 4759
0 932965 4759
0 360258 4759
0 638561 4759
0 192084 4759
0 691559 4759
0 956949 4759
0 568444 4759
0 352847 4759
0 135819 4759
0 144556 4759
0 102688 4759
0 176700 4759
0 586286 4759
0 111090 4759
0 32777 4759
0 465256 4759
0 263597 4759
0 604822 4759
0 679861 4759
0 766943 4759
0 297445 4759
0 16581 4759
0 526241 4759
0 66159 4759
0 194035 4759
0 32042 4759
0 449608 4759
0 181349 4759
0 103156 4759
0 550196 4759
0 674218 4759
0 101454 4759
0 540037 4759
0 499535 4759
0 906882 4759
0 449655 4759
0 754563 4759
0 207272 4759
0 804493 4759
0 557612 4759
0 322059 4759
0 764717 4759
0 597641 4759
0 834811 4759
0 705210 4759
0 490890 4759
0 652402 4759
0 490417 4759
0 779309 4759
0 978092 4759
0 286662 4759
0 865755 4759
0 365313 4759
0 620992 4759
0 139266 4759
0 29061 4759
0 205971 4759
0 236340 4759
0 568226 4759
0 464509 4759
0 654848 4759
0 468788 4759
0 48739 4759
0 728528 4759
0 627493 4759
0 283501 4759
0 542467 4759
0 302667 4759
0 643103 4759
0 204236 4759
0 670271 4759
0 118842 4759
0 62668 4759
0 293439 4759
0 302867 4759
0 510507 4759
0 585415 4759
0 132210 4759
0 413821 4759
0 705067 4759
0 486958 4759
0 25746 4759
0 866809 4759
0 451463 4759
0 566622 4759
0 307149 4759
0 326212 4759
0 385356 4759
