500
0 53760 1
0 6260 1
0 190990 1
0 960911 1
0 838294 1
0 911602 1
0 962101 1
0 361098 1
0 949256 1
0 155846 1
0 348594 1
0 93533 1
0 53593 1
0 397958 1
0 454761 1
0 348286 1
0 775056 1
0 70406 1
0 247808 1
0 802466 1
0 895728 1
0 162652 1
0 87003 1
0 665726 1
0 532544 1
0 139548 1
0 478305 1
0 271047 1
0 986308 1
0 691931 1
0 472373 1
0 316850 1
0 463489 1
0 364206 1
0 128316 1
0 68532 1
0 445500 1
0 985067 1
0 432028 1
0 727682 1
0 406587 1
0 389415 1
0 657594 1
0 215568 1
0 957633 1
0 591030 1
0 675002 1
0 931604 1
0 342613 1
0 537069 1
0 442563 1
0 20420 1
0 480186 1
0 379169 1
0 343415 1
0 835475 1
0 398455 1
0 256744 1
0 874622 1
0 533751 1
0 502032 1
0 830167 1
0 659899 1
0 150117 1
0 490507 1
0 900290 1
0 974867 1
0 159314 1
0 43435 1
0 650686 1
0 571117 1
0 230450 1
0 386358 1
0 980064 1
0 713835 1
0 752316 1
0 41330 1
0 482430 1
0 71477 1
0 591843 1
0 65187 1
0 652461 1
0 593454 1
0 37470 1
0 869646 1
0 963776 1
0 428604 1
0 201120 1
0 713784 1
0 459790 1
0 388804 1
0 641759 1
0 786278 1
0 540972 1
0 216042 1
0 312656 1
0 533981 1
0 846638 1
0 857235 1
0 770728 1
0 645987 1
0 656937 1
0 731366 1
0 472412 1
0 935227 1
0 643507 1
0 902086 1
0 630497 1
0 576748 1
0 271520 1
0 61721 1
0 222956 1
0 505786 1
0 357701 1
0 859843 1
0 5745 1
0 721514 1
0 439544 1
0 760106 1
0 849254 1
0 976065 1
0 431629 1
0 823730 1
0 165313 1
0 205444 1
0 958170 1
0 558338 1
0 731189 1
0 382393 1
0 820659 1
0 160189 1
0 182072 1
0 492451 1
0 330285 1
0 39368 1
0 732863 1
0 67081 1
0 29918 1
0 123529 1
0 772927 1
0 319599 1
0 641242 1
0 415845 1
0 38701 1
0 129178 1
0 852151 1
0 335553 1
0 204541 1
0 340623 1
0 522185 1
0 657217 1
0 768230 1
0 391828 1
0 822437 1
0 273226 1
0 416475 1
0 388140 1
0 572065 1
0 231491 1
0 619475 1
0 49630 1
0 538065 1
0 203023 1
0 188993 1
0 404077 1
0 935627 1
0 138131 1
0 840219 1
0 988448 1
0 80482 1
0 664630 1
0 364502 1
0 509179 1
0 49134 1
0 133339 1
0 642087 1
0 141891 1
0 818753 1
0 888999 1
0 396739 1
0 482685 1
0 570931 1
0 21056 1
0 528286 1
0 749551 1
0 864342 1
0 187595 1
0 256431 1
0 217180 1
0 291009 1
0 169453 1
0 580521 1
0 549579 1
0 714568 1
0 661450 1
0 394498 1
0 554624 1
0 639489 1
0 379656 1
0 299184 1
0 487808 1
0 961728 1
0 201163 1
0 618982 1
0 384784 1
0 112602 1
0 758841 1
0 603354 1
0 656117 1
0 649509 1
0 355831 1
0 701761 1
0 419765 1
0 76085 1
0 978281 1
0 990608 1
0 546707 1
0 207520 1
0 886133 1
0 866171 1
0 255574 1
0 990650 1
0 982400 1
0 409977 1
0 314178 1
0 225816 1
0 145710 1
0 110653 1
0 957980 1
0 350288 1
0 374181 1
0 261950 1
0 771689 1
0 873014 1
0 826954 1
0 106607 1
0 443950 1
0 321952 1
0 709953 1
0 718150 1
0 554672 1
0 801954 1
0 219120 1
0 849720 1
0 809269 1
0 429649 1
0 397243 1
0 401722 1
0 539009 1
0 567683 1
0 11784 1
0 205185 1
0 226264 1
0 968588 1
0 215036 1
0 194497 1
0 906497 1
0 12929 1
0 749627 1
0 842161 1
0 595264 1
0 9144 1
0 731883 1
0 716804 1
0 853979 1
0 239110 1
0 701361 1
0 204977 1
0 958741 1
0 327358 1
0 273137 1
0 40363 1
0 109621 1
0 217207 1
0 216209 1
0 509160 1
0 181438 1
0 539974 1
0 630006 1
0 688349 1
0 932983 1
0 78655 1
0 400196 1
0 487231 1
0 434084 1
0 358647 1
0 92257 1
0 955139 1
0 242122 1
0 791620 1
0 857970 1
0 450206 1
0 513134 1
0 40826 1
0 161307 1
0 233988 1
0 490390 1
0 33902 1
0 918209 1
0 644204 1
0 168453 1
0 619126 1
0 382347 1
0 365641 1
0 109442 1
0 94630 1
0 604764 1
0 926609 1
0 324752 1
0 962900 1
0 286746 1
0 740538 1
0 484342 1
0 714324 1
0 985321 1
0 315319 1
0 503672 1
0 811003 1
0 707887 1
0 778558 1
0 949596 1
0 728479 1
0 855569 1
0 988675 1
0 659941 1
0 902868 1
0 690739 1
0 867389 1
0 145625 1
0 391215 1
0 411451 1
0 27296 1
0 21438 1
0 298310 1
0 164173 1
0 296992 1
0 469720 1
0 117166 1
0 380304 1
0 897716 1
0 478508 1
0 733946 1
0 10470 1
0 452239 1
0 174207 1
0 641282 1
0 860983 1
0 226919 1
0 547222 1
0 557784 1
0 897574 1
0 202225 1
0 653558 1
0 506451 1
0 610777 1
0 478626 1
0 16805 1
0 52807 1
0 446772 1
0 445423 1
0 575398 1
0 26762 1
0 176605 1
0 666317 1
0 338944 1
0 662512 1
0 745209 1
0 371888 1
0 818999 1
0 644046 1
0 251372 1
0 767311 1
0 107472 1
0 634362 1
0 669596 1
0 651869 1
0 565584 1
0 833416 1
0 88238 1
0 759504 1
0 963900 1
0 474574 1
0 787910 1
0 312734 1
0 626074 1
0 808480 1
0 475658 1
0 6714 1
0 855789 1
0 366227 1
0 588767 1
0 280154 1
0 826364 1
0 332541 1
0 438569 1
0 65971 1
0 294731 1
0 780018 1
0 219278 1
0 869625 1
0 523743 1
0 423752 1
0 504434 1
0 265507 1
0 934525 1
0 572499 1
0 874299 1
0 167909 1
0 57706 1
0 391784 1
0 633806 1
0 483315 1
0 349548 1
0 84445 1
0 538255 1
0 98435 1
0 622854 1
0 833926 1
0 576804 1
0 368586 1
0 223551 1
0 75257 1
0 726962 1
0 425406 1
0 72283 1
0 24266 1
0 32989 1
0 87442 1
0 935455 1
0 108366 1
0 196619 1
0 393211 1
0 856016 1
0 913819 1
0 106209 1
0 835440 1
0 522739 1
0 424005 1
0 267587 1
0 214053 1
0 988174 1
0 806689 1
0 591511 1
0 743182 1
0 845156 1
0 746629 1
0 726081 1
0 227874 1
0 657788 1
0 491141 1
0 298983 1
0 200020 1
0 35674 1
0 571895 1
0 213358 1
0 902298 1
0 101635 1
0 268527 1
0 828283 1
0 42794 1
0 209468 1
0 363266 1
0 62002 1
0 705527 1
0 153418 1
0 506246 1
0 343160 1
0 916278 1
0 111411 1
0 228304 1
0 717876 1
0 909726 1
0 563514 1
0 19251 1
0 989641 1
0 334755 1
0 562918 1
0 144070 1
0 994332 1
0 140217 1
0 195579 1
0 979486 1
0 252436 1
0 682007 1
0 80638 1
0 830030 1
0 949139 1
0 313840 1
0 153716 1
0 39213 1
0 209217 1
0 211322 1
0 163426 1
0 969488 1
0 458433 1
0 184171 1
0 73357 1
0 625803 1
0 891065 1
0 885622 1
