312
6 8 1
9 5 1
-2 11 1
-7 11 1
4 4 1
11 1 1
1 17 1
-10 2 1
-11 20 1
-4 7 1
4 19 1
1 22 1
0 17 1
12 14 1
-6 17 1
-9 22 1
3 5 1
-9 1 1
12 5 1
-12 5 1
7 1 1
10 11 1
-4 16 1
11 4 1
1 2 1
0 7 1
1 23 1
2 19 1
6 10 1
5 23 1
3 22 1
4 7 1
0 2 1
-12 17 1
-9 5 1
-13 19 1
-11 7 1
12 11 1
-5 1 1
-12 1 1
-6 19 1
9 13 1
-1 4 1
-11 13 1
11 14 1
-11 4 1
8 22 1
4 13 1
1 7 1
-11 5 1
-12 20 1
11 16 1
4 5 1
4 10 1
-5 2 1
12 7 1
3 20 1
3 8 1
4 23 1
-5 17 1
-5 14 1
12 8 1
9 4 1
-13 5 1
-4 8 1
12 19 1
-1 11 1
-3 22 1
-4 17 1
2 5 1
4 17 1
6 4 1
6 22 1
-12 2 1
-10 4 1
-12 23 1
3 14 1
-8 11 1
-5 23 1
4 11 1
8 2 1
-5 7 1
9 14 1
-2 7 1
3 7 1
-11 23 1
-9 14 1
-7 10 1
-2 13 1
-2 2 1
-4 23 1
-2 14 1
1 13 1
3 17 1
-10 10 1
7 22 1
-9 23 1
-1 1 1
2 1 1
9 1 1
-3 4 1
-11 10 1
-3 10 1
-3 1 1
-3 7 1
6 16 1
3 10 1
5 14 1
9 22 1
4 22 1
1 14 1
-8 5 1
-4 1 1
-9 4 1
11 5 1
-5 4 1
11 10 1
-13 13 1
10 19 1
-7 7 1
10 20 1
9 23 1
-10 22 1
-8 8 1
12 4 1
-8 7 1
-10 17 1
12 17 1
2 11 1
-6 13 1
5 20 1
-13 7 1
-13 8 1
1 8 1
12 20 1
0 13 1
1 5 1
6 11 1
10 17 1
12 13 1
-5 22 1
-6 22 1
-13 4 1
-2 19 1
12 10 1
-6 7 1
-13 11 1
2 23 1
8 20 1
-8 13 1
-7 14 1
-5 5 1
11 2 1
5 4 1
9 10 1
-6 16 1
-12 4 1
-3 11 1
7 17 1
-1 14 1
7 16 1
6 17 1
9 19 1
-12 22 1
-4 19 1
8 14 1
3 23 1
-7 1 1
11 13 1
8 1 1
7 14 1
11 11 1
-6 23 1
-5 10 1
2 16 1
-3 17 1
-10 1 1
-6 5 1
-13 10 1
-9 17 1
10 10 1
-9 20 1
10 13 1
9 11 1
7 23 1
-2 22 1
10 2 1
11 17 1
10 14 1
-6 11 1
8 4 1
7 20 1
6 1 1
10 1 1
12 2 1
10 7 1
2 4 1
11 19 1
-5 19 1
7 4 1
-3 8 1
8 17 1
-12 19 1
12 23 1
-8 22 1
-1 23 1
-1 19 1
1 20 1
9 17 1
-12 16 1
8 11 1
-8 17 1
5 13 1
-11 11 1
0 10 1
4 20 1
-6 20 1
5 5 1
0 4 1
-8 2 1
-6 8 1
-4 11 1
-11 17 1
-3 23 1
-2 23 1
5 19 1
11 23 1
-2 4 1
8 16 1
10 16 1
-5 11 1
5 1 1
-12 14 1
1 19 1
-7 20 1
0 11 1
6 2 1
-5 16 1
6 20 1
-11 19 1
2 10 1
2 20 1
-2 16 1
-4 22 1
2 8 1
6 13 1
-13 23 1
-9 7 1
8 13 1
-7 2 1
-9 11 1
9 2 1
-1 20 1
-10 7 1
-6 2 1
7 10 1
-8 16 1
-10 13 1
12 22 1
8 19 1
8 10 1
9 20 1
-9 2 1
9 7 1
3 16 1
0 22 1
5 2 1
-13 16 1
0 1 1
-7 4 1
0 16 1
0 14 1
-3 5 1
-7 17 1
-6 1 1
-10 23 1
5 16 1
2 7 1
8 23 1
1 1 1
0 5 1
11 22 1
-12 10 1
-8 10 1
-9 10 1
-3 14 1
-2 20 1
-10 14 1
-1 2 1
-11 22 1
7 8 1
-6 10 1
-4 13 1
-11 16 1
-7 19 1
5 8 1
5 10 1
2 22 1
-8 14 1
-2 5 1
-7 23 1
7 19 1
-8 4 1
2 14 1
-1 8 1
-9 19 1
3 4 1
-9 8 1
-9 16 1
-3 19 1
-4 10 1
-2 10 1
