500
-19 10 1
22 17 1
19 11 1
14 13 1
2 4 1
-23 2 1
0 1 1
10 2 1
12 4 1
-21 20 1
16 5 1
-4 4 1
-14 14 1
5 17 1
23 14 1
-14 11 1
1 19 1
-16 1 1
0 5 1
12 1 1
-19 16 1
16 4 1
-22 1 1
-9 8 1
16 1 1
-13 5 1
-26 13 1
24 11 1
14 10 1
4 8 1
21 7 1
11 16 1
4 10 1
-23 1 1
12 10 1
2 5 1
-11 10 1
14 11 1
-4 13 1
-9 1 1
-14 17 1
-14 7 1
7 1 1
17 8 1
-9 20 1
-9 13 1
-11 1 1
22 1 1
-26 4 1
18 4 1
3 2 1
8 16 1
9 2 1
9 16 1
-8 13 1
-24 19 1
1 14 1
-19 4 1
19 5 1
2 20 1
10 1 1
-19 20 1
6 13 1
18 5 1
-11 7 1
11 14 1
20 7 1
-19 7 1
-11 16 1
-22 11 1
-22 8 1
-22 2 1
11 2 1
14 19 1
12 13 1
-12 14 1
15 14 1
-16 17 1
20 17 1
4 19 1
-15 10 1
-3 8 1
-4 1 1
-15 1 1
18 2 1
7 17 1
24 2 1
8 4 1
8 14 1
11 4 1
6 14 1
8 7 1
8 2 1
6 10 1
-10 7 1
-22 7 1
20 13 1
-26 1 1
-11 19 1
-25 16 1
16 20 1
-23 5 1
-3 20 1
-21 4 1
18 1 1
3 4 1
-18 10 1
-11 5 1
-13 19 1
-15 19 1
10 13 1
23 17 1
-25 17 1
19 1 1
17 2 1
-17 16 1
7 8 1
3 7 1
13 8 1
14 20 1
22 16 1
14 1 1
23 20 1
1 10 1
-22 4 1
-6 13 1
15 20 1
-8 7 1
9 19 1
14 4 1
10 7 1
7 2 1
23 19 1
10 4 1
19 8 1
6 1 1
-23 10 1
21 17 1
-20 19 1
12 19 1
13 19 1
-20 13 1
-16 7 1
21 4 1
-8 1 1
-3 13 1
-16 4 1
-8 20 1
-1 1 1
-1 10 1
-1 13 1
17 19 1
0 19 1
-23 11 1
-4 7 1
-13 13 1
-18 2 1
19 10 1
-20 2 1
7 7 1
-6 7 1
22 7 1
-12 7 1
-2 17 1
-25 8 1
21 10 1
25 2 1
12 14 1
0 16 1
4 5 1
2 16 1
-25 20 1
1 1 1
-13 20 1
18 13 1
-23 4 1
-15 17 1
7 4 1
-23 16 1
-12 20 1
15 11 1
8 1 1
-16 10 1
-5 16 1
-22 10 1
-9 14 1
8 8 1
11 20 1
-21 11 1
11 8 1
-21 7 1
23 7 1
-14 16 1
-7 17 1
2 13 1
-13 1 1
-19 1 1
15 10 1
-3 19 1
-1 2 1
24 19 1
-5 19 1
21 2 1
0 11 1
18 11 1
-24 11 1
17 13 1
-8 8 1
-7 1 1
-23 8 1
-15 20 1
1 4 1
2 11 1
8 11 1
-4 14 1
-21 16 1
13 14 1
10 5 1
-5 13 1
22 19 1
0 17 1
4 20 1
20 16 1
11 7 1
-20 1 1
-26 17 1
25 19 1
-2 5 1
7 20 1
-12 10 1
-21 8 1
-21 2 1
4 1 1
-14 20 1
7 16 1
-10 14 1
-8 5 1
5 10 1
25 14 1
25 8 1
-19 13 1
2 10 1
-1 4 1
18 8 1
-7 8 1
-17 11 1
-4 8 1
-19 8 1
-20 17 1
15 2 1
-6 19 1
-20 16 1
-1 14 1
1 16 1
-5 5 1
-20 10 1
8 13 1
20 14 1
-13 16 1
-25 7 1
20 10 1
15 5 1
-17 10 1
-7 11 1
-14 2 1
1 11 1
-4 11 1
-9 19 1
25 20 1
-4 20 1
-3 17 1
-20 7 1
-4 17 1
-12 4 1
-1 8 1
15 4 1
3 11 1
-12 1 1
-5 4 1
-6 4 1
-16 14 1
17 5 1
-26 7 1
13 1 1
-20 8 1
15 17 1
-14 10 1
19 2 1
-10 5 1
-25 19 1
5 19 1
-15 8 1
13 16 1
-4 19 1
-13 10 1
-17 1 1
16 7 1
-3 7 1
-11 4 1
-24 1 1
0 20 1
-5 2 1
10 16 1
5 4 1
-25 4 1
6 4 1
4 17 1
3 13 1
14 7 1
20 19 1
25 13 1
12 2 1
-17 14 1
11 13 1
10 11 1
-22 19 1
-16 13 1
-24 2 1
-19 14 1
-23 17 1
-1 19 1
17 4 1
17 1 1
15 19 1
8 19 1
-8 19 1
-17 17 1
-26 8 1
-1 5 1
12 7 1
-5 1 1
17 11 1
-19 19 1
20 5 1
-24 17 1
11 10 1
-12 16 1
-17 20 1
-10 1 1
-5 8 1
19 16 1
10 10 1
9 10 1
-1 17 1
-15 7 1
9 8 1
13 10 1
-3 14 1
-17 5 1
19 7 1
-14 13 1
3 20 1
22 5 1
-15 2 1
19 13 1
-2 11 1
-26 19 1
3 1 1
-3 4 1
-7 10 1
-10 8 1
-12 2 1
7 10 1
25 11 1
24 17 1
-2 10 1
-24 14 1
6 17 1
24 7 1
-18 16 1
-9 17 1
17 20 1
18 7 1
0 7 1
5 13 1
14 16 1
-26 2 1
-19 5 1
-16 8 1
7 14 1
22 13 1
-2 14 1
-25 1 1
19 20 1
-10 11 1
-7 19 1
-21 17 1
-7 13 1
-22 16 1
12 20 1
25 1 1
-18 8 1
-4 2 1
-15 13 1
25 17 1
11 1 1
2 17 1
13 7 1
4 11 1
-2 1 1
24 1 1
-13 17 1
-18 13 1
12 11 1
-25 11 1
14 5 1
-19 2 1
19 4 1
-19 11 1
-8 4 1
16 8 1
3 14 1
-23 13 1
-6 8 1
23 10 1
5 1 1
6 20 1
-19 17 1
2 14 1
-8 10 1
6 5 1
23 4 1
-21 1 1
7 5 1
-10 2 1
18 16 1
23 13 1
16 13 1
-24 5 1
-10 4 1
15 8 1
22 20 1
-23 14 1
-16 2 1
3 10 1
9 7 1
-3 10 1
-18 4 1
21 14 1
0 4 1
-10 20 1
-12 11 1
-25 5 1
-22 20 1
24 8 1
-21 13 1
9 1 1
10 14 1
-26 11 1
-7 7 1
2 7 1
-10 19 1
18 20 1
-8 14 1
-9 2 1
-24 7 1
19 17 1
-6 5 1
25 4 1
4 4 1
8 5 1
15 1 1
-3 1 1
4 16 1
3 19 1
4 14 1
-26 16 1
17 17 1
18 14 1
1 5 1
-25 10 1
-2 7 1
-5 14 1
-9 10 1
21 19 1
18 10 1
-1 7 1
-14 4 1
-18 20 1
14 14 1
13 13 1
-17 4 1
3 8 1
0 13 1
15 7 1
-5 10 1
-13 4 1
1 17 1
-1 16 1
-25 13 1
-2 13 1
14 17 1
7 19 1
-6 16 1
17 16 1
13 4 1
22 11 1
25 16 1
-22 17 1
-16 5 1
