500
-3 20 1
-16 4 1
-15 20 1
-7 2 1
-20 13 1
6 19 1
-3 7 1
19 11 1
0 11 1
-6 23 1
-3 11 1
0 20 1
3 16 1
14 4 1
-17 23 1
-11 22 1
8 13 1
-7 25 1
-1 22 1
11 23 1
6 14 1
-12 2 1
19 17 1
-14 4 1
18 7 1
-8 4 1
5 4 1
4 13 1
-1 14 1
3 19 1
-10 17 1
3 13 1
19 2 1
-5 19 1
-10 26 1
15 7 1
-11 7 1
9 19 1
7 10 1
-2 1 1
-15 13 1
1 20 1
12 26 1
15 23 1
-3 29 1
6 13 1
-14 10 1
-8 7 1
-5 7 1
-2 7 1
-4 19 1
-19 23 1
-19 28 1
10 25 1
-2 4 1
7 22 1
-12 10 1
8 20 1
4 19 1
6 22 1
13 1 1
-20 4 1
12 7 1
-9 5 1
12 13 1
-2 29 1
-18 16 1
19 4 1
9 11 1
4 29 1
2 2 1
-15 28 1
-19 10 1
8 1 1
14 26 1
9 5 1
-8 19 1
-18 10 1
-11 26 1
4 11 1
-3 2 1
6 10 1
0 28 1
-15 4 1
17 7 1
-20 1 1
11 25 1
-9 23 1
-18 8 1
-5 16 1
-12 4 1
0 19 1
11 19 1
18 1 1
-9 7 1
-17 1 1
-17 4 1
-13 13 1
7 13 1
4 8 1
19 25 1
5 14 1
10 23 1
-13 23 1
-5 26 1
-3 10 1
-4 10 1
-7 16 1
-3 23 1
-13 29 1
-16 19 1
5 19 1
-16 20 1
4 16 1
3 1 1
-6 19 1
1 23 1
3 10 1
16 19 1
-5 28 1
14 28 1
10 20 1
1 17 1
-20 10 1
-14 7 1
16 26 1
14 1 1
9 29 1
-17 25 1
7 23 1
17 25 1
-11 5 1
2 23 1
-1 13 1
14 2 1
5 1 1
-2 16 1
-11 2 1
-15 5 1
17 19 1
-18 29 1
-7 17 1
-18 7 1
14 11 1
-8 1 1
15 8 1
0 13 1
-13 8 1
-19 16 1
10 1 1
8 26 1
1 10 1
-7 14 1
16 7 1
3 28 1
-18 25 1
16 16 1
10 28 1
18 8 1
-17 11 1
15 19 1
5 23 1
-8 8 1
-6 11 1
6 17 1
1 4 1
-16 10 1
-6 17 1
15 4 1
16 29 1
18 22 1
2 19 1
16 10 1
-14 1 1
1 28 1
-15 8 1
9 14 1
9 8 1
16 20 1
14 16 1
9 7 1
0 23 1
-19 2 1
-13 7 1
-19 26 1
-10 10 1
14 22 1
6 26 1
12 29 1
-19 4 1
19 10 1
12 11 1
4 10 1
-10 29 1
-16 11 1
2 5 1
7 5 1
-14 13 1
-19 7 1
6 4 1
-13 22 1
-4 17 1
11 26 1
-9 22 1
17 26 1
-7 29 1
-12 23 1
16 28 1
7 14 1
12 23 1
14 14 1
2 4 1
-17 28 1
-5 11 1
18 17 1
-1 1 1
-8 11 1
7 17 1
-4 4 1
-18 17 1
3 17 1
-13 17 1
2 29 1
-8 13 1
-18 20 1
-13 5 1
18 26 1
2 17 1
-17 8 1
-19 22 1
-17 7 1
5 22 1
-14 11 1
-20 25 1
-3 22 1
18 29 1
-14 20 1
13 22 1
8 5 1
14 10 1
-14 28 1
-6 16 1
19 8 1
19 13 1
1 7 1
8 2 1
-20 16 1
-19 8 1
13 25 1
10 22 1
6 25 1
14 29 1
10 4 1
10 16 1
-16 2 1
-16 7 1
-7 20 1
5 28 1
19 22 1
-9 1 1
-13 10 1
-5 23 1
-1 25 1
7 2 1
-7 4 1
9 17 1
4 25 1
12 17 1
-16 23 1
11 8 1
19 28 1
-16 14 1
6 23 1
-14 8 1
-7 13 1
18 14 1
9 13 1
-7 26 1
-11 10 1
3 22 1
-19 20 1
19 16 1
-10 25 1
12 2 1
3 5 1
15 16 1
-7 11 1
-6 7 1
4 20 1
-4 13 1
13 11 1
-7 1 1
12 20 1
9 16 1
-10 14 1
4 4 1
8 29 1
13 29 1
11 1 1
-12 26 1
-16 22 1
-15 19 1
7 16 1
6 7 1
8 4 1
-6 5 1
-4 16 1
-5 20 1
2 16 1
4 22 1
-20 5 1
10 29 1
-12 8 1
16 2 1
-9 16 1
-10 13 1
14 5 1
-12 14 1
-5 22 1
-17 2 1
-11 1 1
6 11 1
-6 2 1
-12 20 1
-18 22 1
2 25 1
-8 29 1
-6 25 1
-4 23 1
-15 26 1
10 8 1
9 22 1
-5 10 1
6 1 1
-7 7 1
-2 13 1
16 11 1
-15 29 1
0 4 1
-5 25 1
6 2 1
-11 25 1
13 4 1
-1 8 1
-19 5 1
-9 14 1
-14 26 1
-18 2 1
13 2 1
-2 8 1
-11 4 1
-20 11 1
3 2 1
3 25 1
9 2 1
12 1 1
15 28 1
-20 8 1
18 11 1
9 1 1
-16 16 1
-16 1 1
13 8 1
16 8 1
1 8 1
-4 14 1
5 20 1
-10 2 1
-16 13 1
2 26 1
10 19 1
5 26 1
19 23 1
11 14 1
-4 1 1
14 19 1
-3 16 1
9 10 1
-3 28 1
-10 5 1
-8 17 1
11 22 1
3 7 1
-18 1 1
13 26 1
15 20 1
-1 28 1
14 8 1
-1 23 1
16 4 1
19 7 1
12 16 1
13 13 1
11 10 1
-9 20 1
-10 23 1
-3 4 1
12 5 1
-2 10 1
17 10 1
0 1 1
11 29 1
-10 7 1
-12 5 1
7 26 1
-16 17 1
-1 29 1
-2 26 1
13 10 1
-14 2 1
5 11 1
16 14 1
17 5 1
-8 20 1
-6 26 1
5 5 1
5 16 1
17 4 1
-17 20 1
5 13 1
11 7 1
8 17 1
-1 10 1
14 17 1
-5 17 1
7 11 1
-2 17 1
4 14 1
11 20 1
13 5 1
14 13 1
10 26 1
-15 23 1
-12 28 1
0 25 1
-16 5 1
13 16 1
-19 1 1
-16 29 1
-2 19 1
12 14 1
1 26 1
19 14 1
7 4 1
17 17 1
2 20 1
7 7 1
12 28 1
-7 5 1
-5 8 1
10 5 1
19 1 1
-5 2 1
-8 2 1
-1 11 1
-5 29 1
5 2 1
12 25 1
-11 13 1
6 5 1
7 8 1
-11 11 1
0 16 1
6 20 1
3 20 1
-14 23 1
-1 2 1
-3 19 1
-17 19 1
5 29 1
7 19 1
19 29 1
8 28 1
8 16 1
-13 2 1
-17 29 1
13 20 1
19 5 1
-17 17 1
13 14 1
-14 17 1
10 13 1
18 5 1
7 20 1
-11 19 1
1 22 1
-16 25 1
-4 2 1
6 8 1
10 2 1
8 14 1
-13 20 1
-3 8 1
18 25 1
1 14 1
-18 26 1
8 10 1
8 19 1
-1 17 1
2 7 1
