280
-19 13 1
16 1 1
-10 7 1
-3 5 1
17 11 1
12 7 1
-12 10 1
2 8 1
8 13 1
-6 4 1
-12 1 1
-1 7 1
-2 10 1
9 8 1
-20 10 1
-13 7 1
-3 13 1
12 11 1
-18 14 1
7 7 1
5 10 1
1 8 1
-11 11 1
-7 4 1
-14 8 1
-10 14 1
9 14 1
-15 10 1
-1 10 1
-17 5 1
4 10 1
-20 11 1
5 2 1
-12 14 1
8 1 1
-6 14 1
19 8 1
-4 11 1
-15 5 1
0 5 1
5 11 1
-2 4 1
8 2 1
-14 4 1
5 1 1
-10 4 1
14 11 1
13 8 1
-16 4 1
-16 1 1
16 11 1
-13 5 1
14 8 1
-5 1 1
3 8 1
18 1 1
1 13 1
8 11 1
-5 13 1
9 13 1
2 10 1
-8 11 1
14 1 1
4 14 1
7 4 1
0 1 1
14 7 1
-16 10 1
-1 13 1
14 10 1
9 11 1
0 8 1
0 11 1
-6 13 1
-7 8 1
-11 7 1
4 11 1
17 2 1
-20 4 1
-4 5 1
-15 7 1
-9 13 1
8 4 1
-17 7 1
1 5 1
-9 10 1
-12 11 1
-2 11 1
-15 4 1
8 10 1
-2 2 1
15 1 1
-15 8 1
-4 13 1
9 10 1
-19 7 1
13 14 1
-5 4 1
18 14 1
11 11 1
15 14 1
-3 10 1
6 1 1
11 5 1
7 13 1
2 5 1
-15 11 1
-12 8 1
-13 11 1
-5 7 1
14 5 1
6 13 1
0 7 1
-20 1 1
-1 11 1
7 14 1
14 2 1
12 5 1
2 7 1
2 13 1
-20 13 1
10 10 1
-18 7 1
3 14 1
-20 14 1
-12 4 1
-5 10 1
-17 2 1
-11 14 1
5 5 1
-14 10 1
4 4 1
10 4 1
18 10 1
-10 13 1
17 13 1
13 2 1
-15 13 1
-14 5 1
18 5 1
-17 1 1
-8 7 1
3 7 1
10 1 1
-15 1 1
4 13 1
-7 11 1
17 5 1
19 7 1
17 1 1
-8 14 1
-19 4 1
4 8 1
3 1 1
-14 14 1
4 1 1
-11 1 1
-13 14 1
17 7 1
-17 13 1
-4 8 1
19 13 1
3 2 1
3 11 1
-11 10 1
14 14 1
-2 1 1
12 10 1
-12 13 1
-14 2 1
8 5 1
-16 14 1
-20 8 1
15 2 1
10 5 1
18 2 1
6 5 1
12 8 1
2 11 1
-5 5 1
-2 13 1
-1 8 1
15 7 1
-7 13 1
1 7 1
-10 11 1
-19 14 1
-19 2 1
-12 2 1
11 7 1
10 13 1
16 13 1
7 2 1
-17 10 1
1 4 1
-13 10 1
-16 7 1
-16 13 1
11 4 1
-1 2 1
13 4 1
-4 10 1
13 13 1
16 5 1
7 5 1
17 10 1
-7 5 1
-11 13 1
19 14 1
-3 4 1
-6 1 1
14 13 1
-2 5 1
19 11 1
-7 1 1
-3 14 1
-8 10 1
-17 14 1
-15 2 1
1 1 1
-19 8 1
-18 11 1
-9 1 1
-3 8 1
16 14 1
2 2 1
-5 8 1
1 11 1
-18 8 1
-3 2 1
-12 7 1
6 14 1
11 10 1
7 11 1
-7 2 1
15 4 1
15 10 1
-4 7 1
-16 2 1
-6 11 1
-8 13 1
-9 8 1
13 7 1
9 5 1
2 4 1
10 2 1
4 5 1
-9 4 1
4 2 1
-13 4 1
9 1 1
18 11 1
-18 5 1
11 8 1
1 14 1
17 4 1
6 7 1
-10 1 1
-1 1 1
13 11 1
-13 2 1
-7 14 1
-3 1 1
18 4 1
-7 7 1
-10 8 1
-4 4 1
-8 5 1
11 2 1
-18 13 1
-6 7 1
-16 5 1
4 7 1
-12 5 1
6 4 1
-6 2 1
12 2 1
12 4 1
-8 8 1
12 1 1
