500
-18 26 1
6 20 1
-15 13 1
8 28 1
19 22 1
-11 20 1
22 11 1
-25 16 1
-17 10 1
21 23 1
3 16 1
-7 16 1
-9 4 1
-26 16 1
-6 8 1
3 1 1
12 25 1
-19 13 1
-6 2 1
0 17 1
-16 5 1
-28 13 1
13 10 1
28 8 1
15 25 1
-11 10 1
-13 4 1
-21 4 1
11 22 1
-6 22 1
14 5 1
19 17 1
6 14 1
1 28 1
16 4 1
-28 16 1
-29 19 1
-18 1 1
4 13 1
0 5 1
-25 19 1
27 23 1
2 23 1
-13 13 1
2 28 1
-24 4 1
-27 2 1
-22 2 1
7 5 1
-1 11 1
-10 14 1
-9 1 1
-22 16 1
7 10 1
-26 8 1
17 14 1
19 20 1
-23 22 1
28 7 1
-20 4 1
15 10 1
-27 5 1
-22 5 1
-29 28 1
-24 20 1
27 20 1
12 5 1
-9 17 1
6 28 1
9 26 1
15 14 1
15 19 1
6 4 1
-24 28 1
14 14 1
-2 16 1
26 17 1
-7 1 1
-9 19 1
-12 19 1
-14 25 1
-10 26 1
-6 10 1
-9 26 1
11 17 1
-25 22 1
-6 16 1
4 11 1
-5 19 1
-23 16 1
-20 19 1
17 7 1
-4 5 1
-28 14 1
27 16 1
11 16 1
-15 14 1
-21 8 1
11 7 1
-3 11 1
-18 22 1
-13 16 1
-14 5 1
6 17 1
-23 4 1
-10 10 1
1 7 1
-6 17 1
-6 7 1
23 23 1
28 1 1
2 11 1
7 17 1
10 5 1
-13 1 1
-15 26 1
12 11 1
-6 14 1
5 22 1
-18 14 1
-9 22 1
-6 26 1
-20 22 1
18 2 1
25 28 1
7 7 1
15 13 1
20 2 1
3 26 1
21 8 1
-12 17 1
14 23 1
-22 19 1
27 17 1
-11 11 1
-5 26 1
5 28 1
-29 4 1
13 4 1
18 5 1
-11 28 1
-9 2 1
13 11 1
-15 10 1
8 19 1
-21 7 1
0 16 1
-29 22 1
-16 13 1
-14 2 1
-4 23 1
-7 22 1
-19 20 1
4 23 1
-19 5 1
6 23 1
9 16 1
-16 14 1
-14 7 1
7 23 1
-9 28 1
-17 17 1
18 22 1
18 14 1
-7 23 1
5 17 1
26 23 1
3 14 1
-3 28 1
1 26 1
13 16 1
6 7 1
6 11 1
-2 22 1
-11 26 1
-22 17 1
-25 20 1
-3 8 1
-6 23 1
-13 10 1
1 23 1
20 4 1
27 8 1
21 17 1
-24 7 1
27 2 1
10 14 1
-14 16 1
1 13 1
20 25 1
24 5 1
-23 1 1
17 16 1
-27 17 1
8 5 1
-13 8 1
13 25 1
-25 2 1
-5 20 1
-14 13 1
23 14 1
14 22 1
-24 17 1
6 26 1
-8 26 1
-22 4 1
-2 7 1
14 16 1
-2 8 1
22 14 1
22 8 1
-23 19 1
-26 10 1
-17 25 1
-10 13 1
-1 26 1
15 7 1
28 4 1
14 8 1
-11 4 1
9 4 1
-18 5 1
-23 13 1
1 22 1
21 1 1
-23 11 1
-19 16 1
20 20 1
17 17 1
19 1 1
-1 17 1
27 28 1
24 2 1
18 11 1
-4 26 1
-25 23 1
24 8 1
-19 7 1
-16 4 1
-29 8 1
-27 20 1
26 10 1
3 7 1
-1 28 1
26 5 1
-9 23 1
-20 16 1
26 20 1
-21 16 1
-17 19 1
27 4 1
23 28 1
-13 5 1
16 14 1
10 7 1
-14 28 1
16 20 1
12 19 1
-29 11 1
-26 4 1
9 28 1
16 5 1
9 11 1
28 20 1
9 20 1
-25 5 1
-11 8 1
-11 7 1
3 22 1
11 25 1
24 11 1
22 4 1
19 5 1
28 28 1
20 22 1
-24 14 1
-14 22 1
-20 1 1
-6 19 1
12 14 1
-4 2 1
5 25 1
18 25 1
-26 23 1
28 14 1
23 13 1
15 5 1
-8 16 1
-8 25 1
1 25 1
-7 20 1
-9 11 1
22 2 1
-15 22 1
-1 8 1
23 19 1
-18 8 1
11 13 1
-22 26 1
-4 19 1
28 10 1
-15 7 1
-11 23 1
11 11 1
27 25 1
-13 20 1
-7 25 1
19 8 1
5 26 1
-2 5 1
-14 23 1
-19 4 1
-11 1 1
22 1 1
5 7 1
-16 8 1
25 23 1
-1 23 1
22 17 1
-4 20 1
7 19 1
14 1 1
-11 2 1
1 20 1
-16 2 1
10 1 1
-9 16 1
-8 23 1
12 10 1
-17 23 1
10 23 1
16 1 1
6 19 1
-14 10 1
18 7 1
-10 8 1
9 14 1
14 20 1
-22 28 1
20 5 1
10 4 1
23 4 1
-12 4 1
11 20 1
-27 8 1
13 8 1
-26 22 1
22 5 1
-10 20 1
-12 5 1
16 17 1
20 13 1
18 23 1
-12 28 1
22 26 1
15 8 1
16 8 1
26 26 1
-22 8 1
-10 23 1
-28 11 1
-17 20 1
-28 10 1
-8 13 1
-1 5 1
-17 14 1
8 16 1
10 20 1
-12 1 1
17 13 1
7 11 1
-1 22 1
-24 11 1
-21 13 1
21 19 1
-1 16 1
9 10 1
-23 2 1
4 14 1
21 25 1
26 4 1
0 7 1
-14 20 1
15 28 1
-18 19 1
7 25 1
-23 20 1
-4 1 1
18 4 1
-26 5 1
11 19 1
-25 14 1
-14 17 1
-25 11 1
-20 7 1
-17 22 1
-27 10 1
23 22 1
-28 7 1
-19 11 1
-20 13 1
20 10 1
3 8 1
-16 26 1
16 10 1
-16 22 1
5 4 1
-26 25 1
-27 16 1
19 19 1
8 20 1
-23 5 1
8 23 1
24 22 1
-19 26 1
-25 25 1
13 1 1
4 10 1
5 19 1
-8 17 1
3 4 1
3 17 1
-9 5 1
12 28 1
-2 4 1
0 28 1
-21 26 1
8 22 1
-9 7 1
-9 10 1
12 13 1
-1 4 1
-13 25 1
-7 2 1
-14 11 1
15 20 1
6 13 1
21 11 1
11 26 1
27 13 1
5 10 1
22 28 1
-18 11 1
-24 1 1
-15 11 1
24 13 1
-3 2 1
14 2 1
-17 4 1
-24 23 1
-25 13 1
-7 19 1
6 22 1
25 10 1
-3 22 1
1 5 1
-23 28 1
23 1 1
11 28 1
-15 8 1
-28 1 1
-8 10 1
27 5 1
1 19 1
9 1 1
2 22 1
-7 8 1
-7 7 1
24 26 1
-24 8 1
-29 7 1
-2 11 1
8 13 1
-28 5 1
-24 2 1
-2 28 1
27 26 1
4 7 1
14 7 1
6 16 1
-21 22 1
3 19 1
23 25 1
25 25 1
-1 2 1
16 16 1
-24 22 1
-17 11 1
16 13 1
-2 14 1
-2 19 1
-4 13 1
1 11 1
-3 10 1
22 25 1
-4 4 1
-12 8 1
-5 1 1
-27 23 1
6 25 1
