500
-14 7 1
1 14 1
-4 7 1
-4 2 1
-22 13 1
-9 25 1
25 5 1
17 16 1
18 26 1
15 2 1
18 29 1
24 29 1
-27 20 1
3 23 1
-11 10 1
-2 22 1
-14 16 1
8 11 1
-20 1 1
-13 26 1
4 23 1
19 5 1
-11 22 1
-20 23 1
16 5 1
1 10 1
18 23 1
-8 17 1
20 28 1
21 10 1
-1 25 1
16 26 1
-21 26 1
7 11 1
17 10 1
-22 2 1
-9 29 1
27 2 1
5 28 1
-24 19 1
23 17 1
8 19 1
19 25 1
23 23 1
-1 8 1
-6 13 1
24 13 1
-21 28 1
10 8 1
-8 14 1
-15 8 1
-25 13 1
-11 2 1
-17 23 1
3 17 1
-3 10 1
-14 26 1
-7 14 1
-17 29 1
8 25 1
-4 28 1
-8 2 1
-14 1 1
27 29 1
22 11 1
4 7 1
5 29 1
-17 10 1
-13 13 1
-19 22 1
21 14 1
15 5 1
5 5 1
22 19 1
13 22 1
21 25 1
-17 22 1
27 5 1
-23 29 1
9 25 1
6 14 1
-28 11 1
-8 16 1
-22 23 1
-15 7 1
-28 5 1
10 23 1
-29 28 1
-2 1 1
5 20 1
-20 4 1
-8 5 1
-25 23 1
-26 11 1
23 5 1
17 1 1
-14 20 1
0 25 1
6 10 1
22 26 1
-17 7 1
-11 1 1
8 1 1
-2 10 1
3 28 1
-13 5 1
25 1 1
21 20 1
-22 20 1
13 17 1
-3 8 1
-21 7 1
-27 29 1
-2 25 1
-17 25 1
2 20 1
-15 2 1
-6 4 1
-6 23 1
-3 17 1
-12 16 1
-14 10 1
-23 8 1
-2 14 1
-21 2 1
14 28 1
-22 29 1
25 2 1
-7 1 1
-2 28 1
27 26 1
-29 26 1
25 4 1
-16 22 1
27 19 1
15 29 1
-21 8 1
24 25 1
-16 8 1
7 25 1
-14 2 1
-24 14 1
19 20 1
-29 8 1
-20 11 1
6 8 1
-19 7 1
-12 8 1
-8 1 1
-24 29 1
22 8 1
-21 25 1
-7 28 1
-8 29 1
10 26 1
-13 23 1
-9 2 1
26 7 1
-17 1 1
-4 14 1
-1 20 1
26 14 1
12 4 1
4 25 1
-10 8 1
-9 14 1
-4 1 1
4 11 1
16 10 1
-24 1 1
3 5 1
-12 22 1
-17 28 1
21 28 1
5 22 1
-18 4 1
26 26 1
-25 7 1
15 11 1
17 23 1
-5 8 1
18 8 1
24 5 1
6 2 1
-12 25 1
18 16 1
-8 25 1
-10 22 1
-4 26 1
16 16 1
-27 16 1
23 11 1
0 26 1
19 16 1
17 25 1
-3 29 1
11 13 1
-4 8 1
19 11 1
22 22 1
-3 7 1
26 13 1
26 10 1
10 5 1
3 22 1
-27 11 1
-29 17 1
-16 11 1
-18 11 1
-6 5 1
7 1 1
27 28 1
-5 29 1
-7 26 1
24 23 1
1 11 1
8 26 1
-7 29 1
-28 1 1
-22 4 1
-14 5 1
-9 13 1
24 11 1
3 16 1
-13 7 1
-12 26 1
-10 28 1
9 20 1
-3 5 1
-2 13 1
-3 14 1
5 8 1
-3 13 1
5 10 1
14 26 1
12 29 1
27 14 1
2 17 1
10 10 1
-6 25 1
0 8 1
-6 29 1
-2 11 1
-12 28 1
-13 29 1
23 4 1
15 19 1
11 2 1
-23 5 1
-1 23 1
4 29 1
25 14 1
1 8 1
0 2 1
24 8 1
-16 14 1
12 20 1
-24 7 1
24 16 1
18 2 1
-28 17 1
21 17 1
-11 5 1
-5 17 1
13 16 1
-29 25 1
-4 10 1
20 22 1
-20 10 1
13 19 1
5 16 1
8 7 1
-29 11 1
-18 14 1
-11 8 1
-5 13 1
3 7 1
-27 25 1
-27 22 1
17 5 1
16 7 1
1 22 1
27 17 1
11 7 1
-1 19 1
13 29 1
16 20 1
-20 16 1
-29 2 1
9 19 1
22 14 1
21 2 1
-19 25 1
0 23 1
-2 29 1
-25 4 1
-15 1 1
9 7 1
-9 10 1
-2 5 1
-1 2 1
-25 10 1
-1 1 1
-17 26 1
21 26 1
6 23 1
22 23 1
12 11 1
28 17 1
-5 19 1
-18 26 1
-7 2 1
1 17 1
-25 26 1
10 4 1
18 14 1
-9 23 1
-22 25 1
-23 4 1
-11 29 1
-14 8 1
8 20 1
-5 1 1
-25 25 1
-6 16 1
25 20 1
6 16 1
9 26 1
25 22 1
-23 19 1
7 13 1
22 25 1
18 25 1
22 2 1
3 20 1
13 23 1
-5 28 1
25 26 1
10 25 1
10 11 1
-19 17 1
18 19 1
6 19 1
-23 1 1
14 25 1
9 23 1
-4 16 1
-18 23 1
-14 19 1
8 17 1
12 28 1
1 19 1
-9 11 1
2 5 1
0 19 1
-22 5 1
-2 17 1
17 2 1
19 8 1
-5 4 1
-25 20 1
19 28 1
-28 10 1
-12 17 1
20 14 1
-22 28 1
28 11 1
-18 10 1
2 22 1
1 26 1
18 20 1
-18 22 1
-28 22 1
22 1 1
15 7 1
21 7 1
27 8 1
-29 19 1
-17 13 1
-11 13 1
-29 14 1
1 29 1
-15 19 1
23 16 1
6 25 1
-16 1 1
-27 14 1
-14 23 1
-15 16 1
21 4 1
11 11 1
-19 14 1
-6 10 1
17 26 1
23 8 1
-26 7 1
-23 11 1
-19 28 1
-21 5 1
11 8 1
23 25 1
-14 14 1
-20 7 1
-22 14 1
11 25 1
28 16 1
2 23 1
-29 16 1
-23 26 1
9 28 1
-12 23 1
27 7 1
16 4 1
-17 20 1
-2 7 1
-25 29 1
4 1 1
-24 25 1
-7 19 1
27 22 1
-25 11 1
4 19 1
-18 16 1
17 13 1
2 29 1
-16 7 1
-23 16 1
-9 17 1
0 17 1
-26 29 1
24 1 1
20 20 1
-1 13 1
-3 19 1
7 29 1
5 1 1
4 22 1
-10 4 1
9 8 1
-13 2 1
1 5 1
7 10 1
25 25 1
5 14 1
12 13 1
15 4 1
3 10 1
-28 7 1
-22 1 1
-2 8 1
8 14 1
24 28 1
-27 1 1
-18 20 1
25 13 1
23 26 1
-18 28 1
-11 20 1
24 26 1
6 26 1
-16 16 1
-2 23 1
-22 7 1
2 11 1
2 2 1
17 14 1
-10 16 1
-21 17 1
-23 17 1
-19 2 1
9 2 1
23 1 1
-5 25 1
20 29 1
-26 4 1
5 23 1
-8 19 1
-22 8 1
-19 29 1
-18 8 1
19 17 1
27 25 1
-3 28 1
14 2 1
14 13 1
-8 7 1
28 22 1
-15 28 1
0 20 1
4 20 1
9 29 1
13 13 1
-4 5 1
-19 26 1
-13 14 1
8 2 1
12 19 1
-24 16 1
-4 22 1
-24 17 1
