500
893146 348203 1
793972 911236 1
-650287 148642 1
404917 477787 1
-491362 73844 1
-642807 526441 1
-814810 683626 1
-868975 802330 1
-913882 380888 1
-303018 471361 1
571213 132436 1
769885 133873 1
185198 172982 1
-623516 988795 1
-717812 811243 1
-570309 799946 1
157279 279943 1
-746746 217405 1
-909948 342263 1
298155 621365 1
-120037 218798 1
-935198 474005 1
164200 998284 1
-910539 385826 1
898645 838352 1
189599 756923 1
173123 740941 1
-715428 985576 1
-25792 957955 1
-587377 292213 1
641260 54034 1
-966552 385520 1
-254688 646807 1
855326 502604 1
-445123 368080 1
-296392 861637 1
441161 992654 1
852835 580720 1
-656257 214253 1
369429 509857 1
-562841 551158 1
-223706 419806 1
699755 972520 1
774529 222283 1
221524 355613 1
-400803 591701 1
186778 901499 1
-155882 154940 1
209229 144851 1
-532821 173749 1
343478 484363 1
705867 879700 1
598348 414947 1
-381721 974042 1
587314 860641 1
256646 847759 1
432041 528367 1
632839 543356 1
263580 798697 1
-615404 701860 1
-335055 388700 1
379758 815267 1
598730 338603 1
-601499 49501 1
-218714 910502 1
-240695 882173 1
-323301 462071 1
198199 416350 1
160442 380989 1
542065 336050 1
-588439 384724 1
-583343 80327 1
-134704 250247 1
321089 720739 1
-90294 845690 1
-527415 647858 1
-708585 744694 1
96914 761377 1
864093 950317 1
-259327 59972 1
-964468 547280 1
572295 809890 1
692914 980249 1
-382615 598414 1
222636 437186 1
-324198 348329 1
761035 516562 1
62386 16936 1
899857 516295 1
199625 64553 1
-883280 459221 1
360923 112159 1
575380 15715 1
424063 550775 1
475416 346276 1
782354 194020 1
-675262 74048 1
-488792 917527 1
-201075 737269 1
199272 909019 1
-933744 597304 1
306189 249727 1
-876171 587443 1
961022 867530 1
358748 191266 1
798299 923660 1
-166793 366145 1
-212085 157571 1
194271 313061 1
-564598 601105 1
-630754 169174 1
-649217 462538 1
485025 591742 1
860786 805754 1
756765 399049 1
-716445 181916 1
962294 303949 1
209132 946001 1
-21511 822443 1
-586191 865592 1
-656399 987580 1
-792811 925160 1
-688884 752726 1
-46343 919672 1
-907311 437773 1
-8772 237281 1
99651 422350 1
662618 310918 1
-168814 564320 1
-910052 873061 1
-217780 527801 1
-596746 865034 1
533194 738856 1
362741 798298 1
526790 954241 1
687177 71716 1
793294 977467 1
-357178 457250 1
253021 817555 1
-661325 58390 1
11287 885761 1
-532685 160058 1
-950268 300122 1
-378106 666703 1
301234 590143 1
-234812 374402 1
583968 61754 1
216962 937610 1
-979704 583378 1
-201388 406417 1
-367364 388781 1
-822304 656063 1
907359 24325 1
-461641 879964 1
377039 560899 1
-700722 403322 1
504067 19919 1
-711670 718420 1
-732261 680789 1
487011 158077 1
-66859 561157 1
-349093 919793 1
780878 344780 1
-712057 198976 1
-263175 588263 1
-254364 378242 1
-893515 96022 1
-658558 12134 1
481084 686857 1
-207713 640612 1
-287019 689569 1
-273652 158260 1
149200 74308 1
-993014 733960 1
-415515 364783 1
-98204 455384 1
-595838 972532 1
247964 917276 1
308860 632470 1
718848 691181 1
400317 737740 1
-572616 764641 1
-807942 824969 1
197241 800872 1
273309 877465 1
-512188 66149 1
918069 628256 1
-970908 421222 1
-804507 857477 1
-309275 572129 1
-176260 805685 1
-279046 456808 1
-792406 510713 1
-462380 530462 1
970630 250987 1
-92268 146015 1
-642312 980114 1
145142 216094 1
378293 833524 1
-470627 713638 1
-34151 309121 1
-42695 340003 1
-683159 768823 1
-4211 326362 1
-514366 720571 1
853734 90184 1
115418 739207 1
470406 512869 1
-104852 907771 1
62314 825824 1
-331015 891319 1
-937957 765433 1
-579284 806737 1
114550 400688 1
605083 642397 1
-760696 181046 1
28233 32065 1
255509 364921 1
22895 609119 1
216219 593449 1
567782 161702 1
-722567 629422 1
-697739 460006 1
-728935 741224 1
-896122 591569 1
350811 885419 1
807100 792907 1
847500 613871 1
378418 758411 1
398241 219250 1
-45947 856411 1
982341 68987 1
-954478 845662 1
111455 880565 1
482357 945436 1
852382 498653 1
-107787 346228 1
174636 109096 1
341510 759989 1
-284839 447587 1
-361532 921322 1
851426 82636 1
-144080 577502 1
701276 405848 1
-866911 331738 1
823824 894055 1
-675799 497080 1
496965 165788 1
373550 243629 1
333828 279665 1
217104 270925 1
648274 814552 1
-584353 108391 1
-101550 397688 1
412469 528967 1
882812 73654 1
998316 845012 1
83500 436693 1
241058 929296 1
-283189 786554 1
495670 659266 1
-877440 174887 1
-707478 904304 1
844541 866090 1
-318075 245753 1
420982 200560 1
131358 705388 1
944809 375788 1
60950 790889 1
811020 561673 1
-228742 109448 1
-535709 836746 1
527314 395692 1
-139150 417628 1
-593526 278072 1
125636 617764 1
-239493 332531 1
-903611 661648 1
821879 185756 1
-598165 989510 1
433891 355726 1
880599 935246 1
-349176 601865 1
572812 432127 1
-223993 967951 1
387700 421438 1
-483185 24052 1
326770 767431 1
713342 507196 1
992892 976075 1
-821500 960547 1
-148066 937070 1
105768 29014 1
-17032 103484 1
417636 312191 1
794205 795653 1
835039 694099 1
996400 944942 1
649042 950677 1
-727256 928453 1
-971308 603131 1
63416 469600 1
-692598 60688 1
51205 537746 1
594524 378104 1
34771 69697 1
184174 970951 1
-739046 794528 1
969612 778003 1
374417 343285 1
804434 596113 1
733782 153293 1
613448 48206 1
-684885 195949 1
-773014 129658 1
-530703 460790 1
-839765 706760 1
-83772 92281 1
-734316 531734 1
599234 642785 1
-172284 941926 1
970015 493511 1
335382 284939 1
-15594 989288 1
-710431 758176 1
-175785 602957 1
-262376 379360 1
-733121 520777 1
62752 926074 1
-385820 324613 1
-72774 118778 1
706719 362767 1
64220 525830 1
84688 759881 1
432879 741785 1
-962677 937255 1
-340781 578050 1
-82663 100825 1
-188572 213770 1
247749 375505 1
-716197 747157 1
-175032 40910 1
333230 18613 1
-995661 559111 1
-541733 406471 1
798124 15878 1
795024 234850 1
-161030 882701 1
445260 883343 1
767993 93070 1
422630 7256 1
-184461 567304 1
-31794 410072 1
-124776 874348 1
-209992 378899 1
810636 177575 1
188593 255253 1
-456552 606182 1
-742988 884905 1
-494466 686840 1
100654 636149 1
618148 134740 1
-623481 291940 1
248633 962026 1
206986 953605 1
-745005 244271 1
249223 178378 1
158329 581605 1
558786 591034 1
961762 816443 1
-453462 276046 1
973913 312022 1
901125 77044 1
-854980 870925 1
-343060 801025 1
658669 868403 1
612139 947192 1
490086 993005 1
258136 682591 1
610768 818170 1
742199 635596 1
-14093 918539 1
-241910 543962 1
342155 133384 1
-745046 854827 1
144265 182657 1
-983090 795487 1
-434292 974770 1
924773 668426 1
-569887 320048 1
-920889 877927 1
-536772 982700 1
-594281 245933 1
-543622 760748 1
227970 439882 1
106121 550225 1
151115 703112 1
-20382 179942 1
541850 997442 1
35176 885992 1
205410 377497 1
-565975 772906 1
-12015 92438 1
68793 628520 1
42861 155062 1
305108 31496 1
734746 732713 1
-887029 904157 1
-509829 303584 1
-869142 779549 1
603265 292685 1
-424275 421901 1
-780288 778873 1
-64145 782287 1
829494 78689 1
-388445 571066 1
-422214 183689 1
-757518 236629 1
-874249 733519 1
-584664 73499 1
791600 505115 1
-118976 649933 1
-816483 477374 1
-976912 687568 1
487590 567956 1
609882 943661 1
987179 881525 1
598052 398434 1
434535 389903 1
984494 768652 1
-489168 436171 1
985169 54403 1
795688 358795 1
499889 657604 1
986737 576194 1
-210181 158869 1
-77199 670231 1
854640 422803 1
-198253 71738 1
-996181 497620 1
276851 821623 1
-658180 13477 1
-881350 849995 1
-332958 749827 1
848855 622840 1
307212 325910 1
-891491 532283 1
-269996 152293 1
-755276 527417 1
-67831 853463 1
207469 777223 1
419070 480748 1
828449 798571 1
-657341 130598 1
-974357 125848 1
720578 410500 1
635621 195503 1
615132 839356 1
575558 817010 1
958915 174974 1
-168814 487100 1
66551 740722 1
155616 146525 1
-917817 806641 1
-771238 593993 1
58945 361196 1
32679 776252 1
651622 489917 1
988669 334195 1
524334 868541 1
207938 515872 1
270100 186970 1
773916 423422 1
768502 229988 1
337326 70546 1
483111 26845 1
611370 261013 1
-242778 616834 1
-782596 738146 1
331328 827204 1
67353 918064 1
-765700 768115 1
805119 44479 1
-814774 577361 1
-461226 339770 1
543891 236666 1
-328517 747292 1
851933 44218 1
-291568 429310 1
-339455 420520 1
-632035 436972 1
816533 622861 1
478792 750284 1
-467629 572354 1
665285 799441 1
503360 393388 1
70205 888161 1
935780 84962 1
882585 848294 1
983511 100951 1
