500
18 7 1
-91 8 1
-3 4 1
62 3 1
-32 5 1
-100 5 1
-59 3 1
54 1 1
-21 9 1
-23 4 1
47 3 1
95 3 1
78 10 1
3 9 1
30 8 1
-78 1 1
-82 2 1
67 8 1
-85 1 1
-14 6 1
-19 10 1
-86 4 1
-79 1 1
58 10 1
65 5 1
72 6 1
62 1 1
3 5 1
-20 1 1
-73 9 1
-71 2 1
-54 10 1
29 10 1
25 8 1
70 8 1
-73 8 1
77 4 1
-19 1 1
-57 3 1
2 3 1
-97 1 1
-78 2 1
-71 8 1
-68 10 1
-38 1 1
55 5 1
80 1 1
44 3 1
-60 6 1
-62 10 1
15 7 1
23 10 1
-92 4 1
-53 3 1
-30 7 1
1 4 1
-50 10 1
17 1 1
39 8 1
15 3 1
9 3 1
41 6 1
-66 6 1
-24 10 1
-14 9 1
-92 8 1
-42 3 1
-11 10 1
17 3 1
-49 3 1
18 3 1
-90 10 1
-40 6 1
-5 2 1
53 1 1
86 9 1
9 1 1
-83 9 1
-4 5 1
4 8 1
31 4 1
-11 3 1
-77 8 1
-40 8 1
-91 2 1
78 9 1
-12 7 1
-45 10 1
75 8 1
8 7 1
24 3 1
91 8 1
15 6 1
-72 3 1
-74 4 1
-78 9 1
99 10 1
60 8 1
42 6 1
76 6 1
-28 6 1
87 8 1
28 6 1
-37 9 1
-5 5 1
82 2 1
-66 8 1
26 7 1
-80 7 1
-28 7 1
21 7 1
-63 3 1
55 3 1
65 9 1
49 8 1
83 5 1
-51 3 1
91 10 1
55 8 1
-85 10 1
-69 2 1
-19 4 1
67 1 1
-66 9 1
19 2 1
95 5 1
35 10 1
-38 2 1
90 9 1
37 10 1
-97 7 1
-68 4 1
-94 10 1
28 7 1
-30 2 1
61 1 1
-47 9 1
48 6 1
45 8 1
81 1 1
-99 5 1
-7 7 1
24 8 1
50 6 1
21 3 1
7 9 1
-47 5 1
-74 10 1
1 5 1
-50 4 1
-64 5 1
66 4 1
-67 1 1
30 2 1
83 1 1
90 7 1
-49 4 1
13 8 1
-72 8 1
-98 3 1
0 10 1
16 4 1
77 7 1
87 6 1
79 10 1
-94 3 1
79 2 1
-72 9 1
-33 5 1
-39 5 1
-14 8 1
-14 1 1
-16 5 1
-30 9 1
-58 9 1
46 8 1
-56 5 1
70 6 1
87 9 1
-51 10 1
17 4 1
12 6 1
-75 4 1
52 6 1
-70 2 1
80 8 1
-99 9 1
81 7 1
55 4 1
6 7 1
47 9 1
-30 3 1
44 8 1
59 2 1
13 2 1
-32 7 1
-19 8 1
35 7 1
49 9 1
72 5 1
-20 7 1
53 9 1
51 2 1
-1 9 1
-15 4 1
-56 1 1
-1 10 1
-82 4 1
-17 6 1
-86 2 1
-26 5 1
-66 1 1
-26 2 1
-4 7 1
62 7 1
-53 2 1
-3 2 1
-83 10 1
-17 1 1
36 7 1
-46 7 1
88 5 1
84 2 1
34 9 1
-93 5 1
-90 3 1
62 6 1
-6 8 1
-51 7 1
-24 1 1
55 2 1
52 9 1
-78 4 1
35 6 1
28 2 1
-52 4 1
52 10 1
-31 8 1
56 8 1
41 3 1
80 10 1
67 7 1
25 5 1
-22 9 1
41 4 1
82 9 1
-72 6 1
73 7 1
21 10 1
-49 9 1
55 1 1
33 7 1
-18 4 1
99 5 1
-85 9 1
35 3 1
-71 6 1
-39 4 1
16 2 1
-18 7 1
-88 6 1
-16 8 1
70 3 1
-31 7 1
15 4 1
47 5 1
38 10 1
14 8 1
70 7 1
-80 10 1
89 5 1
81 5 1
-18 9 1
0 3 1
-32 2 1
-34 10 1
-78 3 1
-85 5 1
11 6 1
53 4 1
-11 6 1
-11 8 1
72 8 1
29 7 1
-1 8 1
29 8 1
-63 5 1
-41 3 1
-83 5 1
-91 3 1
-13 4 1
-88 1 1
81 2 1
42 4 1
60 10 1
32 8 1
40 5 1
-92 1 1
-8 1 1
-75 10 1
71 4 1
32 10 1
-76 4 1
2 1 1
-71 1 1
33 3 1
18 6 1
-36 1 1
13 7 1
-100 9 1
63 3 1
-24 4 1
-24 9 1
-42 6 1
-69 1 1
-12 9 1
-50 7 1
63 6 1
12 3 1
-27 4 1
-46 1 1
-60 7 1
70 2 1
76 2 1
-63 6 1
16 9 1
85 9 1
-75 8 1
-41 1 1
42 1 1
39 4 1
95 10 1
80 4 1
9 8 1
80 7 1
22 8 1
92 9 1
-12 1 1
-95 10 1
-40 1 1
30 9 1
89 2 1
84 7 1
-2 3 1
68 6 1
4 3 1
68 3 1
54 7 1
24 6 1
91 6 1
-65 7 1
-76 2 1
-87 2 1
-89 3 1
21 2 1
-83 6 1
44 4 1
-71 4 1
-53 1 1
-27 10 1
94 6 1
76 8 1
-8 3 1
-60 1 1
31 3 1
-83 8 1
-3 5 1
79 6 1
-30 10 1
56 9 1
22 9 1
-96 1 1
-90 7 1
-48 9 1
-33 9 1
78 3 1
-32 6 1
-35 9 1
76 7 1
-89 4 1
-25 6 1
-39 1 1
24 5 1
-56 9 1
-43 1 1
-43 2 1
-49 10 1
-52 3 1
57 3 1
45 7 1
-28 10 1
76 3 1
75 4 1
-99 7 1
-56 7 1
14 7 1
-47 1 1
-86 1 1
85 8 1
-39 9 1
-50 3 1
37 9 1
28 9 1
37 8 1
-63 4 1
52 8 1
58 2 1
-10 6 1
11 1 1
-8 4 1
65 2 1
-27 1 1
-99 8 1
69 2 1
-89 9 1
23 7 1
-11 7 1
99 2 1
63 1 1
-4 6 1
60 3 1
32 7 1
-36 2 1
-97 4 1
-75 6 1
-48 7 1
60 2 1
74 8 1
-21 4 1
-58 8 1
-17 9 1
18 5 1
-67 10 1
-72 4 1
36 2 1
92 4 1
9 6 1
40 4 1
75 5 1
-64 8 1
-3 6 1
50 1 1
41 8 1
21 8 1
38 7 1
56 7 1
78 6 1
29 6 1
-98 9 1
57 10 1
-44 2 1
75 10 1
-15 5 1
-60 8 1
7 6 1
-94 9 1
82 7 1
77 9 1
-11 5 1
51 10 1
25 3 1
2 8 1
54 5 1
47 1 1
4 4 1
70 9 1
19 3 1
-87 9 1
-64 3 1
-86 3 1
3 10 1
-44 9 1
-86 6 1
-89 10 1
11 3 1
71 1 1
-54 9 1
20 1 1
16 8 1
-38 8 1
96 1 1
-43 4 1
90 4 1
-34 9 1
-71 5 1
62 8 1
-84 3 1
36 3 1
-60 9 1
27 1 1
20 6 1
-21 7 1
12 7 1
94 4 1
76 5 1
56 3 1
-27 5 1
25 1 1
90 3 1
77 1 1
