500
541 88 1
429 1 1
748 75 1
-633 58 1
-746 40 1
463 6 1
580 34 1
63 24 1
-904 45 1
-605 49 1
-697 11 1
-724 41 1
774 30 1
309 81 1
371 82 1
-971 31 1
-713 8 1
342 81 1
474 75 1
260 66 1
583 14 1
-791 5 1
929 3 1
-649 92 1
933 79 1
439 13 1
-527 54 1
-911 26 1
-588 68 1
-932 91 1
407 100 1
-56 14 1
-388 17 1
-551 70 1
-26 99 1
-298 42 1
200 59 1
-94 75 1
514 25 1
-54 45 1
88 30 1
-896 65 1
596 5 1
647 3 1
-113 2 1
-497 91 1
-341 37 1
130 68 1
-524 15 1
-337 64 1
183 75 1
582 13 1
-957 44 1
-524 48 1
-305 47 1
385 9 1
907 70 1
408 67 1
170 72 1
-154 56 1
-289 91 1
198 30 1
-601 85 1
715 67 1
23 95 1
527 99 1
215 80 1
107 61 1
190 64 1
983 28 1
-993 46 1
-717 46 1
-796 75 1
38 5 1
217 52 1
-697 84 1
155 72 1
-551 56 1
-270 58 1
844 44 1
-836 80 1
-623 47 1
652 9 1
413 80 1
594 67 1
257 90 1
-469 76 1
-216 49 1
636 82 1
723 12 1
10 36 1
-431 80 1
-195 44 1
673 61 1
-827 78 1
492 83 1
-3 99 1
-690 47 1
-193 98 1
-875 47 1
-889 41 1
-692 68 1
59 76 1
-71 54 1
-550 62 1
341 95 1
885 52 1
-548 16 1
603 43 1
-459 85 1
680 48 1
-125 96 1
-256 10 1
-627 28 1
519 11 1
-71 62 1
468 95 1
511 44 1
-201 58 1
-483 37 1
200 39 1
998 32 1
-639 9 1
-352 8 1
318 13 1
-162 12 1
-989 5 1
218 75 1
398 35 1
390 22 1
-306 1 1
-652 37 1
-45 96 1
659 7 1
-201 83 1
-804 81 1
-500 42 1
-418 41 1
-552 50 1
-970 92 1
-210 27 1
-286 89 1
-754 23 1
568 95 1
-97 9 1
833 13 1
-694 47 1
619 60 1
378 44 1
-209 73 1
867 10 1
-97 27 1
496 46 1
211 72 1
672 75 1
949 19 1
275 80 1
971 53 1
-64 53 1
645 13 1
682 49 1
7 44 1
980 82 1
680 94 1
-94 60 1
939 57 1
-414 79 1
173 92 1
-998 63 1
255 63 1
-190 53 1
-346 99 1
100 88 1
-335 60 1
-941 36 1
570 81 1
281 98 1
-657 45 1
532 84 1
18 100 1
723 79 1
-897 77 1
557 55 1
-274 69 1
67 33 1
154 14 1
358 99 1
-544 94 1
474 8 1
-694 82 1
-771 66 1
717 7 1
-750 40 1
338 78 1
306 8 1
946 54 1
21 73 1
-716 3 1
-628 85 1
-117 5 1
274 41 1
522 15 1
228 73 1
491 65 1
269 91 1
-336 2 1
855 18 1
169 79 1
-258 68 1
439 36 1
486 79 1
-802 60 1
-721 55 1
417 56 1
759 69 1
842 51 1
-783 23 1
809 80 1
867 40 1
-737 72 1
-411 9 1
875 14 1
984 96 1
-397 76 1
789 73 1
982 35 1
311 15 1
-544 34 1
-821 12 1
591 8 1
-666 35 1
470 94 1
-266 61 1
-177 7 1
-275 75 1
517 22 1
-854 75 1
481 56 1
-502 97 1
181 63 1
-673 99 1
423 79 1
862 19 1
112 47 1
-961 88 1
-11 86 1
-400 16 1
804 39 1
-918 29 1
-270 14 1
-792 86 1
-412 24 1
-764 15 1
444 13 1
467 48 1
-170 8 1
51 10 1
579 55 1
692 99 1
628 45 1
-972 68 1
-949 76 1
-930 99 1
958 46 1
-299 62 1
-756 22 1
-915 21 1
4 27 1
-710 40 1
-557 61 1
-564 69 1
606 83 1
-214 23 1
-239 80 1
-402 92 1
6 86 1
65 75 1
409 88 1
-88 49 1
107 55 1
559 32 1
-44 74 1
-589 29 1
-882 45 1
389 55 1
-241 15 1
-339 41 1
-842 28 1
605 5 1
905 19 1
-201 69 1
-994 99 1
624 41 1
280 27 1
470 45 1
-333 54 1
175 100 1
-765 44 1
916 69 1
57 30 1
29 94 1
551 17 1
-946 35 1
613 19 1
-127 65 1
340 37 1
-314 2 1
-702 43 1
-761 94 1
831 97 1
576 31 1
-225 6 1
190 81 1
399 70 1
-794 2 1
189 24 1
778 68 1
931 21 1
247 51 1
996 39 1
-207 5 1
-215 21 1
-798 63 1
540 28 1
32 47 1
470 61 1
-227 15 1
-554 8 1
-875 12 1
-877 53 1
483 94 1
-285 73 1
388 2 1
843 100 1
335 54 1
-151 21 1
452 71 1
576 2 1
-60 77 1
-940 24 1
-623 99 1
966 97 1
903 74 1
-400 28 1
106 95 1
-908 13 1
-159 87 1
-222 39 1
786 26 1
648 54 1
-737 98 1
-194 77 1
-639 51 1
-958 7 1
-332 95 1
-816 8 1
66 19 1
-75 71 1
52 11 1
-618 86 1
-91 36 1
-180 70 1
88 85 1
130 80 1
-19 95 1
-751 39 1
-801 26 1
-805 31 1
-319 7 1
822 45 1
410 66 1
186 8 1
253 65 1
542 36 1
-867 30 1
-337 10 1
384 7 1
-990 56 1
-894 82 1
812 9 1
-323 66 1
-34 54 1
-905 87 1
822 18 1
60 49 1
-908 52 1
-755 13 1
-823 32 1
441 83 1
22 20 1
361 44 1
-93 27 1
-335 98 1
-50 50 1
182 80 1
-474 1 1
-454 93 1
-296 37 1
-33 75 1
-951 28 1
-214 57 1
148 100 1
-970 44 1
214 12 1
93 61 1
519 55 1
146 88 1
171 66 1
562 55 1
-231 89 1
379 39 1
155 10 1
12 87 1
454 10 1
254 57 1
-309 91 1
-829 77 1
-705 1 1
-370 75 1
8 43 1
562 37 1
-632 65 1
190 98 1
814 68 1
-183 54 1
954 61 1
-166 73 1
880 34 1
-534 36 1
-864 6 1
509 70 1
-763 64 1
46 23 1
-212 90 1
-149 71 1
39 38 1
80 17 1
-142 33 1
-921 19 1
676 27 1
-226 37 1
57 18 1
-853 28 1
-513 54 1
878 49 1
575 21 1
-699 76 1
286 19 1
-268 2 1
-524 68 1
693 95 1
683 29 1
-865 9 1
156 72 1
-461 10 1
-987 87 1
907 54 1
-369 92 1
181 27 1
-769 6 1
-466 25 1
298 6 1
267 61 1
926 87 1
30 83 1
510 71 1
630 64 1
-211 40 1
-378 55 1
-194 54 1
346 15 1
730 42 1
-137 8 1
371 34 1
434 71 1
-968 74 1
67 44 1
377 31 1
-486 9 1
-515 94 1
-207 89 1
-126 39 1
788 96 1
100 15 1
-18 53 1
288 99 1
-234 62 1
-422 22 1
889 48 1
-339 29 1
840 39 1
-141 45 1
132 10 1
533 10 1
41 66 1
532 38 1
-216 56 1
200 36 1
185 69 1
-232 29 1
