500
-31 35 2
-62 12 6
-4 19 1
-18 16 2
-84 68 4
-21 87 5
-57 39 4
-33 41 5
-36 53 3
21 21 6
-11 40 5
0 14 7
61 95 10
-37 40 6
14 41 6
32 8 1
-18 15 10
-73 16 6
74 71 5
-24 93 10
18 100 9
-69 37 5
-26 47 2
56 13 3
-95 24 10
98 9 7
-27 85 1
-8 6 1
78 54 4
-17 73 5
-69 98 8
81 6 6
49 51 10
90 60 1
49 76 5
-92 5 8
37 76 5
40 45 2
14 46 1
-57 94 9
0 28 4
-47 99 7
-14 87 6
46 25 9
16 65 3
34 42 3
99 36 1
-58 61 6
83 25 3
-37 57 8
-38 46 3
97 54 8
-60 31 6
-39 24 4
37 15 3
78 25 2
91 1 8
91 54 2
53 58 4
-72 25 2
19 58 10
-74 61 3
87 22 10
61 66 9
52 36 8
91 83 6
-99 23 1
63 58 9
-72 41 1
46 42 5
4 86 4
-59 62 2
88 100 6
95 45 5
-66 96 3
40 88 9
-1 67 1
-37 16 5
-73 5 3
-72 13 8
-76 8 9
9 90 9
-6 89 2
-1 62 8
-14 39 5
0 70 2
-53 92 6
-53 73 4
0 40 2
-27 93 1
-51 87 7
78 79 6
51 79 8
-57 57 5
75 23 10
87 57 4
34 86 6
22 65 4
41 27 2
-16 34 3
-16 96 4
-35 34 8
90 48 6
56 73 5
-77 46 8
-74 86 6
73 47 1
0 53 9
73 11 4
52 69 1
99 95 7
64 24 7
63 69 1
-87 2 9
-71 57 7
34 77 7
-54 20 6
-33 80 4
9 94 2
68 35 5
-71 92 10
57 24 3
-85 70 4
-16 20 7
23 34 8
58 15 10
94 85 4
-74 8 2
28 82 3
-78 23 5
27 40 7
-58 89 10
10 39 1
-98 37 3
55 35 2
-24 96 7
2 76 1
-90 2 5
44 2 2
-2 22 7
22 32 8
95 89 1
14 42 10
-26 34 9
-25 99 10
49 57 9
31 87 5
-37 64 9
54 54 7
-15 17 3
-67 86 5
-13 42 2
-75 22 6
38 1 10
-31 30 3
-32 32 1
-66 65 2
69 41 6
-55 5 8
66 50 3
0 50 10
-49 39 5
37 78 9
-39 63 3
-40 44 4
0 52 2
91 11 4
85 53 5
43 28 9
-88 58 10
37 67 7
-40 10 6
71 82 4
83 36 10
24 50 3
64 71 9
9 27 4
3 87 8
-11 46 1
-95 86 6
-34 21 10
99 53 7
-95 66 5
79 75 10
4 40 2
28 59 10
15 16 7
93 8 5
-96 54 3
-30 46 8
43 34 5
43 95 9
-80 32 7
69 95 7
-10 62 9
-39 44 1
9 34 9
75 42 3
15 64 2
-40 78 9
64 2 3
-13 12 5
14 93 6
0 74 10
-30 13 3
-63 3 6
65 88 10
-24 20 3
54 67 7
54 97 7
57 14 7
-12 87 2
40 54 7
-1 5 9
68 68 4
24 79 9
47 80 9
67 95 10
91 82 1
0 55 3
5 60 8
40 42 3
-85 96 3
-47 3 6
76 84 4
-51 79 4
-18 83 4
-73 17 4
-19 33 2
-1 59 5
-86 67 3
23 66 1
64 52 3
-9 78 2
-2 72 5
29 52 3
-7 54 5
24 61 9
18 39 10
-91 76 8
79 65 3
-22 85 2
37 12 1
-4 79 4
22 96 10
60 48 3
-73 72 5
70 27 5
52 93 9
-12 27 7
-1 26 3
-41 33 3
46 59 6
23 90 9
-52 72 9
13 99 7
-22 40 10
-2 69 4
30 93 5
2 21 4
-28 26 5
-83 27 7
-44 15 6
-100 14 6
3 28 7
-28 32 5
-2 80 10
-73 54 10
59 20 10
-9 38 6
17 51 3
-72 79 7
-61 96 3
-8 82 1
-87 35 8
25 71 9
23 71 6
98 82 9
-48 60 3
90 50 9
85 12 1
30 34 7
82 67 5
84 27 5
82 32 2
32 1 8
51 93 3
-72 53 2
-15 49 3
4 6 3
83 79 3
69 72 2
-61 13 1
-84 50 10
-56 60 7
49 47 5
-43 51 10
-67 89 4
44 87 1
-27 90 3
-14 78 10
41 53 6
90 40 4
36 20 5
-19 100 1
-74 80 3
1 29 8
32 80 4
25 43 5
79 34 8
93 24 3
-43 70 9
-45 98 8
-45 9 7
45 51 6
58 50 2
-38 73 9
70 38 3
-37 62 6
-84 86 3
-13 60 10
80 52 6
-70 31 8
-70 58 7
41 57 10
37 72 9
98 18 5
86 77 5
-73 6 3
-72 50 2
-9 87 5
38 76 6
85 9 8
26 33 5
-69 7 10
-51 86 10
-74 56 2
-41 28 5
83 75 6
-79 84 5
-46 91 10
-48 75 4
-95 14 4
99 70 6
44 75 3
64 49 6
-93 17 2
20 78 6
-85 86 1
65 17 1
40 57 6
60 62 1
-85 92 7
-98 19 3
96 33 9
-94 79 4
-5 86 4
41 82 2
-53 43 10
-62 98 10
-50 95 4
28 18 6
-26 38 1
80 62 6
-100 5 7
-38 58 7
-76 30 2
0 66 7
88 55 1
22 9 6
-63 2 5
64 68 3
26 7 4
-56 22 5
-34 67 1
-63 19 10
-35 11 6
-75 42 1
74 12 2
60 11 6
-72 5 8
85 7 9
5 4 6
81 73 7
-50 49 4
-91 33 5
53 76 9
88 96 3
80 92 7
-27 47 2
-5 89 4
-13 79 2
88 94 9
34 33 1
-27 37 2
-1 74 1
30 55 6
-5 62 1
-76 47 5
72 4 6
-51 7 9
37 65 5
93 14 3
44 81 6
5 52 8
41 41 8
-46 18 3
-83 16 9
-87 16 6
83 51 3
-80 77 7
25 31 9
32 22 6
43 37 1
17 13 2
52 100 7
77 36 6
15 46 7
-46 88 9
76 78 8
-6 72 8
52 8 10
93 18 6
97 23 1
23 26 6
-23 72 10
63 96 9
-94 37 6
69 86 1
2 4 2
-95 38 10
55 51 4
61 71 8
92 34 1
29 90 10
-4 68 2
93 49 8
-85 46 10
-93 38 1
2 81 2
-18 23 1
-69 39 6
-82 65 8
-51 56 9
-35 75 8
-65 78 7
-100 3 10
-42 73 2
75 31 4
-98 22 4
13 42 4
-60 29 4
63 30 3
-85 32 5
-34 47 8
17 43 4
96 55 10
63 38 4
39 98 1
-79 93 6
-5 77 7
-2 65 1
47 69 2
25 45 8
-26 58 7
-64 54 7
-50 15 6
-92 75 7
-100 75 1
10 84 6
-23 24 7
-15 97 10
-19 76 8
-100 66 5
3 58 4
41 29 1
85 75 1
-30 63 10
-79 53 5
11 63 9
59 10 3
-51 44 3
28 100 9
-78 5 8
74 52 5
-23 55 5
25 21 10
99 29 5
-55 50 10
-33 7 10
-71 91 1
-54 4 7
-59 64 1
-62 48 1
19 11 1
85 3 7
43 100 8
68 86 5
-17 6 1
-75 52 6
