500
-337 28 2
-294 14 2
60 75 6
11 34 10
223 36 7
222 73 8
-189 65 10
554 30 2
264 84 8
-167 48 4
-997 12 7
-623 25 4
55 72 5
929 33 10
861 97 4
-609 30 5
175 7 8
800 62 3
-94 81 1
-215 20 5
116 79 5
358 62 1
-789 48 10
-440 55 6
79 12 3
739 61 6
-934 77 6
264 9 5
943 9 7
-177 63 7
-24 36 5
-744 80 5
52 68 2
196 65 3
-832 25 7
-113 9 10
-92 24 4
32 54 7
49 92 2
836 76 5
-823 35 2
502 46 7
-866 94 6
99 77 9
-433 32 3
-660 10 4
-273 15 7
700 94 3
584 68 6
-547 9 10
-145 17 2
-619 64 6
-39 64 4
-858 51 7
-914 1 1
646 90 5
-884 67 7
-437 46 10
-929 63 3
410 59 3
142 38 2
-799 63 5
137 52 10
755 10 5
833 33 3
-61 60 1
231 72 9
-204 47 2
297 25 6
-864 14 1
-790 4 7
-682 89 5
-543 23 2
-759 30 7
692 35 4
326 84 2
-507 18 2
-907 74 6
669 95 8
-893 18 2
456 14 7
463 95 10
-752 66 4
-381 52 7
941 17 4
628 43 10
669 76 6
29 1 1
656 67 5
-600 2 8
710 46 1
574 91 9
-500 40 7
288 71 4
-700 38 2
518 88 5
644 40 9
-520 66 6
-750 40 7
-486 8 5
285 16 4
-212 54 5
-162 85 9
402 13 10
-352 84 8
-735 50 8
126 28 5
170 34 5
-597 32 8
955 22 4
614 3 6
275 93 10
719 86 3
-442 1 5
324 17 1
-958 47 8
-111 64 7
-160 46 6
743 28 5
685 31 9
315 37 6
234 26 4
721 34 2
-253 55 2
282 87 5
-499 82 1
731 22 1
83 76 8
63 96 1
-63 88 2
-240 2 3
418 65 3
-543 19 9
198 84 8
-114 12 2
-825 41 2
-105 30 2
-738 85 7
-598 79 10
-144 39 6
512 36 10
-18 72 2
-101 5 7
781 12 2
-163 82 8
738 90 2
956 97 6
-734 78 5
-716 17 1
-312 48 7
-276 81 2
295 68 6
989 72 10
578 57 7
80 59 4
-503 54 2
-233 68 6
-121 80 7
13 22 4
-375 100 2
321 57 4
624 84 1
513 84 8
282 9 6
419 28 8
-259 66 8
-983 12 4
837 96 9
741 70 4
208 72 10
-214 19 6
-633 32 9
677 1 4
47 34 4
-902 88 7
287 78 6
627 76 5
372 30 6
-970 7 1
947 99 1
6 94 9
-802 2 4
285 32 6
10 60 10
535 52 5
-65 3 8
-607 86 3
-415 21 9
-365 18 8
-450 54 8
-165 88 2
680 84 10
171 4 2
661 92 8
757 60 1
-924 60 5
293 66 4
146 96 7
-225 29 4
-451 6 8
218 22 9
-969 98 7
717 36 9
751 28 9
168 44 2
-916 79 2
-923 49 2
-325 86 5
320 19 5
-181 14 2
-44 57 6
518 48 10
-104 45 3
-79 19 6
-152 71 6
-202 92 4
312 81 6
-767 4 1
582 90 10
-118 98 10
750 85 6
-670 38 8
-589 59 7
193 82 3
-565 99 10
-642 55 2
780 85 9
702 71 8
-225 48 10
305 13 3
-244 79 9
-209 20 2
-952 53 2
-707 4 7
390 54 5
-483 12 2
-313 92 1
769 93 10
-650 13 7
-891 97 8
873 48 9
23 54 7
-731 62 10
298 69 3
642 30 9
858 100 4
-127 81 7
545 97 6
171 58 5
-453 70 7
-549 65 9
-569 13 9
877 93 4
-850 96 9
-440 79 4
-88 100 2
-582 98 4
700 4 10
-206 53 4
-921 75 8
291 51 8
528 62 9
6 17 4
-453 3 8
-800 7 7
-820 62 4
438 28 10
-115 66 7
-147 4 1
868 90 1
-586 4 2
606 21 9
649 61 9
191 43 8
177 11 1
909 61 8
200 31 5
107 67 4
-365 11 5
-461 84 8
-48 46 6
-825 42 7
-562 16 7
810 91 6
-883 31 8
889 63 1
312 42 1
-49 95 9
-48 30 7
488 94 7
-935 78 9
725 99 8
858 35 1
-670 86 1
-576 8 6
163 42 10
547 18 6
-923 10 7
189 64 4
-557 76 1
423 30 8
951 63 6
294 19 9
595 32 6
5 48 2
432 62 8
292 90 8
-234 88 1
48 94 3
-179 80 10
516 47 7
-686 63 1
464 68 1
477 96 9
553 81 1
-862 20 3
-815 59 10
693 53 10
-697 91 1
899 90 2
321 91 10
622 39 6
808 45 3
-791 6 3
-428 49 5
-956 5 4
-536 25 7
-711 65 10
-399 87 1
519 54 4
-245 98 9
734 48 4
932 36 2
-900 47 1
-652 64 7
-9 14 8
-820 79 6
490 9 2
-131 29 6
901 55 8
812 18 9
-304 29 7
661 53 10
-657 72 3
-484 67 4
811 22 10
907 31 7
192 4 5
-681 13 2
-477 95 4
-155 52 5
-987 8 3
237 21 4
-931 32 3
-371 89 7
338 56 2
-719 71 9
72 75 5
-784 79 1
92 98 9
-534 93 5
98 38 7
-400 100 5
830 16 5
-924 52 7
-382 86 10
-942 82 6
-121 19 10
318 49 10
-370 59 5
879 70 9
952 100 1
155 7 6
-348 37 5
-412 47 7
-23 73 9
851 48 3
3 7 10
-508 90 3
386 76 1
-479 67 3
577 76 5
530 79 3
-204 32 5
725 81 8
-75 67 6
-454 55 8
-624 73 3
-686 75 7
108 9 1
248 2 9
860 79 9
831 100 6
-889 20 4
-755 68 8
500 95 3
391 58 8
121 100 9
-577 26 2
868 84 6
251 23 3
-933 80 7
215 88 9
129 73 6
525 90 3
393 84 4
-381 15 1
383 90 8
-187 57 8
-588 79 5
4 86 8
-22 70 1
318 27 9
-719 68 1
719 55 6
320 81 6
-792 54 4
-425 58 5
-946 49 9
-621 49 4
278 36 1
786 70 7
-930 14 10
-934 3 9
-433 60 8
-27 42 10
209 5 9
174 10 2
878 72 10
737 66 5
-597 62 4
-369 7 10
516 70 3
177 85 2
903 99 5
479 21 7
67 26 6
-624 91 4
913 68 5
324 1 10
915 92 6
335 62 2
-741 64 5
-24 60 1
-113 28 6
-878 83 5
-645 40 5
90 20 8
870 56 2
641 60 7
-55 49 3
-212 25 2
333 99 5
922 2 4
4 80 6
-715 54 4
650 46 6
396 75 9
492 7 5
446 55 8
824 64 5
955 19 5
-713 32 9
-633 62 3
376 51 7
464 97 2
-914 76 9
-734 25 2
-484 47 1
-648 4 8
206 58 5
-27 24 4
-325 64 3
-110 1 4
314 59 6
-150 2 8
-654 62 1
-172 34 2
326 23 7
896 67 6
-736 48 1
389 6 4
412 23 3
58 8 4
727 26 5
-206 33 9
329 34 1
-67 56 8
-336 52 1
556 43 4
958 71 6
564 40 6
-651 37 7
150 3 5
386 91 9
877 65 7
-457 33 7
-503 12 8
252 26 5
-869 72 2
