500
-497 925 3
4720 222 1
-6593 224 6
-5783 376 4
4056 449 1
8791 695 5
-3667 728 10
-8732 849 1
981 124 5
1654 7 4
-8364 84 6
9506 194 7
4682 238 6
-6631 479 7
-447 776 10
-3667 160 5
-9678 461 1
-9020 68 6
4153 386 8
-1888 98 7
-870 760 10
-819 489 9
-8750 300 1
8908 114 7
610 525 7
8191 905 4
-7239 124 1
3093 760 1
1697 74 10
9015 767 6
-8532 462 10
-6989 665 5
7008 477 8
-5911 215 9
7904 151 7
-2060 162 3
2396 142 5
-5958 788 8
6298 33 3
-7050 344 4
2822 498 9
2181 698 6
1655 380 6
1136 569 1
-6044 816 7
-4903 404 2
487 889 6
-8344 850 3
7151 37 9
-3241 558 6
-3381 63 8
6748 913 10
-2475 858 7
-7914 265 8
-515 240 8
-357 170 4
4535 571 7
3809 564 5
9670 106 3
-9621 533 2
6218 264 2
7670 927 9
3816 857 1
-6781 796 4
-232 438 4
-3354 584 2
-844 154 7
5168 423 7
-2210 773 10
1562 848 6
7410 544 10
-5294 410 10
-5906 577 6
4618 365 9
-9602 336 6
-5474 515 2
9196 51 9
-3834 464 6
6568 567 10
-8036 535 7
-2061 631 3
-6417 86 10
-4271 577 6
-2167 988 3
9455 221 4
1949 513 2
-3662 273 2
756 238 9
-1629 715 7
-1671 694 1
6967 582 7
8514 204 6
-510 456 10
-575 143 6
-7554 473 7
-1140 386 10
-6600 408 7
-2871 864 4
6843 203 7
-2594 935 4
-2368 493 1
-2953 612 1
9302 67 4
-8232 135 1
-7859 473 8
4676 327 10
4809 482 8
4110 128 9
1412 711 6
6016 227 8
-3484 986 2
-1942 919 5
3774 202 8
6317 606 9
-6262 904 1
359 930 7
4009 346 4
-7296 840 2
-1197 855 10
2134 765 7
3110 532 5
-1659 863 9
-1173 86 2
-8197 407 3
-5718 112 1
8314 869 4
-272 39 6
-3922 892 6
3391 228 8
4177 887 2
-5770 856 9
3709 243 7
129 742 8
9969 742 9
3364 700 1
6790 23 8
-2108 875 7
-3692 568 8
-8234 753 10
-4801 577 7
-5749 676 10
-9688 638 6
-3717 930 1
7089 594 9
3665 470 2
-5648 885 3
3094 236 4
-458 507 6
1346 800 3
4705 974 7
1920 83 10
1025 295 7
5216 486 10
-376 992 5
-7806 428 2
-3435 69 6
-224 946 9
-1759 868 3
-2915 970 3
-3382 321 10
-3763 568 10
-2881 838 9
6404 659 5
-5171 10 2
-7326 672 5
7849 856 7
-770 547 7
6014 451 4
6994 126 6
-1063 712 3
-1785 790 8
-8654 548 10
7905 307 4
5853 855 4
2766 56 9
5265 673 7
-4886 163 2
-6568 107 5
-234 726 9
-4745 919 4
1434 383 8
3583 524 1
8023 644 2
-7403 284 1
-3439 154 7
-9281 408 9
-6116 615 10
-8304 54 4
-7546 494 4
7700 721 8
8773 746 5
-7842 257 10
5602 910 9
-4590 188 9
-4315 996 9
1518 364 5
9954 259 1
3806 201 1
1187 174 7
-9857 562 7
-8681 42 4
2931 320 7
-5381 240 9
1382 675 9
-8569 843 5
-3393 176 5
9276 490 4
554 802 9
-8213 2 3
6661 752 5
-9335 389 8
3785 239 6
-2799 415 10
-4773 457 10
-5958 226 6
8563 165 1
1786 695 8
-7189 559 4
9018 991 2
748 115 5
-7621 986 10
597 478 1
-6551 912 4
1548 757 4
8927 693 9
2089 481 4
-71 657 7
-3647 441 2
-8063 656 3
1712 570 5
-1261 383 10
5417 628 10
2675 192 7
-5182 79 9
9746 974 10
-9318 589 6
1372 636 9
-882 409 10
-5467 474 5
-9827 808 3
-1708 657 9
-4809 885 3
4527 377 10
8588 946 3
-7672 696 1
3572 373 3
-3096 693 2
-3014 265 4
5530 277 5
-9203 542 8
9947 133 8
-151 115 7
-9504 496 2
-8093 713 8
2599 122 10
2003 587 4
-2014 398 5
9191 189 1
577 724 5
-4380 314 7
-4801 70 9
7327 394 1
8815 453 10
-9155 442 6
7655 862 4
-442 85 4
1420 587 9
-2671 515 5
1376 342 4
2891 544 3
4489 496 1
9449 336 6
-701 906 6
-5169 217 1
-8152 419 10
-6815 296 1
-5794 259 3
1610 8 5
9825 22 8
9578 488 6
1489 4 5
-1436 508 6
3615 48 4
-3736 926 3
1524 839 7
-7234 661 3
-3295 618 2
-5676 749 10
-659 751 8
7113 264 3
-6404 756 2
-2694 582 4
-7524 350 1
6475 753 5
-9770 128 10
8953 675 1
7186 102 4
-7072 962 6
3818 772 6
6568 316 1
-8365 370 7
-6347 583 6
6985 562 6
-2770 379 4
-4230 293 1
6796 932 5
1429 825 8
-9913 946 3
979 959 8
-4899 555 6
-2971 788 5
-3901 282 2
5248 869 9
-2639 25 9
2374 432 6
584 180 3
-1770 199 10
3495 487 10
5431 184 5
1006 243 1
4896 890 4
9777 3 10
-8630 834 6
-9664 909 10
5689 598 10
3093 143 5
3368 153 2
-8609 479 9
5844 840 5
-241 159 6
171 587 10
129 911 1
8438 959 7
2604 213 10
8035 746 1
-1972 594 2
5144 256 1
-5874 566 9
5524 45 2
-2594 263 9
5575 596 5
-1011 805 8
6325 791 7
1030 320 9
1446 975 3
8434 893 9
-6959 101 8
1897 150 1
9801 465 9
9884 185 3
3847 234 1
1025 531 5
-807 62 4
221 533 4
-8309 980 6
-3528 783 8
-1483 16 2
-708 700 6
8869 278 4
-1009 406 6
8397 770 9
1299 531 6
8303 263 3
5083 415 5
-4313 589 10
-9872 138 10
6298 759 3
-5661 564 5
-8099 629 8
-9258 536 6
167 511 9
-1402 791 5
-4677 378 1
-1029 894 8
7280 839 9
-2158 337 1
-1757 666 7
2089 912 4
9919 592 3
-9076 178 3
1770 867 10
-513 338 3
7155 554 10
653 151 8
-5798 820 8
-9392 511 4
5120 636 1
4512 797 8
3824 459 2
-991 209 10
9070 601 1
-7545 609 5
-9762 174 2
-1268 886 2
2391 88 6
-2314 569 7
2440 612 4
-3518 703 4
-1269 674 4
5204 290 7
-2807 379 4
-253 681 4
1390 189 8
-993 842 6
4910 42 10
6278 254 7
-6762 445 6
9127 717 10
-3241 926 4
3157 827 7
1584 591 1
7568 603 3
3323 655 2
-5488 170 4
-2470 615 3
4274 158 1
-7294 706 4
7559 935 5
2216 1 5
-70 446 4
-9173 559 5
8066 517 10
6369 154 4
3561 934 3
8838 627 5
-8517 488 5
-1567 294 10
-2222 183 2
8761 973 2
-8895 842 6
-1416 89 4
350 474 10
93 986 1
9525 113 6
-7609 689 3
-6966 896 5
5184 507 3
4846 149 5
8296 344 2
-2523 428 1
-2077 868 3
1943 85 9
-1244 460 4
-2987 702 7
7227 709 5
-6675 905 8
-2596 17 7
-9199 904 3
-686 98 5
-3996 55 1
9827 516 4
-4762 618 9
-7803 453 7
4865 1000 7
1216 575 3
244 183 10
-9467 65 9
4383 322 8
-3921 882 9
3440 304 7
-8808 319 7
-7571 365 9
-9953 78 7
-6590 118 7
-5608 651 2
-7636 673 10
5620 514 6
2310 618 5
17 93 8
-6797 708 5
7620 176 5
-5459 87 1
6373 883 4
-2131 838 10
-2756 775 3
8347 812 8
8202 323 4
9080 720 6
7386 128 4
-791 269 2
2344 308 2
-6554 406 8
7634 787 2
8482 273 1
-6371 652 4
7997 738 3
5131 666 10
1512 28 7
3739 353 8
-4968 299 4
5857 371 5
-1841 684 10
6151 954 1
2662 744 5
8195 168 6
-9474 517 10
-838 389 4
2056 239 2
6100 976 10
-4173 79 4
