500
88 728 20
36 731 10
-68 718 17
25 949 93
3 632 33
64 838 88
-37 252 100
-80 338 43
-1 146 58
-92 525 7
88 532 70
-99 24 48
2 71 31
-31 720 94
11 779 47
0 48 51
-6 584 10
-67 428 23
-11 546 92
-6 336 74
75 422 14
-16 911 94
44 893 34
-27 537 61
70 161 20
87 7 73
58 415 20
32 521 66
-74 692 66
90 867 7
92 202 20
-42 499 8
-52 973 38
72 750 8
38 409 19
-19 868 98
-70 615 90
-96 818 65
27 105 47
-71 822 35
65 938 84
-65 120 74
-73 257 14
96 783 54
54 671 73
-49 330 53
-49 368 35
-10 289 33
54 535 64
-100 924 55
-26 317 46
1 378 76
56 939 86
-48 500 37
80 14 19
44 828 33
-39 755 69
-26 296 74
-88 308 5
30 891 76
-65 10 71
80 302 21
76 675 61
-70 11 6
57 702 75
-69 932 89
-75 77 50
-10 138 89
28 26 45
88 824 1
-38 301 81
94 40 68
-18 398 32
-93 166 96
-4 950 5
64 845 64
84 283 25
69 375 65
98 332 90
40 297 8
93 74 11
12 70 78
-83 776 35
-84 771 43
6 916 28
40 867 51
58 55 18
-81 709 38
-97 201 40
-2 707 30
4 193 81
40 460 71
74 628 19
14 532 99
-94 588 69
58 42 61
17 339 70
-33 99 39
-53 536 61
19 854 83
87 962 50
-32 448 2
63 619 57
-49 337 53
-20 38 38
63 566 79
0 628 85
-35 624 39
-76 916 20
12 670 33
-85 306 86
86 23 47
30 522 97
-84 275 10
-14 460 59
59 898 29
47 682 12
-96 77 10
-62 24 67
70 764 87
-2 788 46
94 200 7
15 863 99
86 643 25
24 723 41
13 308 13
-26 277 98
54 263 80
20 853 83
-21 125 25
-65 852 29
44 864 78
-99 277 1
8 530 59
75 232 11
45 279 14
-51 563 35
-61 280 26
-22 442 40
-35 298 58
54 105 53
20 183 11
-80 846 19
-27 510 33
-83 521 98
45 282 36
83 588 84
-69 463 84
-10 190 69
-12 238 30
69 47 38
-53 237 95
93 187 80
43 157 9
38 814 88
-61 212 6
68 809 30
-78 61 91
17 932 23
11 941 3
1 180 13
-78 255 24
63 927 81
24 882 53
22 654 43
35 194 10
43 19 40
-22 845 24
-95 532 61
57 463 88
-43 655 58
-64 656 66
-69 606 62
32 884 73
-7 196 82
73 100 97
-21 529 79
14 748 84
-9 347 51
82 876 66
-14 567 63
40 443 15
51 207 46
-19 449 50
63 699 69
-31 28 87
84 117 11
14 206 13
-86 127 3
8 997 69
-33 576 20
86 388 85
-61 257 3
-71 376 16
-45 817 80
-5 789 14
-30 967 98
81 994 87
69 825 47
-20 234 41
22 128 56
84 29 59
92 160 33
95 655 67
89 757 40
-23 496 15
-68 295 34
12 420 38
-40 514 18
59 147 13
-51 31 77
97 484 48
53 944 87
-73 542 65
-94 907 100
-41 304 5
39 20 81
75 954 42
-59 64 44
-94 987 12
23 503 30
-61 268 27
39 834 88
10 437 95
83 125 8
67 287 13
27 39 37
-50 682 98
28 960 60
75 528 26
-94 579 52
78 746 79
73 717 5
-4 930 5
-58 445 61
22 944 73
-28 476 80
14 353 61
-87 479 57
96 182 26
-21 667 64
-61 817 25
13 448 37
-55 726 11
55 113 73
19 71 80
84 811 16
33 848 13
14 77 35
33 413 13
15 255 96
69 713 60
-54 638 47
-22 249 65
34 559 14
70 680 90
89 274 99
34 684 38
36 537 88
-6 881 59
-75 538 51
-7 684 100
49 810 44
-16 827 44
43 698 68
96 420 72
26 238 28
-50 228 14
30 348 82
-73 833 11
9 18 18
-3 570 11
44 532 92
-47 102 74
-56 876 36
41 98 30
-74 987 58
-60 799 86
-23 623 7
83 347 21
82 678 48
-61 839 64
-36 363 30
17 626 80
-45 414 58
-67 676 60
39 320 26
67 541 61
-99 303 56
-2 319 31
-16 296 29
14 938 48
75 668 37
-21 583 70
-21 60 2
3 871 26
-93 224 98
-72 813 27
-32 796 93
-74 202 44
7 380 58
-76 496 58
99 770 6
-7 657 8
-68 125 2
90 96 27
60 669 1
57 968 37
92 941 57
-16 541 85
87 592 36
-50 728 57
77 863 75
33 711 43
52 402 2
5 765 28
34 942 11
69 349 90
86 846 29
56 557 40
88 517 55
-83 233 4
-43 251 49
-22 645 77
-88 382 77
-14 40 17
-74 211 34
21 94 81
-87 869 42
-3 589 23
-16 254 65
-18 922 19
-83 84 33
78 260 25
31 238 99
78 450 89
-63 95 46
-24 737 77
11 106 55
73 601 68
-64 655 70
-95 249 92
0 829 59
57 784 29
-81 729 12
-4 230 86
77 870 73
41 194 96
8 638 47
-72 653 5
-33 184 77
84 919 32
72 691 60
17 537 38
46 34 3
-34 491 50
83 1000 95
-75 71 28
60 326 28
56 350 31
70 203 40
-10 706 46
-45 868 10
-25 492 25
74 412 26
36 95 68
-2 454 55
91 245 27
53 169 21
90 304 23
-43 587 25
-78 900 76
50 977 65
-26 99 87
27 926 73
4 265 10
-66 971 67
51 586 62
41 903 53
86 897 73
75 614 17
8 907 65
27 191 92
18 35 83
0 81 84
41 215 40
-80 757 76
91 91 68
53 195 76
-36 901 8
84 358 57
-93 569 58
-48 977 52
67 950 86
-32 598 74
-57 153 28
69 237 29
-50 792 43
-89 338 9
-48 234 45
-33 67 18
96 190 37
16 521 8
-78 537 99
3 228 3
79 556 51
88 140 17
47 93 71
-84 453 72
46 149 78
87 515 28
91 347 50
70 567 41
53 615 28
-71 361 98
-73 513 27
77 103 10
-59 484 66
-43 877 26
80 757 34
36 757 83
-89 417 59
7 425 80
71 662 81
1 351 55
92 920 98
15 645 72
96 775 79
30 741 54
28 327 55
17 43 82
-50 714 19
32 557 61
90 33 63
-90 594 90
83 888 8
57 375 39
-44 99 18
40 990 22
3 891 96
8 799 88
86 926 2
-64 788 30
-32 831 47
22 744 100
-11 809 24
41 448 49
53 298 31
65 69 70
6 630 92
-69 41 7
61 514 16
98 128 12
54 619 83
43 297 1
42 613 76
0 126 4
-6 224 35
33 664 21
-78 472 2
29 439 58
7 733 27
-33 664 44
3 819 93
-41 72 6
81 643 17
-82 392 42
-91 386 28
-42 330 41
62 376 62
42 604 39
-58 172 5
34 58 94
9 478 83
98 153 45
-91 573 68
-44 17 29
-46 106 44
-37 651 35
66 813 48
-62 396 37
-45 287 99
5 577 26
-38 392 63
54 628 91
-62 923 11
-6 93 80
94 991 28
-18 821 51
52 695 19
12 159 39
59 116 62
-77 456 96
62 97 35
-18 345 5
33 495 100
84 323 54
-20 651 88
-56 851 84
22 998 24
