500
-282 399 31
6 305 52
-826 249 12
-515 498 84
-904 50 12
-234 804 61
59 181 90
-521 571 14
-411 873 77
972 488 9
401 576 74
736 930 83
984 733 90
429 708 84
-320 322 74
677 16 63
434 384 82
-144 915 71
15 775 47
904 530 63
373 31 65
547 301 6
270 415 100
705 354 90
985 182 72
-186 165 45
844 775 7
441 317 80
713 298 67
-531 425 57
-65 912 45
-961 556 12
117 214 68
-319 487 22
34 909 57
-299 438 24
-129 480 39
-499 84 36
-224 599 70
562 770 37
-544 803 52
931 781 84
-836 290 100
336 927 88
290 101 29
-234 489 2
-549 32 73
29 663 88
998 561 39
80 99 88
-986 139 86
-580 189 51
-306 788 95
683 531 67
907 661 77
-638 149 81
-270 10 88
522 387 59
171 266 15
204 402 94
-675 176 73
-624 188 94
-645 490 50
486 119 9
-402 769 21
-379 856 9
228 306 89
-157 113 81
58 292 58
-906 416 84
-939 186 45
602 193 85
-986 26 11
-141 294 93
-593 486 85
-811 284 78
-704 170 99
-511 561 42
-922 703 43
-30 901 3
-955 535 80
632 606 18
-940 729 56
180 488 81
602 166 98
981 476 86
-889 517 94
193 199 2
-890 491 50
103 805 18
641 862 90
-140 470 20
-413 539 63
-301 802 24
-171 558 77
106 969 76
115 498 22
-782 997 22
318 568 29
-58 3 68
855 932 19
416 334 6
889 846 56
-817 462 46
-344 878 5
-643 529 83
184 907 29
783 864 80
-64 644 65
909 973 71
-544 55 85
-123 666 18
-113 722 96
-566 901 25
698 744 25
-62 370 77
361 246 67
15 392 66
-957 893 58
-451 880 36
821 138 40
-323 202 91
-994 315 16
-47 850 47
798 436 28
-616 379 95
655 51 89
459 210 73
-141 456 73
216 325 95
-737 720 88
-17 821 56
-584 650 84
-725 688 61
941 323 10
178 123 9
-859 871 23
-641 864 98
-983 665 77
-401 700 45
-956 164 90
635 52 81
761 913 17
-219 479 27
-347 723 39
981 454 37
71 376 42
-155 787 73
460 346 16
-757 167 60
-978 175 50
598 865 71
143 454 17
540 203 16
82 610 37
723 869 56
-453 274 45
990 959 8
-632 97 59
154 186 14
606 251 36
280 16 90
904 833 50
-644 45 81
-772 478 17
-41 661 85
256 594 27
-238 784 41
-499 390 47
875 802 94
-223 752 20
52 62 34
251 320 2
-791 965 60
-526 692 41
882 747 33
-170 664 57
313 91 43
666 346 38
653 331 83
882 84 72
360 882 59
-967 274 57
925 520 43
-59 719 85
-539 246 71
-722 626 94
891 335 58
411 998 69
709 527 50
96 929 68
341 538 17
-683 243 46
-367 71 78
327 635 52
223 37 47
-668 558 20
-491 974 46
930 625 39
287 59 62
-272 545 75
321 607 35
-831 384 46
158 752 37
-843 578 33
9 171 93
-694 392 4
-916 343 73
194 916 47
-249 691 45
454 381 85
635 723 38
-533 956 83
-938 904 95
-478 879 23
-768 639 69
-330 973 57
855 69 51
-479 579 62
583 161 18
751 886 40
670 713 69
375 849 17
446 257 57
886 505 40
595 544 32
142 910 68
-201 325 23
222 444 95
564 233 69
291 635 19
393 558 68
-17 74 30
47 184 94
295 378 68
926 577 29
466 281 12
170 531 87
385 77 3
532 313 45
409 12 48
-610 614 77
-904 969 79
61 194 74
-745 96 61
277 473 100
-117 957 36
-719 302 24
-862 377 28
-686 751 48
219 757 97
-951 266 38
806 596 2
-633 392 98
-498 803 45
389 567 34
851 220 52
-801 613 30
-868 611 32
709 803 16
988 455 97
-652 152 56
787 821 42
545 712 80
72 961 73
7 100 90
-907 717 17
-222 626 58
995 726 6
-883 87 46
7 868 84
-455 483 47
-804 553 44
494 85 11
-974 246 32
565 872 12
-378 482 3
-122 86 74
83 427 76
-993 819 100
-967 730 34
-746 565 51
365 145 39
945 458 52
-495 111 7
-477 305 20
-156 23 4
8 940 49
-996 868 88
-701 46 82
-95 937 99
55 305 70
125 912 38
-443 690 1
-253 752 16
37 953 56
-787 68 23
-984 379 23
-566 753 65
-740 345 96
-73 959 83
576 246 31
-932 420 61
443 364 54
154 724 28
103 815 89
35 932 49
483 830 66
537 897 44
968 982 98
-773 260 64
411 40 25
524 72 31
676 773 55
-698 318 65
-19 761 47
-498 903 68
863 965 39
-247 163 19
985 361 100
-593 402 15
641 129 43
-450 256 58
-657 302 37
-686 133 87
-824 216 48
978 757 29
744 305 62
-834 613 19
-622 877 62
-569 935 84
316 128 36
846 222 43
389 280 64
-79 549 97
-454 132 87
-701 244 75
362 388 37
-213 524 93
613 770 26
-321 901 100
187 833 67
-415 781 43
-988 44 68
-646 507 80
875 465 92
-746 740 6
175 695 59
-849 29 4
108 421 87
829 641 13
-425 61 57
430 836 94
-632 576 78
82 121 92
-324 514 14
169 672 98
-277 448 79
-368 99 30
-985 201 90
-39 283 76
806 26 6
490 845 46
608 14 41
809 971 63
44 53 87
869 679 49
231 68 28
999 890 9
949 924 46
250 29 61
61 766 56
-40 279 3
752 111 93
423 496 61
393 912 36
99 716 99
-901 544 30
45 755 2
6 53 69
-733 480 51
395 720 72
-271 632 22
210 792 51
616 588 3
457 498 66
877 538 97
-961 414 80
-748 672 53
-223 108 72
622 699 41
-93 840 54
-464 470 71
-414 635 23
69 525 8
730 268 23
759 916 25
-29 558 99
393 395 67
-831 50 99
-441 76 50
-277 544 76
-735 296 79
-790 409 26
-59 821 54
-986 312 53
-452 148 39
29 722 9
392 626 86
516 283 42
-869 636 21
723 698 32
331 488 73
-197 663 51
36 312 54
-486 434 15
-899 498 4
-237 191 23
367 245 65
55 9 31
-590 574 16
855 91 46
-245 995 5
-819 886 88
-254 863 66
376 543 57
-73 679 33
345 160 47
168 987 59
892 658 9
-741 64 53
328 480 99
706 292 78
9 711 100
735 811 37
-244 60 38
-827 729 72
-756 445 93
49 465 27
557 732 91
-313 805 37
-569 296 67
801 790 36
-556 366 64
101 813 27
700 472 3
-170 986 6
800 268 20
-690 980 88
261 359 65
-135 961 76
-61 715 87
148 400 93
942 174 10
359 317 95
-524 956 23
351 260 28
536 607 8
289 577 89
-67 28 59
972 951 57
-938 217 51
125 790 58
204 646 44
152 137 50
432 129 93
-844 184 74
-380 901 79
-840 739 85
-443 645 91
500 607 43
91 437 63
-94 349 78
-685 377 5
814 673 46
-629 810 21
867 280 88
575 485 97
343 420 40
-77 821 70
425 228 12
866 123 20
522 991 31
438 900 25
-919 232 58
-905 19 30
-414 520 84
-855 8 75
920 711 45
704 977 1
-671 573 49
502 199 97
643 976 73
-31 284 39
526 709 7
174 130 91
-967 204 53
-863 158 95
897 894 34
193 646 53
