500
-431 2949 89
960 6620 99
428 5725 76
14 3082 59
244 1674 24
463 7604 49
197 4173 19
804 2642 99
-320 1864 75
-721 1608 17
-780 2547 61
-49 2832 24
811 7535 85
77 1097 94
-201 7531 28
-793 6720 95
-451 7572 54
956 558 85
-398 1217 69
841 6737 4
884 191 82
-605 3422 14
-804 1817 89
325 5831 97
-222 8876 71
-756 4744 29
209 5338 98
449 7512 16
492 5772 21
885 317 80
304 1373 76
-749 5184 52
27 5043 3
-815 4579 93
-772 4912 31
952 3135 51
-659 4378 61
854 7522 82
-146 439 90
833 9576 83
-173 6588 94
639 2537 64
751 9831 80
163 338 7
-878 6523 21
297 4520 13
352 4076 97
901 4489 16
67 8075 47
776 9348 80
404 787 35
739 3692 3
-363 5747 5
-143 6520 76
834 2654 15
399 4991 44
-71 5249 80
591 3217 41
-682 9300 4
557 1992 50
-525 5061 99
-16 4239 68
47 9312 53
597 5891 20
701 4323 45
-552 3305 89
512 6816 93
-29 176 28
517 7043 66
779 3992 97
977 2438 76
-296 8130 12
-628 930 85
-587 9897 12
334 2841 33
-376 112 79
-856 9025 73
-93 2253 94
916 4066 9
956 1254 90
-111 163 34
-71 8010 92
-519 5921 84
175 1443 66
85 1553 99
-836 2042 43
-973 6136 49
-989 1002 23
518 3896 52
-41 6297 21
-66 28 97
-565 1811 33
-551 1879 36
-967 121 1
553 2217 89
-752 5497 73
550 6035 86
-509 6447 58
-105 749 22
-993 6572 14
-899 8517 6
349 1557 77
80 9563 2
888 3391 62
253 169 71
-561 2024 65
319 9095 66
175 7321 24
877 9455 52
458 7930 68
-380 5230 8
-948 5846 22
-618 2860 29
927 1200 98
-958 1469 61
-340 7012 74
-908 7528 89
660 9186 39
240 3543 6
-257 840 8
603 4623 80
-459 6032 83
-886 9634 82
394 9241 36
-994 2466 60
990 3545 4
-162 520 48
117 819 67
247 5557 22
292 5076 72
641 7976 98
749 7331 17
-284 7841 81
-853 298 45
378 3028 99
-255 8623 93
-186 5122 12
15 1591 24
5 9891 99
-170 1533 70
-190 2167 94
-258 4366 83
-465 6863 67
981 5897 87
802 6887 99
218 1684 61
-178 1398 41
10 5409 52
-893 2648 22
-134 4386 52
392 1499 23
-43 7770 38
166 7368 38
-425 6038 70
-376 292 45
635 1275 54
514 4823 88
945 2801 15
687 2635 66
3 6975 2
399 9961 74
186 8376 64
543 7936 14
-693 7590 25
346 4806 35
-120 7653 4
512 9459 3
-77 7970 54
453 2011 20
629 3349 72
-963 9100 10
-209 6972 78
-58 7113 95
-272 5322 80
-139 9333 77
-392 5775 13
997 4851 48
-37 5944 25
-275 8668 96
-727 1705 11
-127 5762 46
669 6842 67
587 405 83
-460 8639 85
442 5587 28
255 8236 71
-710 9524 28
-68 9368 68
-555 725 55
97 6112 69
-837 9876 75
523 9967 70
-738 29 73
-779 6348 20
224 8997 73
-629 6948 11
431 7508 89
-47 7288 67
-303 6551 50
191 8409 36
-180 6118 92
287 7394 93
936 1666 33
-230 5975 59
-311 6819 32
-978 2668 18
-281 8417 6
548 5880 48
-128 8352 28
321 4923 54
-801 2784 91
-918 5629 24
-578 2325 9
173 6632 23
873 8707 89
140 4888 10
4 4622 98
-355 1777 61
640 3153 87
-161 5792 24
984 8044 65
-705 4534 67
818 8770 20
11 1266 76
980 8371 11
662 2766 90
532 8903 35
-179 541 58
484 7564 46
888 8338 72
-964 9985 53
20 3139 51
10 898 26
-289 1871 31
-169 8694 43
677 9997 5
-645 5703 31
-694 3750 5
-636 1649 2
425 6869 32
450 3710 32
508 7869 81
-491 5825 41
956 6715 13
-678 3889 24
730 4718 80
995 7559 92
-354 1667 19
-202 7931 22
-945 1349 44
200 4235 44
-221 6596 84
-454 3148 10
329 6292 47
900 8870 48
901 8568 95
865 8474 64
-389 7696 62
139 9670 48
-481 1553 90
888 8540 34
684 4595 38
-252 95 34
-286 1904 19
31 3584 97
-684 8827 82
249 4247 96
-238 3198 89
-51 6292 54
-108 5975 41
-132 3927 82
679 7317 34
43 5294 63
-852 9375 33
382 8047 42
415 6453 60
197 2134 90
341 7595 75
407 7425 93
-712 1298 10
687 6265 14
23 7928 44
-92 4818 81
249 9586 63
556 1270 19
-895 1497 23
-110 4062 87
-824 3474 100
-298 2882 49
-474 7617 66
966 1683 85
867 8768 15
-725 9350 26
397 1612 9
54 867 19
153 8720 61
156 1214 50
-177 7350 19
-113 8613 48
-720 5210 10
-642 7594 57
-310 5744 86
127 2786 25
-417 6056 29
731 5711 81
578 2272 58
442 6250 18
-381 3562 52
912 1509 27
460 4399 63
808 6687 2
-628 4340 55
671 440 65
676 8843 5
595 1607 13
79 6220 30
-164 2361 27
-234 4725 85
923 9244 46
-76 6447 77
-430 1500 24
-505 5362 20
-205 8845 45
88 8139 90
-323 665 48
667 2172 13
-124 8924 64
986 5156 36
799 8254 11
830 6592 5
-249 4784 52
655 5729 80
590 3082 38
-690 7695 13
333 3123 99
-480 4559 61
130 7505 15
-163 3920 80
-167 3395 10
-903 8587 54
202 6461 87
625 1626 76
-941 4739 6
842 3113 56
-90 3032 91
-506 9661 4
21 6777 49
-761 7073 67
-836 7941 86
169 7912 29
-753 3711 16
-118 783 64
-443 6871 55
332 6401 67
132 9652 44
-706 6625 82
367 4358 74
199 7235 67
-851 7307 71
-428 9819 24
650 4511 26
643 8537 29
-157 6761 79
-912 7908 35
-818 1762 47
-977 1942 33
-969 8009 64
170 9640 62
17 1461 15
317 3439 16
172 1625 56
-944 5654 72
755 3134 79
-172 2061 54
377 9212 69
-304 1890 31
-715 7498 81
-803 6830 52
-166 616 83
-783 8946 1
315 3498 97
328 4818 73
878 6071 4
553 658 84
-145 9843 46
-985 864 7
425 8137 10
118 2002 71
144 9212 32
-192 6881 62
913 2702 18
503 7045 77
-467 3505 58
-851 9570 93
-846 7534 77
770 2386 51
-628 6164 7
-451 356 86
876 452 1
-82 3717 65
599 6537 27
-110 1902 25
18 3084 46
792 6253 96
428 5032 65
-285 3015 18
-661 4090 15
704 6509 55
-741 7357 81
90 6798 69
-557 4356 41
315 3358 12
-183 8729 74
-667 7316 71
297 3925 17
913 3833 29
-863 3840 19
-121 3343 21
-608 9019 24
190 6639 62
-896 1563 24
-858 3959 78
-32 2743 88
195 3619 72
726 581 8
956 7082 87
-11 2930 39
-987 3260 1
410 7936 82
-199 6698 41
892 5284 69
442 6373 69
-459 1695 2
701 3019 55
-69 4444 20
-767 1871 29
-269 2956 48
96 3752 94
-360 526 41
-423 1244 12
584 657 33
-644 4190 99
671 5518 90
-793 3589 40
-25 945 55
559 9101 2
-417 2920 80
-62 9075 64
-230 527 92
-100 316 40
-629 9978 21
680 1079 82
991 5731 48
-695 7668 3
-805 4997 77
-295 5571 48
231 1898 90
-47 6641 10
746 4114 63
-103 2048 92
-825 676 57
-847 1014 60
968 1049 36
-512 25 26
-23 358 13
-675 7736 98
936 4138 76
-404 7517 35
522 9464 17
330 2465 44
257 678 94
139 5775 38
140 8151 97
243 2685 11
638 869 98
-269 2855 30
-732 7074 15
855 4813 55
864 4368 3
-755 4144 84
666 1630 48
183 1849 76
-791 4038 41
-189 5802 82
-866 692 31
250 792 94
689 7913 38
216 5223 41
735 2800 62
-325 6456 70
-445 1375 7
-802 2848 37
-316 2322 27
167 2474 73
-353 3460 38
256 3312 4
293 8847 30
450 1589 55
7 4373 76
167 5621 7
