500
-3366 9056 65
-5031 3594 452
4835 4439 89
391 7311 12
-8754 7030 809
7342 7061 773
8652 5191 329
6343 8299 74
-4181 3014 623
8272 6917 584
-9961 4535 276
9509 8442 126
910 1179 748
3233 912 556
3106 5827 44
8596 934 887
-811 7396 352
-9947 8690 548
-3664 4237 163
-9910 5869 259
-7643 4245 195
-6650 7916 359
2150 8376 356
-5917 6321 379
-3995 9587 940
-2704 6145 967
-6258 4862 727
4669 6775 44
-6429 6922 228
-5420 5258 763
5206 6300 975
4891 6123 437
3340 4905 537
-2713 6913 119
-2256 6099 245
7139 8424 365
3030 3235 805
7683 1512 345
-206 3431 885
8354 114 36
-8552 9342 782
9218 7361 909
-3307 754 158
-7579 831 887
2318 5285 326
-8216 7621 16
1816 5503 173
7904 7159 783
7448 8775 187
4472 3375 670
-2948 3585 80
-4151 1385 601
7226 392 247
-4517 2208 853
2440 6796 549
3356 9895 837
-2821 3405 326
-769 1339 609
-7324 9705 91
8247 5639 89
-5048 3827 421
7507 7144 729
3104 3684 933
-4035 2755 237
6865 4007 487
9038 9043 703
-6292 8127 860
6388 3688 150
-1464 5260 808
6056 1981 986
9567 9071 772
-2231 5576 734
-9497 8698 20
3229 2007 381
-558 2492 916
-8407 2842 473
-279 6907 590
399 5052 288
1444 9843 944
2312 2886 495
-1042 9631 29
5155 6278 212
-9001 9654 40
-3396 4396 598
-7367 7079 992
9216 6022 712
-2609 3064 561
-6015 3676 527
-77 9004 927
4662 7391 680
4184 7443 105
4181 5662 782
-88 279 60
-3213 8617 299
7903 7076 165
-1253 9801 181
-5625 3304 244
7437 9712 531
-1675 1372 61
3034 574 320
-3355 1762 984
2397 9028 975
-6478 4863 300
5980 6764 184
-9064 5035 984
9376 8728 186
-8914 8935 411
2770 6571 210
-802 4670 85
5399 1974 284
-4185 9808 533
6701 7268 719
7861 1307 204
-1626 3416 502
3712 3291 690
-924 7717 908
3619 7555 888
7254 4446 463
-6562 3645 774
-8237 8671 705
-1522 5999 271
-7339 412 724
-4341 1662 625
983 1578 636
-5470 6728 153
7922 3163 321
9781 1085 79
-1003 4782 509
-5392 4958 598
-6524 8582 115
-4499 2217 384
-5133 2906 354
-245 3972 967
5763 5165 480
-5301 1736 615
7964 3806 890
8812 6208 971
3083 6403 860
6503 9954 397
-5282 1346 852
8653 9021 657
3102 3569 12
5984 5348 636
-9331 9648 288
-9681 6907 802
-9471 3763 44
6327 2704 750
6400 3476 138
6358 5755 630
-4932 3704 915
-6446 9273 678
8080 4193 756
7018 2998 884
476 7397 675
27 2234 460
126 1709 282
1302 8149 493
2706 2256 164
-960 2958 252
9964 5969 574
5547 4840 879
-4812 9095 536
1779 8806 373
-5983 4636 972
-5892 6962 157
-5607 8312 558
8650 489 972
2344 6959 53
-6975 697 627
8831 1081 873
-3265 9197 896
5007 2656 438
6998 3048 780
-1050 5087 152
-6865 3713 246
-5366 7482 720
604 9599 150
4308 1513 991
860 9621 109
-1808 1849 296
8788 9520 27
-1934 6117 946
4364 62 712
-2150 5024 55
1801 5777 72
-116 1751 135
1162 1989 817
-6231 6326 584
-2811 9455 263
-9902 2023 794
-6974 2583 915
-705 1826 23
-2119 8823 111
6203 1042 432
8296 5636 917
3683 340 598
279 3852 416
9983 7334 424
-5296 5698 747
-8672 3710 352
-2183 5286 898
9402 4344 939
-3467 1193 199
-3132 8132 777
250 9024 542
-5265 3536 713
-7084 2214 594
-2877 4578 721
282 2487 281
-1312 3689 733
3855 3195 245
8404 3893 279
2493 3728 62
-104 2500 838
-2227 6747 901
7056 5006 458
-1174 8481 826
899 6884 926
-777 2625 328
3256 2933 639
-4370 4740 71
1075 3121 517
-5253 3688 892
-9010 754 728
-3304 137 332
-3493 7735 413
7883 850 487
-9287 2147 601
9789 6003 738
8885 8262 310
4892 4643 557
772 6011 987
1139 7768 607
1918 8722 65
649 469 151
-3010 2447 139
-40 5572 477
-7753 8626 782
-849 5204 88
-4967 8521 522
1803 7044 449
1956 5491 480
-4431 7793 408
7532 3495 453
8047 685 78
-1393 3477 286
-1356 7617 324
-2157 2443 109
-9363 597 210
4292 9723 883
7138 493 330
6284 2490 86
-2703 9046 54
8307 9852 652
3497 8865 519
186 4735 745
7274 7296 392
1555 790 639
795 1712 635
3588 4824 812
-2068 5590 522
9276 1848 24
-6994 829 129
-6987 3238 159
-8176 334 874
1931 4790 251
-5285 6017 450
-2213 7631 278
3216 7731 963
-4896 8311 728
-5279 1881 544
1482 8525 244
-7730 837 992
2145 1304 320
-2047 807 598
2297 6303 412
-6548 9862 6
-9386 8664 571
6178 7998 237
8834 8533 624
-4877 5325 817
-8916 3740 11
-276 1001 198
4196 4454 197
974 9988 339
-4588 5642 752
-8786 3603 92
1698 8523 611
7470 5355 618
-5084 2576 900
-5413 9134 65
-3485 1187 543
-7482 3093 865
-7085 5949 86
5671 9710 7
-6222 8223 314
-4945 8824 348
-9793 7780 506
2604 6077 478
-4995 2950 1
-7549 288 894
-7671 4126 157
6217 7607 427
4120 5697 294
2243 9802 293
7541 7959 355
9439 1261 949
-7686 6077 235
-717 8971 531
-7731 9758 107
6933 644 136
2301 702 436
-9765 6617 525
221 1335 840
-4748 6037 572
-7136 728 836
5510 5246 182
533 5547 944
8137 6909 604
3302 6869 845
-8315 2827 570
-6132 2948 534
2024 5788 970
5334 9717 682
-214 5280 701
1626 5779 321
3909 9512 639
9115 2167 118
8783 5559 556
9596 6573 541
-8229 1466 278
-893 5907 349
1104 4760 289
-6926 4024 327
3879 4221 784
-222 194 432
-6709 2580 81
8002 9024 83
-660 2708 879
7951 5826 283
-8284 9309 703
3508 1910 992
2063 3650 165
-3132 8260 576
6565 8617 336
5365 4157 905
1306 882 780
4512 4288 460
-4776 6277 191
-9129 9469 491
8155 7039 990
3590 2638 567
8653 5710 217
-2611 5282 868
5252 8875 412
2173 4172 774
-8743 7096 72
-4654 140 120
-1942 7387 338
-4240 7021 250
5427 969 738
-2847 6271 420
6088 422 655
9550 3062 184
663 1469 273
-996 2307 77
-292 9852 559
-183 6833 482
3396 8626 275
4455 5923 71
5959 7883 219
-9480 6669 691
2272 5066 801
7916 7568 337
9071 8889 53
215 4986 724
5777 7230 905
-1642 957 918
-5666 2015 390
7780 5342 579
-3804 5224 254
1048 3410 116
-446 6586 355
-6077 9701 177
5416 694 534
8295 7419 518
6221 3834 105
-9639 8442 10
-3438 3612 849
-5927 664 651
-3627 7909 831
-9550 8450 503
1176 1712 190
2958 7580 671
5652 7348 523
7804 976 668
9976 4510 112
1093 513 23
5639 802 449
4587 1247 148
1360 1988 722
-9532 5809 944
432 6754 505
5046 9662 995
8006 9236 873
-1805 5596 599
-9195 8104 407
23 6605 249
-3360 6471 817
1792 3319 703
9153 3900 27
-3219 7683 179
-1846 7063 924
-3622 5385 488
-1952 3741 881
7355 1050 99
3605 6482 433
1976 7389 996
-5754 6169 945
3848 879 398
-7116 7004 552
-7663 4325 323
-9113 2824 966
-2721 2996 427
4800 9291 385
4324 260 542
3517 1361 336
-1265 6208 201
-1165 1627 220
6543 6593 470
-8024 7089 444
-1782 9067 663
3279 8602 993
-2150 9161 316
4775 1113 161
1896 3157 795
-4970 6891 199
-5589 3035 832
4770 9454 315
3971 5071 422
-2896 421 599
2097 3707 453
2338 1882 906
-9094 5166 236
-9173 5826 568
-8515 9570 561
8404 3927 730
-4624 2253 910
-8043 6995 66
6530 3034 511
7692 3961 466
4013 6249 898
-8318 1272 102
6426 8165 943
4574 5763 711
346 7269 352
-7510 7723 26
-1695 1301 98
3365 5166 777
-5370 5318 461
-4855 8612 920
-1030 1139 625
3423 2312 602
8421 9638 842
-161 1572 933
-3352 5899 997
-819 8225 492
9742 2931 523
7568 6621 292
9140 3212 86
-651 1038 210
1627 7055 147
6884 7686 963
-9013 4650 167
-4191 2375 11
-2965 2527 148
7654 3850 27
2623 3981 366
-2913 7163 957
9218 3534 785
-602 999 634
2884 6850 926
-479 7177 678
-603 7434 695
-4583 609 74
1810 5575 31
-6948 4950 731
-3616 1460 829
7478 7311 409
-1305 4113 690
-7156 3292 475
-3230 4866 26
1337 6858 625
1988 3992 376
1036 8247 914
4605 1294 573
8962 1427 464
-1458 1095 546
-1568 7113 209
8073 8151 652
