500
8701 87189 541
-1015 96340 465
-4590 38750 515
2564 80932 538
6617 10626 615
-2432 38247 53
-4314 16187 535
-2040 97410 764
4147 14507 404
-6206 75018 773
8601 6165 961
-9846 62167 455
9485 91001 147
5070 82378 187
6973 57460 226
-2901 88033 945
-20 40088 710
5446 19065 457
-5014 50856 678
4460 54244 724
3928 18327 902
4302 92362 202
3963 39425 639
-2344 16453 277
7614 76394 19
8402 68824 734
7725 70870 129
-9479 31312 638
-9808 27785 223
-6466 17918 272
-2267 44353 726
-9760 71635 230
6881 11889 178
-922 73886 833
-2936 5279 290
-5056 61923 174
9067 7968 333
-2370 8188 285
-2685 63890 79
-6767 48436 955
-4885 25595 562
8257 91490 779
6851 37601 960
5551 58051 785
-478 20458 416
9516 95228 144
7963 31285 559
9050 97262 636
1780 74104 914
-5726 79003 82
5059 92252 969
-4747 58649 303
-6357 43894 254
8519 26804 159
-1707 30791 406
586 30761 367
8306 10103 176
-4761 90496 117
2385 56590 868
7491 75338 743
5596 11795 534
399 6364 138
-6855 64937 908
-8688 40715 108
1085 33158 628
5809 18472 436
8243 42326 121
3429 35838 912
654 67184 936
-2750 65898 951
-6453 70776 494
8763 84987 417
7596 42197 973
7966 52010 468
-5296 13236 959
9229 33052 625
4343 41117 122
4896 65782 526
9269 1748 933
4635 85728 381
7253 12275 601
-1908 91325 342
7216 46630 836
-9400 12586 489
4366 50376 739
-4441 78454 462
8284 84124 134
7325 44001 392
-4529 63406 752
-5381 78872 63
4633 22508 728
-3322 1456 118
4906 59455 122
7766 52034 893
1833 93199 706
4050 72518 8
8594 662 98
-7798 26291 872
8498 78372 73
-9578 93909 33
6849 86259 830
8333 77648 604
8288 67916 686
7976 10197 93
9652 63194 171
248 43747 463
-8317 96109 238
5382 69440 583
-3252 87218 807
-9494 85816 871
7659 56497 931
-9170 98421 213
-8019 97032 349
-8380 50656 659
-4591 80455 408
-3322 76344 800
-9439 64683 115
2861 39120 24
8848 39679 78
-4236 70190 999
-2700 89584 397
4877 46721 380
8581 42544 995
9636 28227 11
-8265 12494 898
-3116 15760 707
-8555 87539 760
6439 99206 851
1151 91489 452
-3374 84733 439
-8219 16231 632
-8848 53097 399
5765 93992 241
-6018 29774 986
290 55566 94
-3945 89092 751
-1339 67401 630
-9198 15820 629
8313 30892 662
2105 45841 731
-3358 80298 849
171 74466 402
3614 8333 729
-3500 60335 515
4062 16343 541
6059 9539 515
-1689 4030 283
-4115 61409 870
3173 66626 425
6105 13378 267
5967 17648 206
-3444 1583 780
-9023 85692 407
4478 53978 226
-8202 28730 471
3388 43458 95
-6651 28734 934
1447 67686 804
-6659 75542 126
7214 5769 604
3396 71653 546
-4376 97352 504
1421 75329 696
-8331 13689 181
-8007 6479 569
7861 45029 811
2575 15678 335
9 68327 799
-4545 37346 886
3561 79109 236
7636 31442 38
-58 11758 86
-6825 36484 328
-8639 32565 464
-7924 88359 447
6924 9165 550
-8408 63521 89
-9408 53542 733
816 16587 359
5215 19015 802
9368 65066 370
2731 69325 873
-7269 50927 551
2246 10436 384
-4426 86898 500
-2836 15107 51
2986 40267 195
5902 83821 81
-4814 42545 366
881 79397 654
9826 35415 805
6183 40786 771
3362 51012 828
9388 29524 723
-1399 83890 800
1796 3397 952
5468 43465 276
3827 2388 174
4777 90332 319
1373 69406 190
6336 19077 297
-8673 49966 326
7410 84254 870
-4083 13047 135
2605 10080 546
7022 80944 935
-8361 82271 190
-1930 78895 649
-6263 92005 682
-7293 58921 626
9838 88302 179
5371 95114 229
-1731 41509 760
8420 86064 393
-1357 68765 488
5187 79949 690
-2476 57490 438
6873 71997 654
-157 5602 623
-389 78884 873
9921 44519 867
8945 79212 955
-2397 94742 443
-5966 31070 792
-5321 11997 387
5406 57631 217
-4359 12216 497
-1475 35469 457
-6575 11989 764
6742 75483 379
5455 68777 480
7218 71753 507
-502 53299 513
7091 57383 938
1622 68720 447
-9297 22924 838
4900 26270 833
-6318 44147 929
8190 72053 613
-2957 72758 73
-1469 11523 231
-5515 38413 609
6624 25768 336
-8415 15528 78
-1071 30225 945
-1214 15339 492
-4905 44185 225
1570 42250 290
-4230 49053 403
-764 39110 539
-9055 49471 444
-9342 96392 135
1167 36254 516
1288 95195 994
6208 20980 34
-432 74319 172
7333 7920 318
3871 63467 705
-4323 45013 257
4320 81138 809
-7787 82675 848
-7840 7130 291
5058 36612 441
-9973 33033 806
-5988 86058 661
1957 66833 689
2621 62280 687
1323 96302 147
90 39359 84
1515 92190 437
-8734 92522 124
-62 73920 976
-5739 42747 480
6997 50161 514
-9273 99159 909
-8334 18851 341
5813 11025 320
5928 36255 553
-3001 6435 194
-8828 96956 600
-1432 74994 230
-5651 76384 171
6754 18370 289
-7645 27543 644
-162 8344 977
4564 17299 411
-9350 27055 282
-8416 97347 293
-6869 35933 365
-7730 32471 723
-1738 87048 42
8942 95475 463
9066 11683 984
-592 23473 445
3968 97806 283
5861 5565 975
-9290 16236 741
3381 5611 217
-2839 96902 336
1089 64572 23
785 74529 843
-2821 42258 748
-4191 51069 540
4675 45487 29
-97 62638 461
6787 90485 469
-190 6014 850
2732 3802 530
-6486 94466 58
9043 91498 64
-2428 46587 603
935 58082 852
4862 54129 796
-9259 63819 868
1256 60812 22
9022 54740 950
-1460 95156 91
3351 62834 735
4048 71369 305
2594 32316 245
-8886 16581 321
-1973 30019 279
-6237 64849 627
3910 57008 460
-3313 78693 813
-1305 9153 937
9867 63365 268
-7326 5189 663
1433 48121 818
9700 8118 964
-9768 40971 33
5330 58934 185
-9272 44262 199
9025 22541 565
413 91566 35
9174 79683 208
7266 75515 743
-2305 52057 74
656 25562 935
-7278 68845 925
-5329 25894 496
-3484 69230 697
781 59426 597
-3955 92477 935
2909 17979 239
4859 77765 384
1330 6876 979
-7724 92892 711
4604 87282 640
-6576 70874 189
-9534 26722 217
-5834 13402 116
2144 39655 520
1399 41552 742
8964 74128 437
808 47977 382
9540 72634 213
7459 21385 71
3266 88075 246
6529 51457 989
8835 64175 779
4849 76240 913
-6004 24758 987
-3587 50909 361
-8417 6510 927
-7363 90354 639
9269 70589 907
-8645 87034 721
2685 22114 413
-1910 54910 330
7412 31629 236
3969 54525 399
-7067 74043 43
444 46602 476
-94 61495 671
-5483 32267 432
-4636 41838 78
-6657 98224 807
-864 39538 89
-8156 44208 479
1579 28146 538
3136 69483 533
-560 24408 425
4157 72763 760
5327 291 756
9808 81628 639
-9287 41414 422
276 77983 447
2281 7649 402
-4090 13738 944
-9978 32127 72
-5502 69266 601
-9834 35920 400
-1956 68091 929
-8315 83880 476
9537 78991 736
-265 50039 995
3728 10046 93
-4694 82827 499
1907 94230 361
5200 59331 215
4578 82659 252
-5909 50869 410
-6342 50248 223
-8118 44132 858
-5382 1023 74
2564 22106 737
-353 68014 407
-4173 49868 273
-7359 85131 887
-269 70831 974
-8082 80081 852
7739 73877 88
901 72323 295
-8613 79053 578
-3978 79041 387
5174 79226 364
-3720 19273 42
9442 96882 832
1259 38257 934
-8929 5434 900
-9392 25378 627
-7659 26593 771
-5531 1879 619
4561 78587 737
4038 70902 866
8225 41247 838
-31 67278 36
4207 74627 299
-232 71698 852
8250 17622 636
-6787 71734 983
-9733 36959 61
-4471 15208 144
3767 58805 472
-1282 96560 221
2400 54078 582
3775 18699 922
3729 99628 60
2092 22789 629
-9334 26420 344
3106 52950 482
745 25489 620
530 44542 904
-4373 85946 787
-4927 5764 700
8609 98176 82
5921 20875 676
-4746 71594 137
9934 36279 255
-9952 32596 386
6092 89279 363
5093 36614 705
7231 18867 504
-9327 4498 893
2571 41424 924
-3563 29232 974
-7827 57441 470
-446 16125 296
-2630 19802 807
-4025 83697 632
7351 70735 446
-9785 2432 196
-327 60890 91
9695 35605 48
191 77997 302
-5705 91146 670
8972 15637 490
2662 9099 213
-3703 69680 228
-5269 72427 191
-7429 88848 801
-8342 59495 308
1185 76337 519
1764 91834 307
1937 59800 306
-5605 53249 946
-525 43341 330
2276 12817 939
-1122 94010 243
-8979 67189 818
-1613 59908 998
-2446 20557 332
-6409 62409 71
-2949 9924 683
3157 33372 591
3577 40432 360
-5133 31166 755
1281 88432 824
-1101 7581 132
3303 55137 531
7950 93425 416
7647 11489 120
3821 57108 570
-7376 35657 477
-9912 24803 829
-2950 28773 215
2466 65651 447
6859 54485 661
-6012 33365 900
