500
95976 48714 648
16121 77258 725
-28119 71699 211
54923 67229 155
68362 57624 58
24833 98124 861
37781 1216 71
-18887 22298 799
77740 55285 603
-68781 68231 453
-96015 13449 495
7677 90781 238
27828 80776 669
79746 98363 416
49117 39456 1
75157 96129 678
-63207 59405 21
70810 96125 495
7625 681 21
-74827 77269 343
-75736 22323 423
53398 34677 347
-27587 14559 439
12356 9242 864
-97982 61950 617
16361 85279 829
75347 38318 632
-72482 22120 234
-24742 96804 933
-86024 56844 328
62329 47480 115
7506 75975 210
-59207 85297 762
-86628 44896 763
21426 68595 762
-88925 38040 721
37563 79493 146
47267 73076 954
61460 84967 624
-94838 43276 646
59154 64371 627
-25459 61908 396
-65398 54866 574
66288 16745 384
-66752 13475 687
-76463 6656 173
-92143 99270 881
94070 43435 806
-67425 29998 270
52760 64396 523
-10947 52456 896
17903 57982 962
-11045 20614 41
45183 37474 18
23987 64593 425
-58270 61543 7
-99532 74606 199
35735 54652 242
24238 12271 979
-86005 4282 384
-1793 12412 91
39078 67661 70
35004 49954 99
7129 2371 131
77219 24764 946
-72474 83352 477
-27776 91713 729
-37777 22432 975
-56866 91982 574
-13885 43381 819
6833 77013 810
49957 87203 284
-78784 99589 344
65183 84242 103
-74793 41883 142
97351 27475 10
57901 75720 559
-86449 82093 756
29971 51428 986
-22317 53417 502
-68834 99635 556
65758 83420 50
67798 25974 973
95548 38837 43
-78370 78805 633
-13881 3271 292
-98970 18922 644
-94293 31065 309
-53681 3217 947
93885 97227 322
60958 97294 960
9083 73194 102
-81500 18815 461
-12316 52407 375
23021 68899 228
-95557 26612 946
96935 55818 238
-16681 92401 202
-54444 13759 354
62574 82549 964
-47949 2930 816
61474 31664 799
-47574 9258 870
56012 89887 786
35576 78794 82
57032 96993 941
-55718 3522 632
-72255 65145 139
-69316 53625 333
75325 10852 23
15778 31577 124
-20694 19901 622
15318 667 8
-12758 38446 365
92372 53939 18
41245 60089 396
-70477 30270 797
-27282 98278 58
9302 87563 712
-36960 64496 906
-28780 92936 828
80985 78283 670
-76892 73357 542
57839 65559 810
-83956 81934 437
-80079 8139 155
37578 58204 23
-87240 18875 865
20676 63516 416
-71121 41067 394
-31955 58572 469
11745 95000 569
-26632 92753 888
-77503 47779 902
-52351 33670 947
76543 99841 38
-47815 58018 97
-87288 67265 214
-26926 9129 258
71582 53629 971
556 74869 807
38041 41060 357
61950 64357 343
-579 20550 380
-74296 45382 320
-66 51200 211
-34185 29248 505
72849 74762 492
67033 40899 127
6836 25183 955
-92604 66131 406
-89408 53996 742
-63999 94257 986
10669 41340 4
-66178 4332 765
50789 88962 782
-98508 62343 178
75853 33927 443
-99115 87852 931
34385 93174 631
-43526 27504 344
88943 87366 390
77323 64392 240
89350 80167 773
-94865 51180 972
-36129 90576 656
38197 58442 233
-7812 29160 226
9924 98637 414
9824 16691 290
21888 45903 702
-55010 9694 587
69309 34620 959
27237 91661 486
-5784 21576 987
65868 31076 810
72178 73492 14
-26086 65108 572
-12480 42844 201
37336 46888 83
93905 2243 526
17754 84656 47
-31697 64642 629
-76533 55309 2
-85864 77742 677
-34248 9854 342
-67602 70185 245
-43233 14569 617
29342 7916 725
-75335 86765 558
-99571 38835 424
-66491 17991 693
-67575 23784 324
86230 25731 645
-49106 73107 213
95071 5604 807
-16489 82338 494
-23427 84631 822
-10105 44597 864
65221 26356 822
67735 56684 295
-96306 77909 954
13730 34068 51
-61630 97276 353
-54225 42447 660
72097 37888 507
23902 60643 457
86485 54615 367
68310 62821 626
48444 92841 144
67822 13031 347
14194 80308 754
79257 80191 995
-58209 13851 742
77719 87769 925
5889 86004 397
-82727 35711 221
32763 10993 580
92851 2022 487
67997 15502 571
-15159 97276 764
81012 23900 532
7539 12209 246
-5676 65517 738
56562 91939 638
-96348 72352 319
-24489 64782 91
24875 17103 18
55728 26835 517
6105 28790 871
23030 82215 625
85273 52645 488
13684 84478 351
-10028 14378 93
75322 888 401
93256 11128 591
17090 35341 710
-34613 64219 970
-96094 35317 560
74458 50464 436
25651 29370 850
60774 61472 320
-10239 54465 765
-58656 97229 839
-82701 66293 548
-66365 11743 217
-93060 78294 430
-23517 60000 991
-90110 5954 3
61748 68214 20
61774 47042 818
69661 21105 677
-52107 52888 217
-11394 2325 278
51525 23430 158
81022 80520 854
33267 6274 461
72986 65183 580
-29500 46840 114
-37974 82214 867
-74822 65087 1
-65547 9199 331
-89279 99552 707
96568 40188 634
-93286 38051 555
13234 84143 315
38727 93756 17
-94285 88081 796
81335 64694 206
-56347 78656 205
-5324 37470 112
-80486 47166 935
48714 10834 976
33815 85367 379
-1863 87146 585
54753 76083 876
-6498 59207 435
35271 82717 591
-83746 99067 168
-11408 44049 33
-12779 11865 806
99109 83212 456
-44994 10942 566
28577 55376 470
36514 20606 595
-28841 70230 698
80005 82611 87
-4092 2425 609
61518 15363 609
42678 42432 53
31671 66577 579
-72035 88555 876
-51914 19590 362
57936 63137 675
427 37568 70
30562 59256 331
34890 77084 629
-12762 25253 164
-20215 96415 634
-12096 55655 281
41997 36426 723
50478 41967 532
23698 62622 42
67605 85969 250
23641 79693 235
12176 80848 185
57879 58499 270
26805 39078 433
-15973 43124 719
95722 2035 624
2366 1927 796
10024 43016 225
48209 25699 190
2253 28627 415
51907 64632 524
29928 5837 574
-2159 13840 115
-43968 59201 66
-63054 94455 841
35941 74303 339
71107 69800 139
28090 51105 136
25776 40473 132
5954 3677 331
-90205 61705 673
-50517 9516 662
65265 39176 675
-50472 16537 467
49794 42887 955
-52494 28525 769
-94847 81665 468
17776 3194 829
-84731 14890 301
96998 85862 741
85886 10006 44
-89844 97114 428
22178 22828 507
-86897 20458 731
72026 4939 477
60701 15527 860
-23960 33117 528
40620 88739 84
-65381 40667 513
37643 92580 761
86390 72544 764
83117 49676 977
35549 48274 194
-59470 63719 293
58945 85806 344
-16713 86357 997
88077 28946 116
-47455 2810 661
-55344 112 698
-78810 63876 224
59373 97713 431
24732 47964 467
-58879 66503 885
-36348 47184 300
92757 96215 888
-7719 56896 403
-11324 11558 504
49621 82822 33
83310 51363 255
-35964 40171 111
37405 82292 676
-40435 47399 866
-76617 51429 224
67709 45559 494
79589 39821 144
3222 5862 55
23554 32067 732
-29353 2165 911
-63353 71552 55
75469 59916 732
-99338 58070 391
-95271 30373 936
-32059 81137 319
-73789 9941 335
-98292 83659 266
-45377 73022 660
-18382 44246 89
-77889 39763 868
10132 41669 313
-81032 98250 558
-64329 47835 630
17592 27752 74
-91728 98296 476
-16024 81609 553
20049 36416 422
15133 26126 581
-85738 44238 143
-55195 37899 146
-5937 55480 1
12687 29841 724
62736 18372 28
31739 88696 682
57367 46506 784
-41628 82001 290
92733 86123 454
-35542 86954 726
-81504 83090 547
-32988 547 671
-9905 59881 285
83557 26608 521
29303 64447 371
-81459 36302 335
-6451 35096 983
66387 15787 407
60988 18389 943
50833 54640 207
42449 85476 115
62736 34034 162
11044 57098 97
-63723 85721 301
52425 26319 71
86635 16400 470
-47817 61546 871
-5454 80941 487
2744 11534 33
14119 32354 127
-97198 4693 525
309 19781 977
-90060 98795 927
-17924 53532 168
-45980 45086 416
-98655 47692 690
-80729 10020 113
-28522 9059 619
45874 78988 714
-4822 26724 565
-41904 16968 428
86483 69907 510
-84011 52219 67
-1735 38944 154
-88894 35807 127
-19130 79992 626
-55176 72281 180
-17299 75114 541
62562 29185 128
-18696 37335 236
-1059 22092 716
-60202 5533 843
60907 73819 486
-71964 57988 759
-40 57513 285
29434 39401 794
99051 71248 22
-14727 25803 502
-68655 66428 246
-52333 54036 920
-99515 13780 872
89434 27625 995
-58044 17285 976
-82483 47061 841
-38033 13552 617
-95201 28594 837
-21631 27350 595
74826 21593 292
-89612 64579 776
39187 72556 940
-57170 63896 865
-93473 38689 196
-40399 79357 484
10486 82832 709
-30781 66854 352
-80170 93600 729
-66854 63492 683
-10501 39054 803
46667 92015 738
-21140 22495 286
15412 21297 314
-62647 78119 905
-24664 41046 190
-26029 82426 195
65562 23314 289
72123 45171 3
-6451 97011 287
-92817 58050 378
33787 79208 94
-40990 42107 685
6595 9361 513
-13029 68892 300
-66472 50632 112
89472 45982 392
68327 40208 249
70435 37887 588
-18360 53180 275
87949 98894 210
-70296 87362 332
-85878 5943 841
28342 65857 113
-14540 6705 84
-39220 89040 741
27011 95078 326
21343 99881 909
4501 92387 356
4458 59349 98
-63750 57120 491
-95273 39480 127
32706 18641 986
