500
3295 73390 5878
-824 22269 3933
3829 6219 2227
-7616 73201 8802
-8711 3626 2377
6028 25455 8815
-8267 25194 8820
-5958 2067 3613
7934 59163 1775
-5809 82407 2049
4284 67309 2331
6035 79956 9974
1913 1661 6832
-5187 11564 3420
-6258 44893 5783
-2464 63637 2832
-86 73316 6808
-234 92695 9341
451 73845 7457
-3605 72841 2771
-9022 85619 4760
-5939 43736 343
-9143 60420 899
-5486 73849 811
-2265 96164 4229
-6935 41489 4878
511 80493 3386
-956 28258 5558
6612 19685 5653
-3834 7703 2971
-1991 56712 7833
5257 23539 9079
-6536 77175 359
-4558 31478 413
2208 78081 2135
9497 72945 6199
2580 63600 8538
5683 24524 8500
4273 35478 7422
-8895 91285 2625
-3649 18712 34
-9218 79852 2566
-3780 13562 1997
3492 87659 6068
-5852 30989 121
-2145 43450 2301
-3772 95542 4117
1718 92243 8531
-8959 23233 2170
-5610 12851 8005
-8092 53445 1277
4256 1666 694
2088 69208 7334
4053 39876 6448
-5466 23574 3999
-4895 93024 3064
4767 84397 2369
-6843 72848 1779
2571 67660 8955
-3191 52905 745
8802 81132 4851
-2847 13804 1256
-696 4927 9537
1246 60526 3644
221 37592 9306
1752 80581 7164
1893 76698 4906
-4455 44051 3816
7541 32612 6820
-6803 5975 8897
-4449 32925 8542
-1592 14673 3032
9854 89468 6647
8248 81845 2235
325 46106 812
428 84628 941
4324 48732 4060
-6492 48838 4693
5852 97818 9607
474 77755 9049
-2011 10357 4717
1201 98916 7883
6877 94072 8118
-3044 10909 9956
-6061 61005 1453
4529 84893 5568
-3948 55875 3905
559 34016 2025
6133 68829 590
8045 48500 6903
9025 51006 9257
1733 91298 7672
-8700 16531 6026
6912 90047 3484
-5031 80417 9998
3682 33779 9107
7472 13871 9949
-3112 76232 570
3683 76055 8185
-8511 77303 3987
9339 63561 2456
-6278 91887 1124
1789 85247 722
-3954 85734 899
-389 77928 2334
3453 58660 7407
-4393 15566 7209
-468 23565 545
6266 47754 3095
-5876 19087 7028
-4843 57642 1647
8462 57229 3938
2903 73728 610
-4793 66730 6241
-2960 69902 6507
-6304 93177 1133
9508 33840 7885
5984 51875 9703
-1197 57931 1800
5437 79450 8221
7592 23316 1501
7424 477 4027
2400 35555 3604
-5192 39788 6818
764 71384 8971
5090 23951 6151
-9814 89230 1185
5398 55073 6974
-816 88702 9331
-492 19681 9848
2907 34102 1317
-3408 90843 9050
5350 23804 4388
-7653 39060 3279
-6259 2237 1500
7764 81620 4929
5972 30394 7061
-6610 632 3747
8243 70612 9683
1858 6040 9889
3108 42615 4317
-6120 18133 5739
-5008 50116 5980
-8847 87783 4703
-3019 45347 6200
-6632 37478 8710
-452 58760 383
6378 86550 5682
-9990 73251 9222
-6493 77431 7957
-8220 43054 1637
9834 50061 1365
-5160 79634 4941
-1025 46348 5918
9000 79163 620
-8382 10824 7031
5738 2205 2725
7687 6748 5689
4925 10054 3561
8217 67000 7740
-6146 12325 1913
-2549 50351 501
3883 39546 1007
-6490 86209 460
4279 76991 7098
-2193 45862 1073
399 2422 1179
-2824 24892 5650
107 93492 8782
3978 19858 7605
888 21806 5786
4688 93812 4172
-5788 9763 283
3303 15321 7257
-7637 72106 1118
5028 70315 5487
9601 46141 4878
-5595 85174 731
-4863 27460 9151
-2148 94388 1409
373 61126 5289
3128 25592 6795
262 64429 1014
4790 28473 8271
-827 13336 2638
3272 7392 9936
-3174 77799 1442
7620 757 1432
-1716 30785 1671
5167 98854 7651
-4559 90697 37
-2261 41208 2030
6392 83778 2096
-1506 87603 2625
5653 35616 310
5220 23368 553
-9140 39601 2234
-8521 78149 2603
3393 13706 1887
-4612 67228 4534
6079 79062 3752
-6031 55792 5463
-2234 17819 5966
-7210 95809 9346
-2823 36655 7330
5625 65530 8142
-7288 47899 8342
-4315 5464 1314
1147 58990 1111
-8435 98236 8878
-865 35780 4925
-1803 36660 6060
1685 32183 2325
-9183 32966 8152
-8583 35367 237
6754 44478 1293
8112 61861 5313
2717 75770 673
-5996 31141 5509
9341 22035 7043
-7580 88229 1956
-9989 493 2180
5095 75384 3720
4972 78466 7571
7936 78711 9753
5067 19979 3548
-7464 11017 9451
7144 43920 5378
903 15410 1378
9457 74354 6219
-2875 51226 344
4255 73014 2109
9520 37118 5459
-8764 45940 1912
-163 67452 4880
3442 40960 3187
2308 92378 659
-3090 3640 3755
3046 99767 1507
-9578 19534 3752
-2655 79414 9232
3568 50679 1297
6871 75944 7112
-9867 56853 2979
-6533 86360 3866
-5634 88993 5660
1405 81884 5961
1164 38877 7374
3895 35225 9157
-7587 81752 5618
-2472 35159 9493
-403 96418 9754
9329 87271 3497
1738 57426 4700
-4323 71858 5823
-2723 1301 4042
4277 12579 8339
4948 66841 7078
1748 74518 5196
5780 25946 4566
8392 22594 3604
9471 51212 5683
-5702 60932 8615
-5182 77577 7080
-7394 10574 1919
-1951 46173 2552
2334 3024 3919
-2426 96432 6304
7203 40676 9309
-1433 93587 7134
-3963 53695 4661
-8873 78702 2290
-6955 8342 1883
5551 30920 8147
8136 42190 8768
5693 85687 5444
4166 200 616
-4723 46698 6792
-2605 11692 1258
-6282 65172 1634
3100 63509 5962
-1720 35612 7410
-2650 82173 947
-6156 51074 3821
-2509 68073 4392
60 19060 9947
5141 57047 3916
9180 25137 8294
-7912 11846 7727
2264 34844 3184
8490 65702 3307
263 43813 389
-5523 6754 5087
2080 47155 5506
-1760 17898 1659
-3837 36246 2742
4810 7621 4861
4042 68588 9208
2440 84214 4283
3537 209 120
-1416 90766 4833
2947 95660 873
-4826 72082 9836
5222 85558 4910
8566 81421 1639
1577 22030 1285
-7086 25048 9301
-3284 90362 2961
2294 95655 1520
4048 62752 3355
-6150 74520 961
9856 40454 1834
607 55031 6384
-9985 16805 7185
-9412 50101 1070
7667 34868 9722
-3606 1546 7072
-910 29395 7058
686 13287 2862
9995 72502 3652
6279 6689 5083
3096 99828 5673
-6311 84282 4071
9858 8369 4367
-8680 9777 3827
-5804 62504 5929
-169 84428 3364
-4316 700 9623
-877 89284 2300
670 12511 6663
2619 94161 5284
-4973 52163 5115
-670 31798 2621
7938 48385 6940
-3352 71856 4664
-7227 97224 2046
-1244 57755 8308
1374 68905 9109
9110 76933 2648
-1246 36063 6233
-9109 52662 5585
357 4835 2821
-2190 43615 9965
4200 83760 1205
-8706 48929 4856
6305 75667 6832
7068 23905 2134
-6999 7735 4483
-3785 95083 3345
5770 23183 575
3977 33923 9349
-7574 11397 1558
-9244 92499 7513
-8430 26626 6465
-2047 95248 1424
2756 93982 7077
-8984 2671 8897
-36 59465 5110
-8416 66664 3091
-4636 11611 4604
6713 87465 1372
-7842 4760 7557
-5353 58078 5483
-3315 90343 9193
-3711 65630 8003
9412 70228 1893
2123 58937 4954
8307 16292 8786
-3296 74688 3651
1838 89081 8757
-4238 48309 5448
5471 97349 3004
7526 9588 2635
-1713 98547 2406
9147 70401 9390
9616 21235 7635
6331 78931 4928
7662 60583 9053
-3323 6912 8859
7126 43947 1223
-8967 85130 8475
-3898 84553 3476
9381 84874 5473
9367 20829 7099
-6866 48572 3880
-2712 67365 4649
2146 65546 1191
-9139 38604 6198
317 69148 9047
-6346 40056 6747
7962 70432 6678
6115 18963 7395
700 88598 7325
-6456 79126 9314
6525 24639 9726
-6851 63740 4659
-298 14182 834
-3798 99717 6630
2383 99374 33
-2448 99880 5688
9896 73277 9298
-3783 69278 4164
-4568 75176 6293
1540 63116 8314
-4762 84737 8910
-6069 37041 5054
-1322 19070 6020
-6569 6384 7940
4309 58763 9962
134 71071 5866
9239 91442 2509
9339 10801 1430
-5264 79081 3263
-1274 99072 7601
5857 1308 5283
9940 59742 6179
-6330 77660 6953
-967 54109 6735
-7523 25703 3595
9725 14908 610
-6856 22041 8823
5700 73781 3719
-3931 60051 7135
-6558 87140 7518
-7747 99178 1008
-9122 46010 1118
-2740 62579 2864
-3707 77634 3880
-7360 86668 1850
7826 88082 350
6452 73677 2061
-8676 25174 610
-3042 49041 595
-7712 43385 5234
-3913 31711 9055
752 2261 7332
9771 36285 1531
-7685 60572 5278
-8319 57463 6512
-6083 38182 2777
-3604 80331 7222
4234 11997 2742
3699 80824 9757
5974 24391 2945
-9667 31495 3916
-8408 18100 4788
2368 16378 746
-5728 83432 7662
-9078 2579 58
8230 95466 7349
561 26312 7228
2196 42797 8873
-5704 70469 6289
4902 37246 1547
6658 90529 3886
4800 44111 4684
3547 14693 4084
4608 62978 3978
2084 78746 686
3525 99129 3752
-3777 72242 9084
9471 17373 6717
3163 56953 4959
760 49293 5807
9026 93852 53
3362 81769 368
4128 28505 5847
9475 52862 9625
-7531 82537 4849
-1410 96756 5077
2559 587 3937
9347 21014 3553
-8063 24594 5602
7832 44449 5218
8183 67377 9098
-87 35599 1782
-9986 89828 1170
8750 9158 3359
-3073 65250 502
-8517 50844 3805
-3972 91618 8605
-9107 32557 7467
-7266 90539 8666
-8941 47456 4395
5053 18208 9379
-70 9013 7637
-4048 2411 9937
-1603 19795 1182
3926 90760 9097
-4628 24016 8901
5 16468 6218
-6053 15394 7587
-8173 80119 7863
6190 4357 7699
8771 20655 3654
-5021 67469 1903
2770 19646 3961
-6369 83854 9597
-1726 6966 668
-5859 74761 2121
