500
30736 58929 6180
-9313 20159 8597
47042 36786 8772
-51132 94875 698
33095 60481 9260
73377 93222 6030
62187 55848 9133
2707 84197 8111
13775 45328 5506
64571 29815 3264
69333 34283 7547
-20856 82533 1016
-60852 73028 5945
56773 66960 13
-44898 65579 3707
97442 34039 8177
24247 56923 1591
63685 60200 2269
83704 71789 7212
-54573 45512 9660
25948 5186 3895
47867 28741 5723
-2135 81965 4708
-37948 45531 5423
-30757 49086 6422
-97576 31909 3606
19085 59541 6042
-30320 48390 1602
40104 98822 3672
-66880 73783 5395
-58608 67945 4602
5893 60339 7027
36109 53413 9858
-83058 56065 9559
-59209 48989 7447
77352 65665 7316
-86875 7419 9551
27342 4858 8240
86678 82939 4498
-22864 3619 9306
25441 10138 990
-5310 97743 3963
-89895 57984 4150
-4792 9021 1246
90500 94027 3952
-88224 7041 5885
-63042 93757 8382
8207 69452 4094
-87 77416 7788
1232 28771 5693
-38697 61816 3947
26202 47358 1514
75322 481 6397
10480 87550 8630
73099 1931 9825
46510 30131 8089
-73671 42234 3617
-64814 40334 3479
-46188 64130 7529
-61623 52228 4484
-60679 40202 9961
-91269 10308 2964
-67072 56319 8238
-23336 25115 6216
-28253 16668 7198
-44892 85028 1909
-36559 58711 658
-91456 17749 6806
-64588 87151 6776
-74502 83271 5876
-48545 13333 5257
80023 97350 5300
-50949 99736 4471
-96 23929 3602
62227 65812 362
490 62579 7964
16094 10460 4348
-33814 43866 4065
-916 65767 6403
440 27959 3354
49812 95608 4031
-60575 70335 9864
-54244 26770 7540
75891 58880 8480
64106 87100 8232
-49980 64367 9444
-67478 46608 6720
47876 57905 5635
-56000 91818 3512
9091 86024 7139
-97680 16622 3602
-76603 94176 7117
-32821 38265 4768
-64380 43002 9866
-83428 63532 1620
11014 31736 6892
54739 21046 9367
55329 23241 2574
-40015 60673 2951
-70581 80566 3807
23412 73055 6710
38758 69134 284
-32187 37110 5904
-80886 33966 8990
-3617 24680 6333
-40491 71828 2852
77826 57927 2327
3760 45317 4961
70296 59321 9293
-45405 23549 1463
43495 95240 3113
-90661 85271 5045
16568 85676 7150
-838 95612 2591
-30778 41180 5989
25056 13040 669
50347 25585 4233
-37001 50874 9638
65478 33373 8817
-91516 68180 2716
-78799 1164 957
-33172 8852 6139
53025 4281 5812
27972 43706 2286
-63650 49940 6540
-91618 85338 1314
85478 70577 6250
5904 6922 5503
-28644 42547 9421
14917 39727 6594
15221 5818 5974
74057 38021 2896
-70298 11082 2297
74513 54253 8408
10567 40702 2633
-86839 5500 5847
-57204 24589 4064
10721 15904 1249
-29146 32538 9086
60953 53941 8541
83956 57537 6420
-61044 17865 1409
99631 97760 9328
-88326 69931 3792
73621 68963 8315
-80294 33627 3505
-7082 6996 5536
-57568 35693 4609
-27907 54658 6527
-14262 33343 4266
15904 59537 6962
-208 85885 1221
-39478 38882 9983
-46900 77745 1838
12712 76323 5903
-99129 84688 4598
-35150 12025 2029
99846 3618 4158
47132 38380 1186
21812 99090 3969
-94082 28052 3120
9425 85143 1778
17663 99618 3133
29435 61377 535
-47672 67249 3026
-23429 4710 8070
81960 14254 2579
51858 29647 5055
3459 59140 8049
-58107 68734 2105
35263 98860 7726
97254 6914 9856
62257 69204 6000
35748 80286 8863
-83067 27087 9385
17237 48598 8810
12780 76125 6933
-79742 86043 1294
7178 55228 2356
-23309 59800 3052
87392 18446 8250
31100 45212 2035
-61321 33420 2757
64135 66762 3980
-6323 8299 4494
-32861 23519 252
35332 11021 4675
52685 70180 3317
-91128 79754 5091
-20803 78548 7133
-38080 46239 9947
46644 93135 6914
86521 95384 8928
94340 52223 6877
92239 65914 3502
53407 1770 4070
18396 3859 5551
-20572 4953 680
16677 27780 175
-86169 14855 4982
-6206 86063 1311
13951 73709 1373
-64114 62397 9927
-5995 51820 8923
86927 11251 5665
92267 93341 2687
-31640 33270 2210
-22678 84277 8371
58300 19451 5116
-81936 16348 7414
-26780 55059 7282
29337 29327 6990
-73067 4854 5994
-8051 65459 1710
68683 61390 3401
14793 28381 115
90490 50855 219
-93839 447 1925
-94347 73942 7329
-49770 49589 8395
-22625 73574 9775
77444 69071 8911
11922 47786 518
49935 3073 8083
53966 40607 2734
-63778 681 7875
-54493 26528 8664
-90825 79584 908
-90399 28752 4706
26893 26724 1421
-41216 62370 4315
-53049 47748 6509
-63669 88749 5930
15249 25357 5132
83026 48782 9193
-7256 39892 7645
36047 46077 6503
83169 92388 1491
36119 20884 4093
-56453 50986 683
-63547 80476 448
81446 93438 3386
-42333 88377 6488
-34605 75540 4712
14299 41592 2768
15613 27523 3820
95260 8248 8734
26871 17429 3402
66255 29815 2948
-23241 28592 9225
1340 77822 5672
-12253 59619 4633
-49737 75822 4464
31002 39540 9172
73872 40363 5473
-71355 31848 9331
-3781 8649 2873
15968 57716 1636
11453 56182 267
-10941 95139 218
36696 53416 9915
-39179 14345 2517
-16904 38920 8489
-30030 93255 2466
6429 1214 6882
6715 7134 5686
-51125 7037 3557
58462 67833 8806
74928 59538 6274
-53305 18197 4010
84117 30985 1258
9031 37140 1379
-55608 71488 6866
547 13570 601
-45496 7951 8984
-62752 35046 1673
-87054 25622 8059
-63284 50444 1598
86059 82057 4005
-95408 658 7551
-34610 77562 4827
50740 29457 873
-27305 20997 6728
-77006 75086 6510
54609 96193 3206
54527 38145 8413
38908 41444 9278
8791 51653 7170
61442 77463 5234
50952 14112 9681
36764 2107 8328
-70847 3284 1102
79616 36507 2360
92252 48615 976
-24563 54868 8953
99688 12591 8391
33913 65026 6184
-56069 57089 811
-56263 11916 170
-73 37755 8023
-16654 86930 7011
-58852 98768 8100
-29153 59093 8919
-5682 16755 7722
-57149 92071 9313
-87385 78407 4163
-45934 19380 7233
75456 30053 6289
-35430 50191 2107
-46533 27599 6515
-18698 89441 6413
-17068 51861 2628
35958 73712 704
43688 24805 7348
40904 58028 9473
-57147 90871 4170
-71509 17022 4450
-33676 80056 7257
-74411 50068 1740
56260 7255 1633
-60701 41160 8279
-95976 56942 7049
-28224 29968 7949
-78221 13394 8266
34457 89514 7883
12162 30334 6383
-29441 72936 137
78570 5148 3532
-38627 12506 6923
62419 42325 4764
41501 43515 4296
80436 80826 5310
75797 39518 9049
62944 47699 1554
-16073 4441 662
-10863 43783 3520
-80072 27409 2541
98739 26029 5465
84800 904 7604
15987 13586 1249
48980 79492 4400
-1207 10795 7340
55935 71233 6742
-24829 28732 3288
-59513 43353 9073
-23405 92617 5674
-85554 10962 4708
-12964 23613 4989
-1017 33352 5762
82744 40632 1608
-51236 83707 6380
-79220 94558 1054
-47460 46620 2234
59791 18812 9724
72234 70643 9148
13784 29437 9933
-77021 3860 5843
-59352 83822 6561
-22001 90563 9051
30775 57550 2479
-97717 28741 8475
1346 8186 728
-81994 63624 2207
-98604 55639 3517
81178 45236 9957
-29613 20160 7635
90908 71604 6
97614 93937 8805
45415 44319 8726
-87418 16276 7849
-30187 83531 3503
82106 67724 6728
31582 39539 3355
70902 17120 9063
-634 84871 2064
63774 87017 9595
76162 24277 2144
-67722 30943 6332
-61782 36055 464
42421 75552 7160
78756 74940 2952
-36085 24290 4794
94223 15994 364
8367 154 4523
-52689 19027 5690
39278 43277 8282
-2471 15206 6341
12144 84502 1688
-44066 7449 6544
-22260 9880 7510
57916 36006 4782
-65073 25670 706
-51646 95171 2104
-61944 72656 8367
63492 76053 1936
67927 35185 7252
23039 64535 9189
-49162 71574 7783
37582 94278 8519
27591 62992 906
-34418 27984 4573
27872 21693 8181
-11570 36445 9348
-17388 45491 886
-15109 28990 2922
-28349 92718 2278
46409 18677 4987
-19933 44284 3437
-3547 41573 2748
-42864 48838 3449
-62885 55355 6597
-67694 55968 7241
53059 80348 3587
57261 64564 3664
-88720 47984 6206
-53266 21644 3960
-84709 30670 5351
-47500 39230 8707
-80243 92840 8342
-69060 35132 5401
-59573 42522 6706
-23695 80251 2463
-38330 75631 4466
-95566 56067 4756
-12349 22356 4419
28134 81080 5585
-53497 24481 5097
39613 37928 4769
30278 92580 8779
80712 29941 8030
-66674 33519 3433
50428 50372 6333
-7953 87044 6721
-78015 67655 7916
21933 99711 4962
51521 27271 6667
-65816 48452 5296
88494 94806 9400
86474 99019 6296
-68076 79987 5823
-50574 98568 1397
75809 55102 3041
-9503 23423 8372
-54734 50686 9778
-98206 46567 6116
50015 51216 8841
18494 27901 8305
-76216 11154 8579
928 8427 5970
-54047 26512 632
-61562 63546 1457
-48261 21775 9362
10921 71446 2042
18260 22903 2954
-75987 36000 7815
1569 20965 1045
13580 75321 1275
23450 66097 8207
-19008 72652 5260
21575 60572 8038
-55505 80764 1830
40009 61438 7112
32986 64848 7261
55851 51854 5185
3849 32092 3634
-14934 26706 6687
-1232 67920 2122
-53183 66089 8583
90342 12934 6186
-34887 76887 8126
70792 30567 6710
90801 62576 5056
88553 22046 2875
33001 16968 6596
-25924 47649 9355
28373 59993 5795
-89789 1405 5465
22367 66901 7109
30714 65857 2949
-58179 24462 5710
21311 6541 8842
-88459 54084 8216
-98044 54811 4629
63213 24687 5442
58104 9357 6503
-9 34988 6681
-45518 74424 2094
-74981 74284 6870
-53025 62929 8400
46822 219 4200
-30035 87959 3161
-42956 79821 7954
83896 91488 1446
-98246 92367 6406
60596 41960 9058
-26538 75917 7491
-3812 29942 1137
-87462 58686 4125
-90726 46673 6058
-48363 18616 8635
