500
40173 691691 64
35679 501151 2368
97806 949570 3331
99116 403190 95
76407 116834 9109
-10133 182717 7030
-42738 591743 9127
-42448 123018 6869
61166 756131 3009
74652 14098 92
-5599 409738 7665
24433 695137 9013
-56034 635327 3571
-37384 897365 5344
-48766 778997 7761
-96619 163168 7614
2449 609769 2877
-91543 140414 3472
75119 261558 8572
80169 269107 8001
-57702 467513 2358
22013 696585 5697
99178 895142 6301
83868 737353 1460
13644 158059 5482
-9497 246840 5499
-54532 455684 222
97219 790548 802
70914 207967 6887
-48326 235600 7786
90862 226737 5297
-81963 430284 8855
9175 557017 9408
-38605 593049 5900
-31919 603508 4316
-70419 839531 6502
9517 253696 2204
-16658 243552 5511
8501 986037 54
83597 467505 9093
-57304 185889 5526
43693 562550 9539
53556 695812 3837
45335 133855 2526
-25486 932908 4813
17111 783344 3242
-78554 538065 6130
9556 135166 2558
34679 583347 115
61684 377383 8957
-72340 358579 7481
-53136 698455 1703
77096 739888 5727
66676 711992 2192
-86616 918628 1132
81850 916602 9552
61178 456958 9293
10791 198020 5419
-81216 88001 374
15974 96377 5137
-2266 529373 7355
-51580 551151 5929
-28575 970956 8394
48781 719404 4234
6697 197296 6972
69861 965090 7931
-65800 542956 1788
-55063 299373 1164
-8189 198337 2087
-80185 9163 1156
-15623 412842 8773
-31972 622812 7852
-68550 14521 9799
21581 405018 1324
-90918 452404 8306
-57944 857306 2741
40343 691627 251
-68100 146436 447
-30185 420251 7091
56118 235855 9092
-88603 976776 8629
-73154 969985 8301
-46035 198871 3294
-1199 932519 9244
81015 327210 1020
9376 893520 4426
-80287 923775 8267
-40918 444687 2034
-87264 524235 1388
35478 806832 8461
-54471 373204 2967
-28332 916218 4479
-33733 929037 9875
41589 60583 7443
-74113 802998 2196
67079 188832 8131
99171 154930 5940
28534 377340 907
-97084 358059 9317
-52321 274043 8863
28794 541475 71
-92233 302335 4602
-54632 895965 6165
-87459 466763 7001
-86235 364716 5332
-75013 652478 6039
-32171 362394 9199
-30301 998673 6298
-94773 562172 9341
82727 480143 2286
24083 156756 2373
-71623 919381 1040
-39205 67047 5939
98629 56396 4894
-30029 107168 9643
49356 549795 750
68742 681958 6094
-74045 474896 3853
22295 378041 2234
-37396 835720 1818
40127 729619 7752
-91469 595196 3457
-40218 728765 4240
-5876 859671 4524
27392 726704 8560
-22325 541174 7463
85578 90413 5789
36356 670824 6195
51142 474271 9497
-33308 862503 3694
10099 493487 6950
78416 207701 8849
-59631 630057 6586
70013 345659 6491
-18988 539150 3108
84048 633342 3100
96039 402361 7166
34103 688546 3460
58340 286902 116
52552 771140 5117
99856 275168 9780
-16551 521811 3895
-49828 751418 118
78687 396112 6819
-8998 243857 9006
-75445 403910 3826
38781 37328 6448
24610 888907 8303
38293 918436 1251
-49892 864120 3883
12489 152530 7562
-38848 909157 1752
35157 137429 1471
88255 99369 5528
59207 393917 7794
-39666 808977 838
-88011 871236 5697
-67704 268254 8485
-72767 215091 5431
9091 143108 7721
81616 763253 5354
-73615 791393 1507
9928 412282 80
-52997 751548 6785
-9784 280208 3890
-1383 187391 4822
-55572 755453 1364
60533 193013 5413
40834 635488 9268
43586 202183 596
-12537 265289 8433
-48617 500532 4895
46182 157590 8382
45968 88655 7706
-47887 95311 360
17831 603774 252
6497 526020 2709
-84273 794225 441
-89205 23142 1934
87058 208544 1279
38820 198116 7869
-82452 262152 8803
-45705 714696 6010
9127 146343 4876
53220 633809 9411
36664 710197 5393
61468 818898 939
34586 533606 1887
-20006 456971 1622
92075 51871 9358
14949 60935 9393
66820 921525 4645
-70333 709750 7447
-28644 713068 8555
-60032 42700 6802
-80544 607918 9280
-59936 129881 8766
-1652 148363 3819
41569 615851 7284
-34611 619889 501
-70859 361057 2150
40986 351596 5398
-74434 769426 3911
34000 174560 6799
-34101 5598 9262
-66674 852484 8984
4819 417682 1243
63633 785505 6043
73648 434306 9288
45073 703692 3409
56478 84003 6963
-29860 232672 6972
-7948 926311 1788
-56079 757184 5669
89954 259357 3051
98976 915852 5863
78828 152008 8244
-38752 62242 4588
-37466 17534 5389
-15183 173976 7830
53232 658181 1327
14516 749239 3457
7412 591785 3052
87431 692858 3623
-69281 503585 6384
67366 354887 2884
63453 589603 9867
-34497 493549 4636
-70120 187845 8942
53908 662176 538
-49038 500630 6277
-30761 595185 395
-3584 636221 8900
-46271 891281 282
-62326 904209 8517
-88012 151880 4573
-68223 469880 9105
-84397 81393 160
94273 191556 2669
-29602 329912 7137
4231 212938 4695
23698 303255 2668
-82828 413573 2401
-61952 445390 7528
-85628 297260 1678
-26067 902753 4178
-18232 897488 2267
-45973 248215 392
49259 901881 7600
-43210 870064 8297
63715 440065 9399
-82862 306918 1596
-17418 729072 1628
13347 879464 5038
-29648 335066 4550
50765 772947 8480
82018 283510 3334
-38194 458547 3296
83485 755841 1086
-17704 819833 9463
-5776 415763 3843
11891 824252 1972
-96034 320897 9286
-95469 916725 711
85220 401459 975
3831 495798 6849
-5846 207046 5723
-64894 612844 2090
-34489 215525 201
55837 996309 9138
-30021 904355 144
-71155 803843 2829
97383 993437 6515
-8239 520082 6889
-44017 322190 4584
66047 959911 6722
-39724 876147 7909
72415 754282 1384
-69845 598497 1772
-58680 221061 6848
58083 656804 3337
81595 120797 1769
-46379 551129 90
-33283 105617 639
98924 651278 7518
-37511 299761 1189
13336 836504 8449
-56235 688705 7567
86222 239350 4311
-95980 460398 414
88707 229861 7672
15788 78096 368
-43288 564228 4908
6121 617314 9640
95528 358633 8071
-25342 298494 9018
-45280 713923 9574
75194 370524 9401
-72738 877170 3786
-52293 207052 9572
23518 700580 308
89646 898099 9423
28609 963569 1747
27742 530371 7887
-75185 118329 7179
34958 459646 4936
-11153 360062 4438
-90728 580140 8394
-86620 889981 4560
93128 512731 4345
31883 120784 685
-59336 573912 9965
42579 11913 2190
-2323 369067 8298
-41028 899272 7540
39667 15831 5185
27731 711774 2100
15797 238290 7047
82348 848933 3708
-61089 690434 9300
-19294 26208 6021
-42184 102202 9391
14988 489103 491
-44230 97780 5656
62656 754774 6153
-7756 878607 7014
73357 41295 7096
77603 472778 3570
29428 546861 617
66124 480962 6708
-52506 292115 9889
59421 82089 765
-32444 881077 645
39941 716744 613
1619 565677 4806
-7727 334519 6071
-72577 719136 8735
93449 631002 3914
20690 899091 4589
33931 775774 3681
-39051 260424 4831
-15514 651637 5397
38246 237150 8942
-37382 933582 7185
12667 31592 3727
-54706 118425 2254
75734 109069 6231
-5134 309050 3633
-82071 150368 6718
90647 843212 5107
72237 143553 3128
5036 530456 9263
60766 284788 8000
56122 885846 9153
-30918 381888 9526
4738 435748 9165
41273 578123 714
-12266 525317 5614
39759 200052 8249
-16010 186331 4705
-62560 957426 4552
85932 257896 4961
-87485 683884 9520
-85398 953090 5076
4923 83992 2617
-41246 785878 4326
-16014 732824 6458
42279 539359 4037
631 171154 5311
2051 397798 8909
92858 104143 3196
-95784 125308 3654
-69882 567062 9970
-25157 564598 8010
60670 255178 5664
-29426 974058 5131
-10725 503618 7452
44637 567015 5237
63397 179880 1522
14716 463801 7023
-30416 704917 4605
-84513 535326 1449
-45606 55082 4787
-85318 524610 6817
40066 768498 3430
62747 520258 2086
-98485 934839 1177
-63931 728800 4737
54290 155810 9967
-77234 718402 7025
18733 553303 2347
93499 105905 2502
-23900 984401 2708
40282 859534 3873
-65484 655418 1687
-53407 676695 5370
-68158 171022 4866
-72826 937180 7586
-23907 628720 1325
62815 519099 7370
-21960 540365 3740
-15429 912611 675
-66010 830769 3011
20800 225543 7625
-93545 731558 7770
70790 565280 3770
75858 238612 8962
-10188 645865 3067
-10316 816086 9222
12251 574870 8653
77800 900121 790
-67312 587733 8348
37288 906171 623
-43122 302920 2217
63795 965474 1487
29323 392449 2137
-62385 601627 6313
1626 732799 8941
53506 61812 2532
28545 435496 1747
41675 271195 4345
22172 182408 942
-71065 768377 4797
-66766 76554 8994
-99327 553866 4588
5719 331317 3154
45753 889599 5462
25218 902505 7342
-95271 694550 2318
22640 893530 6471
7380 500983 7553
73721 789452 9013
-12159 460243 1669
10289 604623 3484
36310 469241 7603
29826 44221 4026
98984 13689 4006
42504 47283 9668
46114 720445 9652
27245 622989 3906
-5307 822308 1308
84678 565541 6936
27615 170849 3857
-61521 323212 3239
40847 426452 4358
-38685 308618 6260
15352 307752 1307
63262 449812 9047
99844 181101 6248
-63497 6988 3047
-82596 240247 1064
-20744 192637 4788
-85723 787639 3335
92417 623511 6181
-96579 145624 3775
-13476 797800 6275
74038 770141 3344
37026 991324 9878
89491 571257 8094
34638 810871 3856
43585 159792 6256
-91808 453840 4423
-99752 996908 4102
32949 982801 1030
89042 62307 4986
-38811 433772 9718
-13365 682471 7899
64670 629024 3865
-28742 913102 8294
-78017 775085 2696
-19089 539011 5974
82680 306836 6031
-62066 455597 2334
-46944 657236 677
-40373 813247 6277
18135 745120 1920
-23321 87456 5266
60894 409636 3305
9578 722044 8744
-65484 158075 3259
-54239 438570 3587
76658 844713 8674
-7397 351233 1972
-67478 749726 5122
-13345 586805 4602
41915 155501 4454
-73616 192438 1041
64056 16394 843
33348 301131 9424
3451 401411 1933
83264 383275 5006
77443 51393 8784
57337 184668 2677
86678 951743 2049
51367 655056 3770
62035 422218 830
-99221 365373 7819
97496 989113 2835
-97405 762428 8347
22356 914927 5575
