500
766445 314557 7320
-993792 994629 405
79201 682648 3274
769412 358295 2651
-405625 402893 4676
-216952 444653 6990
-862905 318762 7741
478753 752234 1767
591308 161605 1585
-606373 777944 1332
-223751 938061 9437
267988 124262 6286
-901586 804591 153
-341480 997412 4285
-845637 279468 9302
694718 726140 7976
64804 403385 1177
447811 696371 7458
547223 883928 4055
-193755 610913 6754
-546134 412789 5250
925763 124398 3986
221529 6467 7187
115 361806 266
-159426 743961 2504
121573 95551 4910
-148846 592264 1360
-957129 692224 7717
-836892 606718 2708
-349608 22164 7116
-490217 599584 1545
-826335 585656 8635
-170591 382691 7780
690992 291681 3558
370945 546604 8989
439560 695802 3176
-58751 780137 9176
351078 780700 3707
-437587 634543 7056
406629 573519 3530
909970 118102 1285
953557 93569 8619
-13893 61779 6199
66007 412421 2343
-900760 55893 6052
296252 581710 2077
-379887 103074 2575
-560481 916011 9591
-869094 480690 2977
-835648 353414 4586
970967 580364 2069
-554333 999384 1060
-991934 66080 3294
636649 700207 7729
-275078 578278 7836
821870 136676 2719
-742273 767157 4880
-470877 939542 3188
578348 678310 60
-278867 18859 9564
293108 855403 959
-400323 510152 1751
-827296 347370 4991
-565711 570319 3010
-57784 595295 2936
-375957 160153 6118
495825 484593 2389
-827791 505013 127
221094 726803 4893
-599354 424415 3357
227706 511647 5999
-735481 815556 9312
531389 454638 6097
-180664 961462 3376
-894307 719675 7542
287024 162283 5579
-577473 632441 3934
-239278 703804 9171
611774 799345 7251
-37682 514971 4471
298468 195745 2641
59432 863892 3985
396071 828051 6598
829160 854535 6704
-81690 757114 4411
-345614 429861 4007
-719388 759954 226
-351705 938601 4486
219140 97336 2848
-102596 131417 5336
-811962 693000 4829
679385 606718 2573
34817 265782 7466
-881676 895713 1656
945634 384495 18
-502417 956807 9676
235301 580849 2805
758640 31406 1011
333841 703657 8337
-384127 835848 4992
274489 46860 34
-841240 287991 9766
592112 139896 7819
585415 74634 1560
-161396 117836 9718
684406 98360 5667
-150433 760645 8425
-553185 65627 8585
354162 332635 4617
822555 77678 3135
615684 552540 8244
-562036 343050 2330
-633022 846151 186
628283 553694 5813
-661177 470315 748
-307661 219054 6870
-502314 442562 7624
-124899 861838 5763
-532394 635849 2948
648670 647583 783
166157 59233 8217
621678 606153 1546
514720 637931 7106
778747 849401 8392
-300341 563487 2293
-128578 852829 1696
-16036 146222 2545
658332 685086 5512
-724491 207706 5513
324608 449502 3935
586754 814483 65
433399 14707 2972
-141833 784083 7271
223372 301987 341
-805298 916220 163
-534171 190752 3731
523968 552368 4834
740254 366469 1284
237634 531634 9216
-891675 250642 49
-416318 551164 1685
-85802 242981 2226
-703582 466976 529
-460648 976506 6591
-685835 485667 1915
-295753 992421 1240
977400 237783 2214
432708 281102 3303
495699 93432 8437
823979 337580 469
817808 497354 946
-505773 965381 7771
-797989 24817 8266
-953860 927781 2010
-461701 12753 8203
-523308 285981 301
871696 877863 1664
509658 815678 126
395918 340392 6604
-417801 840598 4950
676857 296985 1958
-142887 231147 8633
-865438 184047 741
207763 124278 209
-158431 902312 220
821490 538466 795
-861868 739498 4392
-819423 83910 1855
-705769 381147 5015
713088 773535 8532
-499196 139776 3179
-376512 568978 2563
-861202 377370 4256
-160957 655456 3067
-634280 243327 6442
-656974 751786 5206
197691 829941 4196
-959266 374888 2122
-397319 522964 7813
785883 341541 2898
840091 149980 6755
913498 536638 4718
-962606 752533 3756
-2233 481051 5128
636973 900710 1091
340643 805869 4281
-66666 77241 9432
150690 19112 8061
505874 741837 4700
571016 941827 9986
-437703 627676 1700
-759744 363311 8582
682482 717038 1211
-770499 985940 5394
711795 648446 701
-849003 425426 2785
919800 252684 9794
-772645 218935 6774
928707 363138 6328
567996 463036 4734
1619 888972 7540
310748 763653 6786
-533657 157425 3387
71666 988953 352
385333 947767 6796
-970462 47455 7626
648039 145783 4480
780058 503323 591
-971946 805629 6101
-561681 787111 8873
843658 89252 7063
-559687 395893 8151
505840 616047 4369
-589332 603844 8620
-534435 565674 3555
-784135 511009 4424
897987 91650 3972
882084 513505 3958
-287439 462115 282
290984 653404 6022
477200 219217 9512
640648 890861 4124
-408677 6922 4631
589111 371431 6121
971935 321754 9577
42475 145242 2552
-576140 865598 9594
555070 838 5020
-619589 991678 1368
-41082 997407 9400
283737 620485 101
-679051 121027 9471
-614349 215107 8746
-322445 213496 6990
-925781 949893 3038
513850 427753 5879
-99878 868051 6600
580019 940259 1584
-530162 973322 6034
-974704 792971 2523
-428027 288252 7518
715946 263971 5175
507627 554565 4958
-450275 904893 7975
-386670 349936 3071
986144 542463 1537
-125968 213770 9126
-391255 611544 4523
844509 147781 6893
-417856 276610 3937
968588 70671 4016
951331 775097 5706
-292150 35636 5220
707355 144122 1869
-652554 622386 4903
858013 997568 9166
79297 913948 2542
493092 896635 7629
-543834 478961 6811
82893 853202 3936
176683 35966 7678
-353101 898780 9728
-548648 232177 5182
117900 766810 3043
-668680 578816 8551
328708 858167 7704
860686 122298 8854
869465 689858 728
790810 758380 3668
631991 775211 3387
-86259 990136 6080
-539307 680636 5241
807177 946289 9408
-616752 342363 2195
63709 358586 9129
-164665 605886 9329
653887 679199 9245
681526 304686 1885
987339 828340 6165
491159 742591 3343
-969413 830317 3423
43190 917455 4475
-285848 82750 2762
-345259 439677 457
72833 320372 9936
-836352 844780 7011
-544759 538452 2964
712625 101753 8373
-639594 896692 9996
-239961 737017 5312
-794936 80919 8288
-617086 647095 9199
-112890 349388 7748
161826 966317 3471
-174849 806153 227
942658 320385 8840
29024 377603 7885
-849713 639810 817
-652334 392530 5859
-767730 757986 132
-300233 191684 4224
312557 331831 413
466084 896895 9530
-320856 244525 9465
-884960 720796 842
-224480 282575 1037
-262754 475712 3689
290935 766966 6469
-961095 978556 9147
-898065 570065 5182
933678 10088 6976
-451196 235030 1574
639390 365692 3545
-81337 596424 8467
172932 143471 6073
-545028 266154 6449
301684 381011 1837
-485257 150466 8000
811925 284721 9260
-810445 882130 6158
-908832 138274 6482
138675 210451 1233
855961 23982 8074
-205667 836084 1544
657678 393832 1611
199956 966738 4451
-313969 353994 5589
-75435 588984 5728
-87123 379853 2203
-826091 969817 9352
813238 45900 5427
939801 502155 137
-330896 177370 3805
-236779 84231 9221
500500 23329 6017
-839095 835487 7611
-915956 472893 1708
-48422 363327 7333
964593 280089 7212
764909 900007 8243
-514881 510024 106
-420086 872680 9974
630234 632358 216
547246 81566 1599
-291387 773297 3596
618289 652141 2457
259360 367138 4379
-157733 826367 4260
236643 248529 7209
636736 204349 5924
-507048 441928 6881
888931 391372 2362
-823458 394342 7424
840459 391818 8385
805212 515192 216
998367 277385 4348
-351230 747795 114
148168 361355 8254
685767 483637 9922
-727161 267199 5210
-859490 499421 2306
-714348 339516 6141
422778 542121 3336
85818 839548 4153
-691579 124527 9578
12784 971803 5556
-689381 102877 6740
949753 658896 4048
902925 627285 6615
115646 910443 5836
69395 811651 9284
-490774 949392 4443
-337903 164674 2969
495175 535604 900
-52978 4911 1708
-536872 227733 1338
-353168 54156 2614
-462666 19583 4877
-352004 206232 6354
226863 222972 1889
832654 164972 8822
2076 778715 7277
879124 961689 9042
-636286 311269 8455
-107568 115137 7367
95212 632540 1519
-470834 550580 2474
850567 555638 3689
-833757 196876 4985
379006 724249 8831
-927513 882955 8236
-366825 63959 6151
-370316 664628 6416
967950 643884 5088
-189089 2663 9137
233265 898358 5587
-307402 817153 2423
-698947 792372 6856
-86405 465268 387
-699529 971202 8423
-516127 659747 7337
941197 686228 4065
422469 153601 3888
695981 943410 2974
28399 270058 2168
-627098 383859 6312
-198774 582978 7340
-454337 535165 9784
557280 420301 649
503573 713660 4911
-873895 33231 5949
-32071 27810 1800
-293451 325158 2964
486858 242206 6861
-888567 519141 3423
-753201 309151 7863
852855 572658 9910
-885608 298443 8971
584113 628130 9840
257621 429756 1121
-47569 704915 9968
-880521 98683 8999
272559 450827 6355
440262 255743 3765
87149 80272 7159
430659 116072 4562
659364 534664 4271
-167617 370359 9544
-535996 20818 8757
689596 292689 7795
-589580 745636 5582
806019 719604 9632
659146 929447 6468
116101 758329 3060
-136120 280336 8785
60791 150156 859
511770 168128 3272
367400 547879 4691
62862 643551 8472
738724 433046 1959
-475180 36597 1204
461455 767654 9296
-21002 526025 3661
24890 892655 7338
38681 131006 7809
-661878 752389 1299
-654731 258538 9528
-425206 968506 3130
108306 184377 3245
451534 933590 2725
-713532 293059 9882
-474102 451609 3667
505832 864873 1256
-807055 702193 884
825055 907893 2869
597971 776952 1382
430667 674675 7351
-392975 618288 2050
279049 485067 6272
-135773 350977 4966
-44306 679393 6690
352685 106738 468
-632636 113839 6358
-377123 771303 7388
-368121 330273 8680
248296 274395 9398
-10149 889714 7957
226566 15965 4178
-720175 379077 8888
778444 561744 2563
-59941 350918 2817
615240 106718 4969
-798196 725827 4327
-470302 680061 8095
801299 282565 1744
47857 516517 1910
-230407 260980 9647
-502500 743440 4319
-151270 469674 1390
-986637 407540 5662
-210847 513239 3612
-714674 743934 8542
-840249 235989 1305
-114204 187471 9296
-463987 124173 8944
375598 287100 9128
156344 87498 2852
-393474 354880 4217
-698547 652636 5966
674138 674629 2208
384462 411824 2934
779037 531987 2495
-804620 107630 4336
-680880 145112 7788
528941 914004 8570
667717 429977 4169
234328 868818 6563
-425226 724088 1541
-585025 407013 6526
412572 292584 900
