500
69 97
9 363
393 301
66 295
41 263
194 489
336 500
404 489
245 142
24 473
162 121
381 427
104 274
219 361
473 61
137 139
368 438
142 230
83 207
153 246
81 464
348 380
169 262
369 59
130 250
372 41
389 311
417 500
215 490
297 245
364 138
91 193
145 464
39 196
345 10
287 152
466 12
312 479
79 450
318 190
248 232
152 74
165 221
70 35
175 22
435 154
399 259
160 6
4 337
296 466
52 478
272 149
127 164
128 32
314 409
487 80
106 377
63 68
5 46
78 241
80 246
49 10
92 230
445 377
416 380
253 322
304 487
76 294
350 231
308 300
362 262
94 470
274 165
68 34
358 11
492 121
394 242
326 479
251 82
491 469
99 71
100 68
303 330
465 2
400 385
322 276
328 454
211 438
250 368
51 229
247 23
453 83
67 238
72 289
209 435
135 471
180 152
141 330
384 322
82 324
261 455
258 148
47 469
171 102
126 337
337 9
134 473
484 324
374 168
447 119
174 280
177 97
437 453
387 261
370 342
405 227
313 425
210 134
412 53
260 306
170 232
316 332
221 213
306 274
302 59
425 129
395 351
167 232
449 383
125 343
474 497
408 107
375 462
147 285
98 66
442 473
131 354
239 303
426 68
291 466
428 22
226 156
199 227
27 136
433 262
157 376
271 83
65 447
139 274
354 235
463 78
231 261
352 401
244 158
401 48
490 71
148 466
373 120
218 287
450 204
355 233
475 118
343 162
154 268
300 1
89 314
168 164
319 40
195 409
305 117
46 270
329 460
121 84
156 235
235 453
496 186
346 62
477 207
320 410
242 4
327 191
249 167
227 339
214 139
117 126
353 294
205 369
420 228
349 303
290 304
26 403
149 340
462 195
16 28
359 27
464 33
190 108
236 115
471 281
238 223
138 500
386 189
292 342
159 461
414 1
344 7
443 117
266 65
112 354
500 160
34 327
323 172
407 44
19 47
281 155
455 228
75 426
418 101
30 442
259 453
446 467
21 152
385 361
409 113
20 82
151 288
204 197
97 498
84 311
107 149
216 259
58 228
12 125
432 230
233 129
93 425
324 368
178 228
164 238
246 377
284 192
102 489
254 139
330 110
488 417
278 102
202 221
422 308
299 464
187 232
163 227
273 64
10 321
234 7
301 473
397 346
36 192
240 401
116 500
333 489
101 444
146 212
460 395
363 224
43 324
339 430
457 358
13 261
6 195
42 153
197 5
376 170
37 316
419 328
277 3
56 190
367 243
436 83
434 492
270 53
96 329
493 148
129 360
223 63
103 495
14 349
429 117
179 178
230 80
32 215
31 43
497 463
342 339
458 13
11 169
413 34
38 170
485 227
200 74
340 189
366 56
411 22
365 67
185 255
469 340
241 12
427 412
132 342
225 343
203 368
44 20
448 41
439 25
95 131
113 328
421 322
208 113
347 498
459 258
237 455
61 133
498 403
143 130
54 65
489 200
181 278
18 453
115 479
380 65
403 329
282 466
45 66
182 294
161 42
402 460
213 489
59 324
222 22
60 94
289 310
392 276
495 84
77 446
361 378
431 414
315 32
483 460
86 3
57 385
410 371
243 365
87 385
105 389
321 101
311 374
74 25
285 235
173 220
50 485
451 23
48 2
378 262
341 396
201 258
186 262
317 249
23 403
158 451
2 32
486 258
189 312
188 404
325 413
109 68
293 80
62 458
136 110
444 372
286 470
25 134
224 425
29 308
351 135
280 106
193 245
298 334
396 83
476 352
398 284
377 54
252 154
3 447
256 298
53 131
331 384
382 13
264 288
176 115
390 454
122 56
441 51
118 288
28 363
257 160
454 346
468 221
40 352
212 303
262 1
268 47
480 441
111 76
276 101
307 191
263 197
456 329
64 144
229 45
267 462
120 34
294 65
279 50
90 413
35 94
334 198
196 34
217 24
255 225
478 227
440 73
461 469
379 119
55 466
144 165
356 107
172 192
383 246
206 466
310 195
482 134
499 478
371 363
183 281
265 5
192 123
360 252
140 438
166 332
88 479
494 126
470 352
438 158
232 110
110 256
357 116
309 241
472 32
332 274
8 379
108 20
295 297
85 495
124 316
406 136
15 446
269 395
155 258
481 110
191 51
133 126
388 74
17 84
335 60
228 411
424 381
415 113
275 129
114 453
220 294
391 499
33 400
338 404
198 190
123 384
283 386
184 483
207 499
467 447
423 277
119 400
288 113
7 275
452 434
22 35
71 322
73 324
150 145
479 170
430 274
