600
241 574
320 445
100 304
173 79
356 130
76 75
114 219
167 250
332 156
254 392
498 275
523 222
99 524
87 422
510 475
451 387
89 459
256 46
574 34
560 537
545 578
410 193
435 474
458 396
258 467
270 519
191 276
546 506
582 191
221 481
329 113
130 69
206 550
224 529
244 210
362 519
170 257
568 560
345 112
36 71
389 121
174 23
183 371
233 24
414 168
123 518
41 46
169 130
158 303
49 183
455 392
294 270
512 133
591 211
98 228
432 37
459 245
311 34
300 57
360 128
577 40
554 149
5 1
152 233
507 118
305 351
534 493
297 440
34 400
534 95
488 62
331 381
70 32
232 343
581 197
8 379
2 582
121 431
349 338
464 106
436 595
346 489
353 376
420 211
512 169
37 350
11 598
383 472
342 297
521 22
250 263
271 312
494 290
488 67
537 578
503 598
370 503
388 237
113 537
480 137
563 41
364 302
377 45
386 428
241 95
82 471
380 127
223 479
438 285
376 577
82 120
575 507
499 233
493 284
540 80
36 474
393 590
564 10
236 194
183 523
265 101
388 75
282 85
23 481
27 501
24 41
415 28
328 100
201 178
143 285
76 38
241 204
580 266
492 111
299 133
75 308
509 168
158 545
76 530
24 37
276 356
256 83
344 326
200 214
300 544
337 184
376 378
589 593
315 36
156 167
534 158
448 384
421 234
304 497
386 389
152 74
314 474
128 328
229 558
417 314
402 109
139 117
537 92
282 56
287 293
532 560
206 574
580 533
530 130
315 540
261 246
401 571
155 69
552 495
535 525
162 97
325 568
70 341
21 364
335 522
399 363
61 213
73 180
386 69
498 352
325 488
235 422
363 93
17 527
81 400
61 562
347 290
371 529
65 94
238 395
580 101
11 384
93 27
297 496
95 248
495 116
416 351
190 403
420 138
219 23
50 20
103 469
53 229
455 401
508 82
275 15
354 267
371 235
30 404
93 554
5 84
89 71
227 352
270 511
110 561
177 85
267 370
437 327
486 131
478 583
511 417
541 50
24 547
527 173
152 598
494 595
562 299
398 536
503 380
1 89
248 90
108 34
501 442
488 31
224 139
434 51
530 289
395 236
550 46
432 444
297 204
155 210
553 539
136 207
202 281
257 242
546 70
179 596
558 68
519 53
427 301
537 141
558 300
388 363
436 514
77 218
91 147
476 343
183 271
582 588
438 577
85 577
276 203
334 221
96 560
234 249
173 241
382 262
122 193
419 169
435 393
222 278
69 541
121 266
390 188
600 136
346 140
189 181
215 291
285 317
42 255
353 531
392 304
150 500
519 505
21 501
97 410
363 313
384 600
10 580
148 532
47 234
423 72
154 97
442 445
457 18
565 520
549 76
91 224
227 73
163 266
476 536
256 581
533 337
178 255
280 108
3 542
258 90
179 111
11 162
493 298
409 294
240 75
365 139
582 411
531 477
352 494
375 160
216 427
331 528
93 535
234 306
89 593
56 136
296 554
440 305
149 152
83 145
345 544
281 158
285 556
326 551
511 363
13 237
18 32
44 197
61 251
249 64
124 18
477 200
78 553
329 124
277 112
498 590
178 284
313 292
532 336
195 574
339 393
306 193
91 464
471 492
552 453
450 374
121 443
174 478
337 186
528 500
136 119
257 295
87 57
518 370
407 534
114 220
151 425
40 576
420 554
426 187
597 559
518 566
309 68
173 553
589 522
395 215
348 49
199 401
174 39
185 266
303 510
137 597
314 492
376 491
595 187
237 361
176 433
95 35
275 408
67 599
401 414
565 316
353 215
205 110
293 161
455 173
434 204
482 188
257 71
505 452
379 456
547 461
7 59
138 424
222 391
146 505
569 539
384 192
410 483
82 209
540 559
431 172
469 198
584 23
408 253
22 198
484 140
225 541
431 565
151 454
59 193
189 387
219 460
223 92
472 280
125 295
174 337
42 132
23 572
528 15
557 387
216 199
175 236
288 397
92 176
451 106
422 357
397 472
294 374
247 335
344 364
375 398
458 295
377 520
359 59
470 148
581 228
87 243
441 181
533 48
190 316
551 22
351 135
378 484
261 27
403 358
307 35
343 347
432 77
271 482
144 222
157 241
241 63
490 168
65 489
513 109
22 29
55 209
588 58
158 26
142 67
405 112
93 552
335 264
12 324
373 215
269 181
542 132
415 190
520 439
468 6
54 557
212 399
489 513
289 30
300 327
293 561
570 254
332 142
110 71
462 425
450 208
148 382
323 499
338 237
218 151
594 197
121 466
420 310
66 450
277 430
498 321
244 43
108 182
267 104
526 588
213 379
485 159
274 578
113 260
340 566
266 153
171 451
485 254
537 446
54 226
372 272
439 418
120 217
44 507
41 465
517 310
165 420
4 58
528 25
246 6
423 270
354 52
591 366
321 333
527 166
164 330
131 533
106 252
86 154
281 504
586 153
175 115
502 30
51 573
492 259
369 142
158 60
318 584
516 289
231 446
579 500
524 433
487 381
283 11
61 286
441 268
406 234
319 130
101 324
464 322
412 362
273 338
530 429
306 102
90 279
394 125
126 432
59 33
367 555
282 196
164 239
132 515
149 14
552 272
105 386
187 413
385 41
367 68
88 323
447 576
28 129
463 87
449 579
376 538
107 382
19 71
173 587
585 43
16 438
446 543
330 483
134 415
397 355
473 481
592 463
466 567
105 368
230 284
282 548
481 9
