100
15 14
32 65
28 96
33 93
48 28
57 20
32 20
90 42
57 53
18 58
94 21
27 29
37 22
94 45
67 60
83 23
20 23
35 93
3 42
6 46
68 46
34 25
17 16
50 5
49 91
23 76
69 100
58 68
81 32
88 41
64 29
37 13
95 25
6 59
74 58
31 35
16 80
13 80
10 59
85 18
16 70
51 40
44 28
8 76
8 87
53 86
28 100
2 73
14 100
52 9
89 83
43 74
82 60
88 4
30 18
100 92
70 6
91 2
33 30
62 17
97 69
24 100
90 65
8 69
81 17
26 57
2 86
36 21
98 69
57 27
61 28
82 52
3 5
21 55
1 74
47 21
40 71
57 39
47 39
96 4
13 9
30 72
56 93
20 71
11 86
5 78
63 71
25 41
84 96
54 95
42 75
7 80
66 49
20 77
83 99
82 79
15 19
12 50
38 18
