700
2 1
3 2
4 1
5 4
6 5
7 6
8 6
9 8
10 1
11 7
12 9
13 5
14 4
15 10
16 12
17 11
18 13
19 11
20 15
21 20
22 16
23 13
24 23
25 15
26 24
27 21
28 24
29 27
30 29
31 24
32 24
33 26
34 26
35 29
36 35
37 34
38 33
39 37
40 34
41 34
42 41
43 34
44 39
45 40
46 39
47 37
48 39
49 46
50 40
51 48
52 43
53 43
54 49
55 49
56 52
57 54
58 49
59 52
60 54
61 59
62 58
63 55
64 55
65 64
66 57
67 63
68 64
69 62
70 66
71 62
72 63
73 64
74 69
75 73
76 74
77 69
78 70
79 70
80 78
81 79
82 80
83 75
84 76
85 80
86 84
87 77
88 87
89 82
90 89
91 88
92 89
93 85
94 92
95 87
96 90
97 94
98 91
99 98
100 94
101 93
102 96
103 93
104 98
105 96
106 96
107 105
108 104
109 104
110 106
111 103
112 107
113 108
114 107
115 114
116 111
117 116
118 116
119 118
120 117
121 117
122 121
123 113
124 118
125 115
126 116
127 119
128 126
129 128
130 126
131 130
132 125
133 124
134 124
135 133
136 127
137 135
138 136
139 133
140 133
141 135
142 140
143 134
144 140
145 139
146 140
147 146
148 142
149 146
150 140
151 150
152 150
153 147
154 149
155 148
156 147
157 148
158 154
159 150
160 159
161 156
162 156
163 157
164 160
165 155
166 161
167 159
168 159
169 168
170 169
171 167
172 169
173 167
174 171
175 173
176 172
177 167
178 170
179 177
180 173
181 173
182 175
183 173
184 174
185 179
186 182
187 180
188 178
189 181
190 181
191 190
192 185
193 187
194 193
195 190
196 186
197 195
198 196
199 197
200 197
201 199
202 201
203 196
204 196
205 195
206 203
207 197
208 202
209 208
210 207
211 201
212 202
213 209
214 205
215 211
216 212
217 210
218 208
219 211
220 218
221 214
222 217
223 219
224 223
225 216
226 219
227 217
228 225
229 220
230 220
231 228
232 227
233 227
234 226
235 233
236 232
237 235
238 234
239 233
240 234
241 236
242 241
243 236
244 242
245 242
246 245
247 238
248 244
249 242
250 245
251 249
252 250
253 245
254 246
255 254
256 252
257 249
258 255
259 254
260 255
261 258
262 252
263 254
264 256
265 256
266 261
267 261
268 266
269 260
270 269
271 265
272 265
273 267
274 269
275 268
276 266
277 267
278 269
279 278
280 273
281 279
282 278
283 275
284 276
285 277
286 283
287 282
288 278
289 281
290 289
291 290
292 287
293 288
294 290
295 289
296 292
297 288
298 293
299 295
300 298
301 299
302 301
303 296
304 302
305 301
306 302
307 297
308 299
309 304
310 303
311 304
312 306
313 312
314 306
315 306
316 308
317 307
318 313
319 311
320 317
321 318
322 314
323 320
324 314
325 323
326 317
327 319
328 323
329 321
330 326
331 330
332 322
333 330
334 330
335 329
336 329
337 336
338 332
339 330
340 335
341 338
342 334
343 333
344 343
345 339
346 344
347 344
348 339
349 339
350 345
351 347
352 350
353 348
354 344
355 348
356 354
357 352
358 352
359 358
360 350
361 357
362 360
363 362
364 355
365 359
366 356
367 358
368 366
369 365
370 365
371 363
372 370
373 370
374 373
375 369
376 370
377 371
378 374
379 371
380 370
381 375
382 379
383 378
384 382
385 382
386 383
387 378
388 387
389 382
390 385
391 388
392 388
393 388
394 392
395 392
396 386
397 390
398 388
399 395
400 391
401 398
402 394
403 401
404 397
405 402
406 402
407 400
408 402
409 405
410 406
411 410
412 405
413 412
414 407
415 406
416 411
417 411
418 411
419 417
420 412
421 412
422 416
423 420
424 419
425 415
426 418
427 422
428 421
429 420
430 427
431 424
432 427
433 430
434 426
435 427
436 432
437 436
438 429
439 431
440 437
441 437
442 432
443 442
444 440
445 435
446 437
447 437
448 447
449 447
450 448
451 450
452 450
453 443
454 444
455 454
456 449
457 456
458 457
459 453
460 455
461 460
462 461
463 456
464 457
465 462
466 464
467 459
468 464
469 459
470 469
471 468
472 467
473 463
474 465
475 471
476 474
477 474
478 472
479 469
480 479
481 474
482 474
483 479
484 475
485 483
486 481
487 482
488 478
489 487
490 488
491 481
492 482
493 484
494 484
495 488
496 489
497 492
498 491
499 493
500 491
501 495
502 497
503 502
504 502
505 502
506 496
507 497
508 507
509 499
510 501
511 509
512 506
513 511
514 510
515 507
516 515
517 513
518 513
519 513
520 516
521 515
522 517
523 518
524 516
525 521
526 525
527 521
528 526
529 526
530 528
531 528
532 529
533 525
534 529
535 528
536 526
537 535
538 535
539 529
540 539
541 533
542 532
543 538
544 538
545 539
546 542
547 540
548 542
549 547
550 548
551 542
552 543
553 549
554 544
555 554
556 555
557 550
558 557
559 549
560 559
561 560
562 558
563 556
564 556
565 564
566 556
567 558
568 559
569 562
570 568
571 568
572 570
573 563
574 570
575 566
576 567
577 569
578 575
579 572
580 578
581 571
582 572
583 573
584 576
585 583
586 582
587 577
588 585
589 579
590 580
591 586
592 582
593 583
594 587
595 585
596 592
597 587
598 588
599 598
600 594
601 593
602 596
603 602
604 594
605 595
606 604
607 604
608 600
609 600
610 601
611 604
612 605
613 610
614 609
615 605
616 609
617 610
618 608
619 617
620 610
621 616
622 616
623 619
624 619
625 622
626 623
627 623
628 625
629 621
630 629
631 623
632 623
633 627
634 632
635 629
636 633
637 631
638 635
639 636
640 632
641 637
642 638
643 641
644 643
645 637
646 638
647 638
648 644
649 644
650 644
651 643
652 645
653 645
654 644
655 646
656 650
657 652
658 655
659 658
660 656
661 657
662 652
663 654
664 657
665 663
666 664
667 662
668 660
669 662
670 668
671 662
672 665
673 663
674 668
675 669
676 667
677 674
678 673
679 674
680 678
681 679
682 672
683 681
684 678
685 677
686 676
687 678
688 680
689 687
690 682
691 684
692 687
693 684
694 692
695 693
696 689
697 687
698 691
699 698
700 692
