1000
2 1
3 1
4 1
5 2
6 1
7 5
8 1
9 8
10 8
11 3
12 10
13 5
14 9
15 7
16 7
17 10
18 4
19 18
20 15
21 11
22 11
23 19
24 22
25 9
26 21
27 21
28 3
29 27
30 20
31 28
32 7
33 14
34 25
35 31
36 6
37 21
38 3
39 6
40 27
41 24
42 35
43 37
44 10
45 20
46 16
47 13
48 47
49 43
50 47
51 17
52 39
53 34
54 20
55 43
56 22
57 29
58 34
59 30
60 50
61 57
62 33
63 42
64 44
65 39
66 65
67 46
68 39
69 41
70 50
71 47
72 47
73 63
74 70
75 54
76 51
77 61
78 43
79 66
80 75
81 78
82 80
83 62
84 70
85 72
86 62
87 63
88 56
89 67
90 58
91 86
92 88
93 63
94 61
95 76
96 78
97 79
98 86
99 82
100 93
101 88
102 95
103 87
104 100
105 72
106 93
107 103
108 98
109 99
110 79
111 81
112 77
113 104
114 102
115 92
116 81
117 84
118 88
119 109
120 100
121 89
122 109
123 111
124 115
125 109
126 113
127 96
128 101
129 103
130 123
131 127
132 115
133 106
134 119
135 101
136 111
137 115
138 116
139 122
140 114
141 138
142 123
143 115
144 117
145 127
146 111
147 131
148 147
149 117
150 130
151 117
152 149
153 139
154 139
155 139
156 122
157 148
158 126
159 147
160 148
161 153
162 127
163 159
164 151
165 130
166 151
167 148
168 155
169 145
170 160
171 165
172 147
173 153
174 160
175 161
176 156
177 142
178 144
179 171
180 154
181 153
182 156
183 166
184 163
185 156
186 169
187 186
188 181
189 174
190 160
191 164
192 180
193 169
194 179
195 179
196 192
197 170
198 174
199 168
200 167
201 197
202 180
203 198
204 179
205 187
206 172
207 197
208 203
209 175
210 209
211 176
212 211
213 193
214 200
215 183
216 192
217 186
218 215
219 213
220 194
221 198
222 204
223 197
224 206
225 207
226 209
227 215
228 200
229 200
230 214
231 208
232 212
233 228
234 231
235 220
236 202
237 230
238 235
239 210
240 222
241 240
242 230
243 224
244 230
245 237
246 220
247 214
248 220
249 217
250 246
251 219
252 241
253 246
254 244
255 246
256 230
257 244
258 239
259 250
260 251
261 242
262 228
263 262
264 247
265 246
266 244
267 263
268 253
269 240
270 258
271 262
272 241
273 250
274 265
275 266
276 247
277 269
278 268
279 262
280 262
281 271
282 255
283 248
284 281
285 279
286 251
287 262
288 264
289 278
290 283
291 262
292 285
293 277
294 263
295 267
296 287
297 285
298 267
299 280
300 295
301 289
302 288
303 268
304 287
305 298
306 279
307 297
308 274
309 287
310 307
311 278
312 310
313 288
314 287
315 307
316 313
317 300
318 287
319 284
320 290
321 295
322 314
323 296
324 319
325 312
326 314
327 298
328 324
329 298
330 316
331 297
332 304
333 318
334 308
335 325
336 303
337 332
338 308
339 325
340 328
341 307
342 327
343 308
344 322
345 314
346 315
347 329
348 315
349 334
350 341
351 332
352 320
353 322
354 347
355 320
356 349
357 355
358 351
359 329
360 332
361 350
362 339
363 330
364 363
365 364
366 340
367 348
368 349
369 349
370 359
371 362
372 338
373 343
374 355
375 348
376 369
377 344
378 348
379 376
380 363
381 366
382 365
383 379
384 353
385 352
386 372
387 357
388 375
389 387
390 375
391 366
392 360
393 376
394 390
395 392
396 362
397 367
398 381
399 395
400 395
401 382
402 370
403 392
404 372
405 375
406 404
407 402
408 382
409 378
410 375
411 401
412 382
413 398
414 383
415 380
416 393
417 399
418 395
419 394
420 418
421 394
422 396
423 396
424 421
425 422
426 413
427 422
428 427
429 403
430 414
431 425
432 427
433 403
434 426
435 400
436 405
437 402
438 422
439 432
440 433
441 430
442 438
443 414
444 420
445 418
446 444
447 417
448 439
449 419
450 444
451 427
452 422
453 433
454 432
455 450
456 440
457 422
458 429
459 446
460 438
461 439
462 439
463 445
464 462
465 456
466 438
467 466
468 461
469 446
470 459
471 441
472 454
473 459
474 456
475 455
476 445
477 466
478 457
479 470
480 445
481 461
482 460
483 474
484 477
485 469
486 458
487 454
488 465
489 454
490 482
491 475
492 462
493 464
494 473
495 473
496 462
497 462
498 497
499 488
500 481
501 477
502 481
503 485
504 475
505 501
506 483
507 491
508 502
509 490
510 487
511 481
512 482
513 483
514 511
515 495
516 498
517 498
518 487
519 503
520 514
521 500
522 515
523 504
524 513
525 513
526 523
527 525
528 527
529 508
530 511
531 503
532 529
533 524
534 504
535 519
536 504
537 520
538 503
539 521
540 514
541 529
542 520
543 527
544 514
545 513
546 536
547 537
548 543
549 536
550 528
551 528
552 518
553 543
554 524
555 535
556 551
557 548
558 528
559 538
560 542
561 537
562 543
563 540
564 540
565 541
566 542
567 545
568 558
569 536
570 556
571 544
572 540
573 542
574 542
575 549
576 545
577 557
578 567
579 555
580 550
581 563
582 548
583 550
584 572
585 568
586 573
587 569
588 562
589 580
590 587
591 560
592 557
593 589
594 580
595 560
596 593
597 595
598 597
599 593
600 581
601 585
602 570
603 578
604 579
605 570
606 573
607 586
608 573
609 604
610 578
611 603
612 592
613 597
614 599
615 614
616 611
617 599
618 604
619 615
620 618
621 599
622 607
623 591
624 610
625 597
626 624
627 625
628 623
629 611
630 615
631 625
632 604
633 628
634 632
635 624
636 629
637 607
638 625
639 616
640 637
641 621
642 614
643 612
644 627
645 618
646 630
647 630
648 623
649 620
650 639
651 643
652 647
653 647
654 622
655 644
656 639
657 645
658 643
659 635
660 648
661 639
662 649
663 661
664 647
665 653
666 658
667 639
668 661
669 642
670 644
671 655
672 671
673 665
674 641
675 662
676 657
677 657
678 669
679 652
680 676
681 676
682 677
683 665
684 661
685 680
686 674
687 654
688 654
689 668
690 673
691 662
692 669
693 663
694 669
695 674
696 673
697 671
698 681
699 693
700 694
701 679
702 681
703 673
704 696
705 698
706 700
707 703
708 689
709 689
710 675
711 688
712 704
713 678
714 711
715 696
716 707
717 691
718 710
719 688
720 694
721 696
722 693
723 706
724 709
725 718
726 711
727 719
728 708
729 709
730 729
731 706
732 709
733 702
734 722
735 727
736 734
737 715
738 729
739 723
740 730
741 739
742 707
743 710
744 722
745 728
746 721
747 735
748 730
749 729
750 716
751 730
752 717
753 727
754 726
755 751
756 747
757 728
758 746
759 729
760 749
761 744
762 751
763 735
764 739
765 750
766 744
767 741
768 763
769 759
770 750
771 757
772 741
773 740
774 746
775 758
776 773
777 757
778 773
779 769
780 769
781 764
782 769
783 780
784 765
785 755
786 778
787 784
788 758
789 769
790 768
791 764
792 768
793 762
794 764
795 779
796 772
797 782
798 793
799 768
800 769
801 775
802 793
803 779
804 798
805 797
806 785
807 790
808 806
809 799
810 798
811 795
812 810
813 812
814 781
815 784
816 805
817 806
818 803
819 812
820 808
821 816
822 796
823 795
824 804
825 814
826 818
827 813
828 809
829 821
830 799
831 815
832 802
833 814
834 820
835 830
836 826
837 824
838 814
839 829
840 818
841 826
842 818
843 837
844 838
845 842
846 823
847 832
848 837
849 826
850 837
851 827
852 821
853 836
854 824
855 844
856 846
857 850
858 848
859 847
860 838
861 846
862 832
863 846
864 854
865 852
866 858
867 838
868 846
869 841
870 839
871 836
872 857
873 847
874 859
875 840
876 867
877 851
878 871
879 864
880 846
881 879
882 860
883 857
884 877
885 877
886 881
887 876
888 862
889 860
890 868
891 862
892 868
893 871
894 885
895 883
896 892
897 892
898 886
899 897
900 887
901 866
902 898
903 892
904 874
905 886
906 894
907 901
908 873
909 880
910 884
911 895
912 906
913 895
914 893
915 896
916 882
917 900
918 897
919 888
920 891
921 906
922 911
923 900
924 915
925 916
926 905
927 912
928 898
929 896
930 909
931 911
932 914
933 910
934 931
935 920
936 933
937 908
938 906
939 904
940 937
941 927
942 932
943 908
944 925
945 920
946 916
947 945
948 928
949 944
950 929
951 927
952 936
953 931
954 920
955 930
956 928
957 930
958 930
959 954
960 934
961 932
962 940
963 961
964 960
965 953
966 952
967 935
968 959
969 967
970 949
971 968
972 952
973 951
974 971
975 960
976 973
977 975
978 973
979 973
980 949
981 952
982 981
983 950
984 951
985 950
986 972
987 975
988 983
989 976
990 967
991 974
992 967
993 969
994 962
995 991
996 965
997 968
998 990
999 997
1000 982
