100
36 43
32 80
14 1
67 93
54 75
89 76
78 15
29 78
100 98
96 35
65 43
99 22
26 92
20 90
12 31
81 62
44 17
4 27
33 26
50 79
83 100
86 52
95 41
85 5
64 98
79 95
97 8
22 4
21 69
31 23
61 93
69 28
57 54
46 44
9 17
6 49
56 64
42 66
77 61
27 30
2 53
43 39
37 55
16 15
80 37
71 85
49 97
10 14
41 38
63 5
74 70
60 81
58 77
11 63
88 20
94 80
76 99
72 88
23 82
73 19
68 50
62 11
93 86
51 18
30 12
19 13
13 1
66 25
7 71
39 96
35 19
40 33
82 10
28 84
87 60
91 60
8 65
98 88
18 74
3 71
84 43
52 100
5 6
17 2
25 21
38 59
92 48
47 44
59 66
48 42
24 34
15 57
34 12
90 24
75 76
70 71
55 56
53 89
45 60
