1000
885 273
486 42
528 523
137 467
115 776
512 851
888 853
275 61
524 967
705 159
708 817
168 284
443 320
480 916
82 873
771 99
295 917
881 5
905 178
336 796
316 139
934 998
467 85
460 230
119 180
429 728
95 876
964 701
892 359
620 934
867 958
381 50
364 694
163 491
668 361
174 870
7 763
382 184
527 257
326 356
802 186
18 560
684 816
217 258
535 280
896 267
60 460
695 262
418 455
379 899
666 669
92 148
170 582
398 248
803 614
496 857
980 447
661 653
693 338
267 503
99 852
187 845
200 163
866 354
48 598
149 168
772 725
165 830
427 53
465 961
624 556
440 676
30 525
677 594
539 883
913 314
286 866
387 953
108 566
795 709
877 774
943 435
853 247
625 465
586 170
446 551
798 228
608 863
950 398
152 91
777 181
505 237
738 218
723 679
298 130
897 117
129 791
463 924
73 693
312 802
455 946
488 256
320 301
93 213
700 678
538 914
75 486
862 316
290 492
871 600
989 526
27 407
789 829
211 770
222 221
642 684
915 68
4 847
198 335
911 779
191 147
558 14
563 719
971 412
416 475
188 809
510 530
405 273
850 346
6 366
994 925
289 761
293 875
731 28
546 658
937 740
890 318
657 253
468 928
97 330
473 888
483 214
886 400
665 989
388 149
43 123
406 97
63 702
756 638
680 201
743 349
136 253
422 396
522 432
493 671
788 107
352 756
328 182
55 380
475 955
135 886
598 937
967 674
252 623
592 298
369 12
359 877
208 125
639 606
130 294
474 983
35 699
14 251
830 861
652 537
906 236
280 40
338 782
111 821
842 260
630 17
421 589
489 89
21 831
861 377
891 393
910 767
814 37
413 1
245 579
13 929
993 96
76 717
402 519
164 46
151 111
945 844
857 179
970 685
773 838
325 563
951 215
141 615
192 779
797 997
975 289
808 264
614 448
185 736
180 588
923 352
144 920
88 634
658 647
918 538
780 719
84 923
212 591
573 133
9 220
759 739
800 854
454 27
863 659
401 552
574 250
350 940
329 806
184 159
107 19
901 102
601 783
566 444
787 745
894 191
481 727
470 92
711 970
854 778
895 722
301 944
337 28
494 470
621 803
985 216
635 864
62 63
523 327
77 259
308 33
831 576
526 474
215 522
823 840
56 862
540 446
949 476
545 505
302 960
977 524
377 768
712 19
815 289
391 536
536 521
246 2
836 341
660 937
956 625
34 971
571 562
492 753
806 548
49 415
66 309
762 93
403 381
487 908
822 34
158 971
132 198
324 603
178 607
106 173
722 584
407 541
206 596
331 305
98 197
358 630
606 3
561 17
872 663
610 39
54 166
85 172
209 508
22 913
678 501
513 986
811 804
96 132
878 242
755 848
560 632
640 214
242 204
87 44
613 48
982 57
373 183
78 473
750 820
138 619
946 783
292 85
244 586
826 530
629 78
53 564
196 938
425 907
181 422
887 691
551 980
45 808
231 672
389 915
384 664
247 18
169 205
816 426
228 383
315 140
139 141
883 978
203 732
420 16
675 812
984 743
277 300
123 119
116 287
707 973
23 496
380 956
674 818
42 353
832 795
12 193
735 632
865 493
442 714
351 182
714 240
294 717
968 211
127 404
435 775
457 855
256 469
868 192
719 126
851 162
16 340
726 82
587 702
727 836
71 623
268 745
417 994
15 792
167 385
199 323
582 64
365 738
357 49
452 494
419 976
448 644
846 88
841 202
920 322
751 405
511 635
131 388
28 226
849 872
835 438
227 620
593 269
567 788
645 611
173 821
691 511
89 834
216 771
51 698
742 887
504 497
471 110
790 322
432 302
385 592
844 737
235 952
900 417
792 673
778 814
720 35
785 620
809 715
959 840
10 176
37 540
632 878
963 154
981 231
954 893
961 358
990 849
974 641
24 618
46 324
251 972
121 167
400 103
490 675
596 239
140 374
503 137
449 609
186 628
659 442
609 462
998 675
74 360
829 605
234 272
270 930
543 595
456 152
445 114
236 144
334 241
564 569
266 229
858 624
973 965
318 394
145 171
262 188
820 83
556 212
754 356
396 828
992 689
548 883
685 968
904 741
17 520
957 798
939 196
307 415
57 585
716 20
392 395
965 480
436 60
40 662
500 865
265 906
879 752
530 892
812 52
261 655
725 38
109 997
25 506
577 680
36 658
810 41
260 263
32 878
394 974
220 667
143 922
90 246
502 810
845 882
579 266
643 975
602 390
322 636
205 534
3 948
986 613
976 268
354 433
368 413
701 576
663 500
819 568
103 295
687 881
476 710
728 943
669 985
689 440
248 900
102 95
2 901
327 583
313 716
686 984
361 378
978 871
285 800
852 82
884 286
430 982
702 528
688 805
482 692
340 311
314 760
287 1000
26 570
128 404
166 549
162 274
397 328
744 649
282 498
591 504
690 927
297 981
371 804
8 604
667 466
19 803
428 894
59 879
786 527
374 348
279 831
183 452
110 355
453 713
362 419
160 73
928 6
704 417
718 375
281 291
694 590
899 406
649 9
134 513
745 138
478 450
655 777
462 459
749 232
157 843
204 369
175 798
399 454
254 75
615 66
409 437
553 573
356 894
537 622
466 747
278 965
414 209
213 129
859 681
676 729
870 766
782 609
821 578
272 43
223 723
190 904
741 299
646 593
243 244
664 962
433 759
508 54
469 457
969 527
926 939
112 373
332 451
930 441
376 637
783 788
434 581
855 755
839 245
100 21
311 243
321 328
605 161
226 387
355 336
224 911
732 177
542 883
656 197
133 608
519 880
47 258
317 77
550 991
81 860
491 977
120 990
333 124
501 733
70 370
584 964
588 296
395 297
299 158
838 220
724 509
555 62
791 290
450 23
612 482
68 419
58 927
431 36
232 431
590 200
940 456
283 834
126 819
779 950
933 643
499 468
696 769
876 222
171 665
552 174
210 954
921 910
464 642
638 386
618 262
736 203
238 677
79 308
202 282
219 744
769 81
39 826
194 613
925 806
65 347
349 24
343 185
944 610
907 696
627 397
408 253
458 337
840 633
255 120
330 666
671 629
999 626
534 113
996 514
697 114
237 718
64 439
533 898
637 738
817 945
517 835
929 810
991 208
824 469
721 921
827 656
784 688
938 512
225 544
924 868
902 403
193 108
623 995
958 65
770 565
848 178
525 8
370 190
767 890
599 293
757 775
576 841
559 577
753 648
953 227
366 553
155 543
50 160
765 972
415 793
843 748
80 507
83 26
619 376
105 131
960 574
346 949
565 724
710 25
375 734
647 559
713 51
557 521
411 285
342 657
734 389
730 749
935 707
952 234
898 443
673 689
273 687
752 931
611 597
5 15
531 143
176 313
386 708
269 343
518 379
698 487
497 409
335 225
679 69
699 531
179 413
670 70
69 895
799 762
947 283
747 874
239 121
833 577
284 288
91 402
11 781
758 47
594 13
633 599
423 325
300 529
962 11
972 10
214 430
893 287
250 867
651 341
310 485
995 204
825 839
766 827
672 700
296 397
880 106
341 794
575 953
472 754
195 902
919 418
241 155
983 342
709 87
948 114
860 252
348 495
249 89
882 596
516 134
813 375
541 499
622 751
506 801
922 887
912 720
740 461
104 395
319 339
459 913
997 187
653 364
339 175
570 807
424 346
117 519
360 832
304 425
717 331
378 84
38 280
578 481
776 411
72 894
426 993
597 315
729 350
259 478
477 805
641 434
258 516
509 655
837 24
94 876
52 157
692 219
681 153
903 784
154 281
288 115
581 135
479 127
807 825
869 105
177 1
580 47
125 371
221 56
874 254
875 517
447 580
150 118
683 427
942 926
748 772
44 210
233 391
485 850
498 195
617 112
363 350
156 533
763 333
303 895
733 683
532 259
589 361
927 339
271 199
562 51
437 421
626 912
706 30
306 515
908 101
33 518
916 891
520 319
114 372
20 275
761 384
987 777
966 41
444 90
604 897
634 507
544 832
796 414
438 304
253 479
805 750
161 265
367 483
818 164
404 334
760 423
554 663
909 130
568 436
616 841
781 823
873 59
917 482
124 464
122 555
600 382
569 286
595 550
61 207
662 645
514 979
764 753
547 824
29 156
746 353
305 602
159 942
274 709
914 896
529 711
118 617
229 488
461 654
207 416
441 799
572 859
936 111
801 463
549 380
682 901
585 270
67 458
113 30
257 842
182 392
603 646
932 896
715 652
291 808
775 453
521 122
153 670
636 690
264 489
240 846
737 171
345 882
201 7
31 501
101 306
276 27
142 614
383 963
372 918
834 869
648 67
451 773
146 389
804 475
768 789
828 165
147 29
793 661
988 851
495 100
774 109
955 4
230 921
703 861
889 765
410 312
172 317
979 472
931 686
390 169
739 941
344 844
197 999
218 639
353 505
631 350
189 981
439 572
484 52
515 310
650 666
654 332
86 31
856 975
309 357
583 558
794 271
941 786
263 223
347 300
628 399
148 933
412 730
864 418
1000 903
507 233
644 471
323 150
607 255
847 235
393 951
41 858
