3000
1748 1191
2491 941
2952 2274
2003 328
2603 2225
2387 2873
859 507
2209 2158
648 687
1401 527
2686 2761
2321 1591
1314 1606
2634 1377
1215 1712
2536 2071
788 839
2963 360
990 67
2359 1090
1586 1954
640 221
5 2359
808 2864
1720 589
2807 1498
2339 510
75 2709
1273 2363
1944 1160
565 1609
427 932
2272 509
1431 407
2335 2702
2903 2897
1001 1079
469 20
1050 2822
290 630
2095 2409
711 2703
1712 2338
159 2893
1597 596
2984 2958
536 2098
1267 1696
1393 2201
108 369
30 32
2816 138
1065 752
1336 646
221 2253
2595 428
805 2836
1476 220
472 2818
485 1512
2525 822
327 1593
2654 523
2220 83
582 953
503 2889
2386 91
2715 2413
2543 1821
117 2378
2728 1131
1570 1196
1844 1503
686 1159
382 2202
2160 315
936 699
226 1426
2293 1534
1368 2594
2046 2371
1690 905
943 1549
366 2817
1556 2605
1530 373
453 2491
591 2331
1782 2510
1296 1776
2132 102
1660 531
1574 1326
779 2095
1317 2054
902 440
1518 1973
85 1592
1501 2517
501 1376
1826 429
817 2920
2726 1929
458 922
2097 2192
572 746
141 199
1905 2312
223 2452
690 2972
94 1322
2810 1250
354 1708
2066 1943
1633 1677
1021 284
654 2296
717 145
1593 1694
938 1227
2342 2017
987 830
2390 1814
2004 2799
927 2868
39 520
1266 1481
1965 1194
653 2278
2170 2110
1524 94
2061 560
1465 2670
1860 2504
1611 1423
1321 1095
2175 1433
2564 1977
1856 1236
1449 980
1233 2471
1534 1781
465 747
362 1444
1395 637
2047 1513
627 1829
525 2911
1155 274
394 744
1569 758
2878 2916
1978 2367
1027 1098
2070 2235
2088 972
2588 209
608 540
1221 1255
1064 87
2490 1693
1322 923
919 1161
1732 1759
1483 708
2663 2797
736 1313
313 68
2587 362
492 1528
98 2473
2614 2111
2676 812
718 2327
1539 53
752 1075
1797 352
132 2678
1440 185
785 901
134 2094
510 1197
619 25
2669 1649
29 75
467 357
2426 1822
287 2587
994 1767
96 2374
2076 1421
2534 1915
660 88
210 1971
1427 605
1983 809
2260 2686
2688 1104
2093 658
2090 1282
1678 1996
1091 2411
644 2762
2031 1775
365 13
2545 698
780 1070
2785 2028
2391 1101
2895 2557
1202 502
2460 734
2865 1878
963 2647
2974 10
373 124
2199 1337
276 217
1972 2001
1873 1970
2647 1610
1163 1709
1190 98
260 517
144 433
2521 1473
1969 2939
1383 1601
1195 1599
1118 2697
1525 1604
1119 366
949 2380
331 298
2567 2993
1044 1263
620 344
555 385
514 1957
2733 1429
1254 2084
2526 2352
2818 2872
2042 584
1584 1173
1038 491
611 1852
122 886
1746 2251
951 2681
1164 2754
1880 524
958 2478
871 2819
851 70
2668 1500
2360 1449
1282 473
408 205
2867 1679
379 456
2836 2043
1617 556
2099 2080
1906 1965
1769 723
922 2946
2187 2375
2906 1385
403 442
2957 2892
506 1155
1887 2962
119 588
1503 2033
589 2987
1007 610
900 1573
438 1420
2827 1906
1141 393
2368 2852
2801 912
181 2781
17 2412
2361 2902
573 362
2163 2938
2723 937
1974 2801
2798 414
230 387
2934 1730
2720 2012
2367 1985
500 1169
2489 411
2594 2387
2734 2538
64 2692
2025 1308
163 2122
1896 260
2982 1398
43 1886
666 1005
1461 1867
496 395
185 1255
2581 51
1991 2311
2568 1884
1618 269
2221 2337
2328 1721
1143 1496
74 2546
944 566
2270 1409
213 2620
2256 1318
675 397
1710 2443
1287 129
702 2969
1714 1106
1542 1442
2817 2495
1504 1241
446 608
2463 2749
2616 81
899 2542
2117 453
1554 1627
244 1800
1454 1462
36 1258
1293 143
2094 1507
2456 2661
2737 1212
295 751
2968 1186
1019 22
1078 285
428 1668
2675 438
2743 1457
2420 2306
2591 833
2935 1939
1070 2905
1447 1529
2470 2448
2109 771
1000 329
847 1484
1560 2530
1673 2218
2874 2990
448 459
1892 321
1120 998
2930 2701
2584 2910
1063 2023
890 737
2923 1794
1105 2924
1789 2937
1026 2528
1008 2918
2940 1559
656 1336
324 2523
758 215
1986 843
2830 120
967 2618
1128 2379
2020 1497
970 968
140 2879
2742 2174
741 618
2296 1646
1457 1109
1034 316
1024 1676
1228 2586
1893 544
2848 1791
590 2592
1133 1277
1009 2022
1563 2465
2028 1614
697 405
494 2309
996 2377
2228 848
529 1607
1728 2303
405 1179
2121 1754
991 2837
1989 729
2488 341
739 1305
2747 788
1627 11
1324 2346
2443 1428
504 2439
2024 15
2573 1182
1345 2585
775 2591
1286 2052
1134 2333
2732 1605
2152 1833
177 1879
2951 750
387 2297
1423 2527
797 77
2936 2040
953 43
1557 336
841 1621
2340 2490
764 1740
268 1967
497 2213
906 803
2580 1696
2098 1841
2330 42
418 2688
2852 1304
1846 1049
1898 987
1973 2060
2998 2951
1257 2100
1715 2414
2217 2498
1187 2699
2080 2101
896 2432
738 1204
184 2227
2411 2621
1165 1056
1196 2029
2077 1876
299 772
853 797
1970 1321
2285 1257
330 1793
2741 1128
1874 1805
2159 1066
73 2295
670 1362
2439 264
1089 2064
2638 296
1006 467
2745 2547
2939 1092
729 1662
183 2513
997 2250
946 2479
1320 899
2447 763
1434 281
2248 1283
1362 250
934 1043
615 1753
2194 1551
924 1855
170 492
1628 1845
734 2833
973 2262
771 2087
2244 161
462 2038
2493 2804
1312 2207
1276 2336
398 1872
1405 2233
2829 2986
2294 2137
886 2766
270 1352
2430 1389
2539 2157
2592 991
1036 1983
1630 413
2298 1636
2198 973
297 1113
753 188
511 101
192 1130
750 1846
964 1850
1186 1234
560 570
484 2883
1248 2855
1430 2036
2789 378
1725 1896
2337 2234
1948 2216
357 702
2607 2257
1310 1547
2806 140
930 235
799 1371
2744 1419
1408 2643
1644 307
2212 947
1083 2769
903 2039
1932 301
895 1100
2863 2760
37 1969
1699 1743
1601 2236
2155 2633
2908 1797
441 226
2238 1378
2166 1184
2781 946
1055 2572
679 1206
662 1687
2173 651
1278 1916
2793 1334
99 965
2562 813
585 690
2259 1165
1913 2112
1277 921
2240 16
2231 2481
1682 156
2648 1316
749 802
629 1807
2871 655
2111 2298
1247 2004
2548 940
2862 60
2432 2318
1756 1837
1510 460
598 2931
1294 2662
293 2945
2767 1986
440 2292
2487 1052
2873 1220
1046 1838
1854 2842
2352 2505
2320 1071
200 2480
40 760
1588 726
2179 1553
852 1430
2006 1729
2465 287
2788 2300
1829 57
2945 1504
1182 1523
1258 1889
248 657
2917 1148
422 2921
1842 2753
925 2640
1580 2457
1685 990
203 1697
2054 1655
2610 1992
2884 2291
361 1498
2992 2508
1859 714
2081 2717
2900 1688
522 759
639 1849
2783 1678
1446 1836
2709 186
1702 1613
1156 1127
975 863
2612 246
2475 419
2329 2014
149 2545
1523 2177
2962 1038
523 676
2193 2854
2556 1492
1334 1951
2835 2963
1861 62
51 1806
2959 2988
1745 1031
1707 1735
2780 1302
2755 2221
1997 1956
634 2880
1224 2680
965 2885
2519 664
2265 2610
2032 2026
1775 1279
32 1460
1753 2347
236 2859
371 265
1023 479
1815 2369
2414 1349
556 539
372 2426
1936 2660
1352 1164
2740 319
1830 2940
10 2907
1578 2382
1467 2938
2068 793
1744 1543
1152 1937
1708 786
744 177
2064 1397
2353 785
694 2105
1831 989
1010 2581
326 1830
79 49
2196 614
2557 2125
2218 1178
1244 2930
1415 1993
1398 1764
1149 1999
2804 2708
2078 2786
1643 885
1894 567
2301 2858
1641 1561
1377 851
56 1748
2547 621
1313 1897
1848 2985
2933 612
2530 1289
2759 1673
1886 671
1664 434
1640 2169
1086 721
2398 1148
699 1735
982 2431
1129 950
688 282
2718 496
2679 1386
2880 2825
1442 2713
1470 565
1502 1400
199 73
463 1745
2729 2419
2289 71
2287 8
151 2867
2239 1416
136 1294
777 755
1612 2269
1290 718
767 2764
751 280
1659 2533
1543 1685
2511 2444
243 2584
988 1750
431 1899
583 2469
557 957
1339 525
601 2323
304 305
263 1871
2345 700
602 875
2473 2524
2837 2629
2566 1893
1487 2243
2855 925
2943 1602
1040 2229
2177 1324
402 904
2590 2260
856 2691
2005 2656
1435 1819
124 2488
2128 251
1814 2682
2858 488
2338 1717
1975 1736
320 2693
985 1280
884 2774
1596 2598
567 1200
1738 1890
2604 2047
1528 1201
2458 719
72 1510
715 167
1875 2164
2204 1268
2972 2636
1610 1307
2769 635
2559 2743
1833 441
2327 1150
989 2010
724 2268
1867 1265
978 1217
229 178
1489 2061
2393 622
1207 2745
2178 2944
909 2142
1653 2109
1302 2614
1824 1221
1798 770
1315 1216
2696 2658
2364 1578
1455 2687
2915 2813
2674 346
156 2529
1917 958
2961 1037
1052 1355
2318 2441
916 1519
625 192
2326 2710
1116 2862
1337 371
2537 1372
1730 2166
54 709
443 2909
1966 153
1999 964
1938 2358
1693 963
396 126
1237 2438
520 245
709 2522
995 1287
955 1142
189 23
491 2543
862 2433
2965 951
1772 1642
2001 1335
2527 1408
2311 1203
721 1675
2869 1972
2333 677
1306 2143
2448 1674
1709 1524
2825 429
2322 2857
1827 1149
308 497
130 1
1361 1526
1018 1645
2929 2544
2171 1410
302 31
2896 706
1747 40
1341 1076
1607 650
1333 1183
2153 1152
1796 1624
479 2494
2797 2925
2096 769
2150 1932
165 1301
2504 2301
891 2206
2986 2020
60 1424
1080 169
1509 1812
34 2617
1353 422
486 1222
1480 2729
28 241
2882 2704
360 2484
2507 499
1971 2778
1203 1954
2722 2123
1787 2
23 381
2919 1181
920 1124
2477 481
1235 1902
1022 701
2413 1443
1945 2655
948 1654
685 2404
26 231
1325 2648
1785 2728
1402 1710
831 514
1226 2535
774 2108
2106 938
1049 1623
928 2577
824 39
733 12
1017 2156
1572 2302
1413 286
1279 1383
2205 2911
88 1288
2964 672
892 154
787 2330
548 1235
643 1276
1642 2120
1825 895
872 2335
2861 256
182 45
848 152
2057 2637
1327 1944
1901 2308
2821 173
883 1917
1762 1657
127 783
2492 1787
42 1773
880 669
1356 2170
1940 1234
234 1028
836 1632
959 553
323 528
2263 2552
1934 1771
351 2639
1671 2155
487 2706
2043 2865
570 118
2619 1766
564 2502
105 2739
254 1094
2053 406
1344 804
89 861
131 2966
1635 2386
343 1483
1784 859
1255 2097
2637 2222
292 2021
2007 819
358 1891
2454 2482
1104 564
2870 1590
278 1737
2775 2906
1964 2561
2225 1135
2394 2838
667 1586
748 1451
858 253
2756 2998
1889 278
2958 493
2846 1446
1162 2483
1249 1361
376 2288
837 320
730 2915
2664 711
381 896
2979 2474
1958 1368
1760 2489
1079 2758
929 258
1122 481
1385 1300
861 1851
2813 546
2814 1134
1718 2935
2748 577
1613 384
2850 61
913 511
1002 1704
868 1325
2921 1810
680 325
476 640
563 821
2883 1027
2661 1273
1269 2746
191 1399
755 2767
2102 791
249 2421
1897 1690
2516 694
1623 2442
531 2932
1486 2497
1752 263
1548 2772
1194 1286
527 1415
507 1251
2698 2927
2656 1933
1820 735
540 2089
1779 1842
1205 1521
1694 765
19 1392
1003 1545
1549 2145
1879 2996
2227 2267
2435 656
703 2531
209 2042
580 609
776 2128
1995 602
1013 1682
2711 1099
1387 386
1598 1854
2119 521
2424 2414
1527 1854
2116 548
998 1576
1495 910
1045 249
2731 1387
1545 27
1805 1202
1661 1156
597 1508
1695 1226
421 2536
2703 2320
2746 470
1959 834
2687 1239
205 547
1443 2321
566 1487
45 234
2529 295
2820 1136
2704 162
118 1319
1967 230
2381 1596
2546 2752
2750 2396
246 2860
1292 318
317 761
2019 2738
1605 1096
827 443
1636 1795
630 1452
2635 900
3 619
1863 2181
2642 716
1638 2000
288 139
1704 105
1614 996
1234 164
1740 2314
439 587
1603 2777
475 2271
2702 823
1736 1035
1374 229
2436 551
2752 1274
195 110
1191 1074
2553 2773
1573 1506
1657 1141
1544 2657
2412 1217
2946 1262
2255 1509
2354 835
2597 2707
816 1660
1511 2649
2916 538
1160 1100
2446 1533
683 28
524 2269
2541 2406
2374 992
1533 1359
1953 927
435 2784
2844 1478
1838 1233
307 2325
126 1411
1719 1568
2346 478
754 1823
444 2171
2261 808
807 2345
2274 2045
801 934
20 2792
253 1146
215 1060
587 693
175 29
1929 1
2141 1009
1212 2018
2528 2570
3000 1163
2765 2116
1242 2992
1810 1698
1127 1434
1075 600
2514 2049
1696 1868
12 643
1646 572
1223 166
2278 994
1531 2293
1911 654
983 1296
1452 2719
300 2759
1357 727
878 678
2229 749
809 2843
1214 1700
549 832
554 1501
2208 468
138 1138
1655 704
2358 1597
516 1058
1514 1238
1432 1818
2508 2069
232 2223
1741 569
756 19
2250 1716
369 1247
2210 1680
65 2249
2002 1835
1834 1214
2847 2148
91 273
708 1029
2207 1365
2284 2548
1439 2794
2275 2093
2533 2165
1729 2190
1645 2994
2279 1401
539 303
1535 954
1727 398
2449 2895
2419 653
86 867
571 2459
2503 1130
661 641
2944 590
1211 2811
424 2399
1496 2081
2975 2870
1485 2140
830 2389
2583 1391
2673 1004
815 24
2901 130
2705 240
2980 165
2084 2096
2582 34
875 1192
2585 351
2826 1533
41 821
390 2671
2887 2600
2784 157
584 725
1100 2840
1734 731
911 2645
818 1557
1072 299
1935 1187
873 1047
720 2576
2269 1941
271 1170
77 2242
561 805
2708 2755
1240 1290
1140 147
1949 2514
1132 2006
2114 924
1471 1119
1672 1765
129 116
2695 2173
1930 2741
2161 1683
743 2832
1822 686
1946 2839
1871 2418
1768 1571
150 2604
2571 174
2409 1581
2670 267
2954 2990
647 2472
2662 578
478 403
2532 1656
2444 2856
1099 368
790 586
1919 1945
2575 1388
976 1723
2350 2348
252 1572
1466 1692
374 2573
1130 2284
14 532
1342 339
798 2350
849 2950
1819 1471
2378 536
2713 1782
2646 423
887 1780
2021 2975
1077 850
250 201
502 1522
2735 1713
2478 874
1576 1895
2247 2977
1770 1363
239 881
2380 722
1029 482
425 2740
1568 1332
2438 1629
2774 2816
663 1556
1422 1927
1004 1997
1547 466
1184 945
1460 1418
59 2486
337 1246
2404 1008
505 1669
1555 560
904 1346
2151 1437
482 2585
391 2005
1253 849
2108 2549
1252 554
915 2003
1054 891
1742 477
1124 206
879 928
460 2798
2555 2009
414 1068
1359 2712
1372 1537
451 2381
918 1174
2479 1384
1394 995
1585 1432
1397 631
621 852
346 2258
1620 2121
600 1953
2985 2185
956 974
2319 1050
1790 1620
2347 1804
2313 2564
1565 2259
2993 1355
763 1684
2841 2187
2760 2151
2418 865
1721 1000
1418 326
1839 1087
2107 2048
910 684
672 227
1482 1474
1213 1938
123 2469
518 2030
2800 306
2792 127
169 2947
1683 1809
2136 2051
1197 1669
783 1042
2395 778
334 1974
2297 2659
1771 1641
1494 35
220 1988
2854 115
1011 1904
1087 766
1551 2240
1801 349
1066 1495
1406 2184
2694 2949
838 2696
2778 1020
2857 1019
2976 2317
198 2948
1459 1976
765 1803
521 1631
1698 1619
2288 1266
950 1310
2181 1628
367 2812
2162 764
2266 1472
1763 2220
1755 513
2063 1431
2805 801
1647 76
2408 160
148 2280
2707 2329
2133 2349
481 707
245 1252
146 54
2763 1333
2065 2553
264 2175
2286 1736
2955 796
2501 1466
1166 1634
1316 1670
1305 573
2596 745
2636 1898
262 1338
2172 1107
488 1021
935 1493
1043 1768
180 1199
933 2279
1068 409
1199 207
178 1189
2149 2768
1110 184
2431 1667
552 314
2233 2162
1260 860
2146 1934
2014 1245
689 601
114 697
1947 1499
2892 2991
1559 2571
377 1785
1516 2210
2402 736
2563 1237
1891 597
2189 906
1481 2228
1088 1306
1222 101
2140 2882
235 1423
416 74
2262 276
888 2133
2902 2102
999 2288
2645 131
2615 1476
1157 56
1174 1354
2428 1742
2866 1848
789 846
692 1488
1096 1514
665 1275
2842 106
1275 2638
2890 1666
2167 845
810 767
347 480
291 897
1996 1403
714 2511
2623 2182
2144 1078
7 1908
53 862
1208 2878
2483 2619
940 2424
2423 636
1371 917
2611 673
1131 1576
153 402
2372 1228
419 2393
349 913
1189 1459
960 533
1358 2662
2482 1912
449 1918
489 1404
1328 561
280 882
1479 581
2996 784
1750 782
2628 2727
2308 894
2888 580
2185 1734
2579 95
2000 2332
664 194
2771 574
544 128
1106 1562
1373 1707
1538 876
762 117
1472 1367
409 681
1265 2756
204 595
835 1125
2383 2088
49 1306
1270 2845
1604 816
120 1639
238 993
363 1595
2819 48
550 1269
2027 72
2942 688
216 1166
962 1153
594 2239
1774 787
1765 1790
1382 887
2219 674
1463 1455
1192 2176
2388 342
2197 2076
70 2078
202 971
2605 389
2176 664
1274 1726
791 2810
1229 1920
1107 1190
957 425
187 1111
568 2245
2725 183
2690 2850
50 2866
1288 2168
197 1699
1984 1947
2639 2714
2192 311
2396 720
480 2831
375 1966
38 779
2072 370
8 100
1146 2926
2949 1921
681 774
282 2736
2203 54
2120 261
2251 135
1869 2328
2143 445
2118 190
770 1188
974 2447
1355 1435
2188 1706
2455 2475
2831 2956
2464 2099
1519 1517
359 563
2429 1091
352 370
1567 1176
2377 2589
1057 2521
466 82
637 172
2672 1015
1198 1667
1219 1123
843 585
668 515
1441 703
1621 2742
16 1901
461 890
2214 1824
2899 254
2995 2772
389 1900
1051 575
2349 613
167 1725
33 1223
2853 420
152 2241
2683 175
2480 196
2486 1550
1318 424
1477 705
641 171
433 675
1378 756
473 1102
2967 37
1188 93
2331 1242
984 399
207 1331
139 599
2355 1438
1069 2666
867 107
1073 1080
577 2787
315 2967
2886 1640
66 2062
2469 1132
2112 2783
2105 2886
2317 170
2509 529
966 297
92 2138
1209 583
1793 792
1700 1167
1922 1560
2549 435
2928 1664
1823 1839
740 2463
426 678
813 195
395 1422
2629 1440
2137 151
2990 2289
2856 114
980 1024
2823 1600
1634 200
1062 1264
2232 948
2174 2434
633 1231
24 1470
332 2467
1739 1889
2666 748
1458 1860
1145 1538
723 345
1493 562
106 2675
2145 2973
1561 2622
2510 2059
530 1511
340 1828
1855 2676
595 545
172 2711
2988 1635
2540 338
1517 1448
2927 315
2522 2830
1241 377
2497 1073
2786 1542
986 1394
1654 2627
698 2515
2727 1059
2565 69
860 592
115 1746
160 1041
289 310
321 17
2038 2335
604 1801
2134 1885
2586 1139
336 800
2834 1162
885 2427
1956 1866
912 804
1813 1608
677 1393
18 2507
407 898
1652 2803
2838 2611
1389 691
2309 2232
255 55
1363 1329
2186 969
46 879
2462 1450
261 1799
2195 1077
355 2606
113 361
795 915
2385 2154
378 2355
1951 1477
1251 853
1943 380
1159 543
2344 571
1148 2935
2617 363
1878 2954
669 197
2180 2067
2125 439
972 1660
1425 1002
1513 2365
921 1342
1150 918
2299 2705
2073 955
1713 457
2495 1311
62 498
273 33
1960 2528
1962 2035
1908 2340
2860 2492
1291 2945
333 2061
1924 534
328 1681
2018 2518
1028 1085
1876 2673
2082 2131
1231 313
1059 1395
942 884
157 356
2045 289
2808 1032
786 1468
1095 322
415 1364
2621 2252
217 1097
923 2853
2213 2685
275 933
2223 870
2277 2573
186 2603
2678 728
2147 2734
1016 275
2104 2730
2609 308
63 680
2008 376
2476 1701
1177 2976
592 142
1764 1070
1499 557
166 2436
2451 2896
2291 1931
2083 1637
2190 1626
562 1580
128 820
1591 2891
301 2582
1060 32
1852 2558
2502 358
1409 2599
1115 872
267 625
406 1832
802 2405
2851 2255
2441 21
945 1327
1526 623
1624 1910
1895 2127
1085 1015
2622 1711
1507 1046
87 878
2905 1984
1579 1936
1883 2150
2257 2008
2891 1962
870 2796
2719 2790
294 2726
1968 2141
385 916
477 2744
1030 667
2030 2575
1532 976
1367 312
2113 1887
2693 2415
1941 141
2044 2013
1419 2124
1261 1219
2290 2326
784 2090
1957 1925
2334 2517
1444 2244
2281 508
2139 2541
535 304
322 495
840 2364
2736 1158
632 1589
1058 1760
2169 2341
413 2319
193 331
1587 2211
78 324
877 2428
2157 2392
2832 2367
674 869
2956 2881
76 1374
1616 1577
2048 84
298 559
9 134
2468 879
2253 1447
1686 1882
1688 290
1285 2984
436 2667
2268 1905
652 1520
2875 757
2924 738
1803 2874
2474 1864
941 302
212 1859
1042 730
1491 576
2632 1959
2452 2499
1227 1540
1992 2820
168 483
2681 2058
2753 417
1877 495
1590 1714
1998 2065
863 883
2471 1314
954 1412
1927 1417
1907 180
1558 2041
412 2200
1920 1209
850 224
569 374
842 2493
1390 1154
691 2106
1594 2900
2013 416
2633 2668
1348 2394
2802 2425
2561 2487
1759 638
1179 1303
2913 598
782 645
2417 866
2589 2568
1899 1648
1319 1733
1169 2922
1937 1171
761 501
380 1343
2142 1741
526 962
1399 1749
143 2802
1123 1615
804 1874
111 1982
1773 1281
1170 2417
610 1563
2271 2700
1680 1121
2885 2146
2849 1817
1650 1210
2069 1045
1492 922
1171 978
894 2798
1821 1827
1816 1375
429 647
1175 464
2879 2943
2036 1494
1173 1195
1311 795
2276 2395
2442 2352
2382 617
2416 888
1400 1858
509 1650
1308 1530
1338 1779
338 2770
2222 919
2754 2354
2550 333
2427 1399
905 1177
2999 2531
745 2904
1608 2226
339 2451
1577 271
650 2024
773 236
437 2470
961 1083
2467 2015
2811 1083
61 988
1176 1815
1376 210
2803 1025
2249 463
1039 2887
311 2256
1910 2651
1639 810
2306 753
2305 355
2560 2179
800 794
2770 1261
1047 58
826 2823
695 2598
219 712
2535 1061
2400 182
1081 2500
712 2304
1048 2815
794 449
2246 2203
103 1339
306 2748
2324 854
2517 2732
1262 877
1206 394
893 237
2459 1293
1632 2217
404 1353
713 2136
2115 1980
2970 1825
2029 1672
2406 2750
1515 984
2627 2430
2701 1840
2379 36
1346 2197
603 2493
1800 2677
593 2625
1766 616
2341 1950
1082 1137
1540 2224
1014 1567
2593 1802
1622 2563
459 2144
1218 2324
2824 1914
2422 1208
69 365
1366 1299
2215 418
814 2028
693 1036
471 2180
1918 2370
1101 2205
1032 489
2776 2204
1326 1439
1126 2970
866 1909
1436 2715
2124 1490
638 1033
319 1756
2067 1297
1832 2721
1676 2408
2897 430
2461 1463
1309 1261
393 1702
2969 526
1236 558
2085 2731
1904 873
541 2342
188 2914
2363 2453
2415 2654
1396 2188
1103 2011
97 2960
2994 1703
1767 2403
772 2073
2445 615
1154 1232
1626 1089
1151 1281
81 148
821 448
607 2401
1841 479
1737 944
2772 1869
649 1645
1931 277
2071 1544
1335 1834
704 96
917 1369
2191 1453
932 203
2075 1523
1469 2056
907 764
659 670
1812 2683
1890 2609
1142 2114
2520 2083
1020 1425
93 1271
2554 2569
1692 404
1583 1783
1928 892
1845 1356
499 2597
1136 142
457 1796
2574 452
969 1994
1751 1685
1347 2961
2600 471
2200 332
1921 125
1872 966
1955 2079
1074 2957
2898 2689
1445 2952
2697 2968
1669 777
2011 2285
2245 2287
1665 2889
2201 858
1113 2635
2089 2534
1468 1489
247 516
474 1647
1670 1625
1546 741
2453 2929
1818 2789
2658 500
2926 1272
981 629
1329 1919
158 291
2050 380
2258 827
575 343
335 1541
145 113
237 1034
2312 2641
2241 1211
2667 2959
1433 1952
2650 1256
1125 1548
1954 2829
1330 642
1414 2307
1216 2771
1675 2075
2267 259
2022 1991
2498 1587
1121 1328
2782 1044
2787 283
383 2715
257 903
2684 2863
766 1249
2264 247
2052 1987
493 1465
1172 1086
1379 1140
2608 2444
410 2113
259 1964
2912 451
1200 2808
1625 1480
881 644
162 1215
2859 1618
2366 1082
57 1244
2925 2272
2716 1531
423 163
1988 679
241 2612
1701 611
1977 158
700 1292
1500 2769
828 2398
2254 2449
1381 2724
1025 762
345 2965
2235 150
2739 2104
2937 1762
820 781
1851 202
2631 354
251 2566
1369 2231
626 1030
1882 103
279 1784
2403 1084
1508 1731
696 574
1837 3
442 1441
2907 137
834 1253
137 2602
1297 222
281 2191
2405 960
832 1569
1478 2512
2295 2583
242 2644
2761 1064
1204 1515
613 2461
2376 594
2389 1396
1817 2186
1112 979
2724 121
272 437
2485 2248
1575 1456
2640 447
2904 1527
368 2613
228 1442
1388 2933
1097 831
1651 2989
2513 2462
2421 1055
612 204
2576 1535
2015 1205
528 46
1909 1115
104 2355
1564 2536
2040 931
1217 2978
2091 2982
2601 2361
1053 740
1298 776
225 660
731 1224
1776 1330
2399 970
1238 1861
2889 1093
1985 342
2234 219
2881 549
735 956
1490 2674
1392 340
684 2290
2685 1903
1697 522
2058 2167
233 790
1942 2538
495 2385
1847 2281
356 18
545 1370
2657 1054
1566 2063
1667 1143
1649 2344
1689 243
498 90
206 2420
628 1686
2911 1695
100 1847
2156 1574
1684 1963
2059 2574
1726 288
1629 50
855 1658
2182 2532
2538 2569
1456 355
316 2476
1754 2974
341 806
2691 2665
1147 2398
2987 2928
2791 1347
889 176
2712 2733
2677 829
1735 2068
2966 109
512 2871
1135 2178
1843 2716
1090 486
2300 661
1788 2007
1662 1546
1666 935
1849 383
2357 2913
1272 78
1648 855
617 1469
806 2550
350 1763
768 2983
312 111
1067 252
2087 2372
1259 936
1210 1516
757 244
796 1990
2351 648
1354 474
2641 2875
2909 2650
2894 2132
2779 2997
2749 330
2518 1053
222 929
1791 2956
1015 487
1280 1413
2721 2126
2651 1924
605 2684
90 2795
624 1454
364 382
2700 1525
2252 475
2440 2237
1926 2826
370 2559
2613 1584
1903 2846
1404 2211
2551 977
2764 2679
732 1042
218 807
1420 2149
926 981
2948 1323
2978 1390
2877 2263
2049 930
2384 4
2425 1732
2401 2539
865 379
2665 476
1300 1633
1506 2402
1836 1351
914 1014
2126 1108
1056 6
1582 270
265 2103
1808 1491
2991 689
274 2183
174 1585
1410 279
2211 1212
622 2238
931 844
164 353
1881 334
2122 2979
1168 582
2997 710
2055 1911
125 364
116 2788
1161 410
2062 1958
2243 390
1857 1048
1581 1770
2671 1747
2515 1630
1656 2194
6 66
882 427
1512 838
1299 1643
854 462
1138 454
508 388
456 2446
2206 2027
2630 97
2466 2890
657 239
161 2107
769 133
2710 63
1268 1689
1541 1930
2237 1877
2910 1998
1606 2270
283 982
2023 233
1256 626
2365 2195
579 1225
1360 939
284 1616
1703 1705
2950 1427
286 914
2717 1629
80 2683
2751 1051
2016 1110
1609 1407
155 2353
1658 1761
2356 2246
1340 469
706 2664
1537 993
2202 2044
1939 633
2034 1414
977 1105
2843 579
908 659
464 255
2375 555
1185 2390
857 1377
2226 323
1963 2669
2620 1240
344 2936
759 2193
1668 2343
1933 38
532 789
397 2159
2864 2919
803 2554
778 1611
1098 2025
2060 2876
1037 248
1180 582
1993 304
558 1013
348 2695
154 2828
2079 1772
1429 2942
1462 1018
58 1312
760 2821
1619 183
2370 1260
133 2964
901 2596
636 1575
1033 1063
1716 375
1183 624
747 2376
2922 773
2932 2827
401 832
2056 1069
2236 1570
1724 779
1828 450
48 400
2303 119
1529 2506
2110 1913
1031 465
581 1948
1464 2146
1281 1820
1181 2250
101 842
1386 715
1783 2623
727 1617
110 181
1295 2134
1952 1588
2280 2021
623 309
2037 2214
2158 408
725 2848
2472 1114
2660 909
1301 2735
1428 2616
793 2400
142 2898
318 136
468 724
2983 2085
971 1007
392 2888
2766 1539
1631 198
1615 1341
1109 2373
2840 1856
631 1644
968 639
68 2119
2578 2435
52 1981
121 2384
1679 568
726 1564
1923 1309
2977 1320
2138 3000
2273 2642
1284 2055
1451 2941
1246 2261
135 2209
1349 2908
1866 1382
2154 2720
2165 1406
1239 2951
2282 607
2572 2219
102 920
1412 2567
83 504
2433 2520
869 2894
2101 1317
1758 2525
2918 1582
1474 506
1761 2971
1865 52
2325 412
2682 2322
1012 900
2777 1118
2164 1603
1799 1259
1438 79
513 99
1981 682
1350 2690
310 1062
1868 2595
2524 108
1497 2698
21 1126
13 2844
22 1622
2499 1863
2041 1774
844 1888
645 1831
599 2237
1092 132
864 2601
543 218
2314 85
434 242
2168 2806
1902 1552
1914 1875
2624 1072
2307 2847
2938 2152
1717 668
1994 983
705 232
1900 2841
2183 2196
1111 485
2304 606
682 1010
1498 2588
2762 868
2481 1357
1840 300
2009 2652
1552 1769
2505 1402
1071 817
979 9
388 2118
547 1621
490 1180
1915 824
15 2496
2127 65
1375 537
1488 586
2655 2313
2699 692
2795 155
2920 818
240 942
2971 1185
1677 2765
109 523
2450 1892
194 1120
269 889
303 348
483 1789
614 959
618 337
399 1001
1061 1907
2606 864
2649 2835
701 892
952 2092
2644 359
1602 2264
897 2912
596 2580
2953 1057
1243 1778
2577 2590
2730 2077
811 1758
2552 880
1450 1968
1117 518
687 2208
1307 1811
1178 1960
1041 1193
2738 262
2757 294
2496 1661
719 2632
1663 2466
2230 1884
2569 2275
411 1605
2652 2455
2714 1479
2410 2849
2397 272
227 1284
2437 1594
1351 2156
1706 620
1637 1862
176 503
1232 967
1220 2366
2130 2135
538 2861
214 952
1289 2339
1250 2057
651 392
792 2624
1925 1923
839 2391
1794 2877
2343 1278
2035 159
2599 1532
2796 2316
551 257
1961 2884
578 1067
2680 1315
1153 225
1536 826
1137 1373
2758 2723
876 541
1201 2198
2768 1579
898 1691
1571 431
2026 2562
1681 1844
2407 1172
1332 168
1749 1006
1403 179
2017 2254
107 1022
305 216
44 107
1264 214
1990 2981
256 1857
2845 943
1850 2383
2598 1314
588 683
1522 2785
2332 2751
2941 2266
1912 815
574 666
1731 652
2790 2851
173 2161
546 2450
452 2410
147 472
1553 446
2689 2454
211 1653
190 2019
1888 432
2033 2509
55 1112
1802 1792
746 2663
1795 836
1005 542
1380 840
642 1360
2292 1023
224 1445
1384 1147
2506 2630
2039 12
1424 1798
1167 367
2086 1845
2659 2368
2369 1486
609 2189
1884 665
1722 2948
1453 1243
82 1175
95 1989
823 494
353 1366
2512 1518
266 1295
2893 64
1550 2053
208 2500
939 1894
1600 2626
1283 811
1987 187
678 2016
1711 2357
1114 372
576 717
386 2050
1950 1003
1108 2718
1304 415
992 2757
2643 2437
537 1583
455 2791
2457 1145
819 1881
1245 1808
822 1172
2815 2247
1979 2631
1144 490
1792 1133
1139 2066
1364 2537
2989 1867
384 1475
937 1548
1592 1744
2799 2763
1370 1873
1835 1040
2809 2634
2100 1671
517 1752
655 2070
196 1405
2392 847
171 1955
673 2953
2839 2555
432 2147
2131 2046
825 2565
1705 89
2692 1103
2828 1659
1806 2429
1733 14
1411 2628
430 949
1980 2501
606 2793
534 2153
1786 1482
2773 2091
1343 2172
1323 2791
874 2780
1807 550
1475 1554
812 593
2242 2351
1437 1218
646 893
47 713
179 1511
829 5
1158 1755
112 2139
1858 1638
635 1558
1193 2607
1365 2540
742 1485
559 1458
2653 1270
2092 871
2812 1348
329 2775
2484 512
2224 2560
2 2551
35 2834
1076 2593
71 743
2051 798
67 2130
2074 1379
1757 1163
2833 754
258 2034
1421 1347
2706 2002
519 2032
2316 2485
1723 1728
447 189
1084 2163
2315 1046
2184 663
2544 519
671 350
1916 2282
201 461
542 1565
616 1813
1484 1381
553 799
845 1979
1303 1298
2947 975
1599 2903
2129 1340
1778 2901
325 2215
2876 112
2822 2579
1473 2464
1870 2440
658 122
2103 2646
1781 1350
2216 856
1271 1949
2371 2299
1225 1651
454 2117
1521 211
716 2212
2960 775
2570 604
1035 1738
737 391
1263 1144
2362 1655
2542 2458
285 1865
2123 2037
1093 2265
25 2899
2523 1935
722 2115
947 1502
2135 2276
2618 208
470 223
2148 1122
710 634
445 2722
846 825
2602 628
1416 986
2494 1788
1417 1129
2981 327
2931 1652
2434 530
1777 2516
296 1207
1885 2286
2625 47
2373 2955
31 2776
2348 739
1862 627
781 1536
1976 1961
420 2310
1811 2578
2336 126
2558 347
1743 266
1331 926
400 1494
2302 837
1102 911
2531 2556
2794 1940
2914 780
1674 1926
833 1116
2010 293
586 2869
676 444
1982 1816
314 1777
2872 662
728 2814
1505 2466
707 2129
1589 2653
4 2397
1853 1883
277 2747
1691 2694
1809 2824
342 7
1562 685
993 2934
1426 902
1780 2416
2973 2031
11 2980
2868 2356
1391 2805
27 193
1595 1843
2323 306
417 1011
2626 1995
533 484
1448 768
2500 1566
450 1248
1407 2360
309 2273
1804 213
2310 268
1864 26
2283 86
2012 436
84 144
231 2615
1230 1117
1094 1230
515 1157
1687 591
1520 368
