3000
2044 1811
1164 2949
521 2120
1526 320
2065 2650
955 1876
1175 566
2641 361
1934 497
2150 2010
1993 2929
1066 1201
1359 2414
389 2521
119 1034
1577 2468
431 779
934 1820
508 2336
2578 1375
1976 2013
606 1140
1185 1801
553 1102
1618 2894
328 1742
2725 1433
2748 89
2315 1662
1881 2612
1217 30
2383 883
280 780
2728 433
2294 2074
19 2984
2307 2461
2824 2623
748 196
633 387
1016 2401
2798 691
1477 2952
674 1809
2236 85
2858 918
1233 2886
672 2161
2812 819
969 4
2598 1341
2324 1004
2284 1842
1839 643
2569 1286
2688 2867
1078 2544
1336 212
2570 1089
2425 1740
893 2347
2796 104
2757 1957
2605 1492
239 2791
530 1538
2917 626
678 886
2159 2746
2542 2751
1849 1943
1591 1343
1297 1431
1905 2115
608 2615
692 2415
462 1838
2861 2519
1674 2983
743 1694
2734 228
1700 1484
2043 2173
931 2872
2477 2404
2724 721
1910 1312
2460 793
2927 2928
2654 633
1913 882
1571 2689
2526 2968
1450 2741
1335 1422
1227 720
1489 2517
2843 444
2945 2123
2297 1717
686 1871
1379 2409
786 3
487 600
1775 1143
265 262
1448 2031
1266 859
484 2721
696 1643
2452 2891
2341 1351
725 1667
1076 916
963 725
2614 2770
52 1144
1471 119
863 2701
1484 224
895 179
626 27
2929 1511
2333 2705
1646 713
1549 608
1500 191
2956 1455
191 1582
169 38
1254 552
2504 2675
1699 1638
979 1569
2186 824
859 1032
325 278
1869 1566
2003 971
1183 2830
453 664
2890 143
2869 2878
1643 1862
562 564
1935 2099
615 1803
1972 379
173 2363
1212 2143
360 2085
11 1074
721 1585
539 2324
2894 790
1651 421
546 2301
83 204
2565 2028
1110 1183
1098 10
2833 1484
1326 2662
385 1577
1007 2805
2468 2674
208 1233
1474 554
1973 2044
2066 446
2822 976
257 2155
2424 2371
27 100
1554 1423
2773 851
665 2303
879 2626
1485 1115
2697 2454
282 2602
586 2967
1073 1186
583 751
2387 351
1173 1038
1798 796
908 208
1948 247
2169 117
86 2037
905 1640
1355 1680
2266 1689
1170 1171
339 2502
255 118
448 1379
1083 1162
2250 685
2982 1345
386 2337
807 1578
82 2294
69 2556
412 2389
2386 48
1340 1797
732 835
2807 2050
1578 2458
2269 218
362 1150
557 2775
16 1327
2178 1370
2249 800
2939 2825
2606 701
1459 1464
1991 2023
1829 739
215 489
2368 1125
806 585
1343 1737
1001 2991
1108 1535
680 953
2949 565
503 1773
770 2487
1021 748
922 2176
72 1064
719 2223
213 445
941 2887
149 1358
2112 1761
821 2254
2897 2165
1242 2418
243 221
2298 2637
450 2632
2506 1909
2063 35
753 1951
1307 2349
2543 1055
564 2248
1639 642
2366 1332
2229 749
184 2541
2512 1771
1070 2121
130 1996
90 2561
785 322
2224 1772
1949 1946
2177 2328
2645 189
1589 726
715 2293
2583 1010
746 1435
1583 2847
2779 2912
950 2644
1039 1642
2051 1901
681 289
920 975
2130 931
2557 540
354 913
2143 2777
47 63
813 754
406 2182
1256 579
67 1543
304 1382
1223 1670
2885 751
2973 523
1189 269
1931 2651
2772 2526
1119 2274
2410 2472
2179 1116
1464 2849
1494 2368
2778 1467
160 1899
764 338
1262 1504
144 521
512 345
1308 577
260 2758
1042 1536
2803 434
2086 2854
2735 1828
1370 1177
281 31
415 1296
2164 164
1597 380
1535 902
2785 2276
1954 833
132 2446
408 2091
1957 1623
765 374
2226 2284
1816 1056
295 1471
673 2693
2864 2568
1531 576
900 1410
1435 2021
773 571
2879 1003
2776 469
2513 1613
2791 1237
1805 660
1773 593
1167 540
2191 2665
135 2136
2540 1993
876 2046
2978 988
34 1241
1089 128
1033 1624
693 605
1658 2564
165 1491
1378 2117
1684 2869
607 1710
2828 1941
2520 2198
2464 272
2621 1846
747 11
896 55
1290 1678
1998 294
637 2199
515 1773
2289 939
2325 1795
1989 2659
636 927
1926 451
1936 2438
1787 1896
804 1682
2238 2348
1094 768
1215 2688
2886 324
601 265
2354 2673
2874 405
2338 697
618 622
2931 354
623 2603
53 1510
532 2722
795 2736
402 1632
1366 2975
958 736
2466 2807
1347 2797
817 625
695 2341
899 591
1210 2799
36 2068
29 772
1439 243
1669 133
2108 2635
1265 2881
1776 786
2277 2155
1655 2406
957 475
1767 1924
2030 1091
2461 2405
198 1151
1977 1561
1260 2026
1653 814
731 821
13 2251
1159 321
377 1325
781 47
2318 624
1444 1520
1346 558
2214 1007
316 574
2854 1361
1384 2703
2056 1555
2273 306
2519 113
2314 1221
79 906
1880 2366
1862 2084
2849 611
2437 2257
2600 2179
436 2246
874 1244
212 989
1388 601
49 1450
584 1648
834 665
502 968
852 1905
1491 108
1322 2270
1729 1080
1202 1785
180 2494
2508 1894
2478 1395
1818 1886
559 2090
63 640
232 1022
675 2704
2593 2003
2167 586
745 2109
2227 2216
829 2796
1539 165
1525 132
779 490
1433 2907
134 1192
913 2590
891 2189
2343 1610
1609 151
2105 1591
309 548
333 129
1271 2625
2071 1853
519 406
836 604
1269 54
2126 9
2696 2753
1397 1018
1892 1773
318 2122
2255 2904
2182 1397
2877 2542
499 1995
1480 2106
2055 732
1268 545
1697 2754
2200 212
276 268
1145 1336
2769 2747
2107 2908
446 459
1710 1226
2259 1784
2053 2512
568 1699
1461 1612
1120 932
755 637
1893 197
1383 1479
1582 1240
973 147
2986 1219
1497 1255
1176 839
183 255
1814 1792
1081 2408
1483 1220
62 1191
713 2249
1902 718
1105 2577
2878 708
749 2147
2564 107
2831 1026
1760 567
728 945
972 2425
2484 2210
1182 2691
789 1488
1198 1679
2703 487
1123 1610
1277 2335
699 1748
604 274
566 2076
2981 1789
1236 2565
1845 2846
490 1978
1382 2137
596 1872
105 2551
121 982
2851 2651
249 847
942 273
2979 1710
776 1507
2817 1999
610 2990
55 1466
768 2170
2767 2462
2397 1729
569 2941
917 1479
1137 2978
2574 2280
379 817
1490 1958
1469 1311
2573 859
89 465
2455 2353
1341 474
2507 897
2120 774
631 2803
2445 2108
2231 1426
75 2470
2857 2835
1885 1546
1951 2398
1726 1919
303 775
736 648
1238 1855
273 425
372 283
2456 1827
1356 2896
2510 2852
1867 1802
2998 795
2922 1864
2068 2766
2834 2219
1681 1972
1300 428
2996 156
350 2937
66 1299
1716 457
1362 176
2039 1971
156 1487
1028 1436
1447 2518
1888 485
1553 2733
461 2151
439 2237
2652 407
1812 2774
2726 769
427 1309
1452 1652
2485 1307
634 2814
2608 412
1676 2866
2710 2588
2588 867
640 1199
1752 2152
2797 2959
1387 822
2176 136
2357 73
2121 875
2693 1580
2286 332
2407 980
1941 2338
2133 1060
603 1452
117 2279
904 2800
2755 1730
253 1265
1398 2956
2602 1844
455 2102
2040 2631
1828 1308
2675 1443
1664 1387
2628 2789
2968 1227
685 242
897 864
1533 2933
1172 1155
2165 2053
694 644
1546 1506
2141 1850
2754 1893
2078 2668
1457 2898
815 336
1836 1698
454 544
1922 1052
751 291
2175 1596
1563 1204
977 1976
701 2773
1186 1687
2411 1001
2763 1072
1017 1566
2936 227
842 1517
902 2545
2048 687
2305 2082
1874 1892
2616 2435
1420 735
1641 2604
1879 1622
1521 1728
2836 2870
572 1138
2000 2448
1984 2720
2329 2213
1509 1777
1418 2282
2138 964
2933 1912
1415 2516
396 1525
168 1445
1731 2473
2127 210
1915 1230
1966 2850
1876 2201
2770 1198
794 1845
1103 2196
1031 2297
1745 553
2603 1498
1975 363
1250 2157
2999 78
805 1263
2802 1766
712 2481
1037 160
593 2945
1790 2241
1754 225
1114 1880
92 185
2144 22
2203 1205
472 896
570 1708
1939 386
2093 464
1364 1402
2157 866
2419 1489
2930 1959
2242 446
2433 1773
1455 834
2916 2515
2113 2339
2961 74
1482 1610
1645 430
110 861
241 1888
407 803
838 944
2199 381
907 2330
433 1916
2282 195
1099 1798
2110 656
2421 2801
2517 959
2987 933
2020 1133
2403 1239
689 1256
1960 389
1704 2443
1635 2065
2690 1048
1746 1903
2417 998
375 1481
41 853
154 755
1666 855
1072 563
514 212
1619 1568
1953 1529
136 1908
1768 2130
1096 2202
390 820
2064 2920
865 2581
25 2913
862 756
2156 920
1780 2970
1823 1942
2613 2378
2454 1047
2951 2992
2511 87
133 2126
2181 2804
1043 2664
1820 240
2611 1206
2923 1373
1808 2817
1894 2255
2702 535
1205 2374
2 25
1620 2538
1743 39
2993 925
947 1979
2954 1628
1761 690
1938 1291
524 792
1702 1939
2706 1447
2146 2075
2337 2587
2756 301
2830 395
2309 181
1621 429
2531 1189
1937 797
2774 2772
217 2299
98 614
707 2326
2673 302
2122 1925
140 661
2139 2166
1617 1749
2106 1009
2220 1755
2985 1779
1125 2437
1220 703
108 1671
1749 1823
2079 2041
587 236
116 2826
1673 1087
856 2271
2394 166
763 1444
1979 688
2846 1348
1990 1588
1856 1136
662 2291
1811 1172
871 2877
465 210
1403 2360
1180 2660
1270 282
1437 532
2367 960
2636 889
1034 829
1148 193
2114 2697
2795 888
1967 394
1188 295
1622 740
2678 962
2292 1890
1317 1012
932 2017
2610 1250
1632 116
2364 2169
159 492
1567 621
336 2944
1050 488
365 1731
2192 2093
24 747
847 2903
2004 1620
256 1915
2440 2197
5 745
374 557
1550 420
1155 2969
1772 1033
735 513
2686 2499
911 1472
2591 950
1757 183
252 122
1319 1867
575 812
1610 1356
2430 2341
1407 1057
2744 458
2350 2569
1719 2856
194 1832
940 1557
1127 2459
2436 2608
1575 346
2524 50
605 2432
147 2832
2730 696
2572 610
2883 2329
1333 2540
1559 765
1425 1235
233 83
1421 453
2444 760
93 1184
2815 359
1337 1109
2028 398
188 583
2293 238
262 2844
153 2403
2021 2793
1146 2550
808 2261
798 2168
2944 1570
882 1157
488 813
2016 1334
2205 1892
2355 264
2533 892
2129 111
538 76
1065 731
1595 2516
1728 764
509 297
1063 594
1900 1459
2406 1584
1661 2962
536 56
313 940
361 1857
1730 588
61 358
866 2511
2201 1562
1946 666
2685 264
1921 1901
1312 581
1649 1515
1692 340
627 1294
1351 921
2471 894
1273 2535
843 1514
1165 234
1627 1787
1584 696
268 2087
1865 2267
1174 722
726 1756
1440 1295
2534 2134
2171 2079
2612 2256
2633 1405
2760 343
430 658
2234 657
535 455
1763 1693
1330 6
1633 1651
330 396
122 2574
697 531
2057 275
2075 253
612 1810
1878 636
819 646
2118 2478
2672 728
2740 1
1487 2062
641 2054
1048 1765
937 1819
2903 1421
1916 2873
954 2908
1566 2661
1113 1774
531 647
1659 2500
2966 2000
1345 1603
2493 1132
1264 1335
1596 2809
33 2596
2547 2784
2876 281
730 2194
1475 1117
2348 965
2391 2393
1299 524
290 1025
1391 1997
349 2259
1552 2916
1226 1780
1648 2313
2254 2464
1891 2008
1572 2938
1324 2361
274 2897
1548 2239
1511 437
1709 1224
2676 2560
1955 2617
1735 2857
945 907
2232 2559
1423 1949
1683 2504
889 1400
2320 849
1718 135
2010 2469
1725 2563
2731 904
1717 2616
2660 744
810 592
1562 884
1969 630
1770 154
647 1028
837 88
1294 334
2418 1813
491 2848
528 1242
1385 2884
1181 2936
2101 1541
1424 2506
424 1936
930 508
438 2316
1807 2183
1634 2994
594 2923
565 2646
1524 2150
355 1310
1899 729
71 1848
1261 2278
599 1615
2561 1169
1711 2019
1765 400
1141 1718
1848 442
2006 2638
1870 2529
1451 617
176 1304
1139 1114
2062 2479
1136 2207
460 1799
687 1449
1465 1666
2116 714
2330 1031
2275 510
1221 1135
1293 252
1817 397
1213 1836
104 1734
2617 846
1898 309
1579 1430
112 1954
2736 1735
1786 466
527 1990
722 2323
1505 698
1121 157
2023 876
2198 1509
510 635
2742 2960
2024 2711
1460 2919
2222 2595
2246 2576
2528 2611
1605 1142
2371 2064
220 1315
1436 2600
2119 2571
1569 300
660 843
2428 799
2649 2759
432 1248
2084 2909
811 741
2158 1389
1201 629
1530 1418
1427 519
2805 2706
1970 2180
724 672
669 2243
331 350
578 632
299 2977
2698 1873
1380 1499
1047 342
2823 2333
1570 2676
2964 2287
517 2700
435 826
711 2989
2658 416
1952 98
126 699
949 1644
384 2961
22 1527
2027 570
1190 1697
1027 871
2111 2828
1091 2755
1035 1713
676 2546
2208 854
668 316
946 1933
1361 1745
1481 2756
2527 836
1782 1586
2911 41
1222 652
2261 1875
1344 914
648 1095
1090 2821
2555 771
28 2524
78 2206
2651 2187
2240 2932
2007 1599
2392 2699
113 1096
1199 2633
926 288
1020 2217
2414 2861
323 2266
1803 245
2821 229
1599 2785
35 1450
2539 285
709 175
1863 1564
2712 759
2887 2922
1842 148
1750 1289
1162 842
2848 1317
2500 398
2011 1655
95 292
54 2344
2115 2647
1301 1757
996 1386
598 1427
20 2014
1518 1331
423 2298
1393 19
1691 1270
556 1470
2650 2230
2935 165
1453 2105
624 2914
1994 2740
357 1017
1241 1385
498 2764
1207 2794
356 2523
1696 811
2695 2397
700 1695
1468 1139
2029 2012
2103 1497
1147 1523
2881 677
2300 2577
611 2548
597 2732
2721 1840
1963 2396
312 1329
1151 1989
2529 1675
2074 1179
2100 79
1590 2709
914 2355
766 2549
2459 737
1082 2203
1860 2357
1740 1637
2967 1071
2109 1934
2420 1148
2635 1323
1907 748
2276 763
2794 1092
2666 791
150 1065
278 1911
2518 1068
2974 2420
2223 712
2080 230
401 1558
2457 1390
901 873
925 2860
2095 1403
322 2399
1458 2963
1400 828
2218 89
2160 654
2321 599
2560 2678
364 606
1924 413
1912 2009
2253 2554
505 2226
1883 2578
1522 1825
2720 2575
679 2072
727 2695
224 1547
1003 1518
1626 72
2669 1297
317 2812
342 2139
1404 2456
698 1883
1799 106
2496 599
1833 115
2098 2900
2228 44
2037 2011
1556 901
2525 529
2009 2614
2474 2290
287 126
2984 1081
2738 1275
463 816
192 348
2369 2001
1722 765
2426 439
2940 575
1255 1280
1381 937
548 2240
2825 2482
2813 2824
658 1627
1409 706
1784 479
1843 24
405 1229
619 2710
1392 1788
479 134
2910 615
2476 1554
2271 1778
2310 2148
486 2466
2134 1160
2378 865
1764 388
202 1197
1194 1634
2663 1129
771 2955
2718 2268
1434 885
2684 2942
2278 782
2962 1540
1328 2522
585 993
480 2827
1087 2382
2896 155
571 1861
1239 171
2069 373
971 467
2913 1863
543 2898
1353 1368
410 623
938 788
758 1824
2184 1404
2747 2167
2871 2413
1445 2692
2390 1967
2346 2547
1657 1868
494 1090
1604 862
283 2683
1342 1821
2959 1069
242 341
910 1281
2073 1882
240 2205
2155 2641
163 1902
2548 96
2036 2340
574 1442
1077 216
1243 673
860 1611
1925 1463
2705 898
1738 2426
1778 2593
1389 2798
2958 1388
1488 2272
58 2657
2472 2440
123 1982
1298 785
1478 2428
65 2906
391 328
171 1377
2328 2728
1263 2377
797 1154
74 2094
2820 2976
870 1338
775 1124
1218 863
2090 2022
1036 1573
2166 2788
1631 1604
1000 1163
1245 1077
924 2465
1470 1752
504 69
170 517
1956 24
984 2810
2082 1337
898 2447
787 538
288 938
831 207
2771 424
796 2027
2212 887
97 1174
246 930
1449 2244
351 2843
985 2689
2938 546
1840 339
1334 1326
1804 172
888 1462
1224 1176
1753 2309
2072 2853
998 1044
2662 2915
2497 2471
2670 43
2331 276
2439 2153
1128 384
1670 2486
2413 1208
380 277
1365 2359
762 403
1616 1440
2396 1409
1267 423
2788 1372
2207 86
1100 827
2642 2490
1416 1014
358 709
271 1532
1320 2954
1390 818
2625 1261
1961 2822
2400 101
1774 190
1313 180
118 2586
296 2992
143 205
1510 2178
952 2358
201 1942
909 2381
912 1755
1608 62
2017 2441
2566 1197
2530 325
2699 2592
469 1629
1698 237
1756 1016
577 794
2766 2498
651 486
476 369
1810 308
620 2957
1831 114
2880 2236
1085 2567
2582 1238
196 329
12 2598
1402 2750
759 2883
2624 2890
1193 1914
445 943
1252 267
1663 1854
2781 2253
2955 28
496 1743
2018 1332
992 2049
878 26
306 1738
21 1879
1080 807
1231 2175
1781 2301
1561 2820
848 1970
1075 1508
1588 539
366 2322
1013 2779
2415 996
1943 1801
1357 1796
2739 1503
1248 1654
2787 2431
466 942
404 560
2479 893
1015 1202
1052 84
195 2780
392 2283
1163 2222
1006 1266
2032 2281
347 170
2268 1703
826 2621
2183 2114
1225 60
1323 1126
2244 70
1422 547
1694 2331
2677 1288
106 2636
2789 1790
982 1940
835 2865
1864 1849
264 1646
2434 215
9 1601
1131 542
983 326
650 270
589 1964
919 1589
1980 1910
247 2047
1675 702
482 2020
114 2508
142 2424
1703 1553
2302 472
2260 1971
1855 1847
742 954
1512 377
403 2762
2154 409
2679 1167
1154 1552
2991 1891
2094 2232
1314 2895
30 2667
1184 618
1030 2572
2087 2228
1187 471
1358 1955
657 2802
2488 831
2216 365
1348 217
1514 2392
851 991
1229 609
1124 2580
88 1257
359 356
473 2999
948 478
1203 683
1095 2597
2034 2460
1018 1725
2351 1663
887 2163
1983 1631
1061 2395
635 313
1117 2029
2943 1099
752 2532
2132 2034
161 1690
1373 2708
1107 2514
1541 2125
1513 1961
2384 622
1442 367
2568 1158
2708 1805
1516 2051
802 1932
2416 427
1230 951
1758 470
1214 2016
2845 29
39 952
812 1282
2061 2429
1593 1696
683 2530
398 1002
2853 2618
1024 2940
1101 992
2131 1815
1311 815
2162 1579
334 1424
128 2142
229 1050
352 2402
441 903
645 967
2545 1271
31 438
2827 670
869 2950
493 2972
409 21
235 2413
1280 746
2441 305
2005 1217
518 659
1496 2431
2313 1948
1602 936
990 235
2052 1592
1360 1419
2492 1717
1059 1349
2514 797
1923 654
1321 2158
1049 2510
2458 2839
2149 1175
155 1673
2046 1107
582 1952
230 2135
1371 2279
2589 14
1708 1595
2099 2045
378 1188
2243 1965
1732 2227
1274 2694
4 2734
1134 477
1038 1243
563 59
739 2004
2847 1781
2480 578
1156 1791
710 1696
51 1639
275 1617
2153 526
883 298
115 974
2008 99
2855 2012
774 42
827 2842
1408 1732
2701 1635
1688 2679
1884 1212
1057 1830
2912 1053
2799 415
99 2654
221 2988
1040 1586
868 1470
370 2312
2281 2400
2751 1674
1751 2269
2041 484
2765 533
1499 2808
1177 2805
2015 2648
451 290
944 1207
2994 1253
790 2480
966 947
2083 2790
1834 179
2263 841
449 1156
552 1493
2361 364
1904 360
1644 2052
2581 429
1886 57
609 1011
2532 1367
2629 1641
2104 919
2780 762
1405 91
1431 1969
1111 1753
1463 82
975 1841
1769 2610
976 1760
2448 466
2536 806
1560 1963
85 1650
832 1986
2230 1658
729 1746
315 1141
2733 518
1009 2305
2932 401
1303 379
68 1506
152 2419
2806 695
2148 2771
250 2749
2550 995
32 256
714 2038
1940 461
2365 2627
1419 868
1118 574
2264 2543
1350 1168
175 1556
769 333
2453 315
1376 167
684 1960
638 1721
2194 528
270 494
2891 1247
138 2235
981 1104
234 543
10 109
2884 2926
600 2319
2758 1486
1520 2060
1791 844
2151 2286
663 1471
642 2752
1369 1519
2559 67
823 2673
2727 1088
677 1300
219 2391
329 910
344 1609
741 2111
928 1794
2291 1006
988 97
690 837
1568 2005
2026 2365
181 2917
1349 1413
1004 2974
839 2520
1462 999
1209 260
867 53
1685 1037
1755 501
2521 1322
2091 2467
2901 1712
1557 352
1713 105
614 2375
2840 1469
2362 1195
172 1347
2495 1119
1911 1214
1144 1401
1789 1727
1950 287
2380 2671
1140 1278
740 2434
1628 2015
2700 241
185 1118
2463 603
1747 992
2716 309
1857 2088
1354 1736
1640 2208
1158 743
2995 1113
2585 1465
2737 2628
1971 2100
2490 2238
2711 2652
2486 2345
622 2477
343 1416
225 2836
1150 1858
2258 2081
1737 2190
218 2059
2487 2352
625 2707
2907 2083
1555 857
15 1313
1918 2768
2647 1094
1044 2097
970 1283
2076 2318
2373 2993
2554 1359
1253 2815
395 1630
216 642
2019 376
1331 2958
2467 2110
1721 1900
399 15
326 498
2340 1391
1995 2999
951 475
1837 2314
2447 966
2863 2416
916 631
371 2188
1724 1920
478 2260
292 2818
2402 767
2374 621
877 2712
884 1583
903 8
341 94
643 1196
2759 347
2395 948
2899 1066
550 2296
1996 505
989 2558
1171 1512
393 1316
960 2757
2204 198
2661 1619
2681 1563
2196 1594
1654 2002
1088 1930
849 2810
2059 1272
2054 1344
733 1653
1051 1411
549 121
1727 2880
2793 112
1443 1606
734 1614
1656 778
1543 311
1873 40
1454 2727
655 1947
1877 178
840 2581
426 650
2049 651
1302 2558
368 1451
238 761
1204 2993
2816 667
2709 263
1122 2103
40 2845
991 730
2117 1618
1019 1476
2038 188
1920 1108
2946 832
2590 1816
2140 310
94 2640
2389 2742
2584 2457
2819 2776
207 669
2844 1075
1068 1111
1086 18
1687 233
77 1636
1412 1549
964 2787
1258 1833
1795 2463
337 481
2189 619
251 370
1005 881
2152 2275
1529 1159
2682 203
2358 2056
1191 2436
2873 2813
1974 1267
2219 1807
1368 1193
1508 1384
1558 1145
1432 850
300 1683
1195 194
809 750
43 1992
858 36
1289 917
974 1420
580 211
37 1504
2983 142
373 2129
935 909
987 792
452 1438
1854 71
537 314
1244 1258
2370 1548
2814 1851
2501 1747
995 1492
1010 2533
1537 2982
1667 2321
492 1686
1573 2042
2022 430
1642 1376
2509 1454
2193 1808
2356 1103
803 220
294 1478
1411 1017
1200 1396
277 448
1585 2439
477 2876
2172 949
1574 1194
1986 2645
2290 2174
1456 82
1824 734
2549 612
2551 961
437 935
2872 1789
2577 929
2188 516
2311 375
2741 2875
2942 963
2632 1364
56 1173
1796 1502
1821 2763
2535 90
1766 1860
2810 250
2867 1726
1430 1287
2393 1531
2671 2649
1011 1460
2475 2859
520 1067
131 1166
2301 2889
588 2985
148 1907
1794 371
1104 2310
1339 915
1707 924
2571 2681
1329 1526
2060 16
915 2422
1426 2489
1825 1676
2014 911
2450 1598
2096 33
1161 1904
2970 1597
506 2160
1069 482
2161 1763
2404 2613
1413 2273
1779 2095
2762 2778
2556 521
1168 2171
2992 2948
576 2601
2047 2730
2888 684
1079 1709
2335 972
48 1213
2715 645
1981 2417
2256 323
382 2221
720 1876
1785 2716
1652 2531
96 1378
2241 714
2800 2485
291 1084
414 1769
2842 452
1507 2061
850 2868
2870 515
1492 1776
654 1137
209 368
1715 2024
297 1040
1793 2792
139 454
2656 1566
1534 1723
1928 1966
906 226
1872 2493
2344 2262
467 541
646 392
495 2822
222 2760
2128 1661
2012 213
456 2312
705 2964
814 52
1257 638
1310 890
204 2452
457 674
2638 149
967 2719
2750 766
1503 2043
1251 150
2920 2930
293 383
1826 1425
2860 2350
223 2874
338 1122
2363 2672
2382 823
1846 550
1564 1897
2339 2209
1598 723
717 2971
1581 1448
2937 2698
2296 2
792 2124
1515 1764
2546 385
2926 689
2752 130
716 2156
2279 2172
2850 80
799 1105
2637 678
1417 1712
978 2680
551 1739
2211 2006
2563 1130
1278 2195
965 1342
285 1705
2904 1944
2360 923
1800 1634
890 2591
2213 534
1054 598
190 934
2980 2308
2308 1181
2409 845
2552 1085
2516 628
2251 1147
2435 476
567 2163
60 1407
2013 1660
286 1681
2050 613
857 1254
124 1215
1401 710
1026 1859
560 1545
2462 1236
1797 1269
1014 753
471 1921
2349 1274
1249 2528
525 1394
2963 1929
1246 2724
1908 1350
485 12
308 671
2323 2748
367 1318
1149 2355
1693 344
167 2663
1062 2302
244 1575
2906 1203
1835 2585
825 1822
1887 2346
1025 2816
1606 681
474 994
237 2247
2285 2411
617 2258
2655 462
2639 1600
2045 891
1712 1918
6 1834
1895 1008
818 1216
1978 266
1318 742
2977 131
2399 491
2648 2098
206 616
1783 1621
595 115
2723 872
2957 2717
1695 1576
470 1112
2442 2347
2761 468
236 169
2918 2204
497 1804
1467 1070
1023 2888
193 572
828 1733
1472 1339
1801 1714
830 2242
1540 1485
2446 522
2326 2864
644 1187
2553 246
211 248
125 668
780 509
1959 2582
2630 1977
335 1337
1544 2462
428 1664
1844 2071
1208 1961
400 64
2197 1270
1802 20
84 946
2862 2831
2491 337
422 1131
999 1046
2202 798
2334 2314
1647 1968
305 2101
516 1537
1206 2946
2245 2973
1919 908
2631 1522
1022 2388
1259 789
1372 2295
26 2986
778 1279
2609 2476
1504 2086
1551 2925
1074 2669
2042 251
2494 2351
2969 1616
2088 1587
2687 2455
489 2620
1679 1324
2379 2445
1992 261
2634 1333
801 1
2353 382
2299 187
1852 2177
2997 1551
1906 2033
886 1815
416 1621
111 2513
1850 441
744 838
2818 2840
2783 1926
1637 2132
1623 1079
146 417
421 2862
2868 34
1762 1865
1982 2731
1930 1581
1275 506
245 549
555 1917
2077 1877
1841 303
1055 1633
962 1550
45 1210
2665 1516
2190 1030
228 2534
2412 1571
1613 1988
298 2622
319 1974
2619 168
166 1262
2643 724
1806 590
2768 2696
310 738
2482 2327
1611 2089
464 2924
1284 307
2782 1061
14 879
704 827
187 138
263 2714
1153 2156
1135 1076
671 1273
2316 1042
2975 1078
1660 1086
2729 2589
1476 783
2691 2370
429 299
750 616
1129 530
1315 2058
1587 2192
822 2782
682 2735
2270 200
2707 2379
629 1928
307 1252
2336 2819
1903 582
2626 2231
1630 1093
17 802
2451 869
2544 293
1964 1817
137 1665
2473 2185
2971 2307
2599 1983
1592 77
1501 1098
784 587
2352 2501
447 2410
481 1913
1179 752
2928 653
1759 899
523 1406
526 61
2667 66
129 1134
3 1029
854 500
1519 304
1386 770
2990 1244
1736 2263
929 1762
2941 558
2925 2067
2892 870
1506 2311
2976 1678
1093 2863
1689 2215
2898 1521
127 81
1528 700
2764 2364
541 826
1192 2304
2483 1372
57 2606
1352 1374
231 1685
1109 2211
1377 682
1603 372
2852 717
145 2181
1102 110
968 2761
1601 2713
1527 182
592 2040
70 2233
2085 512
1279 580
178 1688
1008 559
760 1998
2035 1000
2889 2450
468 1234
782 1574
2692 1938
2210 2527
1219 1453
561 2407
1196 2334
2859 1228
2195 391
994 1716
1166 2080
1815 2655
881 152
2252 1293
2388 2146
1367 393
2288 2666
956 2570
2808 922
2145 410
2841 1806
2811 284
1429 707
1615 2555
2587 2261
2965 1468
1624 2690
2717 1477
2136 1127
200 1772
630 1724
1861 1175
2522 2184
1636 353
1045 449
1228 1284
1771 402
2784 2934
927 2332
2135 1962
1283 1363
444 1706
1282 1352
1985 102
177 1035
2580 1935
943 1559
1701 2985
918 1301
533 2112
2025 2449
2327 502
226 1669
2668 447
2304 2096
545 1082
1058 573
628 496
1896 2444
1053 1054
2137 1539
1178 2670
2579 1232
411 137
81 1981
1029 65
1576 1328
1304 1223
855 1668
2786 687
46 2783
936 1490
2180 2162
1686 45
2952 1985
363 1190
267 1408
2173 1461
1234 1881
2209 704
1285 146
23 983
2267 259
2523 537
1288 1750
844 2607
2427 805
2089 2838
2895 2367
2792 2892
2385 1439
602 2786
544 2475
2033 1625
100 1884
1394 1528
1132 2030
2515 1818
702 1383
2345 493
656 1831
772 2128
688 1106
1853 2069
507 144
1399 2195
2594 2833
1734 2888
1486 1480
997 1927
1705 555
425 399
2900 2421
1438 1866
993 2036
42 2484
1678 2289
1295 675
2893 140
2235 520
8 2684
573 1945
1929 2745
348 1036
872 1812
1565 569
1586 695
761 378
1112 362
2640 408
2257 1501
2375 2159
1933 1024
2905 1246
1901 124
639 264
737 1659
2429 978
1832 1494
1216 2499
327 244
534 787
1668 2537
1607 1063
1788 2851
284 2566
1706 2427
2432 422
793 1264
1395 981
2174 349
953 692
109 2154
311 2947
1532 589
2576 1483
1944 1178
324 719
613 2781
2866 2899
547 694
2595 1062
2801 2306
2575 1019
1744 2387
2919 2271
1714 2729
2423 1973
2694 2140
1665 1121
2469 2025
2502 2795
2623 2536
475 2250
1965 125
2272 1759
2620 686
1338 2035
2376 1259
44 163
1332 597
756 801
2221 1542
754 1887
2644 2811
2001 223
2989 507
2732 2474
340 473
1822 2356
1041 1099
2835 990
2147 1437
1580 93
2837 327
691 2119
1847 1711
381 781
1594 1245
2031 2927
302 941
1838 602
483 1365
581 2451
1316 2394
1479 2910
1871 2858
1235 1970
649 1719
179 1626
2586 778
2303 13
2924 1475
205 2723
2377 1165
2972 1500
151 2624
939 2285
141 1384
2902 1657
1968 2007
2719 2682
1240 926
73 1692
1169 1751
738 1852
1677 557
2562 341
861 2325
1232 1023
2081 330
706 2953
1858 2386
2058 2144
120 182
845 1398
2092 1231
157 2882
2280 1641
1777 1770
1733 970
501 7
1056 568
853 562
2915 1277
767 1020
1875 2403
1441 1474
1396 1458
554 249
2125 810
2753 127
1999 2630
2839 1200
103 2423
1247 2980
875 2599
2347 2497
500 2583
164 2376
894 2744
2233 727
261 214
921 1744
959 254
1671 1321
2627 571
2217 355
2237 1980
158 1249
783 2743
321 95
1060 1856
2832 2145
2499 1225
2777 1590
1002 1298
50 804
653 1429
1160 900
3000 1741
1517 1446
345 450
91 584
1287 2643
314 92
2604 58
1466 1015
2714 1956
1473 1008
540 2718
2505 2478
59 2055
1305 2713
2947 3000
2401 777
1792 2057
369 2383
2826 418
2537 1414
1237 2430
2102 1647
1809 219
1868 2677
1947 551
80 1837
2934 2073
1672 2893
1997 411
2558 2507
2239 1354
87 1051
2319 1824
1363 2550
2438 2562
833 705
162 2642
332 2933
2704 997
590 2245
1523 2579
2882 1292
542 969
1662 1381
2856 655
1988 2726
174 676
199 1218
892 504
757 1991
2215 979
107 2911
980 2687
2674 2552
2247 2491
1927 536
1292 1473
1502 2584
723 977
18 1608
387 2453
2838 51
2170 2901
1614 312
1495 1412
1987 905
419 196
2470 1027
1897 2902
214 2063
2749 715
1067 1704
2381 265
2683 860
2659 2265
1414 2931
1092 1684
522 852
1917 2725
1741 2738
1538 2264
248 318
1682 849
1197 258
2443 1922
666 1602
101 2834
2657 716
2332 2412
2775 1953
186 1808
800 1546
1882 2658
703 1083
2689 2380
1748 2664
2067 1758
1723 1045
1406 366
659 1380
2622 2092
2597 561
289 29
2124 525
2615 2214
2283 2342
2372 718
652 145
203 1768
258 1572
2804 511
388 1560
346 1878
2306 2765
254 286
2680 2288
2398 1649
1536 2829
1742 2186
2601 199
394 1393
259 1987
841 830
353 426
189 271
413 23
1133 2385
529 784
708 2495
197 480
1909 1839
2909 2918
579 2823
1309 2702
2225 1058
1866 2153
1106 1320
1498 2252
2342 290
2187 1013
788 2032
2953 331
2988 1314
2743 75
1157 103
1962 1534
1281 958
1690 1870
2653 2156
1286 2739
1827 159
2908 1505
38 1530
434 2996
2921 2277
1291 733
272 1544
1650 2225
2596 2212
718 776
269 2164
458 2639
266 2966
1890 431
1547 2234
397 2609
2142 158
2914 2229
320 390
2312 1826
616 2619
667 1161
846 1605
1410 877
511 2141
513 649
1680 1073
2948 123
2123 483
2359 2390
661 1524
418 1565
2206 1829
2265 1039
2481 1672
2567 1059
64 560
1126 2905
1327 2951
2646 440
1046 1607
1064 1984
102 711
2317 2894
2465 2879
2875 1041
1032 2873
2097 1353
816 1195
2746 2488
417 1793
880 1716
1859 2939
2002 319
2070 2925
1306 1387
2538 1097
1272 1120
2592 1495
1493 1294
2618 17
1374 2998
2541 2987
420 1434
1138 2292
2287 1260
864 1656
383 139
933 973
591 280
440 414
1813 1369
2829 2138
1945 1889
2248 1937
1428 1615
210 1005
2664 662
873 1720
824 1715
1851 2921
1932 1251
2322 1340
2274 2315
1958 2965
1375 2054
76 1950
1296 317
2950 1906
2449 2715
1130 1222
1600 463
1143 222
2722 1994
1629 2505
558 858
1612 1754
442 2737
1914 596
2809 2510
2168 2220
1625 2539
2607 878
2185 1360
923 2191
1152 469
279 2981
1739 2634
2408 2509
1638 1357
2713 825
1116 607
2745 2853
2262 1767
301 1814
670 1362
7 2553
1211 43
2498 2525
1115 1110
1446 184
2163 1366
777 2769
2489 1392
961 1707
2790 634
443 418
791 239
227 1268
1542 1775
1889 2995
1942 1182
820 693
1830 1209
632 2029
1084 757
2503 209
1819 1123
2405 177
986 1882
2431 928
1545 1285
376 32
2295 2133
2422 1330
621 186
1097 1441
1276 1685
2865 232
1720 173
1325 460
459 161
885 1276
1071 2594
2960 2369
1012 192
1142 46
182 620
664 2113
