3000
390 1103
2140 2612
1210 2611
1776 1666
1514 168
1085 2823
54 2012
2667 1356
473 995
1858 2378
323 2639
260 348
766 2666
978 2298
2498 2465
2053 183
696 2451
149 2492
74 2941
2836 647
2801 1372
1388 2326
1803 1579
2046 1930
1569 327
1127 1928
1559 2138
922 2258
1390 2575
2291 2964
79 1942
1795 406
255 953
1238 1736
2214 1303
665 690
2957 2424
2585 361
1421 738
192 1839
2430 1300
1909 462
1654 1623
2005 2528
326 2394
226 1637
1942 1767
2602 560
2230 1918
115 677
1214 310
798 1384
805 668
1950 2224
2196 1798
2406 2384
905 1682
2684 1414
1596 1835
2108 173
432 836
2688 2581
2126 1528
2934 2241
2805 2784
857 585
2509 2626
27 1331
571 767
2840 2351
850 1133
1024 57
933 2512
1668 1610
2027 691
415 2570
1859 889
2516 1424
389 609
159 2204
656 1248
1208 2484
2873 363
100 206
188 2402
942 852
129 164
750 412
2022 1006
688 812
2064 779
913 179
1201 1130
548 494
134 613
2048 1656
2571 2897
993 259
2113 1322
181 824
2234 1103
2622 2809
1346 338
866 243
2280 1597
1047 455
2742 1300
1488 2099
286 2909
2360 2942
673 2517
1434 1638
141 623
1121 2627
1493 2434
2652 1359
2529 1661
1830 549
2089 2316
1831 1677
1484 42
1730 1405
1908 1525
2861 1797
2047 944
2363 1224
17 1324
2982 1022
2136 709
659 1442
789 1316
1311 446
1631 1940
261 2734
674 389
852 2922
862 2534
2420 1998
2626 2340
1729 2348
1639 2133
535 2027
1706 2034
301 2125
2484 2619
483 608
1420 1144
2833 705
2926 1015
50 1900
1032 581
1344 2127
1906 906
982 1203
1604 880
1715 347
740 523
2373 2994
589 2060
2911 1845
1426 2665
1004 2679
1160 2369
1821 1158
1566 16
1327 2521
936 2507
1052 2028
1069 2704
1925 1971
2933 2137
2182 2715
1716 2373
695 1990
1130 2088
2107 1511
2169 1291
2450 2018
950 2720
910 2452
2171 2649
2098 1769
170 497
1109 2971
1205 1657
1478 123
1382 1959
2545 1901
1050 1879
2935 2392
1031 597
169 2745
2466 2009
1221 1927
1122 2022
943 669
466 723
2266 563
635 1435
2537 1024
702 698
1671 1552
1334 751
273 831
792 1242
2222 1594
2713 2188
2539 2075
2548 680
2579 561
1926 1923
1174 788
2526 2389
2514 2775
1726 1273
354 2580
881 2728
512 1749
1095 1185
2325 1937
444 2915
1341 2633
1331 1836
2166 322
2351 1962
2660 1040
991 1703
2532 1985
1489 1371
1246 2062
460 307
241 1982
200 1665
1992 2405
2804 2760
407 2332
1051 1373
2700 2503
2581 1994
288 2493
1076 2310
2988 670
2361 2153
2345 366
2120 2930
984 2648
2722 1567
560 2319
1571 2576
1626 1351
1183 1323
2229 808
1148 2111
321 1220
1774 737
365 1539
418 2558
662 919
1966 1407
1163 1025
467 160
1079 2829
205 896
825 1337
2693 1240
2517 26
2470 2807
2870 1326
2639 2519
2404 1145
692 1288
1339 663
1306 422
1165 880
979 1161
2049 745
2006 1540
2884 1976
1386 2934
631 680
709 2220
2886 1768
99 1155
2860 1274
2822 2723
1917 266
431 633
1418 1237
973 139
2726 1916
2696 1785
1197 1570
1829 2016
42 1748
1144 2861
2375 2561
2699 2388
625 1292
1888 354
1253 1834
1754 2296
392 2535
2313 328
949 1170
729 799
2279 1345
2125 1583
1398 974
90 2908
92 1630
638 313
651 2829
990 2533
372 2955
1799 314
1607 2366
2327 781
827 2769
2269 687
1968 1159
266 782
1365 2606
442 2066
1887 694
1303 1592
2913 1873
556 1387
1802 2532
2824 2083
1969 2183
1111 1389
396 2594
657 2107
25 853
2782 2210
1854 1935
2206 2956
2704 229
558 1807
2941 1648
1413 391
2600 1287
2708 1354
1021 194
1681 208
2358 2181
2328 1508
2273 1558
2871 587
2741 1562
2315 2087
1856 883
253 2391
2928 1195
2090 2287
785 1
690 1871
2534 2225
723 942
840 1094
2633 1809
228 196
2122 2003
2376 731
1245 504
1619 1906
2209 1531
1299 519
220 1794
250 385
649 174
1065 53
106 866
596 294
2541 2699
505 379
2303 1761
58 1641
125 2467
1453 674
1705 458
2334 536
2661 2429
2185 408
2642 2856
2597 1429
743 8
1594 2529
987 2454
2020 818
231 697
1458 305
1991 428
1439 86
2991 1333
1812 954
2197 521
2779 155
708 2746
1839 1190
799 2848
144 2076
1879 2779
2754 828
2724 1734
1505 1618
1573 1350
2826 2356
2915 2817
1933 512
824 920
2739 2004
2250 1745
1597 255
2179 1514
315 1166
1096 1003
874 1946
1206 1593
790 1486
2220 135
2691 682
1269 318
148 1601
278 1786
2874 2702
1468 1710
1312 401
51 2834
2449 2590
111 457
2438 1534
2888 627
2372 2855
538 2195
117 2157
2295 1895
1724 2705
2856 577
1892 557
421 2916
1703 2301
2041 2085
459 24
576 1188
2051 1668
2019 742
1345 156
2178 1014
2665 2070
628 2355
2354 213
215 1379
2820 2192
113 2110
937 566
844 1083
1816 2447
1066 1656
1046 2509
1176 311
2224 898
487 2643
2137 2213
541 2124
218 522
1001 1391
1811 2952
2205 2913
2324 2832
91 1135
370 1561
1452 1720
2551 879
1663 1209
701 1479
762 187
23 225
615 1573
391 2646
728 1395
2411 2960
207 689
1172 150
926 2780
1762 584
1207 1739
395 1613
1695 909
1393 313
1353 296
821 2752
1542 867
2636 2401
2908 362
430 2948
162 2608
2606 2433
1515 409
283 369
2333 1234
1846 982
2734 2553
2588 748
6 235
2415 615
2013 2000
2254 2235
16 791
555 475
2078 1915
1078 2256
1755 116
1474 1371
445 681
2364 2706
1965 841
2349 1700
1820 2272
1661 2564
310 661
1063 2559
1652 1069
2165 2796
1590 2718
1477 1957
1651 2729
1167 349
1886 1305
1244 250
2869 98
1077 2311
2024 104
190 2569
2917 935
2460 1401
1445 1577
591 556
2627 1307
2378 555
457 1485
1518 465
1118 1811
1407 1824
536 2562
1945 2036
634 2495
2630 646
1804 1381
2528 589
2110 776
1243 1585
57 1908
2482 276
843 483
2181 579
815 2273
1019 1179
1248 214
1842 1784
1293 1180
1889 1447
1582 1182
2432 2738
2595 2707
1836 604
203 1228
580 1795
1082 2172
1790 2459
2105 2147
577 2793
2151 2744
575 1490
2711 700
440 842
2455 374
503 384
1178 630
1358 1423
1301 1055
935 2054
2671 624
2063 492
2245 1332
639 1336
531 2244
2 405
1175 850
249 1866
2670 759
687 1590
542 205
1576 419
2235 2945
308 298
1444 431
2014 2279
1785 2545
1037 1927
2701 645
2494 2362
143 284
1685 2802
2457 999
1599 2071
705 2239
954 2614
1549 1304
462 1405
667 1993
2598 2375
114 2191
2223 473
1012 1
2542 1343
2059 2688
423 1812
2289 2377
2437 2044
1840 2515
2262 149
879 2403
878 1849
2114 1968
2764 559
2439 743
183 847
527 2822
1008 656
654 2214
2956 471
1356 2818
2369 37
256 1707
533 1233
2414 507
1038 675
124 281
2656 1559
1935 2799
2135 2592
2353 2468
2839 1872
1911 580
1915 695
2469 2632
1027 2914
281 368
1777 2820
745 1068
1783 9
1064 1276
1863 2045
2145 2978
2282 2102
955 1177
304 1137
2850 634
1187 506
2653 888
343 484
724 526
1592 573
735 2878
2003 2164
557 2710
2284 1510
1784 1774
1798 288
1873 1285
2774 1067
552 1295
2527 1987
1338 967
1982 892
2744 2363
1328 1586
2712 1727
1977 2146
1895 2431
3 188
1557 151
325 1914
1677 1589
1060 2599
1254 988
158 2932
425 1787
2483 1108
82 1683
238 323
2577 1792
2950 2757
1520 2518
229 1629
819 2250
1043 724
810 2180
465 1122
880 1860
769 1410
886 2659
2385 2969
2032 887
81 786
2270 2485
945 1671
2192 1050
177 1819
66 1974
2244 73
2033 1913
2067 1566
2968 2806
768 1140
2424 1266
2261 1123
1073 924
679 2675
345 2684
338 178
1930 1605
1173 2981
1957 664
2706 1607
2255 1933
2557 673
1241 1223
2141 2266
999 2152
2604 2537
1139 1576
1389 247
236 2304
2949 336
731 2396
802 685
783 1283
1483 2158
2309 491
860 2448
2408 1752
2287 211
593 2628
985 2636
1770 1885
1340 957
480 2926
1602 1063
885 55
780 44
1195 1588
1900 1924
681 2179
475 2542
1419 1781
732 258
1014 1110
1944 2186
2106 833
1319 1635
1498 1870
102 2953
1211 2223
563 2254
2132 312
1544 1335
2810 1156
476 1121
568 1669
2115 2900
336 2476
1410 290
2521 1200
2329 2594
2864 175
523 1491
778 902
2037 1941
2045 2609
1753 2444
967 117
693 670
154 2896
1011 1086
2021 1543
2592 1876
1551 1902
2227 2598
1099 201
686 1257
1650 1527
2806 540
257 886
2086 1065
831 701
1171 1813
2703 885
2946 2693
12 1473
1747 1705
474 112
2471 1769
2272 2216
611 2132
981 2277
2778 2712
2965 1357
889 114
2281 1973
898 525
2425 1265
52 643
719 1898
1457 1500
135 2442
1743 1021
2687 2350
2984 1578
2383 1127
2702 863
1779 1894
2625 2155
1414 2335
1683 2607
93 2145
280 14
2995 2455
427 620
1865 797
1636 1693
2445 696
579 2086
803 2938
86 1655
1057 1774
1658 2800
1455 2550
276 486
902 1639
2433 417
1075 2951
1919 1101
320 84
127 1988
1902 2687
2060 496
2556 2862
1034 2755
2278 1788
2407 1403
1333 1477
1153 2365
992 129
2502 2323
2490 2031
773 1446
1366 2464
2994 760
1406 482
2306 2333
41 1361
588 1880
1687 2664
1289 1341
1296 2731
1471 632
1824 22
757 1073
67 2393
813 1403
1532 528
2790 286
2211 118
2298 1151
1507 1217
1734 1766
2477 382
175 2446
1855 1979
2943 1502
1347 1564
1359 2103
707 1523
2978 2813
1988 1779
110 2588
730 2673
515 192
211 1244
1086 1899
331 832
641 1341
2336 859
1772 2944
217 1152
453 2135
1698 2889
1867 651
846 444
2680 720
119 466
1449 2432
672 1348
2043 2739
520 741
2034 1934
907 1457
1952 48
1813 2602
804 2248
1814 1922
1443 2501
1325 1822
652 2010
1164 803
2139 1616
2440 332
2332 981
289 1691
980 1436
290 1926
1240 1771
108 1765
1261 1393
2903 2105
1101 2043
388 2523
1773 1628
1131 472
2267 1173
2876 2788
2979 1480
1522 2591
1562 185
1841 54
892 1490
489 2297
2213 1160
2441 2336
1644 398
1132 1823
2789 703
1767 900
1541 200
1018 1309
2228 2478
2825 303
1742 1308
969 184
1479 809
2987 1214
931 2862
1005 2797
1357 2219
1815 435
330 1448
2442 2530
2082 2662
2274 1226
2559 652
364 2967
2916 1714
2872 2846
2624 1733
1232 2078
2877 1884
408 2343
2828 2260
550 2264
2448 2291
243 2837
2773 787
270 1891
1080 2234
1736 2039
1285 2526
2682 1622
1192 1712
1543 1972
1298 567
2920 2148
923 2159
1157 1049
2381 2414
1137 1081
2074 430
1231 1471
1572 950
1322 1791
2574 1360
2883 2600
1447 989
791 2843
2202 721
2203 186
2456 110
1891 766
1978 166
2131 708
2474 2376
1059 2508
1485 2618
845 1905
1242 1909
1220 450
1213 665
2838 2546
669 2833
1256 1248
2422 1187
2044 2875
2389 1080
2827 1225
1399 2390
2391 717
123 2617
1674 2904
2530 795
1717 2302
2990 2453
1184 2339
1920 543
488 2293
379 756
713 10
901 464
233 2990
2065 817
171 2017
920 1216
494 1741
1621 816
279 583
2277 177
2544 215
267 2791
2452 2410
358 1139
1486 1889
402 1118
2996 2877
1641 358
1138 1799
2614 1549
1565 1782
504 452
1643 2303
858 1681
83 2240
2895 1677
221 1664
138 1837
2025 1074
1579 107
2054 2413
1257 640
2830 397
2410 2038
2818 2194
1960 2697
2012 785
918 1306
352 1800
578 1634
367 133
133 295
1314 1399
2632 58
1560 1804
1894 1493
2799 1554
166 254
1222 180
2583 2781
986 1849
399 28
458 2067
194 2906
2412 2097
1563 2838
572 2226
1084 2890
2835 1645
1662 1987
796 1961
739 585
1380 1383
2681 1453
1696 1201
342 2118
776 826
1645 2061
1761 1995
2974 550
1564 1413
830 1330
2641 1277
1710 603
1864 1005
1462 2076
1876 154
2953 269
2246 1428
199 297
2292 758
715 1495
2505 876
1611 1043
94 2480
274 147
925 2763
1633 584
2399 2764
951 2759
2747 2147
2770 1402
549 2767
2480 2613
1617 498
1845 2093
1880 1654
1921 1306
526 2408
2620 650
1943 2923
1552 1647
373 2668
1805 1111
1868 257
2617 2582
2879 360
2692 1643
369 392
2637 610
2796 1615
38 2727
1561 2566
2418 1172
1141 1184
2233 1815
446 2852
601 1384
1227 2750
1897 477
45 2261
2259 2305
2240 1449
2084 2887
1497 2416
1712 2176
755 2122
101 621
2501 1973
1587 1614
962 1075
65 2312
1142 1268
1883 2047
1430 2491
2638 2557
1974 1730
870 2850
1808 2714
1313 855
356 1505
56 2282
2276 1000
2056 548
895 1162
1999 2502
1771 136
609 1818
518 2360
618 917
1567 2205
1482 1328
40 2826
314 1947
1093 2222
2930 2382
60 1314
820 949
2384 83
424 2641
1874 1713
340 1267
2038 2632
1235 1606
193 929
1506 2995
516 1284
553 2629
2771 707
1983 479
332 864
2851 2349
2936 807
2081 2919
1946 1293
359 1789
416 142
2321 2858
2601 757
334 126
2323 334
382 1903
394 1595
1588 1236
349 2655
1191 1829
2735 2386
2198 102
1056 2196
2204 1740
1336 1838
2955 38
400 1039
2330 2798
718 2880
822 1317
490 2042
2346 2564
2339 1492
1987 715
259 2528
295 232
30 1608
2549 2371
2518 1856
443 323
2191 2139
1904 2782
2759 1943
2750 1544
842 2726
2733 2865
1574 885
2377 1060
584 1507
2562 514
561 1960
585 1975
371 2637
2811 324
2180 1438
1527 1977
530 2270
2152 2032
72 1958
1202 330
1264 2304
2678 226
678 23
1694 2470
2486 2912
647 2441
1956 2719
2371 2689
2587 617
1670 1451
208 2869
1315 530
461 407
2468 300
2897 2762
300 992
1433 182
800 1376
1665 516
2463 425
2615 137
2117 2450
1129 2552
1764 1082
2666 285
721 2840
741 272
1029 92
2646 501
1722 306
2819 2943
136 1099
2985 1430
2921 947
752 1756
921 1938
642 2565
2308 45
1318 1035
1107 1717
1697 2120
202 1524
2882 2722
500 213
680 65
794 2299
398 2168
1292 2547
1440 1106
2981 2749
1294 246
539 1036
2238 565
2201 730
1878 36
2237 773
414 565
1936 654
671 704
836 2811
406 649
2998 355
2510 2634
173 2315
411 2940
1143 794
2966 2753
1054 719
1379 2427
2912 2949
1711 2966
1463 11
1300 1272
1553 820
808 2345
70 2456
2050 6
1473 2765
95 2674
2948 2463
2756 393
2698 1001
2721 4
2536 365
2070 2253
872 1412
384 1132
21 2605
498 2882
2673 2596
888 2587
1030 1470
2621 242
884 1921
1963 1445
2634 2737
507 2325
78 438
964 167
2554 2065
2374 2342
1630 1952
2973 2810
1161 268
2007 728
1022 829
835 434
2967 1776
1259 125
1371 1750
2496 1738
2101 1261
976 146
777 1553
2664 400
897 1631
2128 1852
2217 2167
2607 321
1546 2364
2164 843
2889 2573
770 433
2170 461
2312 221
1496 82
694 1460
606 2407
1074 1759
2631 1404
1768 1191
1955 5
1168 1363
570 945
977 1134
1117 480
1374 1455
429 1297
699 2721
2016 2716
2857 17
1218 2449
1286 1056
924 2883
361 2218
1436 2709
435 1563
1788 2991
1268 1020
46 1484
2515 2571
405 933
1092 1869
1465 2422
225 370
2134 2725
717 1808
1152 1983
1309 1541
758 2982
2133 1825
720 1271
1578 77
1914 2974
1807 2489
2285 1635
2085 108
97 2989
455 2162
1061 1344
2831 1851
733 865
1825 328
726 955
1058 1193
1302 1100
1907 2295
1519 442
1517 176
1270 1695
834 607
2720 1012
1971 1711
725 2314
2252 2597
1088 2972
210 2202
1354 115
2052 1646
44 1129
13 2511
1603 1532
2097 394
871 1212
963 642
2963 162
2958 2091
2931 966
534 2313
2859 2516
464 1842
506 1023
1598 1199
582 1275
2829 1076
2523 1432
436 1518
2092 2130
268 2574
510 1004
439 2221
1136 2436
150 1687
2881 1816
2837 1422
2784 1175
1580 2025
1837 2805
1249 1632
1967 1575
994 2104
2710 95
2919 2928
2616 605
2405 1051
2023 710
1721 2902
2472 941
1098 454
2347 384
118 263
559 2317
643 1320
2172 2584
1200 63
1979 548
2918 447
2582 2068
854 279
2531 1911
714 2655
608 814
1835 2150
521 2227
271 2247
2348 527
849 684
2221 1550
441 1536
2718 601
1577 570
1679 1875
2566 469
2715 319
1844 1515
2866 2372
2553 2456
1124 1106
1053 1126
2849 90
1396 2907
77 20
1862 2129
677 460
833 1499
1614 635
1937 1390
284 595
1585 2289
1744 2089
452 890
1156 2849
867 1090
165 170
2576 337
2644 292
2062 1264
1531 493
2112 2651
105 1602
1204 376
1135 2154
2792 2671
1676 796
2320 2033
1090 2337
736 388
1500 251
2788 1358
1335 2428
2675 1790
748 1409
2865 2672
412 2057
595 2650
2890 966
1376 1997
1369 1219
2695 2420
727 2081
2645 2944
2421 2770
658 1827
2096 2510
2248 1855
711 2030
2286 547
212 1167
454 2330
1108 1301
1044 2182
2388 2997
1796 1270
927 1120
564 1678
157 236
545 47
759 2245
1456 1986
1115 1675
1212 1105
861 851
1234 1864
1719 356
195 2358
2002 1197
1666 29
2511 2847
2942 2816
1948 2166
2649 1950
2689 2331
1466 1556
2073 735
2846 1153
1708 1640
1885 2667
306 1773
477 56
1996 1396
1749 2271
1997 643
1391 2520
1757 418
1290 806
2186 1580
2898 492
1637 2622
2040 34
2293 913
2780 1038
1537 2329
2927 1394
2382 2320
1789 2595
413 231
1673 2092
2519 574
944 904
2288 2128
2485 1706
1126 588
2239 2251
2435 2514
448 2420
98 2212
2017 1520
130 1887
567 2344
2123 2189
214 153
2076 2255
2561 2917
2924 1758
2189 594
1635 30
2848 387
24 746
1871 2466
2658 1092
297 928
2138 191
1684 2184
2413 1085
1378 1948
899 2541
2535 706
2489 1196
1320 2123
1016 1805
2762 562
2257 2341
2538 48
929 519
2104 99
1692 1969
1223 1061
698 1070
191 644
2331 467
1395 1204
670 1117
121 340
839 293
1404 801
2922 1469
1352 770
2216 1252
2564 1949
1797 2624
1953 402
329 777
2355 2284
1045 2970
1273 344
2199 1483
1610 140
1818 546
1540 67
1487 1751
2444 202
2419 2096
1810 2259
2648 2642
2902 2819
1787 2288
2116 2927
1801 568
437 839
2760 227
1632 1355
747 948
2657 800
269 1463
2068 2257
2972 811
1476 2977
307 1222
1097 1582
2674 2968
2765 2029
1186 2898
644 2939
1055 75
1682 1651
1189 662
61 287
1166 2697
2584 21
869 962
2757 1258
1733 1891
2679 1719
1015 683
450 1093
2776 765
554 2951
706 910
2499 1742
1938 1498
2945 2397
551 2694
2573 868
2672 1096
761 1362
1262 2522
947 1725
2999 1459
2338 1418
1975 752
1618 2293
1422 894
49 2439
1924 1452
1629 965
2066 648
152 1619
684 2792
737 1147
2751 18
1986 2825
2144 367
76 667
2613 2911
2462 2334
1760 2197
2367 100
1441 552
420 2741
32 1098
1646 2733
1383 1858
8 844
1288 2230
2730 733
2905 1444
782 223
242 136
1276 343
486 834
1568 2950
1869 977
2558 282
126 152
524 1458
598 789
2311 1848
1656 2790
2357 50
1372 2500
1385 2242
1554 1318
2242 1723
1995 2209
1806 750
374 301
855 1254
1260 1546
1657 253
2969 971
2785 2205
353 2497
594 1796
1964 1019
1981 2498
809 2748
1595 2462
2396 2064
1501 861
2669 767
2340 72
1951 596
983 2324
966 2126
1224 453
1509 780
2800 1095
2971 2177
88 2426
1450 2443
1495 2996
1849 2170
2253 381
2992 838
1048 908
2427 1722
2809 277
2176 1114
2290 2691
2654 177
2352 2669
140 2267
2852 1625
1701 1163
89 893
2236 1128
1459 1113
1267 2322
2798 946
344 625
1589 165
2461 2395
1700 1617
1843 2663
2157 976
2832 85
2853 2001
2446 2011
26 991
632 364
75 1781
1343 1176
132 1232
2150 2114
1765 271
1304 1189
2368 1689
401 2681
2550 299
2268 1846
2647 2992
1431 619
469 2854
623 1374
519 2525
1606 1755
1823 1353
2190 2962
1766 734
1003 979
2937 2525
2467 873
1350 1102
2359 1757
1794 2263
2195 1329
2522 2461
1438 2321
2208 2959
1664 239
2158 819
10 2208
1120 872
1702 653
2855 341
683 2073
1196 1053
28 2237
247 1466
1538 1578
599 2683
1387 2761
142 1907
103 366
1467 2824
997 775
2473 1259
2341 1813
2398 1352
2732 470
2365 985
84 1762
438 990
797 1728
1133 2306
540 940
746 1290
1528 289
2119 702
449 2445
2623 1265
1890 1933
2524 2954
1833 1246
381 1984
1225 1116
2786 2975
1002 2035
109 2670
2823 2160
1072 460
1778 1183
1511 1551
2816 2106
841 40
1041 2678
1530 1208
2560 572
1985 2203
940 2610
1070 1033
1521 1378
2797 517
1119 1441
2813 582
62 2151
2080 1521
1337 2773
1709 2544
2794 1141
712 2700
1860 1833
514 870
562 2801
756 1850
137 1263
1655 1609
1415 1399
2127 502
1759 237
1691 912
771 123
784 1406
2177 2425
1608 487
1593 2
734 320
385 2554
1901 2136
1896 2726
2723 2656
2232 533
2761 1560
2812 1484
265 557
251 1854
774 527
1278 2187
264 333
1282 761
1792 2019
1162 936
590 2717
69 2041
1640 1775
1158 1847
2643 1874
547 1721
2993 2481
287 2286
2142 797
1216 2735
2686 569
492 2680
155 1519
1036 1321
1940 143
2962 772
959 97
39 273
206 1746
1504 215
968 1743
2567 875
660 2074
2893 2961
952 1131
186 881
894 217
433 1089
1432 447
1226 439
2061 2084
873 2095
1817 2601
934 2108
877 830
1179 1989
2400 1377
305 679
961 986
2745 2201
1928 1644
168 1778
1526 2049
244 481
795 198
1026 2677
59 2779
1932 436
2596 2585
2029 1215
1984 2014
856 1202
716 1091
2907 326
1616 939
2316 2494
2183 2418
1990 2543
865 204
2748 1729
1295 2870
348 1542
826 228
2925 147
470 2109
1367 1981
2590 1334
386 2496
974 2901
1417 2161
586 1931
2507 2786
2506 1658
569 2876
1181 848
176 1171
1068 2435
298 2630
806 564
847 2387
15 1282
620 2171
2058 778
1910 2145
946 1417
2174 1970
362 1844
1583 1991
2200 2094
2729 2082
2231 1770
948 2504
1622 1920
2159 994
493 2756
2162 1843
1490 1732
2904 2024
2018 2379
676 578
2481 2866
198 2165
434 2059
2932 489
1970 2696
1723 2993
1392 2300
2008 995
1190 2508
147 1112
1581 1376
2184 996
120 2446
2344 860
1923 46
131 2020
648 1186
1416 2474
2147 1058
1040 189
2436 2399
128 726
1321 2046
1832 1327
1198 1649
863 961
1949 2357
1408 1517
2766 1565
781 1028
1103 1436
2153 1087
2087 1249
1451 1261
2520 2583
626 2835
2628 2572
2755 1537
299 2579
2989 2112
2572 2276
1215 2893
882 451
239 537
380 2946
1155 128
2844 2119
1851 2920
2326 432
1287 854
738 2233
832 216
335 1370
2594 637
277 963
2402 444
622 802
1265 2846
1494 1718
491 2853
1918 124
2845 897
614 309
2401 692
262 1925
2659 541
2769 2176
2429 342
1826 2232
914 972
818 441
1429 618
2492 2141
1898 88
232 456
682 590
875 987
346 962
1228 105
419 93
1209 2027
2589 840
428 952
1927 1964
472 2268
655 1735
1827 565
163 2830
499 1426
2555 983
104 596
2317 1489
2057 1347
2997 1863
303 1772
2763 539
2568 2708
222 2472
697 163
1853 426
1297 1731
1250 1780
2863 1174
2149 1281
1113 2292
1769 793
1959 926
296 2338
1870 1029
754 866
1828 2367
1648 1016
2740 2308
1423 1411
1274 2262
1866 2538
2010 89
1247 2328
2342 1030
811 1032
502 430
817 2409
1199 764
2319 626
1524 331
245 2105
1281 2116
1834 2280
744 1426
1275 2777
31 2419
1023 511
764 2692
2781 1652
2146 2803
1342 531
2609 415
139 1346
1425 911
663 7
965 2169
1625 1627
891 858
1680 1333
613 1826
544 821
1976 2578
616 1992
2787 2793
55 1668
341 2143
2885 2831
337 1892
2503 1840
2226 1881
1348 190
2959 2437
1460 373
2569 1468
1428 2134
2892 236
497 371
2986 1888
1370 907
1042 1349
2694 1164
1623 1148
1323 2374
312 278
2728 534
1454 2188
2683 727
263 2023
4 2400
1558 1506
1693 1820
2030 891
456 2190
291 936
495 522
2495 245
2685 12
1100 468
258 171
174 2884
2858 1456
722 1154
565 1831
511 1709
1539 923
112 1010
1049 740
2901 19
691 905
2909 2499
617 1398
151 1526
1872 678
317 1026
2662 1642
196 478
2042 1260
2366 538
2079 1178
1809 1018
2426 1319
1536 1760
2619 558
2409 1157
2655 2206
2899 2891
645 2121
1513 2285
2605 2593
975 65
2651 2505
864 377
2802 672
814 429
587 476
2808 2899
1324 592
383 2173
904 76
1405 1698
1481 2053
285 2536
1793 1538
29 308
2772 727
1545 2551
646 353
107 1280
2207 2269
767 2482
350 2539
2795 1054
1903 602
481 699
1756 1027
2707 2874
1251 856
2738 1150
2241 1322
930 1679
2263 1692
1277 1867
602 1753
2887 984
1763 2007
2775 2072
517 1002
807 639
318 1487
1177 2353
793 1663
2746 2935
230 484
378 248
1570 576
2390 1673
605 1229
816 383
1980 1298
2964 656
1307 193
633 969
2416 260
2842 2115
403 258
3000 964
2777 1496
2271 2473
2714 529
2749 233
1731 222
2547 2877
2459 2352
1237 930
603 903
1188 203
1255 2789
1905 753
1112 96
2431 1245
592 1255
2676 1967
2983 1279
787 2827
2821 2758
1989 810
1381 1568
2175 2052
48 1699
1110 1814
685 1400
637 264
1151 207
996 1296
1550 1066
248 275
1675 304
1667 2695
1409 355
2923 134
1424 2653
1283 445
272 2924
928 1042
2767 1853
1612 2081
1707 2894
47 532
1534 2021
2296 877
34 1763
1185 315
227 2857
22 244
2591 1587
485 932
1529 2435
2803 2278
2807 2236
2256 611
1591 1584
1947 1088
1089 2774
302 2368
1659 1836
2570 1621
1349 1385
478 524
1305 2652
2071 2808
2938 1684
779 1408
2194 1793
180 220
1973 2549
2168 1425
1330 1367
763 1963
1751 335
627 1421
2717 372
1448 520
447 2411
2478 195
876 825
887 1253
2039 2971
2077 1109
1140 2980
2475 2307
2875 1213
906 2979
1555 1369
501 2860
463 141
1884 716
896 1431
525 2290
1169 591
621 2873
2093 101
612 1278
366 1375
2476 1755
1009 1527
2497 1338
2586 1239
1317 62
1025 1427
2129 1486
1017 1365
2395 3
513 2531
219 658
2095 1221
1384 2591
2650 1929
859 2274
1620 915
941 1696
351 2210
1316 2958
18 1821
2310 2732
2299 2985
2443 2385
2736 1725
2752 1674
2428 729
1931 2987
2193 421
2814 1046
2929 1676
484 2551
823 2758
1149 1304
422 2867
2725 1726
2103 130
1397 1302
1193 2217
2335 1650
1748 1439
1464 1017
246 413
666 1803
2580 234
252 1932
1503 1741
1437 2782
1653 2309
971 2586
2575 2568
2215 1744
293 2215
404 968
2000 1966
2975 2828
661 1388
1713 1747
235 2711
2663 711
1800 2198
893 1868
2854 1143
1628 280
2610 2355
1125 158
9 1737
213 1045
1134 586
2458 262
1720 35
328 159
1326 64
2187 2223
53 1168
829 1882
838 2933
156 1982
801 1077
2954 1420
630 1443
7 2110
1272 2156
254 2892
1361 792
772 1667
812 399
2055 1103
1961 895
1993 1830
837 455
537 2006
2102 931
1102 2754
1740 509
2546 352
2258 196
2219 1702
2640 2004
786 1704
1704 1312
2247 1557
2817 2608
71 94
1360 329
1106 1206
2028 459
890 438
2163 199
1480 411
275 2841
2900 267
2265 302
1435 148
956 2567
2862 2513
451 2079
96 2100
2960 339
409 1207
1877 1121
546 2163
1954 1764
2011 545
775 1670
2423 2192
1492 1955
2464 970
1194 2460
14 2839
2075 606
1584 1313
1329 925
146 416
2001 1572
583 1841
1758 2479
2386 1198
1412 1382
957 271
909 998
1535 2639
1912 30
2719 1777
919 869
2793 2327
355 2026
1308 1481
2212 1475
1575 2577
1020 1177
2668 79
1146 537
760 2844
2362 1622
1752 2490
1284 1802
311 1210
1741 317
1239 856
2305 1939
1145 837
393 1064
2099 849
35 1965
2434 2013
1010 2776
80 1624
2906 1048
664 762
1669 1107
1786 2768
2304 2879
938 474
2350 2676
1934 2690
376 1194
848 2999
1649 659
1087 1944
20 1886
2894 593
2283 2178
2083 2040
1006 437
145 15
1362 2002
1083 1978
179 1555
240 1031
2356 1513
2307 2193
1735 631
1634 1974
703 2483
2727 205
2758 916
2880 544
988 2540
1375 1716
2403 2661
1091 2845
1781 2404
2768 1416
2961 2886
2465 2647
197 170
989 956
2479 2359
1850 1034
2533 380
2251 2973
1750 1041
1739 2381
883 2200
1499 1364
619 1231
960 111
2370 932
482 1269
2111 13
2148 1674
2635 1571
1939 2620
2094 718
410 61
2488 2047
1502 2770
2167 1672
1660 1569
309 612
529 676
2508 240
1475 2957
998 109
172 47
2705 713
853 1052
1686 1697
2867 2929
2302 274
1081 2296
37 1165
2379 2986
1105 551
2173 871
636 1339
1899 1694
581 2361
2015 1039
1601 2766
1732 1685
1217 2069
1586 2724
417 169
2563 400
868 144
1062 2555
1688 2288
2088 1996
1446 1620
1000 1433
2009 605
1642 378
223 2477
2709 2965
2512 386
1882 1289
1791 763
1647 1062
2843 410
1033 2625
36 2406
122 2660
597 1368
1368 1294
2677 2685
316 2229
116 3000
675 1660
1233 1465
532 1780
2939 1476
2487 1883
2491 249
522 1596
1525 2471
2603 2271
1725 943
2618 2430
2878 2458
1780 1227
2380 2013
397 2836
2035 2140
629 686
574 1007
347 69
765 749
2454 2701
2952 68
1182 1397
2155 783
1007 1548
508 2882
1941 1516
1039 599
1252 420
161 1315
1690 2976
2891 2273
1638 2475
2753 960
471 43
2121 1509
917 1125
1822 1434
43 1530
912 1936
2297 1380
375 476
2130 145
377 404
2154 2231
2976 1857
339 2871
1516 1828
689 210
2294 857
2031 503
319 2868
1279 2814
2504 256
1738 993
2322 2804
1104 350
2791 2638
201 1591
1913 1533
2896 1783
1094 657
1875 2487
2834 1104
751 515
1689 2294
1271 181
322 768
2156 1013
908 784
668 1686
1627 131
224 997
2453 882
1461 2423
1230 51
566 1464
2611 2910
468 2211
2910 1999
68 1954
160 463
2397 1715
292 403
2343 614
333 822
2118 862
700 449
1373 2604
64 2794
2731 1980
2743 1907
1116 2050
1782 440
1258 1482
2249 1709
1400 121
1180 359
851 2218
1402 1218
1310 1974
182 600
5 1205
2525 2945
87 598
1154 2415
2513 1325
1600 49
1718 2905
1403 1011
2552 2842
1678 937
2593 1262
2737 283
2980 629
2540 1573
624 2644
2275 974
1394 747
1857 636
1548 1675
1332 424
33 361
1861 832
294 490
1838 1708
1746 2698
2026 2354
607 1532
1363 2736
2210 132
153 778
2337 2740
528 1598
828 1897
2394 1817
357 2457
1737 1181
2160 1547
1472 476
788 807
2314 2778
1848 616
710 1241
496 901
1508 2252
1819 1392
1929 2037
2612 1004
1442 518
2417 2524
2069 423
932 1636
1266 41
1510 1582
1881 1230
2914 1311
216 2438
1071 622
1852 666
1962 1917
1609 127
185 853
2100 1078
2091 1690
2004 769
1613 2615
2109 712
2451 2149
2036 2407
167 1806
1013 2635
1605 1071
1893 921
1699 1084
1219 874
916 71
2318 2574
2690 1600
1533 2506
2608 959
282 1454
2543 505
509 2174
1512 835
2697 2859
324 927
915 2398
2243 2486
1067 2703
2599 934
650 427
313 914
204 1878
1128 938
2944 357
327 2283
1028 261
995 2144
2225 1366
1714 2090
184 1859
1523 513
911 827
972 1914
11 1599
543 951
1745 1342
1114 60
1203 671
1972 2199
63 655
2565 119
2392 1862
1401 922
2387 722
1291 725
1916 2885
1229 2207
1236 1478
2260 736
2783 2516
1351 1953
1998 2560
604 805
237 2658
900 2881
1147 252
2393 31
2629 80
1377 2370
2300 1865
1547 218
85 845
2578 884
749 138
1280 2963
1364 1044
234 91
1170 87
1672 1945
2500 1501
2143 2527
958 789
1624 2888
187 81
189 139
1727 2175
1263 74
1728 1461
387 1440
610 1701
903 345
1922 161
368 1653
178 2417
1469 1626
742 1386
1556 1488
573 18
1470 443
600 122
164 2131
2977 219
2940 1286
360 106
2218 1810
2301 1243
1775 1659
1355 2730
209 1327
2161 39
2188 688
363 1142
2447 2851
1159 1893
640 1724
704 1801
2841 997
1035 2657
2264 2758
1123 1494
1847 2080
1994 1904
1411 2185
753 2412
426 899
1150 1956
73 1497
1958 316
1427 2243
2124 2863
970 1119
1491 1613
2868 755
479 2589
1615 2265
2815 77
953 1238
2947 1919
2951 1467
2847 2771
653 2246
939 2795
19 2631
2970 2686
2716 1136
2072 1169
2493 2864
