3000
1030 1244
1102 1757
2129 2830
2304 318
1936 2123
1884 2912
979 2990
2453 2344
1584 2895
571 1116
1326 2295
461 1177
2571 2336
2118 639
1236 624
881 1878
2101 1379
668 1240
1500 2875
389 2705
453 135
2065 204
714 381
2866 286
2294 2440
2859 2573
436 972
5 1882
33 522
188 1212
1001 1874
1494 1962
2684 1408
1038 896
925 2305
800 2657
1864 2706
1098 615
318 2969
460 2271
1176 1449
2445 326
721 595
684 1299
1893 2494
1946 569
2770 476
1208 1369
2906 160
1561 1663
2572 662
467 2638
2884 2978
1248 958
1949 2082
1415 1687
68 1382
717 2307
2902 1998
164 1304
1420 1519
647 914
2406 312
2302 1734
403 790
292 1265
406 548
704 759
2822 2841
246 783
1520 424
486 1872
2122 815
2343 748
1303 443
2746 2528
653 2604
2932 2378
259 2029
1906 504
1110 1847
886 749
2696 688
643 871
1957 1048
884 530
17 1221
975 2934
1838 1035
2844 608
506 1298
947 845
2324 2754
2200 1950
2312 1686
1939 2126
1088 710
836 2820
260 1151
1569 524
2244 2727
588 1459
279 1346
1734 1154
1345 1863
334 2277
1999 2692
610 2468
1029 2545
1724 634
794 2057
2199 1766
2037 2010
1193 1451
2576 2762
1544 2988
1081 411
165 2796
1484 2454
1937 231
662 2173
2537 707
705 679
1762 1475
2306 2453
1992 445
856 1723
2735 666
1124 368
1850 1213
1639 1458
1233 2467
1708 2382
1782 2811
1152 56
2551 265
118 2142
2500 1546
816 302
1070 2937
120 1321
1832 2303
107 685
428 2133
2048 1496
493 1867
861 109
2482 2665
1861 2399
1778 2192
84 616
1052 2258
2856 793
1913 1353
2642 92
1384 2327
1563 533
1904 1205
1830 2612
2084 2848
1203 1341
1092 2081
916 329
1624 117
417 466
1065 2138
735 655
2045 1446
1425 885
860 1800
660 2501
1899 2966
1574 1849
2314 2032
476 2170
2524 833
1214 1796
1503 2020
2970 1520
2176 2445
1094 691
2792 988
699 2177
2164 2905
244 1046
2367 1802
2727 670
105 784
725 2289
900 1650
232 2276
2425 1961
2282 1552
2508 2918
2998 826
2733 698
1796 1406
2722 351
1205 2793
1404 2126
1341 2547
1394 2922
2410 763
2980 53
79 213
599 175
2249 523
1465 742
1471 2946
734 894
393 2396
2033 2815
489 1464
7 1759
340 1390
1671 2795
642 1031
252 34
1315 194
1983 1217
1451 692
1371 2012
2216 886
133 1324
1372 1744
1171 228
1071 1860
2224 1429
603 2947
2616 2489
666 2151
367 1102
2427 1860
151 235
2983 2008
1527 110
896 846
2762 2059
386 382
1142 2747
637 584
1224 2902
521 42
2734 10
1392 2971
1885 2686
202 1958
387 483
1699 89
214 1951
1878 2242
812 2752
266 64
2752 1970
1588 2299
908 1602
2093 901
2278 2914
371 2612
2677 787
813 44
1164 328
2680 829
821 1454
2815 805
2839 2084
719 2436
2335 421
240 1256
2547 1954
1565 590
1488 431
464 997
1064 484
100 1413
2736 2257
1369 20
38 1994
1254 1973
430 1144
1012 2473
1720 2001
1772 1270
1299 1671
2593 309
2612 951
2977 2284
339 40
1683 1044
1681 31
857 1153
281 2895
2220 2709
2475 2053
2211 2958
792 2193
1839 1
1827 2819
317 709
37 1047
629 2022
323 121
1731 107
1200 277
1179 563
2975 2393
2262 2748
2781 2750
2181 441
1895 894
1240 1236
1444 145
54 2332
1688 28
2413 912
2710 631
1403 841
2408 2557
756 728
2561 874
1338 2162
2250 2088
697 2708
2640 1042
2435 88
1327 336
2057 2593
2218 2532
685 782
749 654
2283 1883
654 2136
2444 494
375 47
2621 1076
656 2826
1057 557
977 2631
822 1456
890 320
2098 619
437 2497
905 764
1405 1105
1279 2264
1039 880
2920 2145
1896 2907
2644 446
500 2901
1235 2388
1746 1232
1521 1063
2820 2856
114 1292
2872 2460
2771 2400
601 814
2232 1643
2366 1273
1925 2130
2810 1254
1480 2248
2763 1199
1061 1902
2167 1016
680 2032
741 1158
2881 1198
537 2744
2635 1619
2123 2707
2094 2661
1736 2246
2941 137
746 1014
286 614
1313 1388
1180 2048
2009 1256
2392 524
1857 1403
2139 2715
338 1162
380 1996
2499 2585
789 48
1511 434
2583 1534
673 1166
2497 1235
2299 189
1582 321
2885 403
2988 2078
617 2220
1903 1635
1437 711
2603 2873
2610 1826
1448 2786
2971 2660
1631 2857
1260 1991
1310 338
534 2282
1666 463
2701 1887
2817 1251
2955 775
2854 1853
1502 1363
2996 183
1348 829
2180 1895
2530 1057
675 2326
843 2439
2832 1914
2809 1012
2944 1675
892 164
452 501
796 400
8 1707
445 2181
1795 2665
1350 1583
657 1653
2428 949
2864 1656
2255 857
2575 1764
297 2274
2579 2960
40 58
996 1500
2091 272
509 365
1970 750
1585 428
2789 1568
2077 2419
154 1253
1805 840
2876 2340
665 2385
1354 439
1916 1204
1771 364
2821 2644
1423 2807
1418 1207
2512 956
16 2280
1209 1288
2396 969
2149 941
1776 1172
710 1646
2805 209
1686 1005
871 226
2888 355
1621 2322
2666 2836
818 2716
951 695
1328 2045
1774 870
477 335
2464 2540
1106 2538
2903 1017
1257 1701
1801 703
108 2684
1897 57
26 2350
2963 2198
2563 2381
1050 1356
1317 319
550 363
1819 508
2067 2357
1614 2348
2014 1677
1351 1962
2647 711
1170 835
1407 928
1826 1131
1309 1925
2669 2309
2340 500
1076 942
277 540
2909 1118
564 156
1867 2652
83 1769
121 1638
2966 2236
2260 187
833 2943
396 90
314 1885
226 1222
1979 2334
397 1522
644 19
1846 1305
1566 2377
2972 704
2126 2646
261 455
1082 2881
2411 1533
1316 298
589 2110
94 417
1769 937
927 544
2543 777
895 819
1594 1721
2448 1539
1529 651
958 402
2665 2558
1262 1652
2915 487
1948 174
1308 1300
2275 2269
659 996
2034 881
565 2675
1459 1923
2471 292
2754 746
491 2784
778 1827
969 723
733 499
2432 2106
2570 2668
1889 1603
803 785
56 493
2985 132
574 2789
1005 852
982 2932
455 2938
2416 2226
1166 1526
683 1157
2233 2801
2071 1478
1421 1159
1816 2184
1036 532
1458 995
1261 405
2653 1075
561 233
1541 460
2648 196
10 1231
2198 427
2825 389
2429 1492
1680 1412
2105 2846
2518 1397
1121 2083
627 2654
99 2834
862 2329
865 1489
199 913
2692 645
1931 153
392 94
2707 346
2209 1558
2253 1051
1476 1276
1325 457
2812 2884
1334 283
1445 436
2804 1398
863 1589
1690 503
359 1531
1549 1119
570 2541
1025 2920
2158 772
234 2775
2667 2501
1964 84
1921 98
1919 2199
686 449
2217 1171
1852 132
2826 2892
2442 1654
124 2666
2447 1676
183 1660
2790 208
2112 78
366 1312
1945 897
1221 2281
1967 1836
235 1610
2166 2126
2521 1275
817 2594
168 2370
2201 2603
331 597
22 639
2160 109
258 1417
1953 77
482 170
1178 1833
1165 322
937 1193
395 1820
2305 904
2251 1401
2082 844
194 2510
2202 2325
447 577
2194 1716
548 1267
2177 1283
2852 2268
737 858
125 2567
2155 687
35 652
1014 2234
2210 86
2421 1838
186 2954
2102 804
2788 1184
1413 1308
2544 2889
1840 2304
2703 2127
2272 1793
1773 208
1477 1605
2040 216
448 808
2378 2024
1268 1284
1438 2452
1938 1937
376 263
1677 629
2875 1430
2328 429
1013 350
797 2672
765 1949
1151 927
1998 2194
1609 1807
2957 1247
1430 545
498 2745
2133 745
2332 922
1537 29
544 1334
1543 1801
1550 969
1497 1395
2204 2301
41 1858
1775 2129
2582 1211
2336 162
142 134
352 809
1150 246
2476 1019
2182 1684
126 1908
128 2751
2301 735
1275 1094
913 2776
2641 1908
1759 2575
2993 697
1599 2866
2460 1132
552 1065
1763 76
1386 2632
1932 2994
1073 2070
1760 1045
530 2739
1711 884
1643 2696
606 2039
2170 2000
844 702
25 385
1996 2997
24 716
1978 2942
2363 1000
2455 627
715 1096
2559 2292
1595 67
313 510
1706 1690
738 683
2399 1548
145 1777
1692 867
1047 2663
1140 1503
1274 169
2577 572
1414 1072
1651 2214
219 190
615 730
2078 409
1019 2349
1577 61
2829 1255
1075 2772
1163 2620
1833 1260
443 795
2284 1426
632 433
347 1936
2519 119
1630 1781
2630 1642
243 2180
1887 68
670 1480
1194 2285
2634 550
2498 2831
365 2328
72 565
333 448
2064 781
1960 254
2146 301
829 1645
2111 2700
2036 890
2030 1540
1393 1467
1136 2581
566 1291
1258 752
2633 1139
1600 18
783 1758
2700 1364
1109 1098
2223 437
2798 1238
280 1318
674 1791
27 1745
2936 1707
720 1296
1628 693
490 950
919 1083
2620 2041
2766 143
1578 168
1747 2434
2402 1104
2394 2101
150 2894
2357 1273
1419 712
404 1573
1204 2407
2636 2584
70 1694
129 2671
422 1239
2738 1214
2505 1006
1579 1910
383 2669
162 205
2470 1219
567 34
2867 2478
1189 660
2434 2149
1211 1876
2691 2065
2486 67
1638 1881
586 2072
1634 1490
988 46
115 2691
2026 2140
2716 332
1705 2484
824 2315
1626 2601
2090 828
2371 2176
2225 173
73 1258
2515 2976
2865 980
1074 1497
2349 2474
369 2839
2724 676
2523 391
1610 1629
760 837
1293 217
300 214
1587 1981
855 1719
2054 1997
572 2959
2712 1086
463 490
304 444
113 2384
220 3000
2599 39
1241 2349
1210 902
325 791
2945 513
2039 618
474 1210
701 1897
1616 1606
2042 2371
2717 1336
2157 331
1045 2345
2490 458
711 1070
2373 2768
2056 1674
2913 357
819 2518
847 1991
1256 2153
768 726
2369 2351
468 2685
1167 1888
1020 903
354 2530
1812 81
956 415
2879 2213
2862 2780
351 2788
522 2962
2627 2087
1099 2916
595 1734
1625 2465
2695 1095
109 825
1116 1575
1944 2681
350 453
1290 348
1401 295
1851 1360
2806 1910
1450 2869
2256 998
1395 45
2172 2599
611 797
1685 70
2313 412
34 1508
1835 1749
524 2844
2213 103
341 2077
2514 2121
2607 266
2130 1178
409 1924
712 2481
66 554
868 2658
1355 684
1009 1576
488 1673
184 1135
81 1634
2757 596
82 2821
1665 1046
2777 2804
2142 1826
85 1992
159 1381
1672 1045
1122 929
672 182
940 2262
1644 2674
1035 2188
1417 558
2564 1957
747 23
823 2842
1363 1727
2933 203
43 1708
1660 2861
876 1985
480 1975
1234 661
458 2398
2292 2155
2401 2476
1490 1488
170 2883
1696 1437
2019 1385
888 2361
1661 1218
2689 470
2029 161
465 2767
2797 2335
1636 2018
1914 869
523 1050
1216 2443
2168 2200
1239 101
1089 1931
273 1441
146 92
793 1032
2187 900
2159 1380
207 2511
1934 73
2614 2077
1223 961
2245 1763
36 465
1591 1778
326 2222
1051 713
1642 1081
993 947
1335 2257
205 310
2745 352
873 394
2186 661
1806 2026
1119 2405
1323 822
1632 2555
1866 621
241 673
2041 54
1133 1079
1748 462
2578 242
156 1195
2344 891
2359 2363
602 2043
271 1529
1123 2556
342 1689
2629 1518
990 2172
2911 934
57 2475
583 1844
1505 1443
2657 2216
2638 977
2311 2783
2725 2966
2926 2461
479 2733
1972 75
2365 2982
454 2516
679 1396
75 1643
2587 789
1848 2770
2261 2509
1368 2197
39 1473
623 2415
181 2465
2506 2163
1618 2021
76 110
2355 2580
2280 1865
1977 818
2047 758
1935 281
1604 234
2254 2119
2962 921
2053 2122
1266 2456
1658 423
889 353
1100 2424
1103 2343
634 2186
1877 873
776 456
924 2742
508 2543
1950 919
1332 683
1185 886
141 534
1312 1622
2169 2737
745 1616
2001 580
1439 2470
1987 917
2052 893
2510 79
1321 1680
2650 1189
173 2950
698 2682
2190 2804
2426 2818
2765 1199
628 2940
2024 2506
2625 2224
2668 1107
2362 888
1902 806
18 1869
2027 1812
1598 1563
1777 2403
32 1536
2104 2361
1811 2229
247 2280
2558 2653
353 1809
2858 535
2522 860
88 1751
724 2559
730 1160
1433 2406
52 256
928 2491
935 2066
608 1147
336 770
496 1062
2951 2913
1388 1944
2927 2485
1703 1902
1056 1543
1037 2572
1251 2448
1440 1919
2050 512
2457 130
1079 865
1640 2447
2613 2300
2492 1557
1620 2552
1042 2320
2152 1912
2873 1197
1359 681
1652 2125
2376 633
2308 1637
459 419
2580 2278
2568 2394
1678 1561
663 2558
1174 767
2542 609
1872 1481
1243 530
177 2312
2785 843
986 2204
1676 127
2005 88
2230 277
122 1608
1698 297
1808 1891
1539 1662
1004 1866
2451 63
1570 2324
748 1323
450 380
2562 2050
1446 1978
2591 1444
1127 2588
514 2114
918 1167
2298 1558
743 2463
294 1227
1160 2961
546 184
2676 672
1158 2108
305 1027
2479 800
1481 1433
2480 2983
1750 1900
2346 1804
946 2030
1942 2880
1483 2695
1875 543
580 1509
2973 1340
568 308
2794 2621
1568 1750
441 133
2953 1704
2595 157
299 1179
1831 2423
2659 2013
382 1331
1115 682
2869 2365
1441 719
1531 1807
2352 2522
1602 2014
2127 855
1605 948
2472 2372
2799 1627
853 1357
2670 816
429 1277
671 125
966 1316
1324 273
558 1913
1859 1989
1159 678
370 52
462 1013
903 1877
2171 475
1890 1020
2552 762
2750 751
1215 350
694 2333
98 2421
60 116
149 2369
1635 2064
2624 1262
282 1717
917 2052
2827 306
2473 1537
1718 849
265 690
96 2857
274 1836
2493 1058
2212 2233
2459 1335
1834 1445
1596 1010
964 436
1244 850
2109 258
345 2438
2534 2105
929 1216
1054 393
926 514
994 1141
1908 1779
2325 222
175 1837
2639 1099
915 2536
2663 1775
1168 636
1095 1956
1727 2201
320 1545
858 60
2992 605
1540 801
23 1464
2276 378
1302 2245
2567 485
2415 1125
208 1358
200 1261
191 669
2458 2265
1428 658
512 141
348 356
825 1664
2287 2787
1809 230
513 861
1187 799
2239 1875
2830 2770
1353 1110
322 1092
2317 722
438 2539
2968 2677
2265 349
2997 1410
93 354
2778 656
669 2507
401 1285
1111 2825
485 2972
2489 2574
316 2139
650 776
2893 408
2148 498
786 2865
2649 1669
2923 1363
2372 1165
1538 962
58 1169
2984 1734
1482 755
139 2413
2540 2637
1487 2159
2600 227
1629 2837
2529 717
1633 2078
1217 1461
2897 689
2397 390
962 1146
2131 1327
1060 2424
1506 1298
2469 2305
71 1314
557 607
257 2038
456 392
2015 981
3 147
1515 372
1669 2360
766 1893
2672 780
1820 1101
2843 1052
189 2520
2022 2185
1915 1283
2784 2131
1391 2097
1229 62
2999 570
1719 2900
2878 521
2548 1494
2334 2519
344 2885
1292 2617
2197 2773
1434 1248
2964 1123
2525 220
425 106
328 796
223 290
1930 1771
2908 1392
1432 1715
6 2250
415 2794
2664 1736
1097 2743
1245 2235
2011 2244
423 1590
337 2003
357 2973
2423 2422
1246 69
1883 2847
69 186
63 2810
2222 1499
1675 2692
2271 966
2018 1955
230 2420
1491 1448
329 82
1912 1703
1860 245
169 442
2370 1278
622 206
1182 140
1320 971
1046 172
1924 2408
2960 2837
2117 1493
1333 1059
1318 546
138 1771
2868 2116
2296 1306
1733 2649
1985 111
1905 2591
1813 1086
1533 1452
2675 946
1409 1073
1514 2915
384 383
2597 375
278 2697
1429 1506
1043 1768
416 2549
1424 943
1212 2805
2528 33
303 963
1709 2676
270 2582
2393 2813
1955 2189
251 2046
1148 2512
1853 866
2315 2239
231 1933
484 259
1362 1549
1462 2905
2849 1839
2358 1596
112 2917
2914 2477
2467 562
1989 983
238 2955
103 2553
1201 1659
2905 2466
1272 1268
624 1825
531 515
1114 1049
2814 1266
2096 1911
2028 2418
499 2505
2345 1614
374 1174
1622 2071
1798 953
832 1767
2761 539
532 1805
2277 163
2323 2455
1829 566
2205 1530
2226 2006
1237 671
307 2321
2507 1725
1524 13
1597 2724
2135 769
2307 1724
372 779
2833 1007
1845 249
689 148
471 1025
2008 2981
2925 340
1589 792
2719 1484
954 2240
834 2527
2478 95
1557 2862
1764 413
2758 1774
2021 2526
264 2832
2995 2873
2917 1830
466 451
688 1966
1868 93
147 623
1662 387
222 2487
2786 1834
2779 1256
196 243
48 2619
533 377
655 195
388 2259
190 11
2221 163
515 2533
2452 2067
2016 175
2764 2023
1779 766
554 1011
2070 1553
1382 285
1340 720
291 1320
1000 180
435 1431
2705 2911
695 1176
497 1415
2855 1782
2661 69
1104 2909
2234 38
1974 2891
2741 1080
2439 1053
2546 2992
332 587
1412 1168
769 1890
941 410
1792 839
1619 2028
616 2184
1959 739
1015 2933
1592 725
1083 2964
2398 87
2316 2899
2192 1127
1891 1851
556 2346
525 1532
1253 802
2203 430
2708 2924
2229 279
1364 1894
2132 1525
2536 773
1785 1983
1901 774
1463 1290
2557 128
759 525
1735 2607
795 1628
1842 933
335 2168
980 736
1197 1024
1125 99
790 2137
1789 2130
555 2747
2637 2598
1339 978
1534 1790
2877 1850
80 1425
1322 1367
1928 2279
1869 2243
110 907
1336 2778
1396 1270
356 1421
1213 2433
1096 1666
614 1871
1149 1386
597 2989
543 478
902 610
1941 212
180 593
355 1087
805 602
551 2582
626 1208
2114 810
1156 2311
2491 1373
2845 1501
1146 232
2527 2266
2074 455
1717 542
867 675
1590 2645
2541 2316
1048 473
1023 1022
2297 1934
131 2534
703 1647
2086 1700
953 1739
1474 959
1479 2275
758 1350
1162 2314
752 2502
2327 2051
1277 1038
2623 1780
1184 2175
2000 1732
910 2480
14 1066
949 313
1603 513
1898 2774
1532 737
726 674
763 183
2991 1982
2044 2007
1101 1586
1058 2034
2075 2722
639 30
590 2986
2740 2651
1542 2550
1402 994
475 1905
997 2226
2574 1941
1232 2255
1765 727
2162 2814
1195 2890
1586 2359
363 1264
2097 601
2938 724
2431 498
171 1033
779 1427
2901 1423
2748 2098
518 2952
1700 459
140 2635
1647 2109
621 214
2285 2004
487 1245
2395 842
1780 360
727 2616
44 1940
2303 851
2787 201
295 2087
2188 343
939 1414
298 1655
545 1126
992 1960
560 236
2073 2850
2994 1242
2380 2655
1751 1515
771 915
20 1587
764 151
2679 2551
2440 2156
2059 219
1117 930
1508 976
897 1015
210 2395
1753 1161
2338 1269
2353 1093
2377 121
2356 1505
104 324
2773 2093
478 2317
211 1559
2347 813
2673 1486
972 754
604 940
144 2640
784 2294
1822 2725
887 1952
1130 1419
127 640
798 2451
2161 2710
538 1599
86 821
894 1829
2732 339
943 2256
2003 641
2012 626
2671 1003
2391 170
912 2430
1726 1466
535 991
640 1384
446 1762
2206 1112
938 2295
638 2056
1576 2719
1389 2495
29 1747
1723 2853
432 2590
408 1742
1370 916
1969 2871
15 951
750 747
2173 1753
516 2446
262 2095
810 2435
2683 2062
767 333
505 1192
315 2362
1486 2219
2092 2012
1356 1090
1105 376
1447 1607
2588 1743
1190 509
852 2613
2274 2337
846 1711
1330 1109
1086 2699
2252 1225
985 1495
53 1681
1886 2800
978 932
815 450
1656 284
2950 2965
1263 9
399 1318
1790 2764
2038 553
1797 549
1145 2218
1641 665
2940 1571
1966 1034
1555 1332
1077 2090
2375 317
1028 1330
1084 2967
618 895
2828 1752
584 560
2631 2428
1431 538
1426 2331
2424 1765
405 1916
1793 2766
2456 2998
2184 831
1975 334
901 2146
2928 1454
13 2560
1606 1117
495 1074
645 1469
773 529
1175 149
2838 1071
272 1773
1154 600
439 909
906 366
649 1471
2068 918
2596 2600
1238 1792
136 1028
1135 1861
2141 398
2388 1648
2485 1948
2803 185
206 856
2835 36
981 2061
1900 1137
762 2253
2072 1569
1247 2049
30 407
2085 2499
2195 2091
933 1347
777 2596
1522 197
1752 2756
2140 1776
2780 1523
2783 985
587 1964
1010 1730
166 1145
2573 1349
2907 2086
2436 480
1863 1577
1137 2882
64 2009
646 1134
1553 2265
2886 1547
1567 1738
1940 1839
1040 1163
2848 100
1055 525
1027 91
2246 2774
652 1631
2043 1907
2948 1166
1286 2648
2289 1084
306 2251
2281 1149
2400 2441
2643 2977
192 1407
1823 2364
227 2781
1072 2451
287 2795
2730 1468
1728 643
1571 2208
1910 718
2793 2431
1794 1793
1654 2312
1961 2211
1069 233
1990 552
1876 1287
2342 2025
830 1976
1053 1361
870 1831
2824 2305
2124 968
636 2112
2100 2688
811 2535
2681 1828
1991 2107
1468 1819
1986 936
1472 416
411 1535
2257 126
2023 1103
1768 1918
1346 2980
1737 435
212 667
1066 2703
2584 2040
193 1862
89 1150
1646 194
420 2100
774 2690
2153 497
1874 1615
527 538
1008 741
2484 1375
182 1400
1226 1124
2516 848
2151 1054
28 2342
2538 2504
319 2808
1615 820
1181 1300
1306 794
1062 2073
198 945
1085 714
875 1945
612 2132
911 2263
285 1203
1509 223
1068 1892
2959 728
2937 1120
742 396
2874 32
2138 1706
1271 505
2930 447
2842 27
1297 632
1218 1835
449 374
600 935
2594 1803
2107 967
2386 863
2589 2102
1107 2397
1715 1487
11 1206
687 327
1732 2828
2539 853
2678 957
2837 968
2841 2011
2481 987
296 2444
431 241
419 3
931 1021
920 1974
1784 2027
213 1806
519 990
221 2260
2662 786
787 1741
1729 906
2175 2411
321 198
1307 788
2348 2296
1800 1030
648 1474
1280 706
236 2711
2609 2926
2795 2566
631 2217
952 1979
2526 1864
2711 2897
2556 1733
2270 1965
2020 2094
2120 1811
2407 1039
970 1904
2061 1351
591 1485
1470 1574
1713 921
2954 1128
1926 606
1810 2459
1118 836
413 2615
2904 465
837 1229
178 2904
1664 7
2174 1838
866 1424
1844 993
1802 136
1016 1191
1841 788
385 2531
1535 264
310 1319
3000 269
1954 1387
148 2956
577 1018
820 778
2147 2047
785 1598
2863 1625
1749 275
2851 1202
187 1309
1132 1259
2495 1355
2321 2939
2818 2673
440 41
1668 2206
1018 511
1138 2784
275 1986
2714 1405
1427 296
2929 2261
268 2571
1141 1510
961 1698
1002 2529
1923 112
1352 854
1650 1589
502 1740
2796 955
2921 2486
2331 2165
770 2974
1301 1953
414 155
1828 43
1411 2896
289 1089
1360 1338
2847 1280
1507 1626
2831 2150
1976 1077
1873 2488
2604 1786
1613 1281
2487 2097
1814 2179
1623 2803
2585 2877
661 199
2035 200
2898 276
2581 2339
2010 864
1231 1230
728 2925
1894 2045
433 1342
2318 1822
2840 2502
1504 570
1225 2483
1456 1928
2310 1337
2385 2656
2706 2169
2463 210
1296 2157
2468 1823
2049 2887
1287 120
2894 105
2364 188
2404 613
1817 447
59 1661
2025 1164
1273 2991
2554 1345
2501 2824
1815 2867
87 2864
1435 1129
1300 1929
2461 1440
1551 2073
1049 1788
1865 1289
276 471
242 2592
97 583
1994 2906
613 729
731 1270
2248 2141
55 905
2987 2319
1192 1594
2263 1317
2967 1670
2531 17
330 2203
1611 2195
1461 920
2861 202
1907 1297
678 1842
2095 571
2361 591
1927 1376
1126 2741
2853 435
2744 1977
573 2628
739 2103
2590 923
1667 2042
2682 2375
2106 2354
1725 359
716 2128
324 1001
2384 1468
135 2019
2857 472
1707 2121
2390 239
1496 772
49 1418
692 481
2989 171
152 625
1443 2352
62 502
2191 1528
2608 699
2143 2323
245 1990
2488 12
1607 2683
1230 1701
1880 2011
968 2404
1091 970
1825 1196
1442 705
256 867
2611 305
179 347
1139 1188
1982 2347
529 2949
2379 1108
2565 1995
782 2310
553 1984
2896 71
2880 2191
1063 1799
2555 1935
2483 2701
959 2376
2337 2757
102 2120
2899 1455
379 588
2433 414
451 358
249 244
1995 1567
2291 1388
788 129
2136 579
2269 282
1454 486
1460 1693
91 1402
418 1987
2264 2308
2656 59
1770 899
2895 2602
581 1513
722 1886
1933 2469
2004 2623
1528 2838
1078 2387
269 2678
2549 1263
677 1989
667 2402
1821 1691
536 1868
801 1756
2288 2517
2466 812
2674 2712
1580 2993
2887 760
2919 2650
2108 1156
2939 757
1655 2135
201 1233
904 1744
1741 982
400 55
625 315
2511 2639
923 178
197 2373
1670 564
1911 536
971 1435
2219 1450
2768 1148
1546 2298
1436 2843
254 1735
2952 1612
1740 1352
1024 2951
1264 1286
2208 2569
1087 592
1422 622
1498 1311
2165 2587
218 454
706 1085
2816 1170
2128 344
605 179
253 22
995 324
1270 989
780 1237
976 2254
134 1463
2697 1223
65 1541
2704 2057
1177 1639
293 406
1267 218
2749 2509
2622 271
4 1432
1836 892
898 1770
2 1366
842 2665
2081 1565
1637 1901
1161 2565
707 1374
1499 2817
1879 32
1766 1845
1691 304
965 2349
2651 1133
1513 1555
2935 35
1397 1250
504 1472
2417 715
2767 574
1519 733
237 2720
2214 2799
840 1040
2976 1122
1242 2662
2006 262
2942 1651
2002 2241
1754 2729
2660 1620
215 1912
2883 337
2163 2383
772 83
2598 859
1492 2809
1693 1572
95 2664
360 330
473 2679
2782 2291
1564 611
1743 1866
2533 519
1007 2055
1694 2341
123 1592
1663 1220
1781 646
250 1589
2242 811
2688 547
664 432
585 1761
2751 383
1387 2202
1536 102
1601 1294
799 399
2227 2054
2912 2167
503 154
2846 708
421 1462
2882 2044
1971 1685
174 1182
1510 2212
2293 2979
2477 467
116 2970
12 1043
835 1963
1738 26
2330 2031
732 1728
9 1870
2655 537
2113 25
620 2540
761 2944
718 123
1252 1534
1276 5
2259 647
358 1036
882 1582
1745 635
1787 1032
2742 345
914 877
434 2379
2154 2851
1702 2949
1909 220
885 1797
119 872
2449 477
1198 2953
2418 191
983 686
542 603
594 1483
2031 664
1545 50
1526 2498
828 1624
2776 2738
549 830
593 531
2986 1855
1390 744
1344 1097
1311 1969
948 1906
1377 2412
90 1037
967 2888
2207 1029
540 1224
172 2283
2747 2852
1153 1088
111 1932
2267 938
1222 1570
1006 294
1172 2147
808 1560
2420 1946
1758 1272
2322 1179
702 2670
839 342
2737 1644
2769 440
744 1696
1714 1008
2496 2827
973 1511
1757 2698
2702 2816
2619 1180
1956 2306
2694 2721
2990 362
2739 879
1378 1621
1627 568
2910 2368
2196 2293
696 721
412 944
1695 1014
1281 2941
1858 2401
989 1114
472 1602
2956 2870
106 1988
343 2677
1917 1601
2080 1348
693 307
1416 2921
1645 316
1849 2187
806 1130
1467 612
2807 2562
1227 2564
520 114
2774 1783
2755 732
167 2717
349 598
2268 1302
999 2513
302 479
1453 1815
361 2410
469 108
592 2313
1331 1519
1682 973
1283 367
740 2178
1003 586
809 303
2965 975
2494 21
831 2611
987 1626
2441 1884
1357 1142
1684 289
368 2287
630 2636
751 2568
309 2113
2503 2726
682 668
541 2608
381 1679
308 1199
826 2714
2319 2868
2698 2377
1547 2247
814 2462
1583 452
2566 2815
481 911
2360 2735
117 2068
2454 1726
2150 1288
267 2771
391 1591
1157 2035
1291 2755
1952 517
582 2074
2329 1377
700 1936
578 2518
1399 1667
2103 1556
2870 906
1837 425
1452 2936
1228 2353
2237 218
1988 1968
2240 1502
2368 1657
930 1476
1943 875
2802 2740
1993 1521
869 2605
2110 771
2228 2490
2646 2903
2545 1442
899 169
1398 2356
1186 1483
1739 2732
2450 2290
2889 1370
2258 2845
1997 2833
1548 1
609 2338
2474 1862
2339 1479
155 1517
2060 2563
1034 1307
1755 932
851 278
1358 1447
2721 2085
1958 2144
849 2515
1250 823
483 2858
596 253
2723 2629
963 2859
2979 1409
1379 1748
1147 2713
1556 2106
1022 247
1021 1418
1188 131
1512 1460
1113 2318
2412 910
2083 2618
364 1394
1730 696
562 14
1981 1697
2626 1408
2652 1333
2731 1852
709 491
217 2746
161 1082
874 2134
838 325
526 2687
1581 1004
1183 882
2560 1617
2743 1354
255 1942
1495 118
909 1538
1742 2104
2032 1362
160 1959
1530 2643
2156 2650
517 986
2759 2554
284 2060
598 2761
2517 1920
378 2782
2715 2975
204 1785
2193 2183
2189 2286
1922 444
402 785
1329 1760
2017 1344
42 701
757 1393
1169 176
2266 2215
1818 2414
1984 1428
2943 1731
1265 1434
1888 2578
2179 4
2772 314
2389 1228
2813 122
1464 268
2513 48
2946 1754
132 85
2320 2910
1305 817
2247 2927
1059 657
2628 743
2326 1491
619 1325
239 1921
2592 649
2586 2878
283 2523
1255 1853
407 1152
1469 585
1965 1465
225 2335
1347 270
2922 599
288 1763
2300 1544
932 2526
1947 1322
854 1271
1525 1200
2982 2315
2286 2589
1767 1641
1090 926
229 1386
373 42
2605 1630
1067 515
547 2069
2961 420
736 2642
2693 2525
157 2037
1575 1718
1376 65
1373 2330
1892 2863
1501 66
1722 2693
1383 534
2443 2493
708 589
457 1818
658 217
1493 1115
2381 556
1319 1173
31 2987
998 2297
1017 2205
2686 252
2918 207
1918 876
1697 1636
845 1993
1284 2658
957 488
1108 1554
424 1579
2144 2479
2916 2586
754 2627
1011 1252
1342 620
2351 882
327 1889
233 677
1929 1453
2007 1705
1365 570
1558 979
1573 659
827 35
539 158
729 72
950 1106
228 2471
2178 496
1143 1566
945 1926
2403 150
78 2075
2422 1808
1361 2546
2978 2092
510 1604
1196 2893
2119 516
1033 2929
2058 2633
209 2225
883 956
907 768
1199 2548
2801 2872
2437 1694
1704 464
2699 2030
1649 1281
2446 2017
1807 2777
1854 1938
2811 2
1963 1249
2601 482
2354 2429
143 2723
410 1896
1206 644
2115 2368
1673 1820
2183 1709
2931 2210
1485 341
263 1201
1689 1972
1144 984
203 2879
377 291
2892 1477
775 526
2076 2231
1375 1439
1843 134
2013 2171
1385 2908
2718 232
185 1436
492 2196
2947 2249
2728 2355
2606 2544
859 2273
802 1416
1269 1802
19 1111
1679 992
955 2963
1457 2272
2726 507
2333 1589
1128 2561
1134 931
804 495
1289 1873
1410 1722
137 1596
2618 165
2775 2625
2819 2096
922 2036
176 1504
2066 1329
1593 2802
1202 1121
1554 1585
2046 648
1744 1100
877 211
2502 1068
1298 1470
1473 2442
1968 492
158 159
1408 1438
1786 510
1523 1194
934 2702
2185 2380
77 401
2088 2002
1871 1668
2462 2758
101 1542
872 2288
1282 1064
362 650
2617 257
1572 1339
2890 2524
942 311
807 786
2387 2450
2791 1804
2089 237
2569 2957
713 576
2553 28
427 1623
1788 1255
1659 2606
651 1903
1648 2076
2383 1649
1862 520
2834 1002
1366 2636
47 1846
1608 1564
21 142
1847 2694
528 1658
974 576
45 2390
1870 1303
880 1611
1804 1600
195 740
1824 985
1612 939
2924 575
2720 753
2430 2496
1756 2812
1657 1482
936 139
444 2472
1314 1810
1044 1514
1562 766
2520 2759
390 2624
1343 2223
2215 422
67 761
1031 2689
2231 2500
426 2802
2116 225
290 124
2934 1091
46 193
2438 2570
2645 2425
1712 624
1455 2417
1400 604
1120 1140
2504 1854
563 375
1112 2728
61 573
1466 2955
224 2260
2382 1368
2800 1056
841 2874
1856 1599
2808 2503
1973 2542
1489 617
2687 1378
1304 1078
2685 1367
2949 2367
921 267
2087 1684
1131 637
1560 138
633 898
984 1187
2241 2792
2236 834
864 528
1041 972
1207 2058
2137 2449
681 1971
398 1640
470 361
607 1710
2134 1821
691 2851
1406 221
301 2576
2871 461
2535 1798
216 1026
1295 2389
1552 2855
51 2348
2602 952
1191 115
1380 1678
442 1226
511 1186
879 407
346 2521
2069 97
2079 940
2374 388
2550 2898
1374 293
991 1632
2850 24
50 2731
2823 2867
676 2886
2125 1943
2279 1593
559 1817
312 2537
891 1840
944 1232
848 681
1882 2015
2713 388
2062 152
2509 1927
1278 832
1617 113
2658 862
2235 889
1516 1295
1791 2492
2309 37
2958 2252
2632 1832
92 1136
1803 2089
893 2798
569 80
1294 1524
1478 2595
1173 2659
575 474
723 2143
1980 1857
2295 2785
1701 1457
1710 878
2753 2073
2756 397
753 166
2350 1597
2063 2988
2419 2426
2974 638
1381 2860
1219 6
1288 192
1716 1310
501 2931
579 541
1249 642
2341 369
1093 1151
1881 1784
2099 2896
2891 167
2969 2267
1962 1817
1687 924
1517 765
2414 2270
1721 791
248 679
1518 2822
74 1878
2532 2734
2465 653
2836 1279
791 2442
153 1720
2615 2223
1349 2769
2051 1512
1367 274
1449 2152
781 2940
960 1673
878 954
2729 1980
1855 2630
1259 1399
2145 2609
2238 1516
755 2207
2690 1939
2900 887
1761 1588
2981 1301
641 582
130 2379
1951 251
1285 2634
1337 1682
2409 2528
1026 1009
2121 2508
1653 404
311 2760
2760 2495
576 469
1674 1578
394 2622
494 1422
2709 518
1920 2111
1032 2080
2405 370
1155 317
2273 581
1559 2161
2860 468
1799 2228
2290 1580
2055 572
1129 2640
2654 1324
1080 2227
1475 224
850 1190
1220 1282
635 1814
507 438
1783 2117
2243 1917
163 2935
690 1023
