3000
327 865
665 1279
1229 84
2088 2310
2509 2781
257 105
1316 380
798 2104
304 478
1323 10
283 680
2837 1874
2835 2029
2255 1099
1533 138
623 326
435 1210
2119 2901
2911 573
1081 435
1970 2531
1391 1627
2849 1668
924 1138
286 2972
1155 1736
2749 236
242 2976
50 1699
269 2597
2642 860
1113 196
1603 2593
1240 788
1529 2594
2369 966
1184 2359
2981 36
1013 912
163 2240
2720 272
149 2964
1301 186
2251 2546
81 1385
1758 1635
22 217
729 1460
582 1218
889 1227
2830 1914
1239 285
213 2547
2676 2350
1671 1184
1103 2279
1325 2887
1497 263
1355 1348
1564 827
18 2482
354 920
1818 945
21 401
279 2423
2770 2365
572 2601
1485 2620
7 1844
887 2947
2418 1511
1128 1611
1626 1048
1596 1332
2941 1267
1974 1512
1775 218
510 359
1216 1476
589 2563
2216 157
827 2464
193 594
1095 57
2774 1461
935 174
913 2431
1065 2419
993 364
80 116
2180 380
738 390
573 1176
1648 2908
1559 2927
1673 2499
542 980
2135 2194
1314 1757
2765 1038
2522 767
2411 1684
2271 2402
2686 2441
245 71
1106 2260
179 1658
2724 338
1843 797
1599 2633
2341 2520
873 1967
682 1598
554 1207
1592 285
1194 1725
744 1245
246 1175
1913 2778
909 2175
2607 1960
1849 810
1378 355
2775 922
97 1485
1261 2302
1883 1744
1178 636
1749 1012
2464 1264
638 1578
547 1709
2655 2681
1579 2795
1276 2870
1572 325
1336 2563
2722 261
1760 584
857 2910
2683 961
2704 2690
1877 2041
1593 1761
1662 884
1862 2816
1225 1350
412 1489
1127 2595
860 809
2626 919
2826 344
2876 2258
1456 1293
1514 2869
1265 2643
595 519
1294 1410
2086 369
298 712
1407 1308
2854 2542
2249 2890
1094 910
2192 1787
461 1857
834 2090
2588 12
1034 1796
289 1202
498 336
2943 2951
1582 1532
2960 1863
1463 2676
2885 1466
694 1317
2634 49
2129 722
1560 2972
1211 2674
2474 2795
343 679
2485 16
2727 297
313 2142
2679 2994
2421 452
946 1213
1490 1585
670 1177
1717 2003
648 1322
833 1603
1451 288
1352 75
1847 1289
979 2879
1896 2377
2767 2670
161 2895
2261 1561
399 1334
1060 2714
2636 1320
1144 471
1615 2924
1478 2622
2664 502
324 1807
2095 540
2217 198
1550 2387
2699 2120
1586 431
596 675
295 927
2401 585
1796 2822
1746 1928
1960 2225
1358 2346
1272 2318
2082 1075
2792 2619
2793 583
907 1927
892 1007
1744 850
2250 735
1386 1115
868 2082
2112 877
1988 2880
76 2642
339 299
532 1651
2302 1071
1438 767
2056 2208
2752 1040
134 482
2235 385
2182 1792
1875 1363
47 1129
310 2389
787 1929
473 2916
2894 1061
2933 2072
747 2040
703 1276
1292 2489
353 1262
916 1297
1473 2654
32 848
854 625
320 1472
252 133
2816 2133
1984 2753
1123 820
2689 2604
385 2
2801 701
86 1677
2105 2028
303 979
493 2164
1634 1364
1259 2702
156 1439
1947 2089
1133 1100
2979 921
2284 2984
2953 1395
2463 1028
396 1427
1892 1197
1930 2484
2375 239
1836 179
141 2191
462 1481
2764 2070
2905 79
1851 1948
2850 2198
1419 2773
2221 1186
799 2576
2136 1950
2580 430
105 2190
785 1093
568 838
1881 2690
2771 782
1204 2311
1718 1101
1670 103
201 2685
2922 597
1778 1467
143 375
1248 1790
2467 2839
338 641
898 1815
781 2878
1952 1937
393 376
2239 2450
1767 2249
470 1835
768 770
2726 879
1340 251
2492 658
2490 826
2389 2970
1412 750
2536 1865
1637 729
1318 2599
2272 58
351 2502
84 2820
1287 1853
1920 905
229 2776
1903 2839
523 80
1992 1674
1813 1392
695 1850
1768 1688
1246 145
636 1145
175 1492
2834 1011
1016 101
2204 2084
400 1118
1639 2427
2154 2930
1271 740
564 1386
1971 1949
2220 1151
2691 567
2122 928
1012 2679
226 865
849 1979
1561 1334
1788 2657
862 1206
307 1259
357 2667
2410 267
1995 2689
2886 1963
968 2222
788 2140
2519 2340
939 2888
204 2932
2487 1727
2898 1346
2685 2956
631 2800
1519 1056
2896 720
2795 655
224 846
1521 1383
2932 2853
2692 1453
715 2567
52 1701
1711 1492
599 1371
2500 2506
2980 406
2494 1293
514 1774
1752 2963
1126 757
1432 942
437 2268
371 2706
2507 2794
1690 2138
549 2045
133 2641
539 1737
1075 2540
1656 1883
98 1878
1562 1286
115 40
1436 2378
680 2053
1078 747
1513 1465
762 194
1794 349
1720 1499
959 2010
722 1988
609 2541
767 1786
2322 13
578 143
1781 814
2833 317
1792 437
2374 2834
2893 2955
395 1748
1621 1063
2656 2087
2907 2666
580 832
840 1838
148 1913
1951 1595
2706 605
1264 1349
2080 328
2181 1787
925 2411
1014 1381
1104 651
20 216
501 490
1061 1191
2618 2591
672 2286
1756 2017
1288 667
622 1162
1112 1823
2553 2549
198 612
29 562
1176 1888
2314 121
2497 1810
375 730
2763 1588
1747 2752
1949 2508
2531 475
1536 1241
232 2171
39 1495
2170 1046
1956 1585
2005 1067
1132 2682
1991 2253
1674 2982
2420 400
2817 1900
2471 1133
2183 1402
1469 934
734 1810
209 2175
1953 388
1859 733
25 2721
70 1477
1617 2780
1421 1404
984 1041
1638 828
1437 2722
477 2738
2991 2112
2392 2082
1295 403
109 1753
1074 862
2653 2725
1745 2637
1018 1036
1703 583
432 1266
1815 1590
467 1476
522 2361
2525 2111
2222 2836
1530 2182
2600 2145
1681 648
2592 1713
379 1136
855 1124
1516 572
2379 1755
1568 2065
463 1256
982 366
1518 1568
1771 1393
2382 1413
2613 1480
2478 1309
1441 268
1480 180
2516 413
579 2300
1869 2281
1922 27
1693 1824
1940 2485
637 2710
146 1307
587 1722
852 1738
593 815
1131 2782
1221 1155
1748 2831
185 2032
1986 192
2184 1601
2139 1360
2029 1167
337 1654
1487 2341
277 1616
829 2839
806 513
614 1587
1376 2496
2437 2371
2831 2093
597 1761
1887 2768
2070 2270
111 2195
967 799
2306 2725
494 1811
828 1841
697 2501
2671 1319
2245 2624
1038 1910
409 2581
125 1187
1737 1758
1263 1129
31 1540
2068 937
1962 385
598 1160
566 1650
2959 48
2128 1781
359 1993
1571 1238
1098 1046
2166 823
978 1894
2963 2246
919 2094
2649 2043
1245 1707
1253 1518
875 1671
72 2048
1177 1704
2361 70
196 199
2606 2925
1351 2219
164 2853
1461 1828
2021 2599
24 392
867 340
2043 1027
2290 2962
756 1543
1160 1718
1600 304
488 2284
1672 2351
1772 620
1855 936
641 2529
1629 235
2947 2943
2063 952
2665 244
383 1748
446 2036
2149 214
1196 1681
797 2186
739 706
1289 1564
2097 2159
1783 43
368 507
2203 2804
772 1816
1010 1963
923 1303
981 2728
1630 1055
2319 1490
2635 1279
1535 1748
1573 1847
2658 2121
1306 316
1811 864
2406 2615
2367 275
1779 153
1773 1958
1157 1092
1897 2046
253 2146
284 711
411 1142
2603 1788
2109 93
920 1014
1183 31
2654 834
190 2961
639 1252
2141 1239
770 2656
701 1099
2050 975
2036 984
1317 2297
1193 322
2460 1982
714 2662
1066 2836
422 556
2266 286
2828 924
789 505
2385 1237
2610 2374
879 111
1089 255
654 256
717 1996
13 2669
382 2145
2884 454
918 2217
1523 156
1192 2557
1921 607
778 161
1283 2085
711 2400
2528 1117
1861 1473
2498 1131
2985 890
1278 1686
1525 1093
1179 1192
937 2005
773 2974
490 181
1979 1388
1069 791
1945 1907
1111 356
874 1111
1368 1802
113 1332
1658 2530
1381 1021
2346 801
376 1357
2229 2759
1349 2349
1694 2060
138 1639
877 975
2449 659
1141 2024
2760 2974
2641 524
2308 433
2971 1508
1067 506
2533 415
1882 2570
1470 1839
2852 1765
2696 1959
1243 663
2227 361
2416 1375
2195 2396
2024 2482
2718 1970
1905 2039
748 2517
2978 534
817 2115
1939 1009
322 1517
2766 1127
2278 1150
2001 1878
2583 1103
1337 1813
642 1236
1279 1015
2976 262
438 2291
2739 1522
1977 2462
2746 1977
1764 2507
1277 1754
1423 1281
2140 2929
431 2084
1244 2289
1622 1549
2934 234
1311 1657
2890 1861
48 2655
347 1244
2577 695
1118 2398
1068 1524
1449 1970
296 2882
754 2770
1145 2608
1379 2668
344 2198
2526 2136
2164 2701
2821 2957
1408 2328
1165 1355
2710 1327
15 151
51 523
2093 1781
2433 2488
1234 823
853 2510
1809 2335
1448 656
2571 2464
605 1527
19 453
2318 886
1657 1275
2565 2763
2328 49
2275 2533
9 2237
2552 836
917 748
2556 2672
2605 445
178 914
2701 895
2926 487
1701 69
1755 1784
559 967
824 674
2756 1373
2779 1006
991 426
1555 465
2841 818
775 2004
2891 1609
2295 283
725 2665
534 281
1217 309
1394 2154
180 2366
1055 2802
624 2569
35 424
2695 1258
1054 2296
508 1415
326 1372
2297 1022
2435 2779
2887 888
1831 688
571 2950
906 1911
1121 1363
445 1509
2977 2035
2961 2055
248 1918
1547 1407
1418 2948
520 354
1607 2523
1704 2648
1961 2894
1566 130
442 1323
2428 555
1297 190
2572 377
386 402
2198 1171
2954 279
1644 1351
669 951
832 1242
2820 1394
1000 1604
2462 2069
577 2585
208 65
2067 874
1709 1072
219 59
1215 258
2744 2127
774 2536
1978 2939
1936 988
1736 1827
237 1946
56 738
1422 1922
1464 2490
205 705
1998 350
2918 841
2814 2373
760 1187
294 2047
662 2828
2568 1545
387 431
1087 2650
64 1546
1168 849
2237 1770
2219 1313
1577 1331
2595 536
537 2610
640 1328
45 2746
1429 1401
2789 532
2174 438
2171 824
902 109
147 2671
345 2101
2197 2809
265 2574
315 329
1880 2115
2495 2092
1802 1497
2873 1732
482 2731
1902 837
2035 2133
1273 2417
1801 700
2244 1242
1909 2079
927 1762
930 577
1914 2493
2100 1912
2673 2419
2554 2833
506 456
541 686
515 1150
2761 2763
3 139
519 1178
1334 1219
621 1352
2895 2197
786 840
90 830
348 309
2268 2545
2637 2978
355 2202
1046 2720
67 237
59 1168
570 2933
2512 1032
2121 2375
2964 1799
562 1340
464 1455
548 3000
1668 1447
2822 2251
999 538
1900 1157
5 2346
2458 2582
2712 1095
2355 1608
366 1469
1500 1200
2784 2723
4 568
783 1283
2142 154
664 2613
1472 2132
2448 1339
2033 1434
61 2998
1048 397
1389 2463
1231 2510
688 964
1787 2626
632 2726
658 2122
2520 1785
2585 383
169 2061
563 302
681 1978
1186 1139
2208 1745
2310 2485
1838 1539
2924 2355
1434 351
592 903
1164 223
1641 944
2131 2031
1251 1183
459 2013
2384 1142
42 1329
2501 2606
1942 2078
415 2745
2707 2321
288 2337
1741 2538
1526 429
1076 2680
2045 2259
1873 1830
1162 2687
2194 1299
708 347
1680 1994
2899 2709
2527 2157
1228 1867
2334 741
2499 404
1084 400
1666 2735
144 1390
1827 1897
1083 2613
2348 2379
1817 472
2542 1686
922 678
2829 1749
1026 2047
819 352
1759 1734
2558 2322
635 2717
2359 72
1842 411
1845 1212
402 1555
676 1579
2285 1193
425 2895
1140 2701
2162 324
176 2740
2280 1384
2780 1091
1293 1772
1646 2196
1633 844
1064 1789
2624 1877
938 2718
1713 591
2089 1382
2014 1277
504 624
1915 50
491 2542
2200 286
273 2692
2863 205
2277 2403
718 2984
2802 775
200 2654
934 1050
1957 1838
2993 1988
1214 1014
2652 710
2015 283
2540 517
2661 2156
2210 345
972 737
1598 2915
2511 494
2214 641
2099 412
649 122
724 613
2160 904
2066 1898
936 1691
1328 2921
121 2988
2114 1149
1706 1045
2616 1253
1116 2747
1893 2254
390 1900
1348 1337
1387 676
2569 1085
2234 852
408 1901
255 1594
896 185
2486 793
1247 1887
433 225
884 1353
2120 1126
1765 87
182 671
276 1602
2488 866
2020 1215
291 307
62 423
325 2103
2937 2658
511 1283
556 2052
647 383
2439 397
516 15
2426 2031
1916 1454
2530 592
239 2243
306 1667
713 998
1100 2149
2381 2421
65 1773
2785 613
2998 2617
2627 2358
961 2645
1605 282
1791 590
53 1228
1946 428
2060 2245
743 2974
302 1486
2546 2410
1040 1188
74 2870
1803 2825
181 1851
1367 2380
2436 276
1558 1632
2427 2327
2152 2455
2083 2885
1691 421
503 872
1816 642
627 2125
2623 1715
2300 1246
450 1783
1812 848
75 746
301 1926
702 2246
2354 972
2028 616
2794 938
2032 1636
2299 2021
1039 2144
2364 267
1616 663
96 2263
1341 887
1574 2212
769 782
194 1777
1269 2739
2674 1037
1965 1661
417 1837
2225 985
2633 2235
2111 1705
305 1575
1584 2857
1863 2492
2236 728
963 488
2179 2570
2688 1270
377 668
1725 2905
1120 160
2916 1251
1151 2713
2861 479
1906 2524
901 26
2265 1090
2602 2987
1824 2539
1576 2118
1545 2845
2575 909
441 1411
976 382
87 703
678 2995
1685 2491
225 2632
851 2002
1553 1548
218 379
2353 148
2851 999
332 1868
551 455
1642 2620
1625 1522
2064 559
859 168
1153 904
2598 1143
509 1916
881 2719
238 2495
319 2687
2984 120
2597 2749
189 1482
1185 2399
904 971
187 1605
1868 1985
2582 1550
793 990
1020 593
129 229
2868 2486
2743 581
1440 1269
2557 1863
964 1109
2206 821
264 718
2650 2208
926 368
2732 2900
1761 387
360 1152
2168 2475
309 1003
1729 1663
2390 1949
903 2415
1220 2073
486 2368
1575 1324
2347 2437
1330 2462
2373 2969
1459 1211
691 1732
1581 653
1844 399
2786 2005
427 2967
2461 450
2446 175
285 2232
1047 1531
1542 77
483 2829
1714 852
2076 2902
1589 2927
1390 800
40 2619
1392 419
1182 2051
2445 1902
1385 363
1444 2623
830 1442
2845 1086
948 2665
650 1633
1190 2212
2848 1997
871 2652
765 800
1230 2231
1554 497
495 1037
2888 2346
1730 2476
1856 2896
230 2452
1207 2177
63 610
2717 1728
911 681
1504 2950
474 365
1968 1440
1424 2027
1660 178
2521 2850
1620 1864
2589 2285
2313 2519
2576 1361
660 112
2555 1299
1466 2197
1079 2495
1527 2324
888 588
2248 1272
1793 2193
1477 1023
2345 1181
2091 1665
761 1852
2988 1296
1941 1516
2102 243
174 758
2551 808
195 2903
2469 5
2815 2150
1057 932
2700 1884
152 1754
2259 615
2919 1190
2969 1871
429 1984
2547 946
1510 2322
1396 2413
1202 1087
356 1401
2357 237
942 1716
1982 1976
2758 1069
2019 332
2769 1630
158 232
197 1233
177 2113
693 634
1531 1800
535 1053
2133 2971
2505 279
2292 377
1031 1144
1208 218
2343 1392
1152 308
1950 2742
928 2018
1416 2899
1119 953
1460 1885
1411 1065
57 2207
1130 1569
1270 330
1840 539
2567 1376
1517 1893
1628 2914
552 219
536 2843
2161 966
2052 3
1338 1396
1302 2687
795 2752
668 2227
2796 1060
1004 169
686 1189
1899 1779
2344 1155
2778 1892
2432 1712
1171 2451
1187 1644
1996 543
710 875
2586 1908
2233 128
1398 253
2903 1943
1684 2106
1699 1538
1280 1042
362 2292
679 865
1023 2694
2697 1462
2762 1767
1370 608
2415 422
1912 2716
380 2418
2975 1832
1369 167
618 2030
2207 981
1505 1983
763 615
363 2859
1374 1370
1645 469
1344 1573
1255 487
290 320
1999 2944
2400 2973
2175 146
1486 1520
538 673
2949 1146
1019 836
2614 63
2124 1941
1041 186
2366 1646
251 566
1099 2562
271 548
683 855
424 2314
2289 1673
771 161
2930 269
1810 473
2156 1720
1780 2148
2659 2964
2301 2420
1395 2699
2443 2083
1375 1154
1350 1672
1238 1825
1935 1247
1430 2017
1173 900
1669 1266
977 2843
955 2309
2312 294
497 177
706 2488
157 1698
406 1226
2241 2565
166 779
1934 2791
159 805
1695 2884
1967 1981
1854 2627
1799 2209
583 483
398 2404
2515 2400
723 2365
293 428
1675 2229
154 2521
2130 2006
397 960
1425 2235
1650 1989
2808 1344
1604 2651
663 1679
2077 2432
704 1655
2857 2858
1578 839
2839 2889
825 2143
603 2637
2023 1657
33 353
1442 2854
480 2218
2 833
741 2412
1700 1638
818 1924
2915 685
10 360
2329 753
2913 1732
254 1465
1716 1628
1663 1314
2543 1788
389 1225
2090 1759
1825 25
1733 1769
266 188
2087 845
270 913
2331 2721
689 1769
600 2264
872 1420
608 2578
492 2368
2034 915
803 1610
698 191
1933 207
2101 1831
2870 1756
1954 1544
1926 141
1189 2342
1546 1044
2279 2744
2059 2660
813 2556
533 1759
1731 2356
447 2518
2946 1675
2740 1528
1431 1840
101 2481
1776 1391
735 1402
206 704
1683 1642
2562 781
1632 2329
1975 1934
802 2282
687 1072
340 1944
1188 2275
2176 1726
764 440
2286 1257
124 2313
2630 1570
2537 2088
2773 2798
328 854
869 2440
1427 2276
1987 670
1417 61
2422 969
2058 2649
1262 2155
1353 2573
2298 1484
971 1418
1715 606
243 2996
2535 2423
545 1172
1482 222
451 2388
2074 2901
456 1920
374 1682
1852 2548
2900 1217
945 2688
331 2933
943 1969
2153 1132
1770 1230
282 2691
1739 2483
1587 2823
998 2179
2842 808
2118 1743
1570 81
1565 686
2007 319
531 2841
1146 91
1053 240
1326 1426
1980 2811
142 1899
2881 29
1983 2677
1705 1955
899 214
500 557
93 1631
1569 1848
1927 2162
2304 783
2675 378
1848 1998
234 2893
1042 289
2402 1931
2967 2206
1515 343
2454 1487
988 623
1063 744
247 1521
2144 2664
2962 796
628 1271
100 1424
475 210
1156 1836
1682 2799
2902 2780
844 394
1917 265
2869 1876
2867 1082
2403 2287
766 1474
352 1484
1841 455
434 1318
707 2883
1115 1643
980 891
2703 2165
2714 7
894 901
2127 1782
1904 571
2559 2152
1785 142
882 282
1235 2164
2457 208
2838 2520
2651 1615
965 1577
2293 1062
2018 441
171 2792
2619 125
1388 842
782 2144
790 2433
256 436
1093 2724
300 167
2372 298
555 2028
1022 1423
2258 2070
216 1117
1159 1424
1870 1501
1086 2757
2755 1362
958 777
1345 2440
1397 1911
2027 750
2493 313
333 908
2995 1493
845 1554
1090 2158
716 2569
2386 2772
2731 2536
2006 2602
2496 134
16 1858
1489 2296
1017 1669
349 2707
2725 1808
1908 1843
119 1576
414 2898
2199 543
1509 374
2974 894
2646 2108
673 1645
1944 1204
2440 1485
1918 803
443 2201
66 929
499 1182
2252 1495
1107 2224
1383 1923
2041 2471
1757 1991
2587 1522
752 2732
2352 905
1373 1122
1499 2147
1964 2190
2872 1019
2228 1791
2666 602
2908 1209
529 1274
1268 618
2657 1992
2578 1763
1552 51
617 1144
2151 637
1989 1526
1138 874
1763 1804
260 2217
2044 323
2335 2815
1891 1503
1249 2909
1503 228
1874 2379
2055 2317
586 2388
1346 2494
85 1552
1885 1185
1585 460
1590 2186
1413 439
227 412
496 787
1538 609
2362 2281
1058 2366
733 2882
1227 2913
2928 1665
808 1834
2104 2952
823 638
2593 2319
102 1389
1864 847
2824 798
2987 813
1583 166
1009 2178
951 1987
449 632
1488 457
2768 514
2256 1434
350 995
1443 2395
1993 1450
2921 2274
2368 2290
2294 2589
2383 189
364 1854
1043 934
2855 119
1826 1676
1611 909
1548 99
2110 2429
837 2269
2307 1713
846 1730
2163 2953
263 196
79 2042
2326 1406
170 142
527 162
1911 2392
2417 925
1823 1634
168 639
1291 843
2550 2647
2548 1582
1206 2141
2844 1196
2970 665
476 92
613 2998
2022 2466
2877 1036
839 1952
2958 542
2451 423
2643 2339
742 918
2997 1766
2438 2423
1007 1870
2282 2762
361 1463
2231 2283
740 2406
2973 2525
1878 2917
1457 1333
2920 1085
323 1803
651 1436
2016 2561
2011 2710
155 746
1364 2892
36 1606
2473 1438
244 1835
2046 2649
58 202
2079 2896
1821 2383
1653 1457
1468 446
2218 1498
848 1315
2246 2814
1105 2434
1612 193
55 2625
513 2923
2992 1980
1652 1181
1335 236
1377 1452
378 948
1453 1494
1286 745
1661 2332
2125 2639
2013 1954
140 1850
329 822
2358 76
418 2718
2491 2459
2243 496
1502 2464
104 2588
401 2662
150 1009
2860 272
1524 2460
2185 67
1507 1515
1857 693
2053 224
507 955
2103 2527
330 416
1172 1597
1312 1720
1339 2618
2843 2077
1088 631
1539 1697
1474 1936
616 1626
2982 2390
986 1635
1309 2946
2398 20
1003 2594
2715 824
620 751
969 37
1985 1365
1218 1612
975 710
2892 1368
575 1798
2042 627
2419 959
1963 1194
1354 1731
405 1523
2165 1220
2875 2881
890 2333
1101 2756
960 2238
779 1020
258 930
2339 962
2212 28
1679 1201
1002 1945
472 1060
2952 736
657 1719
1724 1288
565 2564
876 195
2759 340
1958 373
560 56
1923 1140
2502 2100
2238 1729
2031 1968
2447 1008
369 2237
1233 102
1929 280
995 410
1011 372
413 409
811 1498
2262 831
2424 1903
2972 1717
2944 996
1372 1268
1969 1105
2263 1414
1343 307
615 1933
2678 2563
1062 2367
2541 955
2213 982
653 124
88 1077
1150 55
26 807
1195 1662
108 48
2999 2976
94 2553
1401 408
2904 2586
2708 820
336 2918
1789 771
1790 816
2287 601
643 684
2072 2382
99 587
1651 2233
373 530
2482 1695
2476 1567
1822 589
2925 2790
1122 2711
420 2461
1850 1254
966 2874
12 896
2936 1415
1298 2569
2682 60
690 1257
2783 804
92 2607
2955 1574
956 2473
241 1143
815 204
2000 2692
2906 2192
1320 1570
236 973
221 399
1689 1740
487 626
69 1435
1624 358
2412 2614
794 2885
2940 708
753 94
526 32
2748 2940
2742 1478
2157 1095
1029 1256
192 2926
43 579
1659 1281
850 2966
749 396
2670 2733
1774 722
2728 1451
112 2381
3000 2841
997 1458
1426 2511
341 427
2178 1417
426 2445
1015 1300
2242 2000
1285 732
2388 1826
217 1422
1135 1002
321 752
962 2034
468 1714
2376 2734
2260 1845
275 2513
561 350
2503 529
952 892
346 563
2622 1419
1888 1647
249 2345
1290 277
1360 991
2351 2228
267 2080
1871 526
1005 650
358 503
987 1516
2483 197
2523 2271
731 1622
1631 1855
1508 1531
2729 2740
2010 1806
1380 337
423 303
1410 2877
1209 580
1981 477
2069 1746
947 775
2444 191
202 802
2645 2985
1044 2063
2126 33
2990 2211
1110 1291
2349 804
478 1031
1307 118
1692 1942
2938 1789
172 1783
696 1890
28 2404
1886 2942
746 2907
1114 2454
1601 2304
1754 2407
719 116
2672 898
1786 2583
2721 2700
709 1123
2062 2775
460 1596
287 497
2320 1747
1491 2906
44 1077
1919 235
2986 2299
2205 2139
2799 187
2573 2659
2910 417
1082 184
2560 2014
2859 650
796 1024
1726 1173
82 171
1305 1507
2370 2625
2504 2564
2394 1062
1591 374
1721 1752
2711 2138
1256 2044
1959 859
23 1290
2745 2109
479 2966
2800 490
1860 2033
2336 629
891 2661
1602 271
810 759
274 2044
1030 1437
2254 2428
2889 1153
2798 630
1777 851
1198 379
2812 1613
1315 1614
268 1110
139 518
2532 2205
2994 2965
929 2628
2750 1600
989 568
1275 255
502 2022
1494 89
1382 1079
2193 2748
2038 1741
1282 546
553 1572
2968 911
1450 2185
866 333
1071 2888
1409 1820
2620 1158
2942 211
675 2821
2054 2909
334 2660
814 537
1284 1397
1655 1689
2037 1039
2847 53
2957 1623
8 549
2782 1537
1839 263
645 215
1925 553
2430 447
1363 1035
1129 535
2481 2083
912 1316
1520 742
2413 381
1056 252
1169 498
2078 2256
2680 942
878 2850
2950 1637
1357 1805
954 2144
2858 104
1250 953
127 856
2113 755
1303 2751
656 2568
804 2001
2223 652
591 1097
2853 1653
858 1996
1597 2849
89 173
667 1311
281 2577
585 2247
1804 2230
2012 314
1580 1422
633 2514
78 1833
2009 478
1696 1607
27 2675
2380 420
558 2242
2148 2446
2414 2259
2173 355
2590 2848
1623 2789
973 2558
619 1766
671 2470
2065 2980
2751 766
1445 2518
758 1088
557 1879
893 2005
1201 761
2513 298
2188 435
2057 2682
1435 1448
2475 1004
1296 15
2303 2500
2989 2538
755 2422
2807 753
117 1966
1232 2512
407 253
809 586
2570 2491
807 123
167 39
1707 78
2545 1817
1139 1872
2137 32
416 1107
2644 2432
1258 2116
388 2216
162 86
37 2750
1901 604
2897 1062
2397 1915
1702 1678
2840 1102
2459 2478
1722 2240
220 2767
1242 1775
2772 1304
367 203
2465 42
120 1700
2825 2075
2738 1680
1476 762
2479 2294
1728 2689
2315 1464
2534 1010
2442 572
944 1764
2818 2795
1331 144
1972 2167
1567 182
1414 1280
1252 1627
403 1082
2917 1565
2901 2418
1750 1584
1858 547
2709 1906
1281 598
1158 2983
1498 2401
2865 2049
1563 2353
2081 1822
594 2066
1366 756
1117 117
1879 1112
130 1286
2730 1955
60 713
116 266
2333 2449
2253 1154
1080 1081
1647 1809
1534 136
950 1878
2391 2852
2538 1794
757 126
2754 2590
2408 1778
1512 248
2468 1837
2190 653
1415 1488
1203 2316
1807 1974
2611 367
394 2579
737 1174
1147 422
1557 653
1895 2691
1719 440
1329 85
841 1938
2342 90
610 1421
1798 234
2150 1961
1163 861
1866 159
2257 2805
2883 1496
1479 2732
2866 160
2687 2071
1740 2480
2948 459
2240 2161
314 1595
1808 1073
550 2856
1149 870
861 1295
49 754
1797 1461
2517 19
1732 206
2061 958
1973 589
1219 2612
2864 1403
1446 654
1428 814
2544 2224
2667 2584
2040 649
2733 786
453 2871
2337 257
2639 2812
2363 2326
2735 1842
2116 1271
71 2360
481 2135
1036 2997
1321 95
864 2361
1493 2827
2092 245
602 2764
1846 2215
2395 1553
2584 1953
1528 825
2508 697
439 2855
2879 2646
2612 564
2378 1029
1819 87
1033 1323
996 870
2945 1840
644 1181
2321 2958
910 528
2806 2376
684 1768
391 268
2350 1739
940 558
1990 1610
2790 1090
546 1506
1924 1232
372 1282
188 2704
2663 554
699 1203
700 2312
2187 1205
132 1099
1200 1599
2813 106
1181 645
1257 520
1932 2032
2338 2484
1678 2885
2518 2102
215 2307
1762 2938
2288 1542
528 1750
1205 2330
1102 1893
1347 2126
931 2611
233 276
530 1347
1492 2990
626 599
207 2695
2138 1402
428 657
2809 2273
2405 2112
136 300
2684 866
885 305
1635 1921
1037 73
2713 2808
1096 2134
983 1427
2621 492
1045 189
1948 339
543 1793
2115 965
203 2348
1501 4
469 2099
1241 1574
1308 880
240 362
1384 2006
1610 290
606 1128
2396 45
1025 2351
2441 1395
2648 1696
2811 2007
1324 2409
1853 2479
1236 1708
2423 1325
1024 371
1588 1903
607 1909
1091 978
2549 2038
2107 1933
1319 1106
1751 661
2215 291
521 2407
1495 396
1371 2564
2143 2872
2591 127
1769 92
1433 2200
1833 341
2996 443
1455 817
1805 2025
1027 489
1677 2847
914 2336
2429 1285
705 2696
584 1240
455 137
2506 1081
1876 2968
2819 399
222 2098
1595 2532
1180 1104
1403 1619
2098 2457
30 510
421 2167
1070 2008
77 242
2096 1534
1274 2354
883 2465
2226 2362
674 254
2323 2579
2638 1748
900 574
2134 1798
2247 1500
2805 2174
1035 570
471 1119
1830 162
801 2806
2965 480
1405 1336
2939 1179
2662 2453
1832 1221
843 2765
1402 2426
1092 1059
1483 2159
392 2159
2705 1459
2912 498
2716 1814
2202 1942
2625 1519
2169 1837
1551 641
2159 1166
2803 2793
751 2636
1393 2173
1148 492
1327 1648
1943 2862
1806 1694
1085 318
160 2767
145 812
381 2774
957 2857
1267 2561
370 1604
1400 1512
604 2293
1549 2306
151 1323
1614 230
228 382
1522 816
2777 1314
1556 250
1021 1366
1254 1305
2084 2153
1143 1996
297 1030
791 1983
1540 96
661 2683
68 2353
316 2069
1753 1620
1636 1621
173 682
250 1947
992 2271
1006 1640
2480 2671
2524 1796
2741 2498
2797 61
2452 2769
2404 88
2929 789
838 1267
1322 2554
1608 2248
1609 2883
1907 2395
1134 714
2047 2397
2514 2434
1452 1687
1667 1889
1976 1664
842 1342
262 596
2332 1416
452 578
2836 2448
404 1379
2604 467
2723 1
974 1872
2564 2621
1404 358
54 968
2776 1287
2615 2662
2882 2184
692 838
448 1367
2599 1925
1511 2945
2025 1129
933 286
335 407
2510 1525
2073 310
2330 2303
1910 2703
1837 1070
2466 1558
2566 378
1299 2151
2450 357
2377 640
2931 1733
2407 632
805 1653
2470 1000
581 2516
1462 1721
2224 2288
137 869
2734 885
1175 2864
932 1
2935 339
1835 1222
1997 1710
2719 1666
2609 600
153 1760
2051 195
183 800
1174 246
2145 2550
2681 1096
457 2663
2325 119
646 762
1606 1352
865 247
454 1875
727 2435
625 1163
847 873
2594 2509
2172 2681
2132 2551
2914 1074
590 912
2736 2363
685 2168
1613 2015
1136 933
212 2003
800 315
128 2386
2017 1751
1475 2040
2791 727
2579 389
2489 2686
1686 386
2281 1253
1619 943
886 1818
1738 2693
721 1113
2702 2081
1142 1660
1226 1408
1313 2187
1649 79
831 2937
2002 2898
2647 2824
1994 2609
38 776
2757 1374
569 2412
611 745
518 1387
91 1999
655 907
2189 529
1766 14
1735 655
544 2430
2601 2062
1028 2213
1454 1078
122 301
921 557
2539 701
1937 2949
2085 165
1800 2902
1356 80
870 1641
2296 2345
17 1759
292 946
524 2203
517 1016
1224 2771
2878 334
2317 698
2596 1167
1077 2308
1872 2223
1161 1165
444 2811
1170 1068
2340 2863
1664 2559
1828 902
2048 2788
1125 2864
2230 1377
1938 2631
822 220
2690 1530
836 1887
2966 1399
634 24
1865 1629
1362 1462
1359 1559
2608 474
2004 2986
2453 2844
1266 2012
2274 2091
1743 2927
712 923
2270 1618
466 2486
1795 1634
2327 1249
905 552
792 149
1708 711
1310 328
1050 560
2983 509
2008 2975
1640 1886
1931 1265
184 468
812 677
2753 2277
2123 316
1898 772
659 1563
2927 1801
2049 2931
2273 405
2956 1571
540 1186
1537 2754
2117 45
1665 2758
2563 2280
1544 2064
1052 2870
567 2868
1222 1076
83 2095
95 605
1223 1438
2574 1341
2267 1224
629 1715
191 683
211 2320
114 2329
272 2305
835 1968
970 1764
1260 83
1782 2239
2747 1098
2276 2458
630 1446
1532 129
231 1489
2196 819
730 1130
1342 1409
308 823
419 1380
1541 2743
1867 1706
1496 863
2804 52
1333 312
14 1169
941 2116
2669 2543
1439 485
259 2987
1032 2526
1727 2039
576 715
2264 2741
2324 2505
1742 2830
985 448
34 233
2561 1846
2409 917
135 2202
1710 461
2923 1566
1197 2210
2201 18
311 2435
1676 201
2283 1975
2425 710
1237 306
2269 1556
342 2254
384 2496
2823 672
915 968
666 1899
736 2334
1894 1986
484 49
1834 166
1698 940
677 1441
1484 2020
2484 1670
2309 987
2668 1260
2581 871
2477 1432
2617 510
1447 2560
1059 8
2305 2755
1687 576
612 951
1212 2851
1420 2176
1073 768
11 348
1191 1849
2232 2315
2191 2911
1199 36
1167 1762
2316 2766
2472 964
1884 931
2186 1229
732 1724
261 2110
2365 853
280 1116
908 1780
2529 1468
2698 1768
2629 2799
118 2408
318 1161
826 233
223 1835
1008 320
776 935
2737 448
2788 2865
41 1156
1654 1010
1627 926
2026 963
2399 2220
2781 1771
278 889
6 2765
2660 1294
1481 444
2455 929
106 733
2030 527
214 64
1332 1170
574 2856
2311 2904
73 2487
777 1862
1543 881
2209 1693
2632 731
816 1284
186 2086
1304 2537
856 1297
1210 883
465 664
2434 2891
505 2236
2094 376
2146 278
131 346
299 1195
1688 1491
440 2736
365 335
1734 773
953 1742
489 1057
2846 1656
780 2458
759 2803
1955 1533
2039 1891
2456 1655
2371 364
1300 35
949 2405
210 1326
317 2391
990 582
2871 694
512 872
107 375
1399 1338
2106 22
821 464
1166 2580
1594 2096
458 80
1097 2705
126 913
1001 121
1820 2272
1829 23
2211 2241
46 1399
235 2189
1966 1965
430 2385
1406 1514
2951 1907
1784 699
1697 2784
1108 175
2832 2889
165 571
1506 38
1471 2192
588 893
1213 643
1928 2981
1889 41
1109 1859
1712 2267
1072 949
2356 232
2177 499
2874 2454
2862 831
784 2613
2787 1986
312 508
1814 82
2827 1178
1365 1917
2075 1159
2693 660
2360 1829
652 2717
2167 2484
1049 1440
880 662
1154 2910
1458 1473
2291 2019
2158 1223
485 806
820 481
410 1731
2393 2233
2431 1939
2108 2875
525 1372
2880 213
1618 2026
2003 108
994 541
2155 2835
728 2979
2677 2437
110 1395
123 1094
1361 614
103 1547
1137 1708
745 445
1890 1184
2628 1541
2147 790
1467 544
1465 734
897 2209
2694 2301
436 709
1124 1261
1643 504
1723 2489
895 2808
2810 2012
2071 1669
750 241
726 2792
2387 321
2909 176
720 131
199 2226
863 545
2856 1723
2631 1481
1051 127
2640 286
601 2922
