3000
55 2426
1007 555
1135 2133
2597 2456
2963 2205
193 2377
2892 107
1170 1528
777 993
619 484
453 95
2051 62
1133 1522
132 1953
2680 509
2994 130
704 2254
2107 2836
2619 2445
23 1997
2466 2001
2747 525
2336 1176
756 2793
1102 2893
513 2688
2915 2459
812 1487
2163 2626
2036 813
806 635
1494 2301
1141 401
1511 2912
827 397
29 544
2012 2347
2489 354
1119 2027
1607 2767
2897 2914
746 2872
1035 982
1749 1918
1774 13
1337 2477
1835 1821
652 519
792 2637
1555 297
2866 788
2167 2729
1287 1197
628 811
1873 2855
710 2186
1698 1609
445 687
1471 2783
503 381
956 999
809 2892
2356 86
2399 922
2874 820
584 2164
822 794
278 844
34 387
1125 2468
1297 183
880 568
691 2027
287 31
1152 224
1855 595
535 719
2049 1609
1557 2677
2513 1769
2027 1304
1692 637
1717 1778
2478 1339
2125 1843
1349 503
2658 2279
788 2953
2829 1253
962 924
76 2999
382 1644
138 780
1502 1511
861 28
1090 2928
2092 2808
1192 2934
2819 2604
2828 816
2531 2148
499 686
196 2687
45 1790
922 34
1916 2301
2007 1650
1350 1586
1770 2707
1139 777
2593 1366
247 1084
2841 900
2877 1115
2505 2004
980 2988
2384 889
227 1444
2365 1459
935 1539
2973 2739
1879 1980
495 487
2497 479
1903 1408
246 2888
984 1089
60 1085
2800 1429
351 1328
1848 2351
1371 2219
488 2261
2287 2780
1927 263
1379 2534
1013 2195
466 2224
1063 1096
300 2050
2281 1354
2443 795
1538 645
2475 1599
516 1587
2525 319
2008 2494
1032 2305
2225 787
2712 1602
2500 2959
1356 1293
753 2488
457 2350
2914 636
826 725
1366 2969
996 1835
1514 1752
1581 2300
2361 2576
2992 1508
427 615
1883 740
48 1409
2904 698
2506 1309
1427 145
2736 1532
1533 1219
133 448
2899 2659
507 129
2857 724
2373 2371
1671 2561
2644 2068
1026 32
236 2904
1765 2160
2067 1866
1709 1721
50 2014
2566 1590
2632 2870
416 2411
1321 2233
2113 2204
2073 1108
692 2652
1761 2507
109 1345
1747 2664
1726 756
1813 388
1458 1156
1831 1454
1689 1838
1880 2218
281 534
754 1681
2880 931
1484 1313
241 2449
2542 110
494 2057
1198 2809
1046 2954
576 2540
1496 1365
1732 663
242 309
1663 2549
337 332
1416 812
715 693
223 2460
1757 583
2263 2471
2253 210
1343 1243
2183 2849
2635 1798
913 2596
2795 338
2170 439
2432 1421
883 1291
1325 2200
759 396
965 1157
563 23
200 1687
2103 492
2706 887
2307 2984
392 744
1175 253
2890 914
1189 41
390 2462
2063 2319
2176 2200
2796 546
217 155
1099 2499
360 1040
682 1782
767 53
510 1058
2974 1563
1954 674
697 139
2142 1815
1145 348
1017 695
1921 277
1239 1699
1072 2593
428 1342
566 167
906 1623
1509 1308
561 1877
129 1497
292 453
642 266
2035 2011
1080 28
2289 1486
713 650
2043 1323
282 807
2653 50
2448 2812
342 1750
256 2300
1403 961
2797 202
1996 2142
1963 2038
2502 2789
1393 1326
737 2703
978 2713
2875 2166
1933 1679
2192 2500
1323 1236
1936 2730
875 917
26 1400
2002 1750
2516 577
1981 975
2908 1932
1286 47
389 1855
1622 1314
2948 772
464 160
1194 2417
1216 1276
2039 2846
2560 136
2407 1317
400 2777
726 658
338 890
1775 1546
1251 452
2633 1669
1201 1478
250 2843
1037 816
154 1156
1108 360
557 1849
1500 37
2446 673
1456 675
672 2421
2627 1731
830 775
335 77
1699 332
2777 728
2571 219
1261 1987
1559 1514
1634 2861
2220 2843
173 2878
2298 1294
2310 281
1003 2895
122 1544
1011 1195
1315 1065
470 15
580 2494
2548 123
373 605
2654 1056
1157 2049
2240 2760
2556 808
1016 2515
2227 259
1989 704
1666 122
836 1175
632 1143
2659 255
1750 336
2610 473
6 997
2645 438
2770 2555
1756 966
673 1004
681 140
285 556
2863 2140
1313 2614
2345 167
1264 2731
1266 182
850 1013
41 494
2943 2241
1229 1790
2510 1220
1161 320
2471 2806
2141 1739
2976 2363
1109 2328
1632 2074
410 2246
948 2766
3 1142
1249 1779
1147 80
1733 2599
1893 228
440 1680
2433 19
1922 2210
1042 1755
2096 851
2066 882
2235 2513
2912 539
1631 1767
540 407
2357 1481
1667 169
1825 238
259 969
1227 503
376 990
1489 1447
2194 2274
933 2174
174 1068
359 1356
2565 2761
2732 745
1974 4
1997 51
2248 2004
1882 1234
485 2669
1354 2603
1126 12
2312 690
840 1239
2198 2124
341 2504
1679 1928
2572 1929
660 1280
1040 533
1786 1082
2042 1864
2660 501
734 2399
2971 1575
1166 1787
1958 2366
1342 2810
709 2303
479 541
1630 1740
2112 1747
1889 1344
1092 903
2041 2871
2126 115
326 691
1700 1813
2709 2089
2397 962
2147 2071
2354 243
2763 2320
264 2302
2791 878
1768 2962
1646 2519
666 2230
1968 928
2950 1038
465 793
1066 1989
1238 1271
2335 588
2026 2056
506 1842
1864 257
1652 2349
369 2064
2271 1888
2272 1319
2266 1062
640 944
213 2308
552 2805
2587 1371
2355 2246
1111 1682
560 1251
1330 11
750 1617
1690 1226
1654 731
2511 2641
1782 2768
918 730
1367 1688
2940 1086
1095 2234
1544 1915
805 790
97 847
1657 1027
15 1280
2292 1396
2722 1870
2069 2776
46 1441
311 1815
853 1763
1199 2659
1994 739
2966 1175
1531 2811
1424 1567
1292 1462
2789 1723
1941 1346
70 2611
2486 2430
2561 2024
2485 2336
2767 535
407 1287
1993 2210
1961 625
2649 2445
2395 432
1307 2649
2151 2532
2969 2916
1628 2360
313 340
757 2099
90 2863
2508 2657
578 2110
639 2759
1140 2286
549 2106
2213 127
348 1402
558 509
370 1551
2333 1688
1777 1887
2533 1804
59 1609
1383 1933
1299 2361
1887 1744
888 76
2451 1940
909 278
82 2633
1888 1022
160 2325
816 2386
1568 2224
1000 1452
321 2026
81 152
2492 1039
2978 713
851 100
1827 578
2061 2080
1060 1172
375 1650
146 2112
2573 1025
2790 535
89 175
2620 1548
593 1282
679 2202
798 1550
924 729
2276 2661
929 1071
1746 1674
2047 2100
2429 2927
1132 2595
2772 2682
1488 1846
2836 2962
2520 1761
527 508
2602 1774
68 479
1723 1473
605 624
916 807
2820 128
554 1545
1100 909
2727 164
2201 170
1719 1968
20 371
468 1060
1973 2443
2188 1740
1005 1055
1247 1010
2629 1361
951 1516
2570 2140
2340 1206
2589 2126
2238 812
2132 2482
1053 2624
2997 946
2768 1277
2011 1285
1842 2878
1031 1549
585 2811
931 2719
2716 1709
1339 1170
425 124
1988 1424
2781 585
1482 2274
1987 2222
1309 983
1086 1146
262 430
1983 2248
2075 132
891 941
2068 991
2865 561
1406 843
188 2425
354 2924
231 2666
865 1857
147 2358
678 2250
1047 1753
661 755
1648 1372
2412 407
1327 777
476 1290
1487 2521
1137 631
1182 1207
2895 1050
118 101
377 2306
1547 2742
1704 2694
1792 193
2871 2906
2735 186
75 757
1534 82
1998 1272
2608 2046
1532 1
2025 764
362 2516
249 2510
2893 405
1905 1138
1333 2376
1535 2103
1059 2207
556 929
226 38
667 112
16 1131
2360 2130
2886 1601
2390 2436
532 2084
2003 986
1043 1397
2514 2606
2417 788
2217 1663
1810 2446
2567 796
1599 2306
547 2326
2987 83
1268 2019
2931 1736
2322 140
1804 1279
1513 2535
1522 959
1844 1557
482 1694
1896 1712
2498 2008
2630 2136
972 1758
2330 1205
1710 1873
2024 92
80 2745
1181 901
447 2738
310 2970
1483 653
1188 341
2640 2624
747 2634
1232 2016
1894 207
789 941
607 774
1464 819
1707 2770
1702 50
435 61
1920 1994
1064 1735
2306 2157
2669 1555
1359 1805
1115 1468
2956 1047
967 406
2368 2496
1228 2933
2089 924
596 2136
2495 605
1741 2465
1567 1898
712 1789
383 39
204 1457
2070 2115
1091 156
772 2722
742 1223
1898 1246
1787 1623
2574 2406
2666 1564
480 1069
1573 788
1612 2447
656 2393
1050 244
683 517
2416 1247
2060 103
1571 1955
1425 1388
1508 349
2299 456
2703 1711
2694 1312
1283 1215
2655 786
2934 417
522 2869
2982 1955
436 1123
415 2546
723 1409
879 614
2922 175
2450 2060
531 1152
1816 641
2472 1198
92 195
1970 1313
1277 2613
402 633
1818 2112
2576 525
2594 1347
2901 2114
2739 527
567 820
1962 2028
289 1225
298 2257
1995 2865
892 1757
2094 457
1828 2388
2493 370
1584 153
2954 1605
1134 2100
1143 251
2884 1014
1977 328
2832 497
553 1764
1909 2758
1545 2764
2149 96
2684 1098
2153 2111
677 911
1382 2535
2575 1456
2843 1374
2426 1352
1332 712
2431 1203
1975 1269
473 2282
1271 2886
1213 1131
946 1515
2140 871
1061 2459
2613 634
339 101
1966 1928
1799 2813
2711 361
56 2103
2146 176
25 243
19 2525
497 1111
706 15
595 2844
1290 1070
1858 2946
2028 2542
1431 943
839 469
2344 373
1074 2227
224 888
1324 225
2942 1139
2080 2943
1520 2275
2526 1256
1854 1159
2210 117
411 1960
1495 2675
1953 2384
994 2585
2519 1803
630 2834
762 2925
1665 2610
2670 1200
1660 936
1964 1112
2869 997
2585 1465
1504 1685
751 549
2329 959
2191 284
2551 963
665 1439
1951 2577
2916 1805
2228 354
938 2444
643 236
1563 572
2838 1484
1276 1892
229 408
66 366
2909 2800
899 552
1211 2135
2588 1543
1173 2579
1919 1075
1436 2926
1843 1631
570 630
2705 494
664 2973
2803 2243
125 843
687 2583
1009 2455
2303 708
1158 1547
1285 607
2171 1205
2229 1731
778 2022
1039 829
2818 49
1918 88
396 1622
864 2842
1008 1782
2550 947
2734 2052
2084 746
1025 2899
452 1814
2742 2187
2607 1601
336 266
1606 1804
1461 2972
127 1500
2755 1754
2021 2980
1474 1161
1254 2741
111 2877
2509 2161
992 630
947 1288
450 528
1819 411
2350 1103
2468 1135
1643 2124
27 1351
844 2710
1311 2034
1619 18
2296 2359
1869 44
1154 196
1773 514
2905 2928
2639 626
2314 2930
2592 2996
2311 2703
617 2666
2482 964
555 2337
694 1985
960 1295
634 661
385 1067
11 2775
394 361
1870 1775
1934 823
2425 2938
1569 804
1153 205
1010 416
626 2686
702 776
235 2481
2218 465
545 1527
1528 1943
2700 922
429 485
2143 2263
448 1318
659 1461
1129 1455
1636 258
550 2988
745 2572
1716 1154
1847 1420
1758 1891
548 198
2380 2067
1081 2435
541 798
355 2503
653 2814
207 2926
2568 867
2114 181
205 1061
2157 190
2264 457
2393 2249
739 2950
2532 185
1617 315
1089 1016
1769 1256
2534 1949
1466 1592
2728 507
588 965
1388 1625
803 2423
2740 902
1178 2340
612 1743
114 1612
2428 571
1585 74
412 487
2245 1482
1616 1994
47 1827
2082 142
2631 1245
1417 1676
831 1014
405 511
1662 1816
1703 2281
2277 2495
1868 2559
533 2132
1419 1561
969 1683
2004 933
2154 2564
2724 1495
577 359
105 2586
2647 622
1071 1969
2539 2225
2947 350
1168 2095
1618 1942
1394 2615
1065 2196
1062 2176
2283 1449
1978 179
345 61
397 2669
1734 521
2903 1685
744 114
2675 1438
1106 2659
1939 1384
2445 1934
2688 2030
2952 520
638 2967
2792 905
795 2720
2864 1516
17 58
2557 2735
915 2169
1830 2738
740 1948
10 70
1338 374
1345 2248
2569 2071
267 230
2970 461
1840 946
1052 1519
1766 2479
1375 201
2584 862
1506 1128
2762 2237
602 2050
225 2162
116 1849
542 922
14 1438
1915 1125
1598 269
102 1345
424 2954
421 2396
2553 2594
2721 2987
1623 141
1429 463
1279 2255
1087 2537
2392 1963
1402 1020
2713 2979
1226 2116
1021 1203
1273 1753
91 656
1191 1998
1280 335
701 628
463 1302
1948 2462
2465 2019
508 873
1794 436
2197 2078
2910 915
30 2115
1068 799
1942 89
1582 2663
2086 749
346 1163
2662 1496
1647 560
932 970
2145 2689
2232 2275
828 2246
989 68
2981 2559
1930 1374
61 1035
2290 845
1028 1928
1193 2170
835 2599
2106 2648
2784 809
815 2625
2778 2452
1675 2145
156 2290
887 796
159 2725
1686 2539
2701 1858
2268 1730
2965 2862
1904 1608
616 499
2302 1364
1578 783
2189 179
565 2236
2236 2091
614 2238
469 1237
519 2051
2928 1340
1301 1601
2870 261
581 2173
1410 2135
770 782
1957 1506
1486 1673
1473 1991
1693 2185
1067 2820
1863 2314
74 1299
67 1645
49 2287
1196 547
505 1381
1644 691
1720 162
1527 2674
168 2981
2682 621
1318 2973
72 1959
1233 2575
2961 1060
1877 2967
852 1093
58 1081
172 73
1430 532
2457 977
248 1560
2559 2438
2050 271
1340 1238
202 2567
2444 450
185 131
1225 1006
1980 550
85 2012
2860 602
1004 987
1593 484
855 84
1267 1263
1490 2965
1420 976
2999 2890
2351 458
1711 2251
502 2661
1738 1871
2521 770
1910 323
2503 2753
1212 2773
496 2681
1562 2483
4 1284
2179 2548
1449 2422
293 2699
419 2567
379 1945
409 2359
2072 164
873 379
307 1961
2628 282
1862 202
1020 120
1107 1058
108 2781
675 1921
1621 1228
811 892
2379 2815
2180 2019
695 2845
2524 687
269 2692
1753 2078
343 393
1890 1503
1565 148
1556 790
1294 2280
586 1476
308 176
347 2453
1418 1011
121 1571
2173 1145
1144 678
106 2602
21 2650
1740 932
1583 897
2396 1777
591 2531
1353 2081
1601 1701
1253 2064
1472 1376
2733 2500
2661 1324
169 1574
543 709
1503 2594
2708 538
2998 1404
365 61
2923 1681
1457 302
2543 2906
84 1175
426 1239
1853 2147
484 1686
693 2172
1097 2470
1104 234
2664 1730
2714 449
1444 218
1352 1648
2668 1665
1523 846
148 2627
2250 2698
79 823
1165 1488
2439 2312
2667 150
1174 562
2726 2588
301 2275
1752 632
1369 2047
1772 322
2833 233
968 696
2029 1663
1439 1917
1849 994
949 704
2546 2106
243 1848
953 905
189 2891
451 2397
2123 217
2529 2813
1231 2441
1728 2784
1460 165
1459 1951
1446 857
1650 2517
130 1041
1465 1841
2327 2644
1744 2262
276 759
2156 549
871 803
1128 1417
2324 2574
1150 1555
766 1457
954 1603
350 2879
2099 2711
2158 1559
251 762
2347 321
181 1952
2993 1143
1316 1118
95 1427
2626 1173
1609 1492
1491 813
414 1337
471 2676
2939 1239
1797 2957
2348 2592
1085 1213
1312 613
1272 1974
2182 782
2398 1491
408 573
564 307
2757 379
2138 78
483 2467
2460 343
1082 2449
804 2847
1401 2470
2033 2114
2945 2453
1837 695
2169 2581
2325 2937
2095 835
631 850
1615 2476
868 1191
903 2391
1823 342
1580 2735
791 159
2835 2216
1248 800
2474 1444
2849 600
928 2854
232 626
1876 1558
328 422
1891 2342
1433 2793
2135 1149
1685 1996
2212 1995
1937 2
2652 1210
1400 1893
1551 606
319 718
743 2432
2186 2221
2898 2556
1204 2541
2440 310
2540 2860
2129 974
1197 1852
936 1561
1608 2308
2825 2855
357 2177
1305 1303
1860 184
2957 2060
671 429
1222 1085
1030 1548
917 891
2802 210
1546 1475
2216 1115
2178 414
2430 2628
1274 2983
597 726
2697 1423
2578 2600
1426 133
893 2771
2996 1942
1006 401
399 466
2010 435
137 2454
1038 680
896 1074
1187 414
2625 2208
1932 1485
253 1076
228 2427
1801 2074
2260 1147
627 1279
1478 879
1240 1158
1415 2519
2741 1389
749 2044
2386 688
606 902
2420 2518
1587 1836
1771 917
167 285
398 2597
2622 372
1530 1644
1824 2970
1653 560
587 1091
2612 1591
2328 2475
2487 270
152 1873
884 382
991 2571
2920 1001
2320 537
1411 1822
1691 1809
340 2296
1640 1351
2764 1745
2244 653
2139 1295
2030 710
2535 1231
2267 1242
993 2595
1284 1064
2052 1184
1594 2260
277 1102
2780 2352
333 2964
1788 581
838 2123
2846 1922
1084 2817
175 827
1832 105
780 2714
141 2856
2164 1801
266 554
2174 2702
374 2442
1336 2685
590 2732
1223 202
1913 2339
1118 590
1289 2938
2150 1306
2580 2339
1517 262
1820 29
1817 286
2190 603
1269 205
2979 553
2031 944
2371 236
1911 66
878 826
1440 2896
368 954
611 2703
1510 1987
2936 564
2646 1797
2389 378
1965 2418
2685 2681
520 2245
1907 2656
2000 745
1450 1970
1041 2668
1171 1503
785 2424
124 753
2517 2829
1846 2309
1748 105
1376 2202
786 834
1186 915
456 2125
2868 1446
854 2462
322 1970
807 903
986 2587
433 2324
1553 1866
1833 1341
657 423
2419 2971
295 1554
2638 2669
1215 2271
2382 1261
2854 1869
286 2270
1255 2727
1190 743
1651 1492
1945 119
2879 2299
363 2133
1368 2580
1112 1856
51 2102
2040 335
208 1368
2907 1884
2598 1284
1162 364
1167 1826
774 2372
2798 2016
71 2296
1577 437
719 1329
317 2818
559 38
544 1332
128 2498
36 2179
1579 2525
1950 2203
758 2736
2782 555
237 759
5 1784
2679 2627
1781 235
490 2165
1521 810
662 1644
990 957
2137 2314
1742 2942
2377 1178
1806 2718
2885 575
1101 471
1724 1595
808 1299
2349 157
1407 176
856 458
571 2425
437 2670
1114 1345
2624 1207
538 53
1073 1062
1543 1161
1992 1315
136 958
2364 87
1924 1772
2788 425
290 2969
2558 759
2196 1607
2617 2835
2056 806
1130 2944
104 208
2595 2164
1821 1192
1959 2273
1969 971
1681 50
676 1927
783 7
304 1194
2370 2478
1836 1003
218 109
214 1432
1300 1252
2623 2463
1589 1670
797 699
234 2105
439 505
1529 1940
2221 623
1022 574
2719 655
1462 242
1576 2590
2953 1785
2924 45
1972 1541
2793 747
2806 375
2071 249
610 1079
2618 1548
199 398
2858 873
194 2987
799 1629
603 689
170 2728
817 1784
275 1196
1282 1254
2193 22
1156 1052
2937 1322
573 1260
727 587
2786 2272
1438 874
1536 2723
271 1912
388 1662
1355 2403
1262 1977
1077 97
2604 265
86 1696
2442 2137
2483 2824
2337 444
684 1458
1002 1099
2341 791
939 1586
2334 776
819 1305
2109 2642
1561 1780
1501 1239
1796 1629
1908 747
1592 1394
1595 942
1328 2265
1096 1766
2166 1911
621 12
1219 1133
323 139
1885 985
2779 2032
1845 2773
284 1643
203 1427
2725 2501
2332 548
2404 523
504 2061
937 1231
1075 2284
2930 628
87 2152
2108 2087
622 2493
1566 1765
2753 757
2252 1594
2850 860
303 2654
143 248
449 1882
2986 1630
613 1657
644 1177
2014 2025
316 1604
921 940
1317 2143
1620 996
2873 2078
352 2097
2887 314
1308 696
598 1903
1302 833
198 2551
2282 2179
1298 2964
418 2043
252 663
2674 1130
773 2840
1572 1989
2637 1691
1398 2456
1906 167
1649 2651
294 1698
1120 529
1785 2823
2065 216
2418 684
475 2032
2081 2544
443 1248
1791 2047
2810 2502
1012 1162
35 1471
833 1806
802 2994
1760 813
157 1671
741 362
926 2776
919 564
1642 2466
2093 412
88 146
2224 1431
2577 2859
2467 484
641 1472
843 1167
2205 1652
1380 1521
867 275
1257 1804
1914 2354
2738 2499
186 43
592 399
2758 113
1767 2762
877 513
2665 2517
2258 247
2331 2911
134 1155
2411 1069
83 2236
961 2168
1540 601
2456 647
1210 364
2388 1678
1083 2440
2876 1127
1220 2454
1291 1712
2155 235
2794 2512
423 1512
12 2786
1588 861
1715 304
636 592
297 1364
2822 1717
2491 2543
2676 2067
164 756
574 2120
2816 1228
2985 1919
2990 395
1627 50
1525 2390
2286 1919
1683 23
539 2909
1861 203
997 2122
1455 1024
2383 851
113 1258
1432 2801
1246 2936
782 2171
344 1704
2960 162
1999 2292
881 73
2932 1535
458 2672
2555 2276
1477 650
2808 2090
863 304
1453 2758
941 2798
2656 2201
907 186
925 2857
2247 389
876 1707
2831 2933
995 2942
1928 1363
2648 491
1778 581
1524 223
131 2098
1498 1042
589 2868
101 1328
2270 1935
2805 1451
2926 2101
1377 2576
1434 1654
455 757
669 1524
1944 1613
220 1671
987 2341
65 2489
1602 1859
434 385
244 601
1288 1042
2554 2686
2317 1208
1645 669
2261 200
2611 784
209 2838
674 1090
1405 1189
1381 174
536 657
690 700
1669 2720
420 1109
1373 383
460 846
957 2600
2464 817
2852 1920
442 1531
2463 1039
2074 84
2400 757
182 866
530 73
821 714
2842 232
39 2874
952 2955
2410 1518
1730 9
378 814
2951 403
2549 2363
1334 1541
859 2860
2672 292
601 2231
2405 2455
153 2839
720 1666
2807 2259
1676 26
306 2854
1731 1140
2343 2308
858 2062
2295 1052
2233 1500
2787 387
721 194
1677 761
1310 2253
1803 1525
1605 2490
1351 2113
2476 2076
1780 1907
900 433
837 633
320 1664
2162 1385
1195 121
215 1109
847 2382
733 204
2187 1823
2902 1690
2249 2235
1725 1003
1044 523
2226 2055
2128 1236
551 771
736 784
2748 1231
2362 2795
537 2486
764 1187
1172 2716
955 1965
1203 2304
3000 972
2100 1241
57 2746
771 2484
575 2808
1374 2524
288 2350
824 172
2840 1911
1722 1865
1245 141
635 2965
2449 1007
2896 1230
2799 2532
221 2485
1242 2934
729 2949
1735 418
2338 1185
1881 664
1163 2033
2206 2674
2055 1471
2949 72
1550 2370
2606 246
1687 2952
2018 748
2034 1507
2215 1265
28 1186
1604 2381
2488 1320
1859 1393
1319 1792
1552 816
2946 2737
233 356
1344 668
959 633
2315 2686
2118 1557
366 2013
866 1746
312 170
1805 65
977 2541
2369 1880
501 576
1991 2416
902 1954
1265 2608
2246 2506
2054 656
2116 2079
2991 2200
2133 1403
1614 2989
183 1976
324 1292
1423 2448
2387 331
38 1266
1795 2463
1814 1043
882 2420
1737 617
1952 2020
2839 293
546 2391
386 1222
2771 1435
914 766
2693 2969
191 2325
2015 1168
930 2765
1899 2921
731 2563
78 2781
897 1539
2723 2763
810 2701
829 2828
2746 1566
142 1317
2496 490
314 518
1470 2880
1029 372
1116 1168
2111 2307
1243 1171
523 2520
2469 1653
279 1335
1960 147
2427 27
841 2290
1467 179
69 2830
260 1591
1990 475
2968 1208
2461 2085
1839 1517
688 1718
615 1295
752 104
1027 2582
1014 1275
2326 2573
261 2401
1122 2744
1696 1791
582 408
2211 846
2804 18
1475 1029
927 923
1208 2951
1826 1716
1250 1189
140 2907
1976 2945
1306 352
2590 792
165 71
2955 1300
2642 1051
2878 355
98 185
2181 694
2484 1412
526 1569
1590 2947
489 955
2372 1188
240 2244
283 1741
707 20
2366 211
2278 1426
93 8
2044 1181
2615 907
1358 2093
197 1542
1409 2396
1058 1872
180 1403
1136 2281
950 2389
1701 2294
979 2144
1670 2898
2614 865
1070 2704
2087 2673
2255 52
459 553
562 2819
2775 950
981 2814
1018 1963
2562 2517
2814 410
763 893
901 1914
2530 2261
2523 2145
1469 2901
2122 2940
800 1155
42 252
2251 1628
52 2316
1408 707
364 2868
517 1851
1637 2115
2826 1761
1230 2480
1897 1062
1923 842
518 267
1036 866
1680 1379
2005 2348
1838 735
192 2509
976 2821
2078 667
1641 1143
2651 1897
982 2082
2048 3
135 270
1613 1088
491 2751
2090 582
1304 1117
2641 1348
1329 2017
299 2319
728 489
1241 1470
1754 2725
651 654
714 327
2046 2087
144 777
2020 1212
2045 1089
820 158
825 1689
1463 2718
793 2269
2470 275
179 1283
190 1526
2881 1752
367 1441
1360 1622
940 468
1802 410
245 856
1639 765
944 2427
2447 497
870 2325
1476 645
1164 2422
2636 338
1169 71
716 2464
2851 1803
1736 1244
579 2660
2265 1008
2834 1310
1221 2615
1331 1122
1798 367
1684 1
2634 1281
1093 1792
790 2676
1949 252
1867 495
1259 1901
2091 436
2744 2066
187 2522
2230 2955
2409 2469
2522 2021
2088 2037
2017 1478
432 2697
2564 1190
393 2437
2750 327
2124 586
2821 1903
1901 1410
2346 376
2704 2364
2812 2319
161 1738
1387 125
2441 2986
43 883
2671 317
2437 1373
1673 2277
1209 2894
1207 284
2115 2433
1048 1988
1986 1326
1664 1120
823 2048
1822 2212
1558 2045
2813 2259
511 1136
2699 1501
1094 2792
117 391
2830 568
890 2393
2962 909
1260 2368
1435 1001
126 2314
492 2457
801 570
1263 2211
2477 978
2385 2442
2269 2512
2438 1565
1629 404
1812 2385
834 645
2473 2280
2917 2226
703 547
2234 815
2845 2514
2254 2547
239 1724
119 706
2479 1049
2859 2708
945 1913
2964 1121
1591 794
22 2932
1252 1886
1762 1679
2967 1405
2583 839
2499 2629
730 926
2601 647
1789 1570
1113 576
2605 2101
1708 1968
1421 1278
1713 1331
1516 2657
2774 1425
2454 2041
2515 1444
2339 283
64 2671
2117 2350
2481 424
1056 235
257 60
2547 956
2512 1011
472 1458
2243 1329
700 2461
670 1127
963 384
905 2399
1947 1980
2731 2369
1492 2199
467 604
904 1170
272 1865
2452 1799
2504 1613
2185 1527
2274 31
1454 1105
2988 1383
2159 397
391 895
2681 1342
2972 1677
848 2961
846 715
1131 2431
973 2120
206 2406
1892 1343
329 2685
178 2307
2811 526
1177 1179
654 936
985 2318
2403 677
604 2932
2130 1447
1205 1080
1468 2252
1236 2902
1518 1227
2776 2633
2824 1926
1034 2403
1049 1720
2273 2288
765 177
568 329
983 1693
1755 2848
647 233
794 1063
1019 205
2204 506
569 2715
2391 291
1452 2883
1931 165
1322 2972
201 325
2121 2426
2663 742
461 2163
1123 1240
222 2626
874 2183
1519 24
686 2127
94 1608
2239 809
1076 652
2702 221
998 2987
1884 1286
331 1458
722 2971
2161 1695
2422 1137
1575 1642
1985 1786
1926 1174
1626 2526
2490 1673
1428 296
2019 1341
1852 2094
1218 2841
1124 933
1625 7
2381 256
1895 2591
738 1456
2023 2726
18 149
685 1882
2195 2684
7 899
2536 1688
2919 1503
2222 199
2415 1954
413 1017
711 1027
1718 1165
2022 1981
2105 90
1024 1214
2847 1407
2888 2373
1296 2935
2152 1048
1956 1654
1412 1262
230 1772
862 303
238 954
958 930
649 1343
53 1672
1396 927
44 2181
2184 2473
2715 2640
254 1542
699 778
2144 2745
1364 2327
895 1026
2906 1706
62 1015
73 1864
1597 2440
1303 1883
1872 1440
2528 1899
2756 2111
2367 923
620 1879
1160 2916
255 913
920 1856
1967 2335
417 1936
755 2345
384 2428
1610 141
2294 478
776 1614
1078 2870
1783 587
2518 477
2208 946
99 1112
1155 295
696 885
2891 2850
1497 2395
33 1044
1200 2009
1217 2165
1146 1582
509 2297
934 240
2538 2535
1764 2884
2766 1
1347 1409
2872 1401
9 721
1357 773
2101 1620
886 2509
1441 1854
2889 991
2761 616
769 681
2935 1415
2309 362
1138 2835
2809 2305
1378 661
305 2699
1635 1608
717 879
534 1597
1779 2154
775 443
1729 962
2657 1276
1055 2695
2203 2772
2079 1715
2745 765
2102 878
1560 1694
1793 574
528 1346
658 2429
608 2418
444 135
462 978
1751 2001
2308 726
2148 2303
2098 106
1361 532
1541 591
1390 2015
1841 1045
1386 2349
2013 1844
1672 437
150 1128
2127 579
1069 944
1159 339
2695 2230
166 2
2285 2179
2769 2617
2718 1958
493 2871
2760 1700
2214 2745
8 1520
216 2463
1389 2537
708 1357
1682 1110
2402 1413
2353 2217
2436 1849
2941 241
637 731
2175 1584
1790 1763
1278 760
77 1875
2291 877
2242 2659
1912 1094
1079 1749
2844 558
1451 1791
280 2240
1706 276
735 821
600 2484
2202 2220
2119 1370
2053 1526
1258 781
145 2635
2434 1952
1341 986
2318 858
2313 2460
1051 214
1570 2338
31 215
718 2035
315 1743
1399 1274
2752 1889
1784 1144
112 2887
1493 1896
486 241
2207 1231
2527 2141
2900 1797
689 516
680 1810
2352 593
96 1572
2076 289
219 921
1110 1972
1485 1316
1925 1364
1505 197
2378 2247
2673 2483
1395 1104
2984 2086
2058 241
63 2717
1151 436
1815 1680
120 1362
515 2044
139 2348
869 1750
1874 758
818 897
210 2876
2582 2037
2408 1686
263 1095
318 876
1437 938
1946 2461
1224 174
1808 2010
478 2565
2918 2402
1656 976
646 164
1554 1193
2037 1166
2304 644
2319 744
2406 2560
1270 2562
970 1480
2501 2298
1678 2992
404 2842
894 2503
629 2637
1179 2948
302 1399
1346 989
2862 1938
2883 769
2293 1131
1365 1078
768 522
2455 1261
594 2724
2376 977
441 202
2856 127
650 520
1105 45
2599 2918
395 1086
705 2719
583 1900
487 1375
155 248
942 1621
380 2124
115 768
1206 2167
176 1452
406 2736
2683 462
2435 2190
1866 1783
1256 2158
2424 2913
1834 343
2219 153
912 2245
162 1685
2 2299
1856 427
2300 2662
618 427
2009 1502
889 281
2975 2725
1655 1252
1971 1489
1739 17
1776 2419
1850 2362
1392 2385
381 830
1564 10
2759 526
2136 2464
1001 2292
2168 187
633 1017
2165 2788
2837 2366
2241 2900
1871 1800
966 476
2363 160
1237 376
2231 104
1320 622
832 1258
54 2402
1800 1602
2720 368
2848 1768
2801 2864
2983 2590
1445 203
1638 2316
1235 1887
1180 1512
2279 152
1878 1129
1917 1031
2911 2697
2773 531
2545 92
401 838
1549 2734
358 1380
2321 1297
2421 260
13 2129
2257 1198
309 2692
1600 1449
2867 2828
2921 1734
923 330
2815 1296
2305 1183
1809 720
1586 2394
2754 2267
1023 2933
2038 1148
999 1820
2223 124
103 1533
2552 1323
885 8
1512 2528
1054 2924
1088 2332
2062 1860
2686 1728
2209 867
1127 2006
898 541
2401 2083
2275 1390
24 2733
1829 1355
163 1674
1745 1536
1515 2193
2730 2291
151 978
1697 2674
177 1453
1705 2142
2938 2203
1176 1428
2882 51
2120 1338
784 130
1281 2511
1507 925
1098 1292
211 1879
2958 1572
1596 2109
2541 1259
1763 2311
698 1939
2677 2365
761 1257
845 279
2603 1923
514 2065
2537 1600
2927 1513
2316 67
361 1586
1314 676
842 1298
599 522
2200 2956
1875 881
1694 481
2783 1353
2751 918
37 536
2696 2610
2729 1509
655 2410
2160 205
971 484
349 763
1142 2126
1938 2215
2016 1404
988 553
296 2397
454 1679
2600 1030
872 285
1404 1737
2692 2550
500 1556
1443 1529
1688 35
477 64
446 278
1214 754
1526 2778
1979 896
1295 2667
1447 972
2980 2333
265 400
1759 2488
1624 1940
1397 1108
2462 2958
1293 2378
1202 722
2280 226
2259 2963
849 367
975 69
2698 1876
2855 1072
1413 1589
334 1194
2394 2070
609 2783
1712 1636
2765 1202
2104 2689
158 570
2944 1885
2064 672
2581 797
1479 2452
2057 2335
2059 2722
1442 792
512 275
781 884
403 1998
910 1934
258 2071
1743 435
1658 1935
724 161
2861 1716
779 1554
1851 1099
1807 356
2006 2317
2621 2932
2579 2804
2301 92
663 514
2609 999
2237 357
2563 2885
107 2731
332 2018
521 1649
330 2150
2785 2143
371 1198
1727 2213
943 875
2459 2279
1370 2237
2131 100
1943 1464
1117 132
1674 2913
748 2846
2375 2677
110 2109
2827 1416
274 896
1811 2662
353 610
387 2156
430 2726
1982 2303
1244 1563
212 393
2110 1034
1185 1077
1935 1719
32 358
1603 2566
1033 553
2913 2357
2134 2539
1363 1905
2032 494
2995 676
2323 2250
2458 1368
624 1104
2707 2278
2256 1682
2177 1828
1391 1320
2989 1255
1422 2511
474 1443
100 1595
1857 2841
2297 1330
2678 575
2172 1633
270 1615
438 1505
1714 2624
2480 2822
860 2383
2414 922
2423 1263
2591 1275
1574 1843
1015 1992
525 2321
1414 1563
2687 2080
1695 665
725 2914
2586 406
2817 2929
2342 280
1480 1817
911 750
2690 2899
572 2012
1668 2926
1481 1756
2691 196
1721 1005
1984 2471
1148 995
2737 2908
1542 2640
908 1621
2823 2028
1149 1411
2077 615
2643 78
1955 2029
291 2752
813 1894
325 1044
481 71
498 2257
184 1956
1499 839
1900 1839
2710 1489
2453 2138
1886 2445
1929 1832
2507 1249
2001 2852
2743 1824
1275 2652
796 2036
1103 168
2284 274
1865 806
195 2426
2374 1316
2925 1387
1537 110
2596 353
2650 258
356 1878
2853 525
2749 1072
2494 2034
1057 2542
2083 2523
2959 1910
2359 2815
40 372
760 862
1372 1437
1326 488
2977 404
1384 318
1121 2891
273 2258
2717 1480
2616 1064
1385 1163
268 339
964 438
431 161
1661 1901
1184 825
1045 936
327 1635
422 524
668 1466
524 138
2288 316
2199 2766
645 2527
625 2724
1234 1018
1940 1869
732 2486
1611 1025
2689 57
1335 2093
814 2469
1362 934
1539 570
2894 1208
1902 1850
857 2931
2929 1556
1183 1704
171 514
974 1425
2358 540
372 1467
2544 99
2085 1713
2413 1250
1548 2153
787 273
1659 1586
648 1364
623 2630
123 385
529 1656
2933 2439
2097 2334
1633 683
1448 863
149 1233
1348 1819
2262 1850
