3000
1646 264
667 265
2481 1267
2517 1402
1541 2397
2400 298
2741 800
2940 852
2649 2185
2324 365
1701 616
234 1095
679 149
314 167
1533 1008
193 433
748 2120
1082 279
677 562
479 1058
1368 1778
1579 568
1395 2339
127 588
1191 329
629 779
1686 749
2552 2864
2652 171
176 179
1170 2228
2337 2241
1742 238
1277 301
2176 1211
2656 793
2529 2878
2949 125
923 2189
1547 1844
1975 1510
2473 1649
1555 2142
1461 1703
2844 1714
625 2133
1500 850
869 1368
503 971
2201 2825
873 1741
1088 2390
947 792
1014 634
1010 208
1483 2094
1304 1627
1720 662
1345 2970
159 1763
555 836
220 2189
2547 1070
731 1880
708 1340
10 2982
544 359
2507 1385
2498 1396
1665 1125
1001 1078
1502 653
2216 600
317 2030
1289 819
2081 2714
1213 2550
979 1276
1226 2812
2985 284
2593 600
1689 1561
1707 1174
243 1081
2734 2478
67 2093
824 1361
2212 1555
1431 1905
581 1030
2 2877
1996 1943
420 119
877 353
2195 606
2432 1133
296 3
1070 346
1477 2818
122 2135
1744 2799
669 2553
2535 411
335 1056
1598 2380
558 2633
1376 1350
2051 1202
1658 2553
2343 1594
1190 92
707 1702
680 2768
163 1414
780 13
830 1514
445 346
2277 2054
170 1981
448 669
910 2514
1139 54
1582 2018
839 1473
2824 2789
1524 2527
2144 1711
956 496
2206 1698
72 531
1339 1556
1857 2243
1599 2699
1035 1271
2595 2288
182 1334
2372 2679
767 1232
1939 543
1216 1533
2111 1261
1351 1587
2293 2801
2242 2089
379 948
530 2184
2525 2845
2828 411
157 520
828 2429
112 233
2505 472
2528 2020
2142 2445
1970 1658
1791 2382
2858 393
2286 52
1641 702
2978 2020
284 1396
1558 480
945 2046
2747 940
392 1245
391 1188
1373 1294
1415 2495
588 2823
1155 934
1411 2660
1114 2345
1635 39
2887 2107
2820 147
1710 2484
2113 480
1953 669
272 1917
1856 605
2871 736
1072 237
1043 2300
2166 50
2018 803
1529 1524
429 2167
533 2717
1883 1957
1593 902
563 1894
726 1987
2053 1312
1839 1142
641 2416
73 593
2563 2258
2261 1477
2495 1781
1341 1202
1201 81
657 625
1588 1222
2390 1950
2821 276
1217 152
2383 2676
2609 1622
313 2591
825 2948
364 2638
270 2815
960 2750
1688 1116
673 2063
548 2208
814 339
2685 2293
1056 2081
13 2210
636 2496
2669 604
781 1435
623 2884
1362 1502
1542 2547
1195 2229
2091 2226
2191 178
19 2407
853 1722
1531 2302
1456 1954
1251 310
457 578
431 2224
2237 2709
1573 406
290 1161
1767 660
1758 1030
2705 2272
864 957
217 2342
675 1485
925 457
2532 838
664 1924
321 125
2914 240
1910 2145
2108 2464
1112 541
2259 1791
2496 1430
1145 1974
113 482
965 1385
1803 1669
2285 1359
709 1166
2598 385
2763 172
1667 399
1559 1083
562 2493
1811 194
26 2217
2589 2989
2249 798
1154 2693
1895 715
304 1815
386 2430
2618 2580
323 1548
2453 833
765 2383
2118 1947
251 2703
2976 2932
288 401
302 2419
661 142
1986 2146
425 1
2219 1191
472 2755
1749 1910
1194 1710
1065 1131
307 296
2192 1810
1095 1336
2485 2180
2127 2069
1891 172
1625 2456
1905 1383
1497 2563
352 2295
902 242
2448 420
2610 2244
2534 577
2869 2347
1273 2370
812 2119
97 2973
1177 657
1249 2299
732 80
226 1996
2292 1371
2910 2384
2866 1327
32 1429
213 2212
2154 26
693 403
2025 1838
1938 1974
2714 1076
1053 2539
1726 952
2437 930
933 1353
589 1842
2908 1593
934 2660
1061 785
1855 2503
328 2539
2226 1848
133 1630
365 2959
528 426
1838 966
332 2734
2300 1300
2701 703
274 1247
167 1829
2443 2910
2970 1892
2165 2924
928 842
1113 75
2394 2511
2369 1469
1046 439
2961 1828
2482 219
223 1978
730 828
2719 1908
2795 1608
1417 620
2256 415
1881 2516
1239 637
2759 364
1978 2000
1333 1375
867 1626
252 572
2794 1338
2920 655
1824 1384
2900 200
2086 1513
216 647
1255 2730
1038 2853
2380 1144
2174 2242
28 2393
381 89
921 2789
2041 1832
188 951
1705 913
2326 2423
1206 701
527 2663
308 795
2133 2766
2045 1751
2856 188
130 2757
235 2285
1180 618
2455 1482
1042 613
65 277
2933 1041
1783 1340
2903 2827
1337 2897
2196 2686
1463 1160
2867 2988
545 620
1644 517
2892 64
2125 1536
2162 2283
1020 2928
2825 1157
2540 718
1193 1964
1682 1721
922 2783
2899 1991
2659 2956
2888 706
138 2481
550 2155
2666 752
1663 36
1699 1378
350 2155
299 2431
2321 2325
821 1294
991 2881
171 1915
2250 160
2619 514
2150 2426
2639 2414
980 1288
2290 371
1721 2149
2704 1018
2341 584
439 355
2075 451
2306 1656
421 667
478 2408
329 2441
897 1801
2647 2905
1911 552
2199 1291
1252 1594
2430 462
1997 2305
504 1335
1436 1393
2248 805
2031 295
1361 37
2983 1323
2993 656
907 461
2395 1620
1152 1273
109 2671
996 1976
786 1904
2449 2726
1077 629
2812 701
1486 1749
1596 2020
2864 658
496 1635
2278 1507
647 1189
297 2161
2013 1712
387 1133
2099 1796
1643 1685
2938 1835
1916 1234
2731 1994
554 1577
1656 2632
887 723
1069 1905
339 1937
801 1794
1751 471
191 279
2912 187
2020 68
2736 318
2355 2467
1574 73
419 2125
1157 2096
727 2524
2407 2926
2429 1464
1287 179
750 2113
3000 1085
2069 1294
1732 863
2604 1725
2826 1531
2198 201
2542 2895
2622 2759
1181 1551
1575 103
876 1765
1779 681
895 2833
2798 2519
2420 1077
1048 1884
1274 1254
2208 2605
643 2657
1317 1440
2603 2219
513 1258
2323 1304
1257 2645
943 1491
1760 2236
1078 882
1125 2023
1266 1583
639 2845
2183 2510
1965 280
31 2755
1510 877
286 2191
2923 100
1224 1600
1093 1566
1980 2010
1237 2543
209 459
1295 776
393 805
817 2936
316 95
2215 2236
1860 2733
423 2148
1507 2557
2722 1429
931 626
2393 1171
604 2972
2515 1938
1722 2739
2231 868
293 2634
348 1822
760 336
776 2158
729 2865
2536 1480
2740 2192
1655 2965
2512 2325
2116 2395
648 434
1788 190
2568 2177
2664 1696
1133 349
710 1613
2576 1544
1100 706
2554 1034
2251 2408
411 555
2254 907
242 1664
645 989
1466 2256
2288 1942
818 978
2541 2772
2693 1311
820 710
702 694
2266 1119
759 1431
2234 1386
437 2175
1386 968
1129 182
2194 1262
1714 2608
2494 331
351 2425
2842 1734
1763 1138
2807 1042
101 394
1594 284
2168 2952
1484 814
2708 1076
2415 1805
2737 1289
2789 1531
1474 2108
640 2610
2224 2222
2582 807
2417 2152
2596 2928
1309 2815
1482 1435
1666 519
2546 2364
2612 2997
2936 2572
2522 1569
2804 2880
2373 553
2835 1728
932 2644
2955 2995
753 1925
305 751
2668 2987
1605 2410
1097 2634
484 1771
1401 1956
137 2475
2131 2499
916 2269
1086 458
838 180
1867 580
1391 2744
937 2129
1535 2633
1866 800
279 1168
2733 679
1603 2837
524 1535
1850 1064
1241 2790
1894 2444
2106 846
511 919
1922 2693
570 988
2586 1393
192 90
1809 30
463 1225
394 1320
1589 2139
1220 733
2428 1073
1604 1612
1621 1204
1291 1554
2329 1934
889 1342
1805 993
1227 216
646 46
2004 1273
958 2397
2761 2808
225 2761
9 2489
1455 895
1158 2581
1790 1583
136 1720
2810 1004
2509 2862
1908 2758
2294 61
202 2298
2269 521
2164 1006
549 2351
267 1229
493 2308
1454 1265
1642 2989
340 1328
93 1173
1777 1794
2122 138
2725 2229
1103 664
2149 490
2217 2143
859 2225
2688 2957
2001 957
1162 2782
2911 2340
1235 253
2105 507
948 2640
458 1021
883 91
2148 2552
2672 1236
977 2800
1731 2381
1253 2122
1131 1170
198 1672
1525 1301
1715 123
455 833
1371 2505
1551 1625
2699 977
183 1446
1427 2422
723 1856
1246 2459
1179 2893
1552 2492
1240 2922
974 1810
655 145
1802 804
1199 1542
2345 2418
717 855
1066 1597
116 1405
1197 2247
1880 2150
363 2881
1764 1014
488 1551
92 2403
1297 2463
2569 647
1299 2991
1307 1103
1503 1809
1516 2823
283 759
1990 2273
1054 2933
289 1052
1845 2164
2339 766
2500 2929
2934 400
1968 1463
1882 1485
1247 716
2642 1535
672 1971
68 2900
1609 1774
2019 489
1022 2553
1819 1399
246 345
2284 2841
1399 93
1064 1967
1900 47
612 1788
1659 1073
2466 2743
918 979
699 2980
2310 2342
2280 1877
168 2749
1409 2367
43 874
1175 2791
1320 2072
1102 2251
1259 1496
2524 176
1120 2805
1614 2296
1367 1897
2334 2022
2550 2147
2906 841
175 437
2749 724
2730 208
1815 2634
745 2329
2583 2974
798 2103
1165 1626
144 2686
2876 2594
2658 1282
1798 2170
205 2282
615 916
2915 2701
823 1654
2793 503
1270 2825
1063 434
2774 2423
1780 1895
1904 2665
2932 2614
1256 1548
1036 2522
2896 1831
1338 2134
456 2131
2711 416
1488 1342
1037 2559
269 2934
2556 1750
1913 1026
686 1954
888 1218
2873 2197
2232 35
369 802
662 1673
345 499
1611 1877
1840 965
1451 2716
1121 2507
967 110
994 1388
2397 1244
692 406
900 82
2107 28
2141 1851
2398 2021
2421 2292
199 668
711 31
2043 720
1966 2949
2772 2821
2311 656
2094 1503
2518 580
2850 1982
2331 382
1617 2992
2425 2952
2629 535
1606 798
360 752
803 574
1618 2878
576 404
2163 1109
523 2161
2387 2476
2775 692
1117 2943
1236 1442
2408 1048
2580 2011
597 1989
1357 164
2939 1162
1508 2536
1013 2011
2720 2353
2974 2628
1591 772
2684 635
2247 751
1467 688
1254 1846
2459 1705
568 920
1116 958
552 1233
1870 602
700 1500
1313 2141
2559 2089
942 1520
2862 2953
2886 684
1444 8
1433 1425
1872 2915
1374 1977
807 2044
2889 105
891 442
944 1384
38 1742
237 1891
2861 451
1123 2722
1600 552
1138 1195
311 245
465 1426
1475 500
2048 140
972 2328
963 1883
1942 1305
1557 2894
495 2006
1134 2330
1185 2253
1668 1414
2365 40
2146 1474
2694 1736
2418 2203
1306 2144
2476 584
132 1534
18 2817
2153 679
185 419
370 2528
1006 2465
2460 1644
1060 2291
2042 2067
212 946
1703 2816
404 2297
124 1389
2257 142
617 1438
1156 1579
1700 2870
2787 372
2358 1786
1479 1734
2003 2443
1353 414
324 183
2897 2427
2953 226
1526 928
2581 48
1426 680
1408 1582
1196 268
2267 2451
752 1124
630 46
2839 290
774 2352
2729 2129
2657 900
607 2451
800 986
24 1717
837 1892
775 2571
1969 682
2573 1722
301 2693
621 2564
1896 1002
1308 905
1892 2809
2414 2180
1360 2005
1999 277
1250 727
1025 2394
898 330
2228 2472
1263 588
2924 2301
2575 1694
2301 1099
1874 1664
1039 1799
2653 2612
783 211
1613 1622
1034 1461
346 784
1868 927
764 709
2751 1779
1332 2794
2220 1608
583 2820
997 2453
973 2907
1834 1301
2860 2932
1447 1786
842 2612
2152 482
1514 2958
1366 2908
1188 1192
574 274
2083 2466
2028 2211
2848 1749
1889 763
848 362
1570 2024
2401 2320
571 537
1469 1214
397 673
1314 659
1931 251
626 1643
1110 1458
1536 2535
758 549
819 589
718 2723
1674 2939
966 1812
1017 1546
1562 2449
1272 1330
2056 942
755 1729
428 802
1725 569
537 2199
1302 2250
1413 1314
2755 851
2308 2558
904 1704
2389 684
2707 517
227 2181
1141 1369
912 992
2745 148
1480 227
95 2071
2342 631
384 2267
515 1227
123 1466
749 381
434 2691
334 1987
1639 1877
1848 117
2781 2457
1592 94
1264 2901
1772 663
104 2162
2682 2041
1577 880
2299 2057
2928 1882
2446 2107
2362 376
1462 2596
940 931
2969 253
1245 541
1903 903
2029 2679
1412 1174
2623 1165
2827 956
742 2629
697 2911
961 2385
2816 683
1153 295
1888 738
908 18
1844 2798
1928 638
1336 492
2746 1518
2592 1959
482 2854
2157 299
298 1841
1673 937
2644 1101
2667 2455
1495 35
2773 775
2327 2595
2490 1188
400 924
2470 2246
988 2494
969 2821
1359 45
131 2740
1985 518
47 234
1233 776
2996 1377
689 631
454 2198
2132 2606
2966 713
968 2752
773 2513
1290 2819
215 2679
534 525
1795 2118
1271 1484
2800 1313
2203 2590
2797 2639
941 2733
1794 1698
1786 2100
2034 319
1326 902
2200 244
257 2169
2640 1374
1873 2779
1192 2960
1607 1861
2931 1808
195 1687
2533 2368
2972 2644
990 1975
642 1905
1004 1231
547 2179
1057 1849
2822 2593
2585 1438
197 1559
2992 1100
1161 2797
654 1370
2469 499
1669 2488
1106 2996
1126 1303
1143 1296
516 2390
1300 1961
2364 1978
230 652
367 818
569 2308
985 250
914 526
827 2060
1215 152
2130 970
2060 1629
2712 1634
546 2152
57 2082
1471 246
2357 1700
2646 281
118 247
1602 897
2608 1349
2289 705
2352 2728
2597 2953
2096 230
2553 2095
2239 97
228 2522
1222 550
2806 1023
206 1978
2660 2709
499 884
1826 1884
189 512
2817 1016
2363 1790
2252 1797
232 2821
2956 2452
601 2434
1151 208
1971 2188
142 484
2687 1155
2753 332
1481 771
2291 1863
385 1257
1690 1482
1627 1992
2796 139
2348 348
165 498
1660 1093
1774 185
2689 384
1430 2154
2005 2601
1238 118
2539 714
2846 2584
1645 1434
2264 1567
1768 221
441 457
671 2915
2384 674
2379 852
1515 1636
2641 1492
486 1167
139 189
2785 2676
2066 1092
2309 1090
221 2447
2204 1453
706 220
769 304
1023 1775
2136 2473
376 1592
2874 298
471 2588
1403 79
278 1332
12 388
294 1736
1729 456
1789 214
1862 2415
2558 1723
852 1984
325 1779
808 2227
291 1941
2663 889
129 1572
805 1984
1522 2156
2654 93
94 783
2314 1743
1075 995
1926 1531
1377 509
2859 1885
1513 1419
1580 2109
1961 2274
1342 524
1554 2652
1511 2858
930 59
565 469
319 604
2404 534
2648 1077
1128 2640
906 1399
1964 503
2606 1260
2710 398
1108 67
2487 627
1793 2658
2632 610
691 1117
71 2231
2061 1634
309 2580
2047 730
2271 2843
2661 226
2636 1416
2197 800
8 1443
1398 285
450 1855
1717 14
917 2839
1214 2577
2742 1982
1771 2896
120 2548
2607 123
150 2295
736 283
656 2074
684 2339
1231 697
1730 673
1972 2049
2587 610
2027 2291
2614 1869
2121 1788
2067 961
1912 1862
856 164
539 2215
3 1879
2377 57
644 2662
766 802
635 443
498 1007
2405 1141
1009 2760
874 2507
424 2343
1835 906
696 2341
2022 2863
1748 1469
1549 282
2905 587
1423 2187
2883 231
622 1458
1450 2190
1550 940
2464 2531
2493 476
2427 2018
1268 844
2272 586
1031 827
521 1732
920 2412
666 1939
2038 1270
905 181
2735 2110
1490 1568
2833 1585
2423 1134
614 2776
442 677
1543 2031
2895 123
2937 395
2590 780
1198 1948
1019 879
255 892
134 1850
2440 27
115 2720
2851 519
169 1369
2444 1872
2930 169
1619 1487
2068 2817
2073 2909
2320 1935
1294 2349
813 2847
1052 1575
2223 967
1672 1647
2328 1807
1414 1701
1649 2117
2007 997
164 2859
1849 2178
2303 2939
2126 740
2778 1933
1459 1907
779 2231
1887 1518
2994 890
1028 1137
2508 1960
881 984
2016 2036
2128 2476
241 2398
2853 768
2765 2901
743 173
222 2779
1364 1339
2080 2345
1322 2080
1537 585
880 1378
2177 2380
490 615
1202 62
2302 1208
2950 2259
1830 1414
2467 2901
1576 2053
2370 1550
2173 2073
1230 2773
1335 2315
2951 2967
894 2119
1132 877
2260 1918
722 152
2296 1027
464 296
1709 386
2643 922
2919 1497
502 2610
262 1561
430 1649
2245 2962
2700 81
2381 2810
2359 1873
1521 346
2815 228
2732 1942
415 2471
2305 2543
2706 2077
613 2961
2499 35
2677 782
1813 204
2808 622
1267 1793
1203 839
1283 480
2079 1309
1011 2290
777 1434
2613 155
788 12
1207 1939
2077 2486
1005 2769
25 2760
2497 1895
2468 1505
1921 1529
2870 1789
2727 1095
1205 2080
572 148
582 1386
91 2979
728 1405
413 2214
587 254
1182 876
2052 1103
2479 944
2777 2581
610 1434
2665 2193
1920 1260
2298 1588
1684 2758
2501 2106
1876 2120
2566 2325
1228 1239
204 84
2527 1527
670 1685
2463 259
1311 2348
1695 2233
27 153
2557 2470
2686 994
1160 2504
850 202
1186 305
2980 485
492 2651
2275 1704
782 1708
762 2437
1886 1498
1485 9
368 2755
542 1317
1026 1320
1983 2804
763 885
2863 474
2325 397
432 532
2117 2205
1863 2366
2999 184
1797 1985
2926 2047
2063 1859
336 612
2988 1709
2770 1018
835 941
1846 360
141 1427
145 162
1713 2287
768 1858
20 1117
1232 866
2617 2310
375 2898
955 25
1704 79
2349 2157
2483 1589
152 504
300 653
2544 2857
461 1122
882 2334
1899 1506
1280 969
2670 2560
2185 1897
1724 873
2692 2890
2783 302
1923 355
2484 2115
1024 453
1909 892
1331 2669
1044 1612
254 757
1675 2978
1833 1088
1832 1416
924 244
1419 1962
1298 512
58 799
2545 527
2175 1372
1723 1050
2147 2955
2881 1889
1662 1218
1523 21
1383 238
277 809
746 1692
190 2867
2602 2710
285 2788
2721 1335
2336 2070
1189 723
1906 2022
2548 1221
1027 286
1081 2868
1963 528
238 106
2696 172
1045 1016
208 990
1820 1113
2884 459
84 170
1499 650
602 2523
1310 1778
878 1994
462 2446
1583 12
224 1012
789 1959
1429 2266
1167 51
1781 2850
975 117
806 1264
987 1688
2188 307
2531 2354
2307 1506
2014 929
1568 36
236 97
1111 1883
203 1497
119 2042
2578 2514
2679 2037
1212 1904
1775 2312
793 2293
497 2186
608 1140
2605 2582
2368 593
575 1458
627 1898
927 165
1987 2669
890 1014
1008 700
2410 1
1136 1795
1329 1070
2620 1087
2332 8
1776 2004
2062 315
2475 1867
1032 730
863 539
879 997
2981 2525
962 1991
2841 308
44 997
2225 2028
2880 1029
1837 1074
2274 1676
2635 1253
971 2305
756 2898
1055 2290
371 1744
2898 97
2297 2504
22 2532
2008 534
1770 1999
1994 508
1683 1985
2718 67
2424 643
1628 2677
2015 1223
466 739
2262 1072
1766 1406
1918 227
1741 2039
2442 820
1096 2398
1501 846
1924 2983
1694 1017
649 141
687 2026
2378 314
2491 1086
378 133
2902 184
594 2974
592 2575
2236 1179
2010 559
1448 1432
87 745
1828 1297
2521 164
1616 319
11 1615
1818 1336
303 2298
160 2623
1406 2281
637 2126
355 1639
76 2062
2246 2677
83 1461
2929 429
1420 2200
2840 2277
2227 1191
1435 646
2916 2985
585 737
2537 2067
362 1596
989 1361
2819 908
2973 1552
1003 1203
1174 2439
2784 1438
2450 479
485 1574
312 10
1343 2445
603 389
1670 2768
911 396
88 1379
1305 762
306 2116
260 2025
389 1400
2977 157
1685 43
2743 545
2032 2270
261 1679
1076 2600
2571 1659
483 2926
885 1868
2882 420
2847 2952
1800 819
259 2017
976 1383
1745 784
2891 1912
249 2418
1370 1677
358 983
2875 2423
993 333
2611 2703
785 2941
2506 779
2502 2289
1647 2361
737 2502
1977 2207
1691 1870
2901 88
2172 1641
2964 288
500 2059
211 408
1142 298
2024 2600
2615 235
2909 2646
1124 2996
1556 231
353 487
2702 769
1512 202
2471 735
2240 1374
2591 1589
2167 1914
845 200
620 2124
1581 2292
600 2082
2084 138
2987 1025
1519 2972
2093 1578
1375 1096
2023 1833
628 1302
40 1049
2193 771
1168 153
1651 2808
2477 2438
1984 197
1439 1299
2703 2135
1738 42
1007 769
347 700
2855 548
1719 2336
250 55
359 87
611 778
1018 2303
2316 286
64 910
946 854
361 2284
1107 2942
678 317
1981 452
714 2993
540 849
2538 438
952 2889
2986 2058
868 1929
2959 2376
2002 1362
1347 1838
716 677
1702 1886
214 341
1622 225
1948 947
452 748
2035 944
271 2779
855 58
80 696
2322 1361
229 2582
1030 2019
1159 2687
1930 1140
1288 546
75 2806
1852 1194
1378 2432
2790 557
2313 2266
2222 2194
2990 797
1248 912
1171 92
268 1243
2837 2786
174 2989
2340 466
2058 2556
551 1803
2879 774
487 2969
79 1806
1560 466
2630 2684
282 352
1929 1547
1506 198
5 2980
1806 1738
577 862
2791 63
1146 448
2625 2656
2211 367
2650 112
103 1499
2441 187
518 248
366 2778
2513 2749
1301 2433
1318 1049
1396 1595
52 264
1012 1973
2779 2599
2570 2773
1068 2158
1893 2910
1569 1509
2474 366
1739 2249
841 1240
2006 2130
408 864
1422 2132
2957 688
1624 490
1527 1823
2273 1291
1101 1216
1796 2053
1258 2548
2843 2788
2426 2221
2516 2146
1350 1276
2814 1386
158 2283
754 1015
39 1938
1736 1150
2645 1607
1087 2350
1735 563
395 2884
1381 2709
1587 2657
1679 51
2101 1924
2082 468
2655 292
16 384
2040 2932
1016 2620
2834 324
179 810
147 2631
1740 2495
108 2783
1067 830
802 1410
1325 2857
1279 1834
111 2499
1879 501
668 2214
449 1650
1898 1944
287 980
82 144
2960 271
2739 628
1919 2314
951 2151
405 1128
535 935
854 1185
2295 1557
2771 2640
1787 959
538 556
2180 2619
1410 137
861 2143
2984 2827
2941 760
2338 984
1752 2271
2072 2712
1636 1426
444 764
2221 1988
1489 1334
1321 1800
2461 95
2445 5
247 2840
292 869
703 512
1590 2560
950 1018
632 73
1218 640
1945 359
1597 1754
1498 2050
1494 2006
1950 1187
2946 571
739 1198
1118 2827
2054 1003
2114 1622
1148 2905
1505 2676
2697 67
2017 1456
1089 1090
1244 1631
1221 410
166 1378
2792 1344
1947 221
2480 554
2233 649
1753 102
390 2671
2758 1303
256 1777
1982 506
1344 1475
862 261
98 1162
2238 2400
1080 1847
1661 2568
804 1390
2304 1816
1925 2921
674 2824
374 1169
1706 128
738 2035
1567 713
791 1726
1363 810
1059 838
447 707
886 298
320 424
2452 1603
1946 233
1650 2862
1927 2223
2975 1692
477 1531
1933 1180
41 1266
822 928
901 9
1275 1888
2713 320
1678 2869
418 754
196 2437
2766 2517
1623 2834
1747 2433
871 1238
1897 2261
505 2224
1801 981
1122 2045
2138 163
1324 161
1443 2971
1200 1279
1951 837
682 3000
2270 2092
787 335
734 224
1530 1061
2836 2158
344 597
2230 2591
2318 2949
1680 1087
915 2661
1808 1925
1452 1238
1750 678
2678 567
740 1881
435 1493
1861 1770
1634 2062
2995 2309
573 2264
2760 24
1754 870
2009 622
2012 1960
2865 146
372 2510
1002 2304
96 745
2409 243
560 1846
1487 1463
909 1921
1130 720
263 2449
2181 1740
2757 22
1932 39
2159 2083
330 987
1632 251
638 573
357 1873
78 2513
1765 458
1954 1538
343 1915
2633 2346
1099 392
2078 2753
701 816
2283 1964
1465 267
1696 1642
1746 487
2055 1299
1875 2231
1281 1130
2954 1405
373 1482
1312 342
125 1226
811 2004
2885 1301
2315 2534
1967 2580
135 2546
1348 2720
1952 2011
757 1852
105 2930
2070 1129
2205 1493
584 1681
2811 2360
506 583
957 2187
2158 2220
1390 1486
2344 1313
102 2409
650 260
2523 1720
1812 2872
2958 617
676 2928
409 2980
70 1384
2000 2891
2776 2198
2857 448
913 1264
1440 250
2030 1447
2391 2172
177 2126
1539 2078
517 912
2353 2204
2768 2487
1319 657
557 1406
1369 278
733 2607
1681 366
1084 201
609 2217
2039 2823
29 1408
2584 118
761 614
341 2245
1223 738
2129 841
663 431
2456 1695
1261 895
2829 267
2681 72
1327 1135
62 2367
210 2817
218 2732
2489 2846
938 1526
809 2917
1504 2391
1664 687
2997 1483
713 2774
1438 1568
2917 527
149 1476
1676 797
2555 1318
1841 914
2943 1792
1040 42
658 1285
694 267
1865 2315
981 1213
1687 11
1998 1044
2439 451
1184 2644
1166 641
1416 2254
1814 2380
1425 1591
1956 1517
401 1758
1404 2615
2388 2482
2944 23
90 285
1204 1807
865 2925
1934 1424
2282 1609
1384 1820
53 217
1402 2684
1407 432
1176 2513
1708 2402
631 1308
59 2010
2599 491
156 2516
1349 991
796 1734
2210 2688
49 410
155 1671
2187 1526
606 1841
2098 2992
2526 2265
1144 1857
926 867
1509 1813
2486 922
2511 1457
1869 511
586 1661
1784 298
2462 2862
161 2265
60 2856
695 1450
2403 2950
2520 23
1315 911
2631 1684
2945 955
398 1223
896 78
253 2792
1718 4
1464 1278
2728 481
66 1789
999 1504
2744 589
2209 2922
2046 1543
481 1224
1229 2066
2411 1576
1163 2679
173 1994
857 2718
553 2279
354 209
1890 383
683 597
851 1138
1782 1745
201 314
1532 256
6 129
1957 199
954 2399
1565 1087
2952 1936
2145 2251
388 729
939 1581
1094 2538
2458 1971
1988 2008
1211 2033
964 289
735 1478
233 2306
580 1845
2504 1002
295 661
433 2272
407 2136
1727 1587
187 1243
1827 277
2435 961
2392 834
1711 377
1864 2520
416 847
2179 1274
1733 1149
935 2362
2514 1562
1434 297
720 2501
1566 952
2330 1604
2375 1175
245 2627
2799 540
1437 2718
396 326
2600 1837
1785 1168
704 2746
959 759
128 979
1858 2576
1761 897
1993 708
510 2544
522 155
1810 2399
89 390
2991 2276
541 2914
2374 402
2134 1836
1449 883
1941 2298
2904 2987
536 11
2947 773
2089 1468
337 1543
2076 418
1418 294
1187 837
1878 2154
2350 2737
1033 1094
2968 1372
2161 507
2317 1966
1473 1665
470 1590
475 1612
1172 2028
998 439
2436 812
2695 2110
2698 787
2574 940
2100 1790
556 2590
591 2455
2406 2289
1901 1976
1243 2454
790 2258
2579 2145
55 2622
2967 1831
1851 808
2065 575
1829 2713
705 1580
1520 2878
2803 1506
2838 1339
1960 755
1173 2656
1847 2173
724 1847
983 2937
797 2965
2213 1812
509 621
2472 1508
1389 2500
2717 240
2878 269
399 29
2963 2077
1528 1492
1354 1449
2849 31
1385 823
244 2027
860 1444
1671 667
2182 1010
1657 434
2412 379
2982 2822
1854 1133
1538 595
1062 586
681 1422
280 728
273 1901
1630 1147
446 2323
1517 1636
2281 664
810 2856
1380 1473
30 1188
107 1907
2360 1305
2890 404
1276 1212
403 2615
2160 1218
2123 2572
2948 82
1265 2921
1428 1338
2769 449
2064 330
2124 1057
194 1820
1346 808
2616 1453
15 1901
2312 7
231 1900
140 2079
2626 1839
1457 1949
1991 2450
2621 2835
1534 2082
1330 697
2263 1700
1400 173
2287 1867
970 1764
2115 2420
799 943
1049 2561
1799 361
2385 636
1586 1234
1915 2263
519 732
1962 374
2229 1078
1051 2910
1974 134
2676 380
2434 1130
2361 2736
2478 1584
2465 2920
875 950
1914 432
719 982
2488 1590
380 969
1355 1825
2241 1737
1394 2675
1992 964
1757 2908
2135 2595
85 2751
892 785
2845 1207
1127 704
2059 2698
2151 2641
685 2282
1979 628
2989 305
778 1785
2276 1157
154 1744
2110 2858
2780 487
77 1025
792 1808
559 592
2788 195
2454 1530
2021 1767
2965 2184
1209 1939
2354 272
1822 1038
1445 1633
1831 53
1470 12
2037 2855
106 2392
1468 2899
2801 2083
984 2613
1949 135
1397 2813
795 2111
525 2689
1601 2026
982 1494
1544 1177
356 508
2628 1776
2662 2985
422 2629
665 245
794 1706
936 1097
634 1963
1442 1200
2872 2144
1885 791
1296 1966
2562 1859
1169 8
1050 352
2577 1640
331 1354
2143 2903
2011 1220
184 1987
508 815
893 1950
771 1890
2119 544
992 163
172 102
1976 1605
1955 1431
840 1717
4 794
1743 453
899 147
1637 696
443 104
1756 1523
2382 1314
826 1504
1716 2678
2171 2821
1365 498
2268 2084
2170 1802
2752 292
2691 1239
2253 1798
770 2076
2907 2275
2510 1801
698 2324
1737 2567
46 611
1047 2374
1553 2805
1940 2035
148 1735
1208 425
1073 2508
2036 608
1728 2014
153 741
110 310
2764 1065
2026 351
126 51
2386 847
1755 2883
1178 245
843 503
561 1180
2422 115
2561 1972
1460 2443
36 2085
2551 540
520 2307
248 1623
7 515
2447 1412
2782 695
2627 603
2416 2270
1284 208
829 2711
417 272
1372 2041
2156 2863
660 1143
474 1995
1164 2166
1393 2218
1584 2255
1995 829
2624 164
1098 1749
1079 316
1546 2278
1472 1966
2244 2977
1842 10
333 1638
2186 2436
1090 1109
605 942
2756 1472
866 1959
23 2898
426 1360
436 2947
383 90
1071 2904
532 1158
2818 551
1712 859
1496 2664
1278 855
847 1107
480 2160
595 1035
2671 1255
1150 2695
1140 418
566 1297
151 2444
784 252
69 2448
725 768
1585 950
1734 758
2738 2007
1446 25
2366 1033
1518 1181
579 373
476 2986
870 2333
2813 248
63 925
2457 2016
1692 1289
1792 1043
715 651
1937 412
501 553
2346 734
1907 1315
2831 24
1092 1364
2044 422
2748 2906
2189 2672
1323 1553
619 1730
114 727
2169 602
2451 20
1816 1617
2543 2738
1620 591
1119 2871
1936 1246
2433 1123
846 933
143 2919
1115 1489
2109 2331
2979 1864
1358 1983
1778 590
2376 1104
1633 1164
2823 1731
1015 1156
2877 2635
1493 2844
531 1983
48 378
2560 1325
1286 2681
61 1773
1817 2947
1629 1757
410 6
2564 328
326 858
1697 1894
2767 2979
1491 2174
949 2208
1973 41
54 2956
2347 2715
844 2452
121 1870
1147 2604
624 563
1074 719
2680 2445
1564 2093
473 827
1540 2174
402 571
2279 1927
1884 2442
1638 2003
1242 2091
1135 2699
2178 1539
2092 2396
1334 2649
2333 2127
2356 571
42 258
440 1985
2202 140
1959 2786
596 1256
1421 2112
310 946
453 1439
1677 972
2097 841
1571 2471
460 186
1653 933
1563 2851
884 2241
406 1561
2716 1537
2942 1686
512 1039
593 2637
2492 529
1821 130
712 2285
1561 1375
2102 211
2925 404
1853 657
86 111
2802 663
652 450
599 862
2088 210
37 2976
1958 482
327 1453
2750 170
1219 1379
2726 704
1859 2781
919 1880
836 1928
747 81
1000 691
2103 2807
526 547
751 2602
1773 2099
2754 2072
1225 1021
491 433
2832 2699
318 542
33 1972
832 1586
1769 1748
616 1437
2723 1459
494 2019
2549 393
1387 2284
1759 1699
1109 2624
468 2375
2927 137
1405 1712
2724 2207
741 917
2319 914
414 2
469 1532
1183 2901
1476 2064
1352 884
2634 1054
1608 1542
412 2434
2594 967
653 56
281 728
1843 1597
772 1529
598 1130
1388 257
1021 2621
2918 1732
2137 61
181 1682
1137 1337
1693 2515
99 2464
2050 1633
903 986
377 1230
2921 2974
2675 1813
2805 1011
849 311
14 1451
1548 2090
315 554
2074 2963
1085 1067
56 2764
2243 1597
2786 2540
2402 2886
2519 633
543 19
2868 1005
1871 51
1595 2554
1545 1485
995 469
1825 207
1293 2497
2638 1563
1105 398
2572 1632
690 285
2085 2051
51 2046
2852 777
266 2128
2922 570
2120 460
1458 2925
1626 747
74 2060
833 1370
2335 1709
200 639
489 434
1610 544
35 2802
1292 1112
2207 2626
567 1846
1836 1433
2637 1821
1083 34
1492 2458
1823 2165
816 1678
1612 2964
2371 2862
872 2900
2809 1249
438 764
459 707
178 446
2431 15
1631 1322
50 2369
1282 2947
929 340
1578 2048
1104 2987
1091 1100
1432 158
2913 2987
1935 513
651 301
978 1259
2762 1354
1943 287
34 1242
146 372
1058 1902
1944 1804
1648 1270
2155 2707
659 1148
2258 682
2935 2889
2683 2689
264 1111
2893 2137
1698 2740
2218 2687
2830 2621
688 1047
2962 40
322 1182
1453 362
858 826
2715 407
2396 1718
275 2888
1269 1900
1392 2080
45 2320
2112 777
186 2286
1902 817
1652 537
1572 2314
81 2902
1262 1558
2255 2086
2854 832
2588 2573
1877 1956
529 824
276 2438
2413 2333
744 2364
2049 213
2090 1327
1478 473
2214 69
1041 676
239 1649
2567 2919
2674 698
1285 1505
2140 1414
180 2372
831 2246
2438 614
265 1046
1029 939
1654 1028
1441 626
514 497
1210 2761
1424 1250
2184 2956
100 2736
2367 385
2651 2388
2235 431
342 2650
17 1845
2087 1163
349 2070
578 1860
2139 1418
240 85
1316 685
1328 1741
2601 2424
2190 358
219 1362
1234 698
2057 2512
1640 1241
21 245
590 1734
338 35
1807 2819
162 1835
2351 1293
2399 313
1382 1763
2709 708
451 2249
1917 175
117 2252
427 1410
382 2469
2265 2769
1989 79
2071 1389
2673 1974
815 1079
1615 1072
2095 322
953 510
618 1762
633 1075
2104 2650
986 1573
207 1888
2690 2231
1356 2644
1379 2296
1303 596
721 1682
467 1635
2033 2544
2419 2892
2565 443
2971 1913
2530 2827
2998 394
1340 1136
507 1436
2894 1386
1260 881
258 685
1804 1404
1149 1916
2503 1217
1762 2879
564 1524
834 2148
