3000
627 2364
885 1685
397 786
811 1119
1063 2741
239 2233
1411 2496
732 2340
2024 1758
1435 2010
844 921
1784 246
1776 1672
2194 2442
1831 2292
2755 1330
689 2232
1179 2861
2686 670
766 1839
235 2269
1971 1531
116 1534
156 489
1189 2180
436 2773
1785 450
2497 2000
2540 2551
691 525
367 1209
1666 571
2223 2359
837 1439
528 2176
2524 2736
962 2205
117 1318
487 2465
541 698
2966 2045
228 1598
1715 531
1219 2271
1741 1275
69 707
2123 648
2842 1673
1362 2066
1482 2815
2554 2084
447 2966
1487 1805
1558 1975
2733 2443
829 2399
2356 1896
1269 2145
2544 677
1485 2159
2160 1777
506 1622
831 557
1096 330
753 2176
2709 2459
1786 373
381 1264
995 1553
2336 2810
91 1193
2284 290
1120 2291
2496 1193
2509 2893
1509 392
1638 2405
1016 2862
593 2275
200 45
2069 813
2276 2344
37 25
921 119
525 1015
2225 362
1997 932
1442 1630
392 2376
1605 1510
550 1873
734 2240
2920 2382
927 168
1946 575
2625 1525
2106 1594
2551 2883
2309 1138
334 167
2693 2249
980 2479
2820 722
1569 1260
744 1588
307 354
1289 2604
1346 606
274 2761
2896 799
2365 2888
2505 1906
1691 1783
1393 800
1818 83
722 246
2096 2462
2639 655
100 1103
589 606
2765 1201
1627 513
650 429
2029 1273
2950 2959
1512 1518
1573 1674
1012 2547
2527 117
719 690
706 2048
1347 1138
616 1170
1106 1352
492 2160
61 231
523 1135
2252 1142
794 125
490 292
2251 1785
2951 1654
68 912
2368 2701
1975 2473
1592 751
2340 2597
1404 232
1414 378
1004 259
2501 331
2968 1146
2708 2860
1922 1698
420 189
1770 2571
765 1236
2428 2518
1334 1064
552 2240
2591 2315
1073 128
667 1218
499 221
1802 1043
1673 342
439 751
2266 758
679 2370
2192 995
1149 1922
2744 1109
2148 2952
698 2393
2504 1257
2094 522
1758 1943
1383 1555
2248 1792
867 876
2539 276
2868 2743
1840 667
725 1222
622 2764
2767 1425
922 1152
2899 1153
294 662
1716 2177
2726 820
2146 2939
1826 1229
1884 939
2803 1153
2476 1620
1604 1042
2688 857
1763 629
2536 2072
1087 2048
295 2734
293 1855
384 507
263 507
1180 807
12 1288
2429 1042
621 1029
2983 2457
517 995
2921 343
2583 1045
2901 335
440 505
556 900
1303 1894
1621 2180
2468 2300
259 1834
1274 501
959 2060
720 805
1699 485
2552 2815
2784 2721
858 1653
2600 303
1350 2341
2301 1000
1800 840
2976 1051
1076 2889
2534 1286
2389 743
1548 1994
382 802
2296 2181
1498 2118
2404 2890
1104 1007
2538 1005
2599 2024
2443 139
462 253
2737 2845
1689 752
1883 169
2903 1431
1518 2928
198 1902
2265 1696
2777 478
1524 2738
1169 693
2653 1899
155 1488
673 476
2444 1966
2979 1107
2907 1065
1961 681
1070 450
144 1504
913 2669
1701 1497
2683 1756
2594 2691
2406 1611
2363 2546
2887 2851
1996 2894
1332 1174
573 2415
452 1335
1427 192
2234 1509
273 789
339 1327
1105 1159
518 2169
645 1345
2719 1439
2143 2497
2655 1463
1138 2277
89 474
2290 574
2939 2162
1932 2981
1317 931
1559 1002
1502 2324
946 1453
801 784
2426 1696
2810 2563
1888 2716
2546 1879
1235 867
1164 2229
2469 32
2259 1896
588 810
2975 2271
114 24
491 979
1541 715
973 2756
183 1985
2020 506
2698 680
364 650
1468 196
1955 2798
2841 1514
1540 2353
2397 1188
351 2344
1232 136
141 2205
2824 1676
2102 789
902 103
553 2819
705 933
1959 466
1974 2459
369 2929
1451 2906
372 364
1030 1270
1257 1573
2503 24
969 45
1251 1826
352 1491
2577 849
1645 3000
2735 2207
1182 2262
694 2662
649 1453
1472 1543
2556 2890
2730 2716
1901 984
2378 2533
572 1135
1533 1338
2043 909
1942 740
390 106
2669 956
2567 1087
1278 2015
2354 678
1759 2075
866 523
1139 1757
2303 466
1170 834
346 144
1426 2211
1757 528
2064 1267
1771 349
2087 2858
71 1299
2666 1439
1061 1545
2283 1336
2286 74
287 2194
1805 2589
571 399
948 2570
793 1601
2186 2720
2441 530
336 2621
2572 2934
1000 747
586 1798
232 2165
1339 1099
759 2981
2152 144
1934 544
2799 272
1749 884
2067 2103
2880 2014
128 203
1791 675
982 1314
2817 437
212 2004
1726 1983
1606 397
910 1266
2034 337
1639 2649
852 1738
1636 1656
904 2911
713 2932
115 160
2323 584
288 428
1841 2091
996 1537
1099 515
2936 2544
696 252
2938 2617
103 984
743 1128
1491 1346
509 31
47 1128
406 124
2466 1942
1755 2206
2564 649
1905 1178
508 2317
2001 141
1624 2155
298 802
1859 603
2382 1624
308 2056
463 335
1356 1786
978 427
2882 2865
2157 566
2025 2700
8 293
596 1105
28 2037
681 910
1733 519
1756 455
2654 1815
1044 2250
929 2272
581 967
897 1290
2156 739
460 94
1338 2930
2351 1726
2224 2645
1033 913
164 2855
402 1882
2924 1212
157 1143
1214 938
373 1678
2857 1071
282 2158
543 919
1824 640
2352 2829
1803 1085
205 394
2420 374
642 1040
1572 2290
2898 1797
1463 46
1333 2707
635 1764
2973 1940
2085 686
2676 1670
2585 1110
2321 1167
711 1618
1554 276
1969 2047
454 2267
1929 13
253 852
1767 2777
238 1646
475 2789
2090 798
176 1815
2785 917
1349 2936
646 308
1432 2361
1300 1439
1547 1725
44 1119
682 1915
1564 1696
966 2859
2786 330
394 2522
1006 1294
2948 2981
376 1238
1230 1997
383 496
2339 528
1943 207
2159 1126
896 1386
1514 1729
2000 517
2738 1875
154 1630
1640 688
473 237
830 2296
34 551
56 2196
20 2378
2860 2344
2659 1927
2630 294
2324 2044
1335 791
1022 1325
1530 2024
2369 866
2529 2766
2328 2746
1707 68
2565 1460
2195 2845
2257 2230
2330 1302
2211 1118
1797 1749
1046 293
1594 1441
2893 192
2261 2734
1233 2932
2470 1742
1480 2198
842 475
1344 1897
226 2150
836 1089
1337 2141
1225 624
2149 2466
464 484
2609 532
1874 1140
2349 1395
889 139
1832 586
787 230
2427 510
52 514
2174 1846
1440 2329
2732 1837
2430 1930
2519 248
597 862
1254 1668
2235 1621
143 1453
292 2353
2388 2512
82 2559
1986 915
1816 1480
1499 2384
1368 2105
2723 2438
470 2804
1600 228
378 2091
2357 1775
2113 1078
207 1355
389 1236
2437 2067
917 57
1117 2042
1860 1602
1642 257
2790 2573
554 986
2981 404
578 492
1145 1885
1662 2158
2613 475
1610 2625
1745 933
240 1811
2457 527
1575 525
1730 1149
1778 2431
2207 989
2117 983
975 2684
676 1757
276 1016
2955 2848
1263 2386
873 1816
2134 1844
559 2040
2650 1861
281 181
1270 2963
1963 2131
2850 822
2041 696
1497 562
1071 68
213 1998
1191 326
4 1406
2894 2494
17 2416
1306 1846
750 1518
717 48
2930 1603
592 2702
413 792
2710 1984
2754 488
1842 330
1976 140
569 2875
1751 1641
2587 1827
1240 851
2729 1997
416 2941
2396 2787
1268 675
437 2473
272 1776
2346 1730
1351 557
1801 1064
206 2187
53 2132
2358 401
1358 2680
2874 1353
2528 2266
1465 976
167 2947
869 1083
199 1960
808 1599
629 2193
1823 1366
2168 2146
97 994
2498 2706
2520 1211
791 193
1682 2587
1330 1539
2172 426
83 1019
424 2795
2980 1975
403 2544
1211 2924
847 1578
1244 175
1760 1964
832 1418
2065 1458
874 2115
1967 1789
495 2189
665 2085
1283 2948
776 1715
2884 1518
2761 410
348 330
450 1762
2701 283
2191 479
1539 114
519 1926
1160 1981
2158 2719
244 2679
879 2162
2549 103
1282 2881
1881 1615
1834 2466
2931 896
1952 2655
764 1011
160 1305
2418 69
2917 826
94 1349
1814 2653
2394 2885
1115 2980
1892 1376
2618 1042
817 886
2856 701
1647 2056
2859 2202
1721 1158
625 1200
762 1504
2040 213
1494 2781
2018 1194
74 1981
2715 762
2409 1312
455 690
2998 1489
1146 214
502 2128
1150 922
1078 1030
370 1196
1492 2062
1216 2914
1537 153
651 86
25 1832
488 2555
2473 1973
2781 288
2722 2301
286 84
2699 126
1252 2185
2021 736
329 1504
2682 1433
1765 1808
1891 1166
1314 2664
142 2421
2138 1201
2126 1910
2934 1890
2312 94
680 2990
1060 212
1646 2150
2712 107
300 659
1437 2021
1197 117
1750 1468
1871 563
1739 177
1135 1526
1024 2513
201 700
483 1512
1114 1920
2681 1016
1538 1521
2068 574
685 2043
2489 2838
2484 936
2171 872
1049 978
2306 2967
2199 1597
704 1872
342 1141
66 1610
603 1391
851 2739
310 905
639 722
501 1891
1039 97
2989 1534
1075 701
940 181
803 2614
1402 128
137 490
2711 11
341 56
998 519
567 1089
1806 1313
1736 1529
985 1384
2304 1640
839 2156
2197 1179
2876 2761
130 2976
60 2081
1401 2042
2668 964
1747 785
816 579
871 376
396 2632
50 465
723 2044
1687 2771
1234 2630
2435 225
2260 490
357 2591
2256 2322
19 2051
527 2576
2615 882
1495 693
692 407
1717 538
1457 1432
563 245
1438 1844
148 825
2051 423
733 1159
1243 2456
405 2912
2811 1969
2314 360
136 768
2109 1926
2185 1358
1246 383
1363 1880
1369 823
2377 2607
2988 1458
2401 1576
840 1396
2533 1462
2764 1649
1256 2540
2383 2937
1968 858
301 41
338 2407
1712 2243
777 2058
2003 1370
1116 1312
683 210
1365 1059
654 83
1628 588
958 2028
1397 342
2571 1645
1728 219
2610 1832
9 2363
3 2591
2474 281
614 338
976 341
1223 700
2622 884
2660 343
2952 2659
1157 1443
2725 2739
2848 96
96 1885
1210 315
1258 383
2480 2948
2436 1731
1380 2077
531 930
1862 241
2114 1355
2942 2070
1907 1608
1367 1088
2176 2308
1889 1873
2561 473
781 1129
1064 1987
494 341
2121 2092
1428 159
1025 924
1484 657
121 624
2819 2246
2325 1323
942 1005
1474 2993
834 1071
1519 1501
2005 1345
2226 937
169 1925
1321 1138
724 2000
1222 657
1034 2088
521 786
285 2398
859 578
1692 2249
70 87
1938 1072
1795 759
1752 2758
773 623
1241 2387
2862 1640
1441 134
1187 2042
309 2311
775 613
2054 1751
1856 1031
660 2212
1273 862
1695 673
1657 2915
2691 307
1999 2823
1948 1094
894 541
380 1221
2675 695
2525 1731
1576 131
2736 1508
812 2662
1172 2979
210 1653
1882 865
789 2417
1158 443
1774 1939
1898 753
245 614
2985 1909
1220 642
2189 1139
109 2490
1177 392
2871 1522
1396 163
1381 1883
1937 146
77 1258
1082 2742
2144 604
2448 1305
813 2742
2795 966
1921 56
2080 2167
2091 2364
314 2331
697 2450
2621 987
2403 1749
870 1444
1066 2301
1567 81
1077 823
566 1000
2766 2017
316 2433
2212 2154
1688 618
2245 726
1902 439
1166 2827
1310 2118
2062 534
2327 46
2932 125
1271 992
1413 246
912 1047
2023 2291
2273 2782
220 1400
2182 490
2518 947
1723 1951
1093 987
2812 2438
2308 734
337 1029
1850 1997
2807 2499
2105 2183
1053 2894
388 1616
708 2631
2801 2241
935 1847
2345 114
1863 1550
678 2505
668 707
1052 1288
221 3
2392 1819
2077 1214
2204 2589
1162 741
1609 534
2145 2195
2180 1474
2153 1390
1611 661
941 2727
2440 1163
1989 1128
2619 316
2398 1311
303 1685
1580 1746
767 431
2588 316
2342 781
335 1579
718 2310
1196 2970
1732 2459
1371 214
2151 2078
202 1636
2045 1142
217 2484
2270 900
1262 946
139 1409
2825 2288
423 1560
1557 1564
466 116
590 830
2460 431
1869 588
2993 1565
1153 2610
43 137
1161 187
835 2616
2869 94
120 167
1718 756
2634 2551
1880 847
2652 1273
2971 2679
2072 59
963 329
1772 2002
2464 573
1021 706
1286 2768
2011 744
1616 2397
503 815
2116 961
1896 2997
2662 1763
857 514
191 291
957 1279
1456 2118
1719 1559
2697 869
2596 757
730 1134
1813 2783
1319 687
485 2676
1827 1735
1444 624
2411 2682
2111 2565
738 602
2258 145
2584 667
1412 1448
1931 522
945 2581
751 378
2632 1331
1619 883
1095 2695
1003 265
1615 2120
1702 1198
918 1454
644 1029
656 56
532 445
2075 1569
222 2267
1879 69
984 1692
2750 2261
2702 2530
1373 1312
1866 1481
2385 750
1181 2900
1787 900
1535 2047
2108 1306
1206 1413
340 2795
901 2795
1473 1840
2507 2048
2393 2879
2854 2107
600 2877
79 709
1779 990
1583 2424
2962 1718
2861 2179
647 1338
2545 1085
430 2742
408 1099
1490 2172
891 1745
1731 2944
2560 1095
2815 832
1301 2536
371 1520
2098 598
2568 1322
2477 2890
1513 1870
2120 1665
2006 2141
2104 1363
1656 2059
2047 642
1062 1779
2422 1949
1417 63
2889 2274
2433 182
1231 2395
178 2596
131 171
2184 1503
2500 1979
747 2686
360 1200
1781 963
2481 310
756 1161
2100 1821
2281 1223
2853 2137
55 1548
2905 464
42 2556
2026 867
1377 2501
2009 1186
2745 1072
652 2286
16 2168
1944 1599
1927 717
1660 1692
772 204
234 2953
2366 800
1924 2056
1486 1742
752 383
988 2184
1766 395
493 175
2649 1173
1340 1182
675 179
1445 1154
1703 1523
2502 1053
1110 147
175 648
2255 2416
2607 2815
442 1466
2775 108
1582 731
467 288
964 2953
1470 1909
2580 324
989 1004
35 1113
2642 355
1174 737
796 2490
1698 356
291 2526
2238 777
1618 1785
1679 1291
602 902
2181 741
1293 1364
938 176
2320 425
1133 1005
1292 2809
1990 2517
2906 1380
2030 2832
2167 1207
888 53
1544 477
699 543
2768 763
1992 1526
1483 1044
1419 1296
2095 1403
768 288
1915 947
1433 571
22 548
1264 1936
2559 905
2843 1175
1275 546
2289 876
1193 2334
2586 2342
1386 351
615 73
1868 2516
1706 709
2264 1771
1678 2758
2140 1615
67 1737
1526 2854
1819 2184
412 152
1008 2904
1400 2273
690 1329
655 1027
426 561
2839 286
1843 195
2724 932
2943 1378
1250 1259
2089 1257
1839 303
1336 1526
2511 479
2589 581
208 1283
2575 1747
1072 1169
1454 1952
1176 87
513 789
585 1980
2831 2684
2645 1765
1991 2525
1792 141
2663 2130
2491 2697
2331 82
1002 504
2753 1736
1378 2696
890 907
99 1287
949 1486
1056 2828
1316 2723
377 793
2690 2392
1713 1304
2696 1713
2922 783
264 1651
2343 861
361 2859
2805 570
2282 1079
127 2023
664 1114
2582 2620
916 542
385 2296
1652 2390
2395 1179
1951 2797
2959 964
2685 2116
2593 1062
798 1333
411 1829
934 1884
2400 2252
1074 2274
2232 2473
2268 1199
2678 992
599 342
2370 1608
1670 1513
1556 1121
2334 1676
1809 494
2877 1295
1836 2487
2461 2286
1127 1182
1954 1246
605 1591
2521 698
1919 542
878 567
1830 787
1910 1069
187 70
218 1360
311 1019
2829 1060
1599 1119
1248 1881
2937 169
666 809
2305 83
740 2807
2925 2801
1620 2074
2802 2535
1727 266
247 2445
1464 895
365 2541
785 1150
538 2804
1407 896
1159 1859
2909 2492
54 2955
2797 2873
10 129
2103 2111
2990 2437
1613 2340
2566 2571
1307 1612
2453 1586
2667 141
511 30
1722 2805
2329 1017
21 2311
1608 611
2070 1085
179 1723
2341 787
2439 2479
409 996
481 1717
344 2836
1361 2470
1588 2670
1754 2861
1129 1163
2550 969
1325 2618
2161 2766
1353 199
854 1690
2543 677
1479 196
2237 290
1936 401
1998 1596
2203 1930
2198 92
2347 350
853 2614
1697 67
320 836
598 2685
1291 1123
1950 2388
459 1888
2269 2526
1090 2872
1198 1780
363 2450
612 493
2945 284
379 2883
2039 2937
895 969
2412 1619
1048 2322
1987 839
568 1925
1431 107
2542 178
2082 847
537 541
2101 322
326 84
1143 406
547 427
1343 1612
865 2370
2155 1684
2218 867
2012 1188
482 1687
731 783
2804 386
2840 961
2717 1299
2165 306
1626 2676
2947 2074
1395 698
999 2990
2052 1591
2746 397
87 2120
790 455
1978 2627
1900 1884
514 1744
1854 209
180 2477
2019 705
1355 1889
1872 1229
2579 1734
1057 1835
1218 50
2247 2382
2280 1653
1079 369
1658 822
1705 716
2279 1363
1725 2558
672 58
1643 2181
2727 1577
1965 916
2535 699
414 2036
1511 2577
299 1312
496 2641
108 518
2772 1115
2743 2400
2835 2354
2013 2803
575 844
715 829
1227 496
2864 2823
1829 1889
1199 5
1014 352
407 2596
545 2128
1542 2551
85 1037
2949 1495
26 610
48 2541
355 1843
1720 985
570 174
595 1134
177 2557
1505 2246
797 2863
321 1981
2778 2066
2626 1442
1637 125
347 2706
2844 65
805 2010
2555 1814
2177 1109
2086 2435
1742 185
1700 379
1790 2375
163 716
2965 1167
2230 1183
2112 2266
2944 2008
1489 127
2202 308
892 2374
2137 1947
2131 1157
474 217
237 1241
1561 1519
2888 600
2908 1590
520 1057
2042 2110
1148 24
1669 76
2604 732
2674 1878
1913 2217
2350 2093
204 865
2677 2092
486 1718
1213 1121
2789 1701
2933 2253
2851 869
1926 1330
1112 2057
1980 298
1566 1736
1857 2616
2670 585
2220 1793
1212 1520
2796 707
1500 1618
1379 1627
815 123
2486 575
2661 654
2446 308
2381 1127
1623 2068
1111 2708
1121 9
2239 2572
184 1384
1984 1481
641 721
2379 1642
2332 1822
2475 2279
2716 2190
65 955
188 900
2142 2570
882 1301
800 1144
2445 2785
1601 1805
431 1078
2927 219
841 2430
1838 782
2592 1029
591 2191
2097 1957
1132 2857
497 2218
2972 1563
194 2733
140 360
755 748
2794 312
824 2602
2809 799
2173 1273
330 2887
2178 2040
1394 14
2196 2698
1917 439
2213 1412
548 675
1405 1673
1504 1543
716 509
2373 281
2175 249
745 1436
1769 1623
29 714
883 2586
1681 1749
606 366
2522 421
24 612
2605 2217
2084 468
1281 1868
1443 532
30 1081
27 1799
979 719
1672 66
252 2337
2984 2739
1165 1399
1983 1776
1084 1282
171 1792
1163 2267
987 2154
555 2789
190 2094
193 1514
2487 125
415 1158
242 192
1208 2494
1853 292
726 252
2048 842
2826 2722
2059 2242
2315 2719
819 645
2673 2561
1835 2671
211 1334
1521 991
2200 1322
1184 2088
2748 1073
2558 2266
643 1624
2492 1223
728 309
158 2202
729 978
1667 1451
2380 1610
289 3
546 2206
1247 2612
2118 2600
224 2767
504 516
1804 1931
1851 835
2130 667
2787 1029
84 2734
535 2125
1825 2463
254 808
153 720
1261 1980
1302 567
2459 2088
1849 2416
471 544
2277 2474
663 2599
1708 2387
1520 1
1058 2990
1392 1641
1265 1583
2471 332
2179 2745
159 1286
582 1499
818 682
611 2974
1229 2141
1933 299
658 1068
1893 1324
634 2183
2079 1706
754 404
961 149
549 2089
1506 10
297 1930
2838 1016
1935 564
1190 744
86 376
2450 408
1960 42
1041 2025
1192 787
695 2490
1649 594
2187 1263
2017 2905
804 1917
1577 2259
1203 1176
2526 2976
93 1198
209 431
2154 269
111 305
417 2933
1152 2718
1940 1568
1042 381
1845 231
2644 768
1126 2569
714 1052
1912 2084
135 2456
2483 965
1812 281
2963 1486
864 2562
319 2742
2275 776
1532 1307
243 2779
515 391
1108 877
2664 907
2822 1491
2206 1457
906 2937
739 1850
648 538
2292 1092
2946 2734
2036 1847
1326 964
802 2480
1632 1452
145 2013
2694 53
1279 2093
860 2952
2958 2548
1107 2414
2581 2746
1710 618
782 1974
181 2033
2515 134
2263 205
1844 1376
395 2634
911 534
1009 100
2834 2965
965 2568
1775 2087
1195 1885
1585 804
1469 2005
81 2343
2808 211
536 1022
2953 2731
1630 2476
1846 19
2821 2851
425 497
1109 368
1508 277
1962 2110
741 1445
113 1346
856 2950
991 2502
826 147
223 2703
2291 1306
2915 1303
544 852
278 2851
2758 2960
1376 1338
2508 2117
1154 1764
279 1056
632 699
268 2551
1979 1485
1821 793
1877 631
255 915
1372 2883
2769 1004
39 2196
498 134
893 2821
375 1787
1423 2930
366 1198
1837 2940
1683 464
1587 123
318 1940
2547 1725
1958 1619
1911 2180
1147 2351
1793 593
419 1518
256 1478
2208 2390
92 10
138 2731
562 2612
1957 1409
2390 1500
2956 1219
1650 2471
41 1106
2974 1561
778 1214
38 1265
2703 2872
806 829
1384 279
2631 2796
1864 2777
659 2465
1734 1985
1178 1197
653 1350
434 2576
1323 495
1631 50
2823 1499
325 91
75 2892
1080 724
1908 819
2250 66
2886 2730
250 1087
73 162
618 535
2405 877
2987 1362
2295 1294
1017 909
1894 2651
1168 1701
670 675
2759 854
707 2256
1560 101
774 730
881 704
1855 2089
1098 1578
662 2256
1134 1636
1885 2078
2728 1579
968 2103
2961 432
2219 1742
2431 1368
18 1848
2800 2570
398 901
1875 2844
786 2428
2792 2301
126 181
1995 149
2623 2854
1693 377
2135 2209
2866 994
1185 1485
1421 678
2434 964
327 1972
119 487
2992 1081
271 2866
453 2217
561 2520
2272 473
2125 1050
1589 2955
1680 2865
2183 2260
173 2337
1141 2087
1285 2962
1272 2356
1448 595
1136 465
1288 1687
2897 987
2299 135
972 1565
2073 2112
1546 1250
850 2943
1527 1605
2032 1324
915 1256
2038 911
2997 1787
2414 164
203 2837
195 1073
2595 1952
1312 2761
2867 849
1237 749
2597 2461
2514 107
2451 981
926 2836
2452 2708
2648 1423
443 1369
2300 1567
1151 1933
2344 1866
1709 2700
2249 2836
1305 2215
1032 2730
2421 1281
269 448
1242 1497
2548 2751
757 1085
2407 474
1287 2320
1740 1546
2651 2254
1354 2956
640 2003
2472 1942
124 840
1914 1105
1119 396
88 1318
2721 2705
2458 1664
1217 1200
2088 1740
2136 1022
930 54
78 1143
631 1719
862 2415
1238 2303
977 1837
1013 2508
2620 1032
1094 1052
1452 1608
947 2135
458 2305
2762 2095
1972 2960
828 1416
2387 1551
359 561
2863 1973
174 664
727 716
1125 2764
2081 1156
1808 2643
2714 2438
2490 948
2557 2861
2875 1310
1415 2660
1574 2475
36 922
265 1517
7 1060
2611 8
1591 262
1255 726
1374 2532
1038 342
763 1310
1551 1335
1091 1146
630 1772
451 2052
182 2272
903 1825
2624 1364
2892 1152
1029 1739
2129 191
2246 1096
2964 1862
500 590
1037 1308
1828 203
633 2548
2074 1902
2818 2587
2322 1294
1224 1826
46 1869
2923 306
2228 1598
533 474
2576 1813
761 2085
2355 1379
476 2818
674 440
1686 983
1612 1340
1228 1769
769 411
1536 2849
1409 2506
1259 819
2164 2058
1847 764
2447 367
1641 409
2242 2445
129 1468
1789 2233
323 2615
1481 2996
62 2588
2115 2955
887 1045
626 2832
1209 1008
49 2404
735 284
1899 2573
746 1787
1418 2264
530 2084
2240 100
1668 137
284 1955
354 2969
1318 2691
1471 1241
671 718
391 1379
1496 355
868 2154
63 2137
1434 1670
576 2486
701 2646
1086 1935
2700 2524
1010 419
1466 2986
2053 2679
2298 1608
444 2346
433 237
1128 1978
215 2805
1020 763
2035 2964
2424 2062
1848 2011
617 815
1523 970
637 61
435 1488
886 2770
914 1229
418 2040
2902 1984
76 2341
2214 1121
613 681
986 1982
1398 165
231 2177
1676 738
246 1871
1324 2964
1904 1423
1602 117
1458 1667
1047 545
2986 1625
1690 815
505 1532
1635 1646
1488 1817
2462 2843
165 333
1297 1866
2236 592
1568 1681
1130 2366
950 576
1945 2913
2399 1183
2205 1265
1744 1796
1390 1759
1322 958
2337 1
795 2611
1597 135
216 2931
2055 2311
2359 1911
11 2669
1761 2054
152 2439
2680 801
2999 2912
1553 1146
404 2647
1015 2952
981 446
2169 2657
170 2772
2287 2445
2705 1128
821 2797
2739 1916
1424 419
956 2639
1510 2640
2362 2221
1478 1699
1920 1502
1595 828
2517 2086
2601 2675
2057 2015
104 1458
2531 2723
1410 99
2957 2312
2056 2306
2779 1425
1873 1458
2050 1984
1817 1967
122 1712
820 2067
2372 44
1629 674
2110 1074
1280 553
2637 448
1276 2444
943 1539
2316 2317
967 1347
1068 2215
974 111
1446 2807
333 1639
2482 1875
2977 1327
1737 1823
1067 1942
2852 1017
2916 1751
1102 1810
2227 2394
1122 2944
149 742
1897 341
2720 1975
1724 1534
838 112
400 936
2878 2347
693 2772
2606 2991
551 2620
2798 2330
584 2941
2996 2692
1299 2835
1453 937
1671 2225
1543 735
123 623
105 1144
610 1215
1069 1743
421 1496
362 417
1590 892
2879 2500
1089 2865
1382 1206
1887 838
1966 2201
2608 692
1654 2759
64 117
2307 494
317 1364
2912 2864
1475 1930
1023 121
1906 2508
1552 2430
993 333
2027 1753
1388 2231
2890 2173
1993 1448
1810 2237
1928 2201
2278 877
1295 1351
628 2513
594 855
2376 1158
1516 2660
905 2635
1045 2101
2254 238
2895 2344
846 2703
3000 669
1947 960
1783 1903
1953 2025
331 1834
461 983
624 199
688 1538
1988 1665
2391 1117
315 2680
2037 2773
807 1238
2689 1021
15 573
1455 2796
1858 2198
534 1890
1916 432
2791 1812
1360 2998
1773 1458
1327 2201
809 1535
1011 1365
970 785
992 1805
1644 1126
1027 1319
1040 2812
2438 2362
1277 2560
2849 54
1436 501
1528 2798
2348 908
1050 1282
1007 1737
2423 2522
261 1150
2049 2473
1036 2900
51 1597
1439 927
2752 1141
1579 1630
2935 970
2294 2036
2751 2774
2478 2807
353 1764
1366 500
2982 495
2499 2593
953 1628
564 1616
2991 638
1596 732
661 106
2449 1695
669 265
1799 1090
2573 1017
1614 734
1549 1798
1501 2611
2022 46
2410 1833
2994 446
784 2866
1973 1395
1173 851
1811 2644
2493 944
349 1237
1194 790
2016 2706
1429 1491
2221 2694
2007 375
2793 2953
1918 724
1447 344
2044 2020
780 1109
2297 1302
257 2366
2513 933
1664 828
579 2915
2827 841
313 1297
623 1429
1461 304
133 2174
2071 421
779 1958
1994 1677
875 714
2360 1263
2326 1856
2883 14
45 2225
304 2923
1055 345
2465 2650
2919 2693
1031 1188
2033 2914
2640 479
102 2958
236 2271
1949 791
2241 1841
1820 736
59 11
1221 1269
516 1817
2046 2608
197 100
185 974
1545 674
1467 2557
636 2682
1313 2138
1525 2966
512 2060
1607 752
952 1588
1753 1791
2858 2954
449 535
1142 383
2231 1005
2338 2386
587 2996
954 2088
1298 2111
1408 340
168 1893
2847 173
1088 492
924 31
1202 2716
457 1465
2386 809
1266 2101
1331 1431
2028 248
848 2463
2127 641
1043 1933
1578 1882
401 2348
951 27
225 1658
709 1320
749 2517
1236 526
737 1165
5 2447
1571 2417
2193 2229
1796 2185
1677 2104
2636 2173
2058 596
2629 1322
343 636
2141 1388
884 1933
374 1866
1939 2553
2002 1172
1175 2402
1584 1357
2603 125
58 2053
2641 336
2995 1134
2128 2450
172 168
2078 156
1329 118
2914 218
2004 1113
577 2216
783 2888
971 1154
345 1611
1284 1942
1375 1818
1101 380
2742 444
2495 2540
1665 798
920 455
1028 2829
1941 711
2816 1186
2190 2513
324 140
2463 1186
1714 298
2873 2220
101 1275
1188 2893
2417 152
2646 2970
2828 835
2845 184
2375 2299
2846 629
1155 257
422 1983
1207 1953
1867 574
1200 1733
2562 2576
770 2276
1909 640
2978 1264
107 1703
1123 2382
1311 2444
1403 1181
677 1581
2371 1140
1852 811
1124 2727
2374 2168
792 2917
1171 1837
40 1175
275 522
1406 2424
2271 2312
1249 1514
1370 997
1201 1117
638 343
1239 2547
429 2401
1890 1541
1342 2457
151 1897
1245 563
2940 2398
1205 2049
260 2805
2302 1082
1001 2541
2512 2288
810 2442
2210 584
2092 1198
2402 1721
2718 2143
2353 1642
1387 1605
2217 233
960 3
2506 1323
2872 2856
2865 2908
2274 420
1815 709
328 2091
524 413
1399 2100
2806 2952
863 1670
861 146
1422 1460
619 558
1137 152
2570 1958
480 2643
387 271
542 34
1570 1674
1459 493
1659 1770
2665 2610
1059 761
1555 1997
1167 246
2419 709
2967 2134
1118 1515
31 2927
227 2609
2285 2662
937 286
296 66
1674 2427
1780 1135
2229 755
1622 1356
267 2292
909 2746
1140 1174
112 442
565 2748
219 1313
258 32
1260 1905
1359 172
899 2161
1617 2636
1762 211
2479 2722
478 2436
1460 2312
540 1602
1694 1046
686 1357
399 525
6 1759
936 1739
1563 2189
229 1042
908 636
748 2607
233 2915
684 2450
2367 2357
2267 41
1294 782
1416 982
557 2410
900 2037
356 60
1704 2958
601 1003
1977 2542
700 2645
248 700
2209 1770
721 165
1581 1102
2740 2394
1925 1170
955 2316
1253 1594
2656 2007
876 895
944 620
2488 2576
196 209
1748 2469
2704 2962
2628 1095
2093 2775
1085 1022
2870 1896
2855 605
489 2617
925 1491
2783 2245
1352 1557
368 345
1746 2118
2684 2300
322 2784
833 1347
2311 2601
2384 256
607 2560
2 602
2643 1530
448 1935
2731 2213
2926 165
290 1125
1777 1600
2553 2080
161 899
771 572
134 768
2066 13
1341 1453
1895 2780
1296 276
2904 2015
928 310
710 408
469 40
1430 2765
2747 1257
1985 1586
2133 2466
1186 206
266 1373
994 33
2455 883
80 2596
2672 778
72 24
1348 984
2310 1804
2408 103
2830 1950
2679 142
312 492
880 251
2602 1786
1870 58
1930 2488
280 151
1290 671
1100 2770
827 1326
2707 2717
2319 2596
931 177
1833 318
2060 2696
799 1089
2633 2116
1981 2832
146 2937
2076 1071
441 1182
2201 1778
1782 642
2757 2278
2770 2238
1764 2874
2749 185
2063 2209
1144 2347
1861 1124
2574 669
162 2607
2244 2800
1923 526
2122 2785
898 947
98 1818
2061 2855
305 1404
241 918
2139 2994
1729 1874
990 950
283 1971
604 1215
2885 329
907 1251
2415 1037
2782 2407
2188 2439
186 160
1625 916
1308 618
2216 2964
1005 520
939 1836
2928 2794
1964 2553
2612 1633
306 2471
2763 1095
1735 2172
1477 224
33 446
822 2684
2832 1060
1661 1061
2233 2900
1462 2405
2010 2767
1131 2147
2243 1241
2333 2532
877 2704
2215 494
2918 1201
2706 194
2657 959
2814 1935
1215 1579
1648 1738
1550 1770
2598 2320
1425 376
2774 2742
2658 493
760 2
386 1910
2647 2690
2695 1021
2313 596
1684 2292
712 1173
2015 2738
2432 428
2530 747
845 1729
560 137
2833 1
2456 115
2413 1007
1320 2523
2532 1639
2687 2459
843 1726
262 1774
1183 2390
1476 1979
1633 1079
427 1418
932 2706
522 2568
1675 211
1420 2802
1113 1382
510 1529
1878 1859
230 2285
2911 1125
2891 1338
2788 78
2523 1449
1956 1838
1517 1945
106 725
2107 2129
1515 6
2253 2533
2170 1906
2813 674
90 895
2837 2268
2335 2256
393 1624
558 2608
302 2293
1711 1662
1788 517
2262 934
526 1950
2954 1470
2317 1287
350 61
2416 193
456 307
2776 55
2692 2888
2960 2441
57 1673
2467 1944
1267 654
2713 319
1634 158
192 1664
736 1548
1562 1250
1385 635
1822 2387
118 728
758 2740
166 379
1663 254
1026 1765
189 1772
465 2535
1065 164
2222 1722
1054 1597
358 690
1798 808
2147 2328
1685 2588
1503 2247
1743 2987
814 666
855 2013
788 1337
132 533
410 2423
446 2577
2454 1274
2756 353
2099 356
2510 2373
2163 241
1876 286
438 1902
2671 2910
742 1695
1083 2368
2969 1012
2910 2011
2318 2532
1586 1669
2119 1983
2760 1125
1051 2350
1391 1976
2617 1213
687 414
2124 2823
1655 1514
13 2608
32 1976
1651 1456
1886 2611
1565 314
110 1457
23 2939
1865 257
2836 1274
609 1868
1768 1118
251 867
468 2098
983 2096
277 790
1204 2624
484 83
823 2223
1304 1744
1364 325
849 1437
2771 1877
2881 1527
1097 903
1903 531
445 1221
14 2106
1450 2359
2970 553
872 1985
529 215
1092 1262
1970 898
1982 1275
479 792
620 418
1794 1384
702 1950
2913 951
2563 1658
825 319
1598 2068
2425 1172
1081 686
919 2083
608 1512
1103 584
1529 2628
2516 253
1738 1767
428 944
2569 1963
1345 2548
2929 1913
1493 2748
125 389
1449 2017
1531 775
1018 697
1603 210
539 884
2741 1052
2132 1171
1328 1861
2635 424
2083 78
2627 364
249 1988
1315 1833
2364 1825
2031 2775
432 1204
477 1738
1226 1680
2941 827
2166 2376
2150 872
1593 2424
997 1768
657 1654
2008 216
2590 587
2900 886
1309 2683
574 2054
933 1290
214 1722
332 112
2442 2754
1357 2768
580 960
2293 2078
1019 610
1035 119
2734 1424
95 2559
2578 2765
2485 1705
2616 674
2614 2996
2162 2299
1389 2324
147 2769
2537 1518
270 2209
507 669
2638 1770
1696 873
472 2581
2541 1147
2494 1840
1507 1976
2773 1296
2361 1063
583 1514
1156 2926
2288 323
2780 1312
1534 1104
1653 2137
923 1318
1522 403
1807 78
150 907
2014 187
703 2320
