3000
4 2485
2719 1014
2053 1328
1783 1602
2970 2236
1393 2178
2059 749
390 2991
1373 1353
1122 1610
2326 1688
1939 2360
2256 780
1345 1034
2871 198
1469 2537
2943 219
93 972
2536 2497
861 1874
1662 2367
386 2292
668 221
696 741
389 20
2051 138
2581 807
1328 926
1061 1819
435 906
2594 98
1934 606
2966 51
79 2800
2230 1764
2288 179
1455 150
545 1467
1973 2390
2735 2023
1220 1010
854 380
2032 1278
2982 1386
2563 151
2608 1465
366 2480
649 513
1768 2445
1540 1104
1864 1839
356 1753
2340 1311
1736 50
2642 2859
2318 2161
2547 1015
2005 2920
1717 2083
710 1544
159 1210
2565 355
772 982
1108 264
1754 1437
890 537
1359 536
275 71
1779 1107
1136 2907
97 2742
2377 2357
2445 614
529 2232
1617 2213
1718 2254
2555 2654
2101 262
2217 574
2843 601
1033 1299
2125 1453
2110 2270
1909 1704
430 1316
2675 2064
1291 182
249 1548
157 2269
586 2429
469 2316
2625 626
2210 2312
1097 2760
2372 2250
2157 282
1248 2484
23 1755
624 2011
2489 777
2483 943
999 1165
2911 1020
540 320
2048 234
620 2738
1862 572
2824 2046
285 225
2394 1077
1475 340
1177 1842
1269 1072
581 531
1131 102
2240 28
2689 39
1775 1303
1799 126
2359 2322
827 858
2355 1961
72 1811
2086 1864
170 2080
1430 2223
224 271
16 1772
27 1208
447 2369
1755 299
1644 2581
1470 2074
2954 2343
1355 1816
2406 1566
2454 1481
2658 546
2422 1313
1561 1871
1268 863
572 792
2017 256
1023 38
514 599
2804 1622
1510 1270
276 989
1958 1827
1979 969
90 482
2521 1251
1748 2380
645 2915
661 267
301 1908
2813 1913
899 142
66 2192
453 1860
128 2973
76 1535
1273 1611
1758 445
2903 395
82 1532
2199 700
2102 1351
1892 217
521 1086
830 1271
2332 2021
1697 2597
1896 202
1841 1536
2328 2606
2959 521
2014 468
2323 813
1917 795
781 2895
2475 1849
2787 2893
2551 323
1066 1432
2926 2191
302 2632
365 2434
1307 2368
1969 36
2015 104
2018 1899
2674 868
2585 566
1073 2541
1193 954
963 1477
150 564
1297 1091
969 1723
406 687
299 30
2401 1493
2902 307
1358 2906
2 1885
1605 2183
2455 1746
2439 2930
2281 326
1168 2945
115 2631
437 226
1821 981
2007 663
593 471
553 2335
2888 2653
1651 68
465 2761
2076 1983
2403 668
2760 1152
1320 2999
1868 2145
336 1671
556 124
2782 2457
644 72
208 1937
1334 856
1678 547
254 2211
2356 1320
1228 1447
1707 2793
2421 721
2664 2032
1987 516
730 2
2541 2879
1158 674
2416 1036
1814 2001
1580 174
1266 1639
1759 412
1272 723
893 1950
2093 1373
639 1641
2465 821
579 1237
2940 1159
309 2572
2629 2384
1102 2067
966 2320
1631 2399
709 285
1323 2162
454 2137
2779 1623
1409 1365
956 2984
2644 2424
2202 1640
2589 1854
1573 2005
1701 2668
2671 1163
1511 761
1074 555
665 2845
2827 2019
396 2967
698 358
2050 1198
2609 2333
2790 1397
1682 945
2298 929
2316 2656
1309 1174
2436 2625
472 1744
1757 850
319 1333
883 2371
2925 248
602 1339
1925 2810
1524 789
176 2829
2424 2502
1325 1028
1229 2107
2596 1213
858 704
395 2148
1790 2158
2891 328
953 1526
789 991
2155 1421
475 62
179 2002
1822 2093
340 2286
1556 1244
1980 185
305 133
1824 1120
2861 879
2569 1214
2491 2555
782 1181
2461 274
1857 937
1905 1459
287 1199
2226 1196
2994 847
2040 281
2188 1270
2272 3000
2997 495
752 1795
532 60
2083 2120
2600 1661
1381 1972
37 2864
2669 1396
2819 242
1376 1412
2474 1492
1051 1757
1874 2187
2643 771
490 2149
2953 2030
78 1729
1415 426
738 2323
1996 1473
1881 57
1115 2900
2204 1495
2908 2099
2215 2036
2942 318
650 2629
2553 2847
2237 1520
1152 394
2887 54
345 1400
181 1861
2245 1209
881 2153
2176 66
1803 2610
531 1440
866 1893
1531 1359
1968 801
808 1054
2344 953
564 1796
612 2599
52 2461
2847 2799
2129 363
1232 1529
1418 1398
1889 1695
2602 2378
1596 2305
920 1604
528 423
814 1420
2477 456
1279 1942
2743 1909
1927 1460
1870 1902
1852 2828
913 410
268 1439
839 1330
24 1822
11 1379
1845 1203
1772 1347
1452 1483
2821 874
1740 1953
2614 1614
40 657
1153 2509
1417 190
488 2390
1698 2499
123 2746
2470 2332
1141 1123
116 2043
770 2802
1808 273
2802 1083
2229 904
1834 158
922 2333
147 8
451 2041
2548 2887
635 2197
2116 705
935 2220
2072 2748
2656 892
2904 702
2056 397
2306 1948
2428 790
2405 2603
172 832
382 2109
2089 2052
1780 871
405 119
236 2329
349 2781
149 1011
2706 1633
664 2078
1949 121
1284 341
1583 32
1855 1344
1447 2520
1826 1834
2325 2160
694 2056
1488 480
1849 1128
1353 605
2456 2697
1146 2441
2128 2337
1241 2184
2835 1643
215 993
335 455
1867 496
1945 1098
466 1768
2434 392
2104 1517
2054 2628
941 11
2650 2475
96 2234
2628 2283
87 465
198 639
19 1595
2342 1331
1239 463
423 34
2130 1277
1657 1348
816 164
1806 2033
1689 261
1164 2971
1157 2968
1166 683
1576 192
1800 253
1546 1609
2860 116
1288 2200
2584 27
2996 2815
2008 1487
933 408
1563 1553
2710 407
1940 268
1420 2085
2528 2156
2890 2699
2020 2600
2208 1218
1873 1286
2582 2619
2750 1457
2701 199
292 1342
2140 949
663 1628
361 1247
739 1071
1336 2131
2039 1292
2471 1865
835 2894
1890 359
230 1584
910 1527
889 2809
1078 1870
2801 1031
2189 1617
1107 1276
961 1801
2029 2159
85 86
25 324
2262 2459
267 1547
2211 1551
2479 1136
2699 1056
264 1508
2100 834
2248 37
2647 502
1791 1245
1879 2620
1040 1288
1048 2199
1295 647
2271 458
388 1545
2988 2082
2560 879
1380 577
2920 585
2336 2050
1899 1552
2857 1155
1765 2931
1498 2805
394 353
357 1808
1635 1318
805 1061
1550 115
973 2898
1666 1433
1045 452
1366 236
982 2706
32 2911
2338 419
1953 1177
2427 1424
416 2877
2538 2166
1029 67
1704 986
2300 2281
1802 227
1603 240
1286 770
2768 686
523 1895
232 1943
1533 1233
2009 1273
2329 2963
2368 292
1966 41
2482 1606
901 385
2478 2952
2951 437
1282 677
1667 1680
1904 477
807 1703
875 1230
1653 1415
1618 1524
2264 1607
2030 1394
2882 290
777 2617
456 490
2817 441
1432 2373
2232 2994
1476 368
419 511
2462 2122
2313 1990
1076 2492
352 668
2317 1687
1176 2432
669 2978
2476 876
1457 1619
2279 13
2498 2386
2952 498
1737 1851
860 2580
757 647
513 748
1553 300
1003 2245
2800 2303
2780 2794
3 184
180 446
1192 791
1633 181
2577 527
736 257
148 2435
427 1875
1685 1632
1735 2989
2527 366
2243 1434
2583 1222
244 2331
2864 487
2120 2790
1956 582
283 249
2846 83
2304 2382
1422 2478
1314 1815
1724 2258
2776 2301
1179 706
468 2680
2619 1220
725 2049
762 717
938 2622
2990 1569
132 2675
2603 1679
1210 2582
2934 1355
519 1491
1038 2727
686 1734
300 2094
533 1652
2105 2405
1129 2182
1204 501
2748 1401
200 1478
1812 2103
2636 2079
634 553
1480 1392
2121 286
2463 2089
400 1084
2950 1587
1770 2154
452 2808
2513 1581
1952 921
600 330
512 1717
1883 335
1302 2869
414 2014
1639 2195
2419 350
2151 55
2201 2190
1581 1013
2291 802
2507 2045
1764 106
1614 2212
936 1046
1313 1117
2418 128
623 2806
2266 1135
2849 591
2652 15
284 296
700 1603
363 2925
1971 2209
398 2047
1412 1004
1206 63
1441 2302
1250 2125
2588 1124
1485 1771
1159 2767
1200 775
1424 2406
1252 817
125 2796
632 1721
1092 229
1392 1580
2795 722
1777 2233
481 149
539 2044
201 1295
459 90
1379 2827
837 1917
2777 1260
1072 504
873 2883
2400 1889
2353 952
2937 808
44 2259
122 2546
1082 664
2103 773
1955 228
1162 2112
1081 784
2294 1833
1467 814
1413 250
2641 2729
525 779
2702 2291
1943 1376
688 450
515 816
2520 112
2435 2414
1560 922
853 1296
2692 1969
871 1017
1471 1762
1610 2916
641 2341
253 1507
1642 79
846 1881
1683 1094
1140 2213
1727 1343
165 2132
629 2202
322 352
1139 667
280 1778
1394 2878
1509 2900
2792 1059
12 2966
2516 888
212 80
2175 2756
2397 1892
226 131
1796 970
1363 148
1255 1882
847 260
71 1988
1606 2670
2196 1980
2680 603
1595 1322
1702 1770
1751 1921
2580 2057
1835 1449
1615 2105
1183 1095
412 1438
633 2673
1885 2723
1305 12
2346 2881
315 1444
820 334
131 387
867 2650
1375 658
2909 1315
2980 1354
1993 2640
1368 2835
1287 846
2497 1488
1878 1726
712 2095
2530 2862
1897 681
776 381
1144 2135
2772 2620
2571 2636
142 2587
89 596
2806 2786
714 1093
651 2227
1599 948
2223 1534
2898 2284
2816 2189
2429 2062
2071 2657
1042 2469
1408 2504
955 2228
2828 941
1710 383
483 1699
2150 2461
701 2346
1691 2836
338 2788
1028 2633
2446 2101
1456 838
1090 2306
2564 1592
2751 2969
544 766
295 1242
1246 2437
1989 550
2597 1217
2947 59
1372 2527
1608 850
724 701
2180 2123
2958 2048
2432 2752
1125 2008
2209 2060
2301 2959
1629 956
1838 1616
370 1765
868 429
2679 1226
2534 2535
277 367
1304 1337
2205 2066
2274 1750
1214 662
561 1173
526 2516
31 2240
1294 97
569 624
767 2500
1472 169
1793 1915
2330 2165
2705 316
494 2908
606 919
1957 2235
2884 2252
1794 1989
1684 396
1113 732
2003 2803
691 1022
1197 2860
559 1986
2731 428
942 2791
1070 2224
744 567
2036 9
431 416
262 595
327 1936
2818 2556
2265 2090
728 2548
418 1057
657 1992
2949 798
1397 2460
1671 552
2965 1759
59 2290
684 794
2733 432
980 87
2297 2004
2042 1300
101 2506
1515 2425
775 2941
1590 422
2944 2468
1156 803
1575 2366
826 1577
2752 754
934 1692
1636 2279
163 811
2736 2071
337 113
2747 918
1338 2526
1512 607
146 304
874 2985
1620 1462
1523 526
2974 589
2729 2982
120 2852
1632 1124
711 689
240 2928
1967 49
371 1425
2315 1074
831 2006
234 2241
221 1600
2119 1092
1920 2944
2486 1006
609 1458
35 2501
68 1537
1502 94
2231 609
1598 835
784 2487
2073 1869
2540 2783
2295 475
1696 2646
191 1655
2371 2720
2587 2986
1101 1450
2556 2308
2971 2696
1271 2754
2848 1207
2222 481
124 132
1174 1265
1532 2396
91 1784
2683 1422
2066 2444
1771 690
918 984
511 1000
731 1997
1484 1853
2185 1234
329 1267
1362 2216
2244 64
2181 2903
2678 1956
344 1631
2623 2679
21 594
726 2510
480 2549
479 2686
1224 203
2166 1668
2352 1463
2811 160
54 1589
331 464
477 76
56 470
1479 2381
2724 2598
241 1807
1712 2953
1722 2146
1440 787
1310 841
471 1321
2425 672
1342 2567
1262 2158
1052 2059
246 1967
1167 2722
1858 2051
1069 562
119 2531
1537 194
2177 2608
595 797
2225 279
2948 2922
73 1773
715 73
1828 2844
105 2104
809 2899
800 678
1371 1466
552 69
2964 628
2722 760
1337 2804
439 2553
2395 908
2714 1888
2522 370
202 2901
455 2124
7 200
1647 1791
659 1792
1665 389
2968 2912
1243 598
138 1991
2383 171
2108 958
1670 1714
1306 2505
2324 1085
864 75
2109 1431
2337 377
2764 1178
542 800
1829 1546
255 334
2278 1928
1265 2981
314 109
1984 2054
2877 660
2646 786
1761 201
2381 2296
2607 2322
2938 1884
18 186
1699 2400
2622 1793
2531 1428
271 1235
1403 1326
2273 1848
1274 2710
2107 2274
84 2732
954 2785
1567 1249
1060 2329
127 2097
921 2053
2021 625
334 1676
703 1882
2912 2065
1378 731
2195 673
1773 1873
2999 1691
1079 843
1854 649
162 2579
1767 161
2514 2169
1410 2422
2688 2744
2174 2164
158 2443
1482 1963
2889 414
228 1564
189 2779
801 2402
457 2547
1774 1789
1574 231
972 1362
2412 2021
1401 218
2299 2273
154 990
1742 2589
2448 403
294 2024
2027 413
765 2152
106 2834
1621 621
1350 1156
1147 454
362 2348
719 1496
2044 1798
1244 2515
896 241
2834 2426
985 2849
1547 2318
984 833
2214 1005
491 1445
1503 1264
426 2570
2832 548
251 157
2727 2361
1341 255
747 125
2433 2830
1215 2609
2930 388
1705 1259
2343 85
2302 1133
1848 1531
2413 1694
2118 2372
1112 2511
2164 420
631 1625
2033 694
1242 2231
486 870
1025 2218
2765 2649
372 2070
1202 1971
1399 2536
1944 1904
998 2750
1811 1144
1998 2948
981 2374
2915 1305
1231 1157
70 2837
2440 1476
498 1250
2956 431
1175 619
932 822
75 2096
192 1048
508 980
193 753
991 1920
1833 1312
473 1126
2633 2401
2464 1429
1477 951
1222 1375
2626 915
1554 1357
977 401
2280 483
422 653
214 1891
1370 187
2575 2814
1406 1664
574 162
2206 2871
1886 2154
1798 2886
614 204
655 2037
2090 47
311 2293
433 1367
930 2508
2069 2728
917 110
2143 2204
2441 1543
2091 1558
2778 21
771 2186
1481 1931
1936 1108
2460 2493
2350 2248
723 139
1555 2456
263 2479
1747 2393
1725 1702
428 2214
2676 2884
1161 1575
478 474
351 1846
2348 1129
2785 1965
652 2237
1640 1125
438 453
1453 1172
2058 2811
821 2142
1327 2193
2885 2475
2386 1910
2398 1739
601 1111
2725 2678
638 1499
844 898
958 213
95 776
1483 1735
603 2667
413 1049
2773 2423
2275 882
1789 1797
2310 1071
2159 1411
1919 1756
618 293
328 2626
1809 630
1520 1852
685 2523
1607 2486
2986 1615
77 1039
2484 2765
1374 1977
857 967
1749 2409
1805 1665
1504 675
1486 2917
2791 1182
2929 2457
2598 1480
1387 305
979 2530
2870 2388
2963 1857
323 2474
5 1393
476 875
1539 2674
2823 84
626 1850
1714 2111
2260 2210
780 860
1319 423
1316 1332
168 2880
607 1659
518 1510
1571 1993
1126 1912
550 309
1660 96
753 1287
996 1062
1674 1381
2682 1310
2599 900
1351 755
630 1158
2612 2888
34 702
886 881
367 829
928 1697
1584 223
1541 2664
2875 1662
2901 1731
1132 2230
1104 1836
1753 725
470 1443
2712 251
1187 1189
1839 1319
2767 670
1111 2562
754 746
2133 2923
1491 955
1843 1166
637 1862
2894 656
194 1999
2502 1951
1676 2040
197 873
642 432
2022 2238
143 210
1446 2012
2893 1901
1075 1689
2259 828
1120 1188
421 2177
2631 2783
1014 458
2127 957
2559 590
1659 1817
2219 2476
2430 2848
2158 978
729 849
2744 2174
2074 2956
1322 2947
2757 2733
1128 1790
1207 872
968 1506
2936 568
1138 141
462 314
1729 2838
424 920
485 17
1186 889
1514 747
47 1307
210 2345
2284 682
2126 145
368 2935
55 1683
1723 1472
2082 2816
1962 510
727 2825
1673 1418
278 812
1907 1408
2978 1743
2501 710
1436 2266
2769 1024
1995 230
1024 2676
2409 99
474 1127
2388 2822
1518 2874
384 2995
211 275
594 2897
2179 2106
2613 1435
2700 2467
2809 2226
1230 1523
1360 1970
1914 2584
1898 923
656 1763
1579 1399
1148 1533
1866 1579
697 799
832 2456
2041 1021
842 2704
995 1140
2746 2661
2221 692
460 29
290 592
743 527
1423 1940
1182 43
990 533
1098 1171
692 1070
1645 372
1425 2517
1299 2618
1994 845
313 220
1875 534
2379 154
2927 848
2043 2428
2153 2397
1085 1143
1679 333
2739 1550
615 1413
2097 1469
2659 1925
2207 763
1530 1877
1058 738
30 2561
2808 1151
877 1007
1719 774
155 2118
2373 631
2663 1567
2472 785
1311 1556
1465 319
721 2427
1562 1497
1913 569
1622 1012
1650 2892
2006 772
2518 2693
2255 173
2258 2658
1490 782
2931 1170
904 1707
1385 818
98 869
2755 1947
2549 1542
2055 2261
2490 1858
347 1325
360 19
2088 311
1068 2886
2065 123
1708 1872
761 2565
903 2737
2798 2861
1519 1810
28 233
1056 2472
2794 1648
2770 448
1130 837
1745 995
654 91
2685 1204
1882 2324
1190 2642
1865 1289
205 2247
2709 1954
1497 1176
1036 1924
1256 2155
1981 1236
420 1880
2561 1742
1602 893
64 2568
2822 1718
1522 1417
535 2490
109 2341
1259 1930
2063 2498
2261 1715
2833 1475
2928 2440
1877 2701
568 2593
1461 815
2508 2717
1437 618
548 2003
2010 391
1396 1409
2715 312
1619 2663
1459 1065
2503 2769
945 152
2941 1456
1902 2688
2024 561
1744 2545
151 1033
2385 52
1049 950
2488 1361
45 1900
1018 1038
196 1372
658 2929
2314 509
2080 554
2639 2725
1937 1855
229 1705
169 81
218 2842
2895 1395
2149 2939
1057 18
2601 2377
1880 1968
2218 1752
804 2690
108 1096
962 549
401 259
233 239
1135 2846
840 107
2366 1377
2012 2451
2805 622
759 2446
482 338
1634 1557
2374 654
537 2171
183 2438
1910 2763
674 137
1819 1131
2979 779
994 2747
355 2960
2023 2160
2031 2340
65 987
2976 985
2707 1454
343 243
1516 1139
849 2771
2190 2787
2182 2121
2830 932
2703 2315
1071 1167
245 1693
442 2068
2799 231
967 2721
107 2395
1238 1978
261 2058
2918 2015
330 635
2866 2533
2604 2843
859 895
950 2766
1941 2988
387 1185
156 406
869 1101
1283 1818
989 1954
2517 1486
1046 1266
2250 2170
2624 1383
1804 1985
690 2326
223 999
2358 1371
524 2203
2786 58
2191 540
333 2662
1535 887
799 2577
1361 1470
1582 716
1468 415
2567 2084
1978 155
1117 1130
900 1976
2390 617
1086 1175
1435 2314
1903 2458
2657 2715
2621 903
566 1914
527 1760
1797 914
2453 2926
2856 1824
2016 2138
1219 1069
1853 1336
67 712
2810 880
2391 2431
1330 529
662 2551
1738 1298
783 2407
1825 2039
2844 1847
803 494
1891 714
2781 1327
46 1378
2590 1666
2414 2585
811 1193
915 1201
1099 752
2493 2417
1009 2919
2123 321
2200 2194
289 284
1720 211
773 2489
1787 2647
1443 563
2094 2559
296 2521
391 1829
2788 583
1405 1716
2812 421
1916 1601
1985 1720
1686 2288
1343 1195
1613 101
2309 1134
1954 362
2451 409
1593 759
1559 1634
6 2115
2721 988
682 1016
2797 2825
2620 2379
2711 1728
2907 2612
1928 2623
2362 2695
1988 1549
687 768
897 1906
1680 373
2766 2543
2868 2297
2308 2955
1398 1468
939 1042
500 424
2339 765
1661 1782
1784 2464
2759 729
2415 1554
2916 2853
2327 2630
940 443
2793 2370
1240 343
450 22
907 864
2989 826
946 781
2550 1590
173 1356
704 2857
504 961
785 1274
1450 2974
1756 1256
409 2951
2392 2215
1837 1335
1601 2392
707 1859
1400 10
1434 1352
2841 371
888 947
22 1766
2285 1572
1716 2100
1506 2588
2296 545
1173 2554
1709 2491
2854 289
622 167
1431 1896
1831 1769
2163 1758
1594 2253
1544 1995
408 2172
2648 2181
2443 166
358 2672
2028 1154
617 1100
988 2433
931 2242
69 2436
2851 655
558 995
819 2131
813 1897
238 1272
2826 1164
369 1952
57 1647
822 2418
1951 616
960 2558
790 16
2046 497
927 2363
2106 2938
1411 2317
411 1923
1331 2205
570 1474
598 1080
1731 1324
2667 2635
517 1582
339 2307
1648 1974
1681 1844
1923 2358
2512 1626
1589 77
1059 2876
227 508
2869 1740
1494 524
2896 2009
1016 2954
51 1426
2442 1227
1427 435
647 1760
10 2563
2651 2321
732 1168
1844 924
219 530
1924 117
2184 2977
2049 2532
2165 559
2734 1706
217 2529
270 1405
2753 1215
1525 408
717 2448
2995 1933
2238 2349
667 708
2369 354
815 1876
1763 1232
2037 2185
1869 93
2447 2826
2845 1384
2610 1169
121 505
2720 1513
1990 35
1860 1261
1184 1514
741 2010
1578 375
1591 2694
2558 2419
1876 462
260 1147
619 2775
2820 1494
1321 1938
1203 2398
1493 1707
2469 1329
636 2806
1557 637
993 2975
186 1406
2693 2454
2293 518
1312 1867
1501 2708
248 1228
1733 2304
1367 1727
693 2958
1258 512
1728 2352
2115 269
541 277
297 1751
2178 2110
2004 962
676 2774
2251 371
2754 1597
1888 2764
1011 1996
1063 930
2858 1334
583 2542
763 1183
2254 135
1760 222
1356 659
1915 866
778 2080
187 2224
2393 1291
1160 303
1065 1345
2500 1588
1064 2743
222 2605
36 1781
1536 288
2438 235
2321 1878
611 1253
2333 1767
577 1719
1116 258
269 966
1528 442
74 25
565 544
1624 651
1445 2255
383 2327
848 796
911 1636
1349 2139
2132 935
2717 769
2148 470
1340 172
410 608
2635 2246
695 2550
1564 532
1489 2753
908 1713
1947 2942
145 1618
2156 1674
1346 2495
1208 246
769 2168
1388 571
2045 1840
1600 730
312 2698
1062 2494
385 489
878 2689
2910 2127
1788 2638
2241 809
304 180
1165 1122
2013 1516
247 2746
538 1027
2269 2319
167 1979
80 974
1292 484
2168 1749
978 1
2532 2866
444 2777
110 1246
779 2278
1975 629
1093 457
1348 2902
1986 575
2618 1385
507 2251
2319 2294
2867 144
2892 351
798 1725
2287 2087
2466 2713
2552 1087
501 2114
2067 2714
1031 983
916 2525
2924 2466
190 1132
1352 2201
42 2821
2070 691
2345 1890
2694 2362
1817 2027
61 2813
1290 1620
259 1008
2417 291
571 1380
281 1635
2257 2275
2525 2088
1570 278
992 1242
404 325
1419 1030
1505 620
2985 543
2449 1541
604 576
2713 538
1932 1754
1534 2784
2526 859
2506 1082
2900 2683
1960 2178
563 2356
2064 2832
1263 2239
817 2918
1289 378
1296 2343
1247 1414
2378 2637
185 2757
1933 2839
48 310
795 2339
2137 764
332 733
764 1403
2122 1239
1813 2188
135 1390
484 2469
2113 1660
2034 1825
597 339
616 14
2360 1960
1700 2513
2252 745
2783 1290
1169 1736
520 911
113 1825
2068 728
2236 1323
43 1221
825 1281
1906 178
1180 878
273 1489
554 2364
587 2962
1270 313
1871 2805
1235 2569
2459 767
951 2035
216 1503
1234 1812
1884 715
1163 1306
1221 944
2173 2734
2370 2055
833 2575
1170 1561
856 936
2897 447
2286 2222
86 1081
407 804
683 485
265 1042
2544 2256
774 1629
1245 2482
487 1001
585 2812
2863 298
1840 744
2407 1387
195 2201
740 831
1054 1436
2662 114
445 1872
2085 1800
1100 2150
2961 1624
1026 2949
1612 237
1972 965
2933 2418
26 2163
2627 1776
699 1026
2305 224
2002 946
2437 2990
2387 699
1151 1505
464 1364
102 1500
2557 2122
2131 26
755 70
1460 2538
403 1416
591 827
243 1737
610 1832
1449 2091
2762 1115
2975 2415
2320 928
307 641
239 570
2485 2351
924 2718
1703 1282
2684 2330
880 963
2637 411
2632 1304
2408 718
560 2896
2872 175
2135 2462
279 2711
997 2470
673 2574
2114 2671
2969 884
2640 1052
2611 2564
1181 1894
1495 997
1668 2013
1964 2998
2758 2180
1326 597
364 734
2172 1047
582 839
2186 1627
1625 610
1178 1701
1217 1118
1095 2745
2235 644
1010 2820
796 329
429 163
2509 2980
1656 2823
2268 2212
1044 440
446 2420
2144 1724
1205 2591
1354 2081
2192 579
1901 2850
346 1518
1121 1711
103 750
1463 523
791 2983
1123 1402
1982 400
1249 758
100 992
1037 2496
50 82
53 719
613 439
2312 2175
1257 2724
448 297
885 2611
806 1112
256 2735
1254 1099
2796 1845
1926 2705
15 885
2203 2594
746 2518
282 1682
2276 2961
751 1613
952 2450
177 520
1308 143
153 2731
440 404
1043 1479
546 971
1548 756
1201 42
1300 640
436 444
1347 2627
2035 1255
1015 706
425 88
2492 360
129 1929
2347 216
1628 1079
2198 191
914 2643
1863 1826
841 676
1030 2831
399 1238
625 2387
580 2855
2738 2337
2364 1783
2687 2965
1726 1879
876 418
1611 33
1458 671
1002 1863
1041 2334
2145 1002
2311 2937
1641 245
2147 2797
184 2991
1150 1269
2183 742
1335 1366
970 1621
2062 2236
1672 1102
1908 2114
8 851
547 2249
1391 2221
1743 522
209 1241
1333 451
2224 2519
680 2792
1218 2932
1769 1341
926 855
1963 1037
1382 1821
2967 2818
909 12
1526 1539
1851 2086
378 1690
1216 2061
2737 1541
377 1137
310 1898
2473 196
628 2116
88 1363
575 2299
2672 1583
2543 1672
2246 2996
2981 2243
29 1423
2991 968
530 2257
2807 934
1585 1809
2874 2416
492 382
1474 713
213 1391
1842 542
1039 1786
1801 493
1007 539
373 1025
1285 1309
706 1471
2263 2648
2361 2940
1404 805
2906 1741
589 697
2957 430
750 1317
590 129
2510 1787
182 707
906 709
522 2018
2690 2691
2141 2208
1278 1369
2380 2865
2939 1656
1694 1733
2307 859
2458 1774
2987 1612
660 1184
1438 2858
865 2151
1521 517
786 2276
112 2573
1439 1066
41 960
670 1332
2595 2157
1638 1982
2883 1279
1225 1191
1513 2328
834 1268
2840 1064
506 2447
2495 2905
2000 1263
1658 840
976 2167
2677 1571
2169 2712
2653 2544
2481 1738
891 2566
2112 1696
1276 685
1893 436
178 883
2334 528
1558 2439
2862 852
1929 1945
118 2204
1281 1257
1677 2616
2213 927
2247 1455
320 1975
1997 666
1318 1998
766 1709
2194 1805
1692 643
1827 120
1154 2413
1778 2465
2075 1401
2696 461
298 1441
9 1034
1935 1613
2095 976
716 977
2171 726
1938 830
2886 1504
2167 24
1429 1285
2698 2092
1823 2522
2955 500
919 2856
2836 912
2426 844
1965 1591
402 857
2666 2280
1462 2615
1687 679
943 168
443 460
2574 1088
231 2377
1365 1301
576 1150
2855 1461
1750 31
1983 2586
1213 1141
17 556
1970 2692
397 1240
1900 183
975 894
2335 327
733 650
2160 301
2562 586
2228 2113
2876 2707
2170 1841
2057 176
2162 1119
137 2028
2322 1939
672 2342
578 2560
1185 108
324 854
60 369
1444 1302
1887 479
1508 1205
353 665
2865 2740
640 2659
1675 122
1188 2310
1019 1955
870 1485
2420 1358
374 890
1001 2652
417 1831
2579 2176
2081 197
2815 1040
1711 1882
1084 2196
1795 345
63 1576
1565 1075
671 2946
2060 2285
2568 92
1552 1650
2984 2144
2923 1984
1315 1009
1317 1578
83 438
503 23
2591 1934
1807 2590
288 2741
2592 2607
2402 336
2001 2557
2921 379
1087 272
787 1346
2519 1828
845 2921
681 1585
2784 1843
1669 2147
225 901
2227 2801
1859 56
2945 899
562 632
1110 973
1741 1092
516 2770
1118 189
855 1202
599 2311
1690 393
505 1887
675 1946
14 78
2695 1051
237 1868
2480 331
1109 2758
499 1345
1850 1266
2375 1560
802 1512
1390 1700
2197 322
2025 1926
2349 2365
1538 607
2468 147
1303 565
2535 140
2880 48
1500 727
1253 2552
1143 1605
2983 266
1091 1911
1053 2277
944 2514
1103 1200
1856 2260
2084 1148
713 2038
1233 405
1492 959
2452 2459
204 1484
496 862
58 1078
1592 317
959 907
1339 440
1006 1388
1050 613
947 2076
592 1522
134 1860
1643 1448
895 1308
748 263
62 1820
2852 1231
1466 170
2253 2300
2649 1501
117 1451
1277 2355
2655 2206
2723 916
1543 1
286 2950
1127 1594
2697 280
2542 2471
136 2684
2450 103
2087 2130
2825 2007
1816 1068
509 2759
1142 1596
2665 762
596 1667
206 1814
1752 2870
555 2755
2775 1180
792 2914
666 867
1872 433
2839 1916
2098 2645
2745 276
467 492
1721 2875
679 891
1416 902
2932 578
2850 374
1961 913
2277 2503
2922 364
49 853
2038 337
2660 1404
2661 1018
1646 996
375 2133
392 1794
2511 1579
1695 2173
2730 434
2431 1187
1149 5
1499 735
1549 1297
557 2025
2365 2789
1088 1802
1931 1114
99 153
203 2833
2673 1121
1402 2338
2161 1053
2079 1654
175 761
1974 2750
2638 2736
1616 2882
1846 111
2578 1019
164 1684
2289 1029
2899 1804
2977 1678
2774 1216
2092 2716
756 459
317 472
1630 2380
33 1146
965 1927
2992 1374
2691 1686
2283 46
879 645
1096 357
1942 1005
2740 2207
1124 1073
828 2265
1195 1813
1155 661
497 557
2384 1649
1830 225
2732 2927
836 550
1080 2344
937 1206
2239 842
1094 1785
2533 1732
2993 1644
2396 2528
2570 2410
838 417
1194 1161
1223 638
2879 1106
768 347
2216 904
1383 2198
493 1970
2267 1055
2524 2264
2487 2749
1264 1223
2670 2463
272 627
415 2031
1211 244
1395 2660
1597 216
2399 1389
1810 2596
393 127
458 209
722 2272
381 1823
705 1368
2019 2644
605 2666
1005 1211
892 2576
760 1252
2467 1905
1566 1314
207 612
1999 2134
2913 933
1236 979
2763 1670
549 467
1012 156
1421 2512
1792 2943
749 1565
862 2029
983 361
1199 1160
1226 2262
326 2621
141 40
1542 294
188 473
2749 1837
1171 349
2554 740
929 486
887 2117
823 2972
1301 105
1261 2421
2654 736
2616 1174
678 53
2686 329
2617 2225
1847 1637
1577 1210
1022 600
199 1788
2973 1382
1527 2376
745 2098
152 2295
2382 308
1693 1593
2537 696
925 365
1609 2868
341 2483
303 2141
923 1410
2668 783
2634 588
2410 2391
1442 1559
2124 95
2606 1225
852 2289
1746 2298
1921 907
2457 684
1517 793
2630 2077
306 2411
974 2976
1137 2867
2831 925
1433 136
957 1452
2539 384
1227 2669
354 270
2505 636
1324 910
534 1097
1912 1407
2136 1859
258 315
884 2795
2593 2685
2026 1673
2331 1645
321 1340
1013 824
1664 2167
325 1949
2716 1722
1377 788
359 886
161 2889
1133 669
1267 1994
291 2824
894 2665
1134 810
1895 1190
1364 1958
702 1089
2303 1814
1414 1338
2838 1482
2789 466
2052 2759
166 1490
1032 573
1976 61
1688 1730
1055 2851
2645 2583
608 2534
627 2936
2842 1630
274 2353
2586 2891
882 1919
293 2913
788 265
987 2817
905 583
1776 2219
2411 376
379 2987
588 1110
2726 1212
2096 2267
964 797
2881 2140
2354 476
863 1219
2134 346
1946 1658
1454 551
2573 96
2154 238
1369 1063
441 1519
257 1964
2878 1257
718 646
2117 519
1298 806
2078 2309
1820 2316
1637 698
2376 1370
174 2778
2998 861
1732 751
1426 1248
1604 1573
2351 2336
2962 1427
1587 648
1785 2840
1572 1761
2193 2404
1959 593
1017 917
1739 2709
1992 2442
1911 515
1529 1258
643 1987
133 1179
1083 611
1782 1657
495 302
824 2634
797 2641
1786 2383
235 2087
948 1608
2142 2048
737 720
2404 2016
2234 1419
1119 7
1196 2179
2011 760
2233 188
818 3
250 1192
104 402
1655 2129
266 1973
461 2970
376 994
758 964
1047 332
1344 2979
2837 514
1930 865
2099 283
810 2042
380 2350
126 535
621 2992
793 1698
1021 2655
252 1707
1034 100
2187 2020
1189 2394
342 2702
1389 1540
140 427
2249 1041
1977 2651
2545 825
1114 2217
318 65
734 2017
2905 1197
2220 2126
543 2000
646 1570
2742 2143
2146 506
2708 1076
1918 2807
1781 1194
1035 604
1275 2592
1464 1775
2756 1067
1172 1058
2605 2069
850 1651
898 737
843 177
1623 2773
2389 1035
1384 2595
720 254
812 214
1649 2604
912 1254
350 2726
1818 2614
2341 1586
92 1145
2566 580
2771 584
584 2389
2423 1856
2917 1745
2914 507
551 399
653 2408
308 2682
2357 1966
1626 449
2499 602
1948 2578
829 2488
2829 1105
2803 207
2363 1502
1004 1981
242 2539
449 2873
2515 1642
677 2957
2290 942
1106 975
2077 130
1209 1116
1280 566
1077 2794
742 2453
567 2282
2212 693
39 425
1713 2244
1894 1050
2546 2455
2576 1653
220 1464
2728 1903
1832 2758
2111 2639
38 896
434 2026
1448 1113
1861 1777
902 193
2704 2872
2919 1941
971 2375
2523 634
1191 1162
510 1918
1496 1153
139 2430
81 2934
2681 1710
2718 633
13 208
1922 1528
1008 2108
2873 1275
648 2997
1198 2524
2282 1349
1706 938
1089 2863
1357 74
2367 1604
2814 1446
2242 2481
1663 2890
1734 1779
986 1294
1293 688
111 1957
1212 1442
573 2613
1067 1747
463 2677
489 695
2972 1090
2494 1780
348 978
3000 2719
708 1712
2047 1669
1473 232
94 1932
2139 165
2960 652
851 45
1428 2924
1105 2287
2859 1866
2444 1229
1487 287
1478 1638
2504 212
2741 2993
1569 2072
1715 386
1568 2890
735 1944
1652 2263
794 2385
114 398
1588 2601
1507 1293
2061 2687
2496 2798
1766 2477
1730 2624
1627 1806
2946 2751
1027 1685
536 344
2292 2730
2138 560
2529 1962
20 2073
2572 1521
1586 1515
872 877
1654 1350
1950 2514
160 1907
1762 44
1332 1883
1836 118
949 541
1815 1511
2935 475
1237 1283
432 615
2761 2602
130 1243
144 1922
1000 2700
1251 2909
1260 1677
1991 1032
1020 2854
1545 1469
1386 1530
1551 1681
316 1149
171 1599
2615 2762
1407 704
1451 1142
1145 1799
1329 1563
2152 1835
2270 2022
689 581
2853 2819
502 931
