3000
2056 2157
2060 2946
1005 28
2613 1003
1594 2664
2467 1873
834 821
105 2426
751 2127
508 1770
41 1712
2627 393
1655 814
1189 797
367 1382
1230 380
1433 1470
1765 1063
2383 716
1905 1032
1113 1091
754 2151
71 2874
1065 16
1931 259
23 1054
1206 1125
1568 328
526 2826
1879 1750
2039 2325
2522 1194
1240 2855
289 2028
253 1573
305 2155
1276 33
900 2751
2805 960
2980 1816
2046 2736
796 2062
524 1455
2457 1135
2757 2215
2293 2377
762 2331
652 1853
753 552
349 2694
2865 2841
2069 2888
1371 592
2299 20
388 1991
1500 2986
1713 215
507 2617
2266 2674
846 2594
1604 1100
2982 404
1735 546
992 2536
1824 1093
1293 2610
2110 2673
717 2363
2259 1184
528 1236
2261 2615
1474 2898
2471 1953
2483 1855
573 369
4 480
1991 389
736 2830
1101 1329
2199 671
2921 898
712 2513
1122 670
1704 968
1221 2143
833 467
1262 2948
2030 2319
1858 1317
1828 273
1659 2930
2441 2997
1969 1895
838 1186
1472 1336
2954 1220
1191 406
2251 106
1867 1940
2207 668
372 2291
2876 1706
1192 677
755 551
62 287
2452 766
2188 1313
546 1933
1478 1854
2408 2316
1854 2000
2427 2437
2743 1507
164 1717
241 237
1038 1864
1229 1399
721 566
1211 2255
582 2229
2690 598
1134 1195
598 1096
1057 1546
678 2720
1869 2475
2966 2189
1403 682
1986 270
2434 2137
2008 1040
1144 394
934 2868
1268 1567
2292 2753
1705 2307
2440 625
47 2520
361 96
214 2847
1164 740
2203 2978
1092 1081
1537 1689
1139 39
510 1700
1696 1973
318 2897
1897 626
2088 356
2392 1696
1387 604
887 1996
606 2614
1728 2540
2017 494
1909 2371
514 197
936 2982
2322 1204
1563 212
1047 1362
1767 1535
494 318
1184 2659
1077 780
2910 519
1072 1430
1190 1456
2463 2430
2513 2001
1941 1716
2351 1428
2255 2355
591 1558
415 2792
1733 469
996 1180
1349 1780
1087 1590
977 186
2928 2125
1665 2251
618 2671
1390 2709
2660 653
1094 2785
2481 659
2316 2629
630 2698
96 2446
1557 1934
2348 1662
548 1830
163 134
2794 81
408 1451
466 802
2431 136
38 1805
471 1286
65 1570
1241 2728
613 2597
2702 1527
162 221
2460 2811
2078 864
697 1340
2692 2523
543 2864
1966 1246
254 1920
1285 132
2130 2084
1527 1363
456 873
1681 1634
565 2700
2399 2338
1559 963
2831 2952
2085 1294
1989 1087
2274 1384
2868 2027
2745 1572
1924 1660
1245 2124
2103 2716
2446 2120
631 978
924 651
2808 875
512 289
920 133
1605 853
2335 1302
1582 1637
36 1681
2560 2033
2219 1589
2866 201
2404 1944
2678 2980
1200 621
1013 1436
2072 608
2732 745
213 95
760 612
2159 243
616 1914
1670 1536
1513 1878
2131 1806
2300 1531
1590 1401
2336 1648
1840 2569
2389 2629
2140 1265
851 1275
2100 2094
2208 1193
1011 1179
2700 1237
2714 801
2906 844
2940 773
239 1501
1661 1838
873 542
596 2123
2084 794
2724 992
273 793
2258 1778
1275 2817
2449 2605
1800 397
2931 2904
1257 2910
2321 2435
1364 116
1483 600
2853 2600
700 1223
1173 760
27 2796
186 835
2624 2818
795 836
1109 440
1417 2351
2810 2571
1420 2286
578 851
1383 2654
923 2711
1547 2662
1204 147
2935 1371
398 2865
2688 897
817 1844
227 1610
2777 2699
1107 1483
1318 1192
2329 735
194 2962
351 2429
1414 1518
1505 2925
207 2467
666 1875
1086 2239
1485 1655
175 1026
1797 75
45 2572
1203 2939
2665 2762
1947 1765
1328 297
2641 1330
2668 2037
2051 1553
1611 987
2762 635
1167 1151
2617 2265
1320 58
131 2244
2429 2533
2895 401
1982 2842
1815 901
2639 2565
1995 1410
1254 2820
1337 111
11 603
226 445
1754 1902
2444 495
1584 40
777 525
2997 1213
2222 1888
2647 432
2526 1645
1008 268
235 1161
2338 2882
135 2092
2307 402
1802 2854
2632 370
742 2181
829 541
2302 2493
185 141
655 823
1007 1785
9 1988
1476 2669
643 364
670 807
689 2499
1181 2431
2038 230
1256 2568
283 1525
2027 2967
1216 584
1463 975
2234 1365
1638 575
2787 925
2342 1537
2804 1366
1402 2544
434 288
797 431
1426 1492
2324 639
2417 2516
2801 2185
1342 396
1625 2150
2055 2995
519 1251
2886 921
1654 1332
2947 484
2331 143
1176 1674
196 138
1833 2268
146 464
2552 2679
1207 2180
1536 280
890 231
2172 1652
1698 1818
2986 1812
1912 1028
1062 2136
2784 1278
1812 2019
1928 368
1102 1932
2827 2613
1893 878
266 1608
922 943
779 1164
2532 985
389 2567
690 1094
1394 2368
2374 126
234 990
2843 587
1932 1108
2077 970
602 312
387 1726
2969 949
306 936
1267 199
501 70
2468 2047
2669 1474
2817 572
1079 1745
2907 1364
2792 1628
527 2753
615 1896
1948 1515
1265 1319
1357 1779
583 2483
2765 387
223 1809
1166 2560
701 989
1575 1744
1837 2313
1421 1767
337 945
1540 2953
734 939
265 2093
1532 1425
794 824
182 365
1808 2342
1848 509
1046 489
907 2430
1729 1203
1631 2453
705 1642
400 1602
2517 2283
203 2922
2465 1088
1744 2943
233 1504
2181 2627
463 1243
663 921
646 1237
1080 2639
288 457
1409 1927
2705 454
206 2118
2557 2935
2476 56
2638 2835
2443 2780
2062 1526
1449 157
2320 1450
807 1695
2840 2919
2573 2589
2773 708
1150 657
421 434
2722 540
1019 344
2707 2832
2598 210
1936 2097
2184 1633
1599 1133
399 770
2385 1257
1707 1015
836 2752
144 2465
625 2025
2905 220
412 2505
1748 2375
800 1699
1435 24
2201 191
1128 149
2153 377
2454 1116
2912 1229
1060 986
2048 2890
852 2296
1836 830
2211 19
929 2491
863 1292
2319 2086
1415 1999
1988 1017
1222 2014
1061 1394
552 2145
299 569
1228 2555
1177 2031
632 1821
2837 2717
2851 2049
1609 1603
1805 624
2370 2171
2029 2831
1224 35
2504 2416
2562 2808
1481 1632
2154 29
2681 1007
1957 2907
1280 3
888 2559
2256 1459
2437 690
776 127
1640 178
2731 2976
584 2285
1354 400
1692 1259
1916 559
201 1735
407 1594
1788 1353
1170 1075
2778 1564
1678 18
2459 2923
917 1053
89 337
1787 1786
2842 2232
2828 966
1962 124
2883 588
2900 2032
783 1011
1091 1412
133 372
335 2774
2282 46
100 185
420 2646
1658 1979
1292 356
2740 2602
1710 768
271 656
767 1808
1811 2321
2291 2115
1852 1754
759 2750
357 692
713 767
319 2487
1578 1000
2332 929
258 2069
2819 1752
476 2913
1804 2204
354 607
106 1703
1286 1477
1329 1982
1946 710
293 2625
1794 539
377 1666
137 2768
2885 427
2381 917
2820 2050
2953 218
1759 410
445 1795
2729 1623
988 412
912 2085
158 207
2578 1283
2464 1647
2878 306
1311 623
1846 1308
2294 869
1326 1721
2502 153
1310 2791
1108 2994
149 2549
2738 2192
1198 2034
1818 1025
2049 1911
845 2878
1933 89
2593 2941
885 955
2362 521
1187 2634
2963 93
1939 688
2760 576
1163 606
2093 1609
1338 1740
586 1377
2191 2895
1243 1790
3000 1220
180 703
2395 2744
2601 2066
782 2737
103 900
2145 2448
114 239
1790 1148
115 1224
1821 2588
427 1588
2721 361
1099 902
487 1174
1633 2445
2064 2685
2764 1374
156 1318
2363 2414
1859 1486
2169 1267
1489 1159
1075 1162
1298 2557
2519 1124
1876 1188
1937 848
1544 1938
1217 595
1040 1716
393 1352
2368 2845
1963 1482
7 755
536 1452
2250 376
1751 589
2252 567
2741 1877
1365 1234
2134 1396
1511 1753
994 2829
963 2326
2382 2724
2728 1030
1178 854
1185 2169
706 1207
1994 2473
1883 1407
1199 2408
2691 1776
958 183
1622 2558
2844 557
2350 800
68 451
1073 2999
531 1640
1332 2427
1895 1061
2357 1212
366 652
1330 2554
2114 2170
1055 291
2094 2857
450 129
1001 1432
378 2870
1159 2462
1477 1058
444 2673
2857 1571
748 1899
2994 1921
1786 415
1849 2696
733 198
81 2635
2869 777
1668 1348
784 903
2185 44
695 2892
725 605
2676 761
2202 1390
1169 912
242 1879
2520 465
1130 2957
281 2903
2577 2733
865 799
889 167
1277 193
2367 2184
1281 2146
2515 1475
1792 2411
486 769
66 2656
575 766
2297 1980
1438 1289
292 1763
1050 2648
1517 648
2239 786
126 327
1715 10
867 1929
1104 1789
120 1262
290 341
2132 2984
2527 890
2965 657
499 2906
296 2303
1074 2810
2113 523
2099 732
1551 2253
2496 2989
438 910
1574 303
2482 2051
2718 2715
2327 310
2033 2075
1579 1534
812 1539
1022 488
1236 1833
2409 1548
468 880
404 2396
1465 313
1548 2579
1864 1307
824 950
822 2686
2901 2573
2377 1598
2811 1381
1647 1834
2226 2839
208 1200
1266 343
640 2795
790 594
2303 2235
1037 1670
1822 2801
497 1389
383 1328
2970 736
2988 2849
1490 957
344 179
2245 2384
731 2058
621 2156
1467 2246
1124 2843
1777 643
681 805
2602 190
2237 1919
267 2992
1028 1761
1902 2978
2830 430
1520 2836
1351 244
2675 1723
1350 1385
1446 110
554 2543
2158 722
2806 1777
19 2778
1392 2498
976 1287
2364 1249
1484 2311
150 1350
446 377
1683 993
2369 507
1303 2942
275 1206
2645 1333
1183 2583
1501 2631
1732 1529
401 2003
2168 2931
2248 806
1880 529
1834 1892
2314 1349
176 2279
2661 1510
2793 2809
498 1233
1155 305
714 425
649 487
1650 134
574 2336
1796 1165
1643 1746
957 1847
671 294
2958 1099
1353 1182
270 1297
63 1684
136 2345
29 11
42 2961
2478 1219
1596 2621
1146 398
303 925
2654 2324
334 2005
1682 564
868 1865
2375 2002
1088 214
1096 1320
637 1168
98 2676
2652 1413
2067 1042
2448 119
379 1900
2943 2021
2000 2198
1960 1998
2018 2072
2487 837
2020 926
2041 1167
237 803
425 969
1458 1239
1669 2660
1950 883
1774 2359
1820 776
2744 927
2976 2765
264 2987
1068 2695
159 2145
2833 2330
771 162
314 1408
826 2735
1393 1613
2939 1309
2045 2730
1331 2287
2945 2052
1026 808
1603 1471
2263 2382
1147 619
2475 2403
2826 562
75 882
537 352
1336 633
1618 466
48 2206
619 206
1887 1574
477 1541
843 2862
2839 2537
2790 2840
1953 1629
987 1705
1312 1866
1949 538
362 2682
1493 1046
1508 1038
1315 2337
1577 1424
1132 177
2358 616
2770 1901
2157 1420
571 1359
1524 2771
624 2630
1569 1033
2098 627
2561 1555
2489 2748
1261 188
572 1820
229 504
374 80
448 1918
971 1771
2630 1056
2438 2203
2164 1496
1448 1127
775 2175
2218 2859
2871 747
859 868
199 1531
1081 946
1533 1686
2277 2397
1890 1163
153 2365
2272 555
1780 1811
2511 1759
1910 516
2150 2234
1418 2213
1680 1928
1841 798
703 1720
2400 1690
2393 2401
727 2173
2135 2169
1830 645
2028 1326
1288 2159
238 1458
228 78
1677 1069
1269 1718
2655 571
282 2128
1227 2241
2644 997
1441 340
799 515
2304 2443
505 1704
443 245
218 812
82 1257
2112 2395
650 1587
916 2284
1717 981
1260 1799
2194 14
2796 843
2891 3
1247 283
1915 638
1741 1743
2147 1073
2298 1568
33 2586
429 455
1583 2194
1651 2191
2758 825
2671 2353
1233 1742
2850 2914
1679 2563
2849 734
2516 1323
1389 2023
730 420
2486 2618
2306 2112
726 518
382 1402
1419 1713
1116 1543
1306 1735
1411 2786
2387 2938
1613 156
2892 2249
1225 2899
2270 874
1588 1119
684 2372
2315 2929
2121 2628
2456 702
738 2955
1535 2409
2536 1338
1314 2945
993 2640
2442 1175
1020 931
906 71
1105 2526
529 980
1194 724
2523 1617
1503 235
594 1869
2653 353
568 1253
608 2476
155 181
1798 2252
1843 1029
745 2020
447 709
376 2596
1930 596
1242 146
230 524
2080 2972
2786 2013
1480 1067
2782 1841
1829 115
1656 1016
1399 1290
1718 1427
1171 1020
1425 2802
2344 1700
903 1351
2281 336
1427 2428
1029 1109
1308 13
1862 2719
2603 662
577 87
2614 676
2009 757
1731 284
948 563
1806 277
1771 1659
1925 1005
488 2129
704 1766
1119 642
2118 583
1621 1905
2967 348
1407 905
927 2371
1295 112
1024 513
1442 719
1432 2564
1920 492
2594 2270
874 2767
2323 1349
2313 2755
662 1491
455 2386
249 2297
741 2531
2631 565
813 2803
639 1095
102 2399
693 1273
1382 347
1374 781
2941 2706
2807 1975
375 2869
2698 266
1515 1361
2863 2532
1766 2310
550 1276
1878 2275
1918 365
774 2443
452 2281
766 2111
711 1004
2232 2824
2642 1322
819 1136
1378 2711
2233 1048
1586 1242
997 429
1360 1022
1422 1372
2949 520
2309 2116
1153 1421
118 2673
53 2821
2013 1580
2224 674
2699 1970
1826 2344
1174 2378
2727 2701
2898 2369
557 1649
539 2692
1339 2459
2558 2974
1447 2447
2117 2231
2439 1638
368 741
525 461
2590 1250
2938 2761
1103 8
2672 2141
763 2091
225 678
2146 2461
24 687
2628 828
1205 2642
215 2258
2679 2766
2991 1132
2119 2814
1832 1341
2508 1977
2584 2208
300 1876
2411 2045
1913 973
2230 227
1736 262
1965 64
1791 1752
2712 1235
1100 1280
2737 1861
950 2290
1775 709
2933 1036
2479 2133
1335 2970
1975 2142
1278 1009
1294 1836
955 1342
409 977
1779 2374
1157 67
1908 63
178 1295
593 476
1090 1397
2462 953
1006 2044
535 547
1154 1563
2802 1299
772 57
2162 196
1526 1441
1212 971
2925 254
2235 637
478 816
1635 602
2123 888
423 1738
2407 2056
2673 804
263 156
1118 1170
1502 636
849 693
893 1304
2803 918
143 2527
2260 2950
947 2723
2510 1346
2225 1211
2540 700
2694 779
449 2305
2685 2254
1742 1837
1070 1658
1301 446
1385 2108
587 609
1334 1676
1034 2162
56 1368
2143 1344
515 1023
1900 417
2106 202
802 1923
665 1072
1195 596
323 1987
1121 2731
2606 1521
1182 1736
1993 1384
2156 1074
40 285
1844 2680
1857 2221
2215 1386
211 324
2816 208
1556 1821
2774 895
2541 2856
1801 2421
523 2161
2420 1150
2821 248
880 1431
128 2358
2829 1414
1616 706
1009 1225
2212 1850
814 964
2780 2227
2612 1566
212 752
2330 2318
2042 1528
516 1757
50 2687
2007 1189
850 526
1436 2691
2756 2238
1089 2928
1626 1903
724 577
2175 2119
2720 1863
347 2009
673 2932
2897 378
2838 1227
147 148
1675 1872
899 84
1299 2486
975 1444
1560 246
911 1404
2749 2073
260 1561
941 1561
2406 2272
2539 333
482 1576
808 1485
2902 534
1259 2068
661 1654
626 1481
1504 1851
221 2661
2469 2267
189 92
1734 2607
1684 375
2126 2657
722 1631
1694 142
1471 613
669 128
20 1715
1971 1102
51 1205
2959 1215
2004 2851
1825 362
1137 700
370 1702
2618 1719
2809 23
723 2224
2279 1467
2451 1061
222 1711
251 2962
837 1573
1706 1969
778 1310
983 1522
1014 144
707 2240
1956 1725
1143 1661
2296 2039
1452 478
1431 418
2825 965
1235 2828
358 2883
141 439
2023 2405
961 419
1597 43
2934 2763
2961 114
2231 713
129 1121
1379 2298
2715 1768
373 1950
520 2793
1193 1139
2621 2061
1541 91
422 2574
2371 1171
1714 1619
2917 326
2616 1902
2206 2158
1213 2278
1567 2139
44 345
1018 1426
2089 1827
277 2702
1127 2880
709 1532
2217 2179
2955 1916
331 991
231 680
2394 807
1078 2896
336 815
1066 2205
1083 272
538 1915
1384 506
2708 774
2674 26
1408 585
2574 556
1954 1881
1482 21
2575 1
825 2848
875 298
614 697
787 1488
2985 1960
464 2608
679 544
1886 188
1324 2040
1542 2658
2755 1014
544 817
1776 1031
1129 1131
1165 2747
1686 599
930 2789
750 2693
1778 189
113 2798
2011 1845
2924 1769
1926 2489
517 229
1158 2400
702 37
2022 2500
815 435
1133 1972
2339 346
2937 696
2531 349
2746 1712
1048 1198
1922 1520
184 2101
2079 493
440 2996
2903 899
560 535
1685 1588
1168 2100
1180 392
1466 459
1538 2438
747 2591
1634 2391
1528 436
2073 473
1554 1380
224 947
269 810
1753 1050
332 2517
1015 2547
620 1138
1673 2259
937 1296
1889 1037
1491 818
600 1871
1959 1552
735 1264
470 2881
2141 650
2221 1137
687 2968
1906 729
1273 261
170 42
1462 1544
2609 1454
2014 233
177 1653
2128 1417
563 460
396 2082
642 98
1021 500
588 1356
959 2109
1397 2243
1795 1051
2736 1354
2209 265
2426 1240
746 2663
2950 154
311 6
2220 2367
174 1371
2032 827
2037 758
1126 1140
2739 1415
2167 2102
1566 2580
1530 2713
2567 471
2968 1788
1868 2361
629 66
2006 1044
2620 1886
173 17
1049 426
329 2463
1783 870
2915 386
1250 2800
2776 2080
104 2757
2981 1793
1238 228
1708 1078
974 1559
125 234
1359 1476
1709 2758
2742 2653
2824 1913
2929 1035
1770 175
304 1976
938 2115
1283 1045
518 584
99 1463
861 533
1323 2350
1952 290
1945 2248
2176 355
107 932
2697 1616
855 1147
2361 1043
913 1560
2686 238
320 852
2228 1391
2904 1489
2856 217
2944 979
2591 1155
676 2909
2923 2666
2205 2492
869 664
2989 1445
2649 2522
1469 34
1695 683
324 1680
2249 610
2116 2993
1115 532
139 1630
990 666
2170 1111
359 1446
1896 2553
1617 2041
1907 1636
2102 1954
1861 1624
2379 1311
674 1586
1248 1469
788 2046
1455 2299
160 2704
1296 263
2285 1694
2416 1453
1761 1252
197 726
2289 2036
1752 2201
167 845
1746 1823
95 751
166 2584
1416 240
2845 717
986 2980
2596 2866
308 530
2365 1222
2499 2504
2882 1288
757 481
2359 53
882 226
2092 1842
521 1517
553 1071
2948 913
426 2983
2873 1301
1612 2749
437 1197
1027 139
1687 2966
756 2064
1179 2216
1970 1815
2473 675
2177 1801
2192 2985
262 315
2187 2174
1730 2
1246 1013
1381 914
2447 1835
1346 2502
1565 1683
2405 1457
1592 759
2355 1170
785 2562
2173 2506
522 1542
1689 1448
2071 255
645 1429
2262 1959
1615 713
1237 1597
2693 855
1919 2209
151 2873
2366 1626
1591 1052
818 322
1460 2364
326 442
2455 1856
2795 679
1340 629
962 79
1990 2503
1413 1449
1958 2152
1445 1843
192 707
816 847
1522 74
2887 2840
1461 2038
2622 906
2977 2074
1672 2418
654 479
2341 1932
2586 51
2024 1091
1739 2708
1716 958
2625 1682
1363 790
1999 1739
664 2277
2682 2081
914 885
699 694
2588 2797
960 1284
979 982
2328 2494
31 1255
2151 2289
2592 819
2397 884
809 724
2529 1166
2264 477
1098 1388
198 224
90 483
259 1511
1234 1347
2815 737
2005 390
2036 1562
972 1894
1412 1315
2911 2497
2216 1664
1223 998
2505 1509
1881 1112
1244 414
758 1772
148 730
2984 2781
1437 574
954 1974
1175 2163
1218 1688
191 2920
2896 1825
2108 1884
2063 2877
1151 2743
2595 1438
1570 502
1095 107
5 1986
348 1756
1300 2016
1367 2472
1398 2334
1813 2863
316 2548
2193 582
2971 528
195 1277
949 1796
2267 2479
2238 858
1983 1936
205 1953
1955 961
247 2884
145 886
2068 1461
2070 2269
1978 2783
2174 2440
441 2242
2823 952
946 2010
2566 49
2852 2778
533 568
513 1678
989 2047
268 988
2619 1675
1984 2637
1628 2714
2730 831
1961 1727
2500 85
1496 1663
1290 2065
1898 1105
67 1591
2125 117
1784 1839
1987 145
2555 698
2553 1589
953 490
1010 192
634 1595
1405 402
1719 1157
500 738
236 2636
832 2745
59 1506
1138 1898
2752 829
2182 2566
57 411
765 1181
1545 2225
1974 1177
26 1269
2763 1122
2384 1963
1884 2315
2075 2827
1699 2689
1064 1160
2542 2306
2788 2901
2550 2415
1549 787
2518 2211
926 1961
985 857
85 784
1940 122
2864 2837
217 2823
152 2029
740 2280
1372 1247
2287 2385
1645 714
541 2846
2962 2524
179 2726
940 581
2494 782
39 2059
502 292
171 1215
2352 1076
2835 222
2772 756
928 1445
2179 2055
2492 1230
1702 1925
1914 631
310 2776
78 2054
140 647
1943 2812
2785 1683
2960 2622
1429 1258
261 2466
1793 204
2992 1024
2789 1592
966 1958
142 90
579 2511
1831 2927
2922 728
810 485
12 1749
1106 426
2530 2406
857 1946
2875 308
2861 1487
1043 496
729 1983
876 52
991 2652
2213 2973
995 2419
2273 7
883 2550
2713 441
1968 1813
381 1635
1877 536
2461 2293
718 2176
30 151
1443 1755
232 1822
2579 278
739 628
555 2772
2402 711
54 1208
1112 1760
1495 948
680 2667
716 2546
786 686
1067 1528
1827 1731
2398 76
2413 2282
2488 2658
1453 174
2859 165
2171 2917
1814 2495
2952 881
902 1298
1035 893
2061 996
2888 2592
617 2077
410 181
1516 1524
811 2649
752 2576
1004 1419
905 2197
768 1130
595 2496
1781 2773
380 1828
2138 2734
2779 744
76 1358
1562 1010
1671 867
854 1279
1510 537
403 863
1263 2079
2278 450
28 2328
1071 684
1851 1498
1347 499
2002 2144
161 1274
286 339
1085 865
2834 2956
1215 2478
1595 54
2635 2186
1725 2775
245 1679
503 2609
1747 553
2 378
1358 2117
301 1943
2717 1360
193 47
1662 876
2035 2308
1521 701
345 2436
2775 2412
83 1605
2066 2936
25 1802
2836 750
603 2063
1664 1418
2545 1246
74 1468
1998 1120
1842 1191
2376 658
10 2677
720 1114
2432 1047
2425 247
475 1129
202 753
2604 2804
1145 1334
895 1784
2244 38
1239 994
1226 1258
1644 1089
2723 1490
2695 1538
2349 2541
2890 2057
919 25
2769 2390
2247 458
1264 2182
1740 850
2076 718
2909 1993
1316 622
1279 4
1424 2470
1589 474
2701 1057
2325 2309
641 699
2956 1343
119 433
2754 448
2657 2894
495 1582
1697 257
2973 314
479 2407
130 1291
405 543
1539 2991
866 1142
2311 1908
2474 2053
1642 2276
1839 1260
2684 2501
2418 363
2096 1577
581 275
651 2247
823 1196
472 2138
2846 1187
1810 55
918 2932
2498 2404
599 1502
1251 416
659 170
1287 1019
1853 1644
1637 2472
1506 350
2607 861
340 168
820 1303
1036 2918
240 249
2709 2816
188 2256
453 1330
1319 533
2435 45
187 748
1210 323
821 2916
397 2777
1972 160
279 62
2034 1781
356 2902
2105 2312
1114 1956
1529 614
894 597
1996 1728
2589 1673
2095 1238
1097 1070
633 841
1620 2368
302 1607
1509 2714
2798 1400
2800 2825
101 2148
1632 422
2650 1099
287 311
848 1199
2703 1791
2919 1478
309 350
1760 357
1142 2871
2372 2813
352 2969
749 1497
1232 695
610 2508
2662 2090
2750 2712
94 1709
1723 384
2137 1178
2054 2261
333 438
1051 2230
1325 2454
341 1256
2253 316
1885 1097
860 171
877 1514
1997 685
2390 2362
1927 785
1440 2611
339 1083
1587 425
694 862
84 120
1307 2464
1012 1599
1039 1370
2556 2645
2015 1787
442 2601
1377 264
904 2320
1755 449
2155 1201
2549 2788
1882 1810
1125 399
1376 456
898 2575
1016 2420
1850 691
1475 1422
2081 2844
1768 1107
481 1557
2083 975
657 329
2507 2988
2495 954
2214 1891
2422 2909
2111 2339
1136 2619
244 1656
1676 2921
2445 1893
457 2833
2951 2087
473 103
1519 1321
2380 258
1721 213
925 1530
1439 1268
597 1494
672 470
2946 904
1270 846
1076 1406
656 1080
981 2222
1487 2456
1639 2104
1874 2507
2975 2624
2687 593
1701 1123
1845 180
511 2951
773 2598
1860 2703
870 1296
1401 661
2867 360
910 1687
2747 125
384 475
2656 1434
1648 200
1921 2352
1252 2672
1197 2668
2759 2742
592 1472
2680 1438
2223 1183
685 1512
2144 1955
1135 385
1904 2876
2583 2288
454 1066
2200 2381
1366 2388
91 2651
1231 2860
1282 164
1033 2439
1309 169
839 2872
1690 2195
276 1244
61 727
8 332
127 656
1428 195
982 1594
2276 1741
77 1940
675 1395
805 2482
743 2740
1271 2314
355 561
2109 296
37 2764
1703 77
2855 2200
1201 1578
1386 2263
2236 2149
1750 1092
2611 2690
428 2126
1585 1378
896 1774
1410 2782
2711 437
1000 1669
2133 1710
764 1689
2569 2754
847 173
1470 1027
491 2965
2659 2769
1003 2879
2301 342
2534 447
2269 1544
2403 2926
350 241
1284 2471
431 176
2043 2008
1110 508
385 2424
2761 2348
2936 211
338 443
1938 2958
970 1995
1944 2481
369 2697
2183 1369
534 2273
1835 2603
1764 2442
1789 256
968 1079
667 2260
459 1068
2197 2266
1581 2725
1370 1473
2543 1722
1571 2417
1044 1039
315 668
1291 2784
2243 2944
872 2509
2766 2366
2163 1751
2670 2434
2501 1383
2767 2113
1870 320
647 325
1558 2426
252 944
622 934
909 2017
1726 462
22 2177
2587 32
1823 1439
1041 1558
1395 482
413 549
840 1134
2564 1870
2637 1804
698 1724
1148 2327
1117 1214
328 2193
1667 1440
1871 1698
806 1840
781 2606
424 2514
1985 772
708 872
1053 1156
1457 822
2019 219
416 1922
2229 2688
111 1153
435 472
1512 705
1430 1060
2753 820
2554 1657
601 252
2597 618
484 1
2872 2218
2506 2022
719 2701
134 1232
1406 1625
2430 775
1981 1800
1459 2590
2548 632
1534 517
998 1667
2436 2807
780 2891
1951 1550
112 1065
406 2349
2178 731
2643 421
1120 1697
2565 2885
2107 94
1131 428
1630 2373
931 2160
278 2474
980 1701
1518 1519
1152 2088
2930 2551
2725 2089
1911 2105
1084 1090
605 721
2978 2294
493 2620
1550 2457
2470 1254
1863 2078
2122 866
969 1758
69 1907
1627 1832
841 860
2345 2183
2812 2004
86 1857
132 1281
256 842
2271 2515
1580 783
1456 2721
2021 1967
1156 908
433 2834
1614 2469
73 1046
2783 2402
1917 1143
492 1312
828 1798
611 1375
935 2577
2059 319
696 2376
609 2710
485 301
1030 381
210 1935
1607 1101
2563 503
1317 578
55 2530
2129 2178
291 765
1111 2140
1649 1144
853 1416
1017 1966
2636 1266
1093 2370
636 672
322 1614
295 2799
932 2188
474 2300
1373 2528
451 1859
2326 2738
570 1584
15 1387
1576 158
1737 2450
1302 1965
458 69
1663 2257
862 83
2453 2790
551 3000
294 2295
1052 379
1809 2237
307 1540
2127 1831
691 2805
2751 1423
390 2131
469 1807
1031 1733
2204 1073
18 1479
108 2187
365 300
257 1819
1803 452
2423 1412
2295 2410
2026 2212
1865 2707
2993 522
1368 620
1763 1817
2360 1447
169 2132
580 1748
2186 424
737 877
2305 1300
2646 2432
1660 60
371 1345
220 2678
1355 1952
576 611
88 2542
1657 61
879 885
944 383
1507 1316
2401 2011
2280 1764
6 1618
2689 1103
250 2164
363 123
530 1931
835 1293
856 704
21 2490
973 2264
2053 1433
327 933
892 293
1712 2006
121 940
2913 108
804 2098
2241 2981
1375 62
1274 1945
436 351
1321 135
2503 267
1209 1327
842 2644
35 1460
1629 1314
1598 2934
1855 2357
2570 963
14 2096
2683 1008
607 1554
1636 1707
2964 637
1652 2167
658 2632
2240 2552
2926 2947
2918 2400
1646 1732
411 1906
2854 826
1872 2510
1494 225
2877 1503
1891 1957
402 2168
2983 2912
978 935
2544 104
2082 2519
1756 919
2599 2535
79 22
72 1917
64 2099
386 2963
2058 742
1601 1487
943 1285
2860 669
891 2166
542 2779
52 2924
219 840
564 15
1892 984
2165 2512
2547 1547
1380 665
2626 1575
628 1499
2210 1062
2016 666
243 1012
1454 2205
13 36
1362 371
1602 2670
1343 743
2290 1169
2537 2384
2889 1210
1054 2340
1361 972
2491 2739
2841 304
1610 1493
1745 2633
2044 2665
509 1556
1499 1860
1561 1443
2996 2060
2581 951
1345 1411
284 2815
2286 409
1593 251
1388 2122
2265 1484
827 1583
1186 295
635 1794
1619 2262
2288 999
2246 733
87 2630
2814 1282
1782 1245
2734 1997
32 1041
2120 615
715 1947
2881 1335
1847 1885
2568 2322
2310 2960
394 198
2957 2165
2152 1949
1352 500
2196 1149
2585 887
2378 1331
2768 617
1934 2250
1688 2641
1172 1984
1816 497
1032 1747
1253 50
1305 1737
2832 2722
2090 1951
190 1612
1400 2850
157 1064
1141 2739
1666 689
2421 314
2571 1465
2797 358
2610 1104
1479 2449
1555 405
2998 1218
864 2360
677 2335
2254 97
1488 2170
2524 2675
165 1018
2884 2354
2651 1646
2514 548
2312 2236
1799 1783
2990 1119
313 423
769 395
2190 99
1875 1392
2373 30
2166 778
561 2386
465 1926
2386 2638
123 2858
1976 2070
933 1145
330 930
2972 1797
1162 1611
2666 2329
871 2063
2525 2455
2781 720
653 1393
1023 1569
1572 640
460 531
1208 1939
432 1782
2847 2387
1188 282
1757 1084
274 2206
915 746
2283 2998
395 1325
419 2107
1523 2048
1161 1396
2052 150
2942 1115
710 859
2284 1172
80 274
1641 550
414 2529
2477 2911
956 102
2001 1868
2974 1231
1492 983
2353 2380
1964 1978
1255 2332
1304 574
2343 2012
1451 2392
392 391
2308 2817
181 140
1473 2893
360 1126
138 2867
1356 791
2608 1019
1543 121
391 789
1219 2110
17 359
744 995
317 1989
122 2217
2932 68
798 2770
2733 1516
2580 1665
2497 2917
342 2154
2012 1909
1942 739
1923 2301
2995 2977
1899 2485
2623 1339
489 2979
116 269
16 796
1903 2905
1404 1904
728 1968
1573 1858
569 366
2908 1154
46 2889
2057 2228
2415 2684
480 2379
648 86
2509 916
2710 2787
1327 655
216 1128
2050 634
2086 137
325 2202
2428 236
2065 1862
1973 1924
2340 660
2559 514
490 2683
2318 2933
567 2949
945 1002
2735 535
878 2822
801 1882
2450 413
2161 1627
1123 839
545 1402
2663 161
2648 1480
1888 573
951 2147
1608 2199
644 2103
1693 2593
604 792
1807 909
2719 1545
2726 317
732 2030
1819 771
2870 2024
965 1500
2605 2975
952 1324
1468 962
2268 586
2424 723
2458 671
1423 1950
897 2071
2074 681
2916 131
901 2233
117 2095
2879 166
1045 2130
1838 849
43 1098
2716 1937
1720 1505
2927 2026
312 2214
789 1824
770 558
2275 956
761 649
2195 9
1772 1992
2822 307
1160 915
172 72
1866 1357
1873 1442
1769 2681
1691 2941
2091 1639
418 184
1525 2106
1600 2433
2087 833
2813 856
1552 762
1450 2794
2356 2278
2115 2643
2010 2135
285 388
209 1495
2333 2900
1333 2756
183 911
2677 1376
1992 527
1059 403
2658 1435
2521 2561
623 1910
2139 1677
1700 1650
346 408
1082 2053
2706 501
49 2581
881 281
280 330
200 5
2189 1152
2880 1643
2600 1086
1901 580
1674 1887
2899 505
627 1581
461 1671
2485 667
2354 1272
556 1110
110 512
2097 1852
2480 1509
1341 795
2894 205
298 1001
2979 1985
1856 1409
884 832
791 1942
1149 374
2528 2587
2893 1964
1434 1190
942 257
1762 2729
1369 788
2629 1672
1391 1596
248 276
255 2705
2136 1241
1967 2393
246 2626
549 2220
559 590
2538 976
1623 570
984 2223
1069 109
2031 496
2347 1890
939 1729
3 1533
682 920
1002 1641
2634 1466
2615 2035
547 1912
2640 1622
638 113
2862 115
2317 715
297 2908
830 2347
2391 811
793 2655
2472 1271
532 130
2396 2884
1724 2940
1531 1714
999 644
2696 2556
2704 1102
2914 763
2334 1803
2003 2323
540 654
2748 1306
1553 1826
1817 2477
506 1692
2149 1551
1063 1059
2576 2732
2490 1508
92 2937
1220 2271
93 2539
1258 2578
2227 2444
1344 1762
2101 334
792 1668
2858 1077
430 100
2818 2623
483 2007
1497 1880
462 1549
692 834
58 1990
2874 335
2791 754
2412 1523
496 1055
2572 1186
2799 2383
562 2317
1289 2302
1444 712
34 1773
2257 2838
2535 463
1785 1176
803 2196
2414 1034
2242 286
1514 2346
1606 99
1486 1373
272 1355
1464 2885
1977 1948
2148 1305
1313 468
1396 1593
585 2604
1773 1173
353 2210
2920 1117
1202 251
1979 545
2664 583
2124 242
1498 1848
2999 2718
921 172
844 2585
109 2915
60 554
908 1146
321 302
2466 2538
1140 2190
2198 2460
467 1981
204 1270
1743 2076
2512 1787
964 2534
1564 2333
1272 27
2104 725
660 1836
2047 2067
2040 260
1980 88
1214 2172
886 924
2667 889
1058 338
1624 1730
1249 2343
688 65
2337 486
154 2741
683 216
1348 2486
364 892
124 1049
590 2018
168 2441
417 511
1546 2806
2433 2599
858 101
97 1579
2551 1621
1711 896
1322 891
2848 84
1727 1379
1738 2647
2388 601
2025 749
2410 111
612 354
2771 453
1722 2121
566 1263
1758 2413
1297 2886
686 974
2582 1874
70 1734
439 31
1749 367
2493 699
2180 1423
589 1846
1196 894
2346 1708
343 1398
831 2518
2142 498
2633 1693
1042 12
2533 1897
668 1604
2160 2853
1929 152
1894 1261
1025 959
1653 1814
504 299
2419 1651
1056 2398
2546 1221
558 1248
967 250
1935 2861
2987 1994
2484 92
