3000
857 1936
2595 2523
2981 2484
291 1116
1290 449
1549 490
2147 2447
2054 1083
2907 1337
704 1270
2769 808
725 1604
842 2069
326 2754
2707 1246
2040 106
123 2585
1878 876
1219 485
1352 2014
493 132
2886 1842
837 360
256 2921
2606 1108
2869 337
1041 2306
1054 2323
1288 1541
548 1158
263 663
2191 2037
2501 1112
2545 47
1653 2320
2041 96
2347 867
2223 2675
2246 2364
1207 2658
341 542
2733 537
700 2055
2287 593
977 26
74 24
50 243
2621 2970
205 704
2024 1255
1231 252
1790 946
110 824
2111 2357
630 2662
1824 2056
1988 1380
895 2517
1322 2441
2215 2634
878 825
817 2954
715 1861
2099 340
1908 2650
2419 2947
820 2451
55 2906
1488 579
789 948
17 531
1538 1352
35 2277
803 1261
1941 224
411 1082
2194 1448
2089 1194
892 781
1391 1285
564 2164
738 2917
2372 1958
2997 2890
1194 1292
1950 137
2652 2498
49 1302
2722 2756
2553 789
886 2062
2779 1880
1181 2067
1547 820
234 525
900 2344
1179 110
2048 2883
2466 855
111 72
2346 171
928 247
1612 1583
1539 2536
2387 1568
2935 892
1576 872
744 1834
2572 1066
2989 2439
709 2690
214 1404
2250 2546
2625 2132
536 623
966 1022
2343 1268
380 1468
298 256
1375 416
2168 1650
268 646
669 1396
2885 632
2150 2206
132 1425
2266 984
525 1535
2531 553
1316 2248
1185 1398
1305 1308
2267 2322
2837 1361
1705 2656
1216 2063
394 266
632 19
413 2035
1714 2695
294 2982
640 167
2734 1081
2649 1410
2206 60
591 54
1373 1562
513 1955
1778 941
2677 751
1754 1180
1456 2288
1938 485
2827 116
2095 2699
1553 2751
2596 2957
2905 512
644 1164
534 864
1354 173
779 2744
138 2033
1534 2852
1943 1784
2307 2607
1683 2720
2578 2990
887 591
623 871
2254 1825
1618 2039
367 452
1276 1411
2204 70
1289 2334
2445 1
1392 768
1665 1008
399 2241
829 271
143 263
1959 2015
1541 2052
255 1853
831 253
851 1014
1356 693
1631 2270
1266 51
238 95
1715 626
970 2502
717 2842
905 1031
2910 1917
342 2780
2325 840
1532 128
883 1200
673 573
1135 1602
13 150
2588 1077
1062 2980
1571 326
1344 1821
2563 497
1590 218
1369 1345
2975 2177
2577 927
1348 582
403 2327
1646 2525
5 1194
2443 1942
2077 897
437 142
696 1219
492 2783
1864 275
961 1728
1263 802
2057 303
1307 2178
543 1871
1952 1897
1174 406
844 1123
483 1469
2731 2910
466 1540
1716 1571
1106 767
2987 1614
2382 404
2780 1883
2592 2590
2851 1092
1002 2645
2699 675
207 2911
1209 2633
1685 1097
1491 1900
2388 40
1274 2712
1462 1228
510 2390
2394 380
2523 1490
2613 701
1668 1533
2097 1059
277 2694
222 2588
2547 1085
1896 1431
243 1708
1706 2209
2359 1086
1811 2785
553 2244
1404 1553
1364 1805
1623 491
891 1836
300 2914
689 2511
2426 2641
1210 1493
448 2309
902 16
1687 1356
1889 377
278 2996
1954 2606
1858 2040
1215 598
289 2242
18 2838
2329 319
2423 2490
185 2355
1394 1248
2488 2227
1980 1840
2309 911
1238 148
1775 2151
2339 2737
2843 1819
184 207
1898 2481
561 468
2750 178
160 30
2243 58
2362 1935
1627 1382
2034 1460
668 156
1734 1300
2642 1403
2647 1284
1841 2610
1546 720
2709 2127
1380 473
948 352
1752 1580
1340 1317
1096 2922
2244 342
1277 1254
1501 2496
535 2606
1027 1713
687 1971
2082 1245
2564 2776
1425 1247
396 1534
1014 2745
2971 694
2239 2419
2061 1129
2401 81
2320 2091
836 2259
453 666
2441 2901
2162 912
839 602
875 2383
2808 813
1465 882
1603 1223
2209 2837
1658 1690
862 1306
1793 1766
1251 2482
1629 1134
2650 968
2604 714
770 2176
2509 2119
830 716
1735 697
2594 1328
2328 461
2366 219
1047 881
1526 1240
765 1822
147 2961
1294 236
1300 2789
2761 2313
1069 1238
2964 170
2870 1727
363 1921
861 2361
859 1854
46 2629
759 1768
2500 2508
119 2805
2120 2207
2693 2885
845 803
322 2328
811 194
572 1684
2165 2639
1328 1953
2605 2269
921 2881
1953 1556
1175 2332
782 464
1639 600
1015 712
2922 1523
1385 2841
2102 2254
383 2994
1051 1235
1395 1927
670 1994
2607 2156
2600 1286
2044 2828
2166 1430
983 2031
471 2943
1387 2066
1767 2296
2479 2951
2088 1418
1515 1147
1780 2593
1317 2155
70 2054
1560 766
1184 1231
1026 561
352 2468
1704 1363
37 1911
1586 154
2585 374
2690 86
1166 2126
516 1462
2434 410
339 660
2979 1792
2312 343
679 1699
2617 2702
1162 448
2176 2174
237 1645
360 3000
2825 1778
2514 2195
92 2457
235 1371
2300 185
319 1538
1727 1542
2888 254
167 2644
2679 2753
317 1740
2702 1531
1480 262
2654 1191
2090 1275
2793 2570
2863 2184
2864 2865
636 1764
1368 664
874 985
2924 1461
2771 23
799 57
2772 1157
482 1496
1575 1252
2155 1
1188 571
2977 2026
2902 1351
2259 2796
28 865
2662 1997
748 2529
1334 1851
1832 1800
2746 2455
885 2154
1495 129
1678 817
2265 2095
2066 1878
174 144
2899 1627
701 2175
2665 1347
757 538
710 1636
370 1169
1071 73
1280 165
586 1634
1341 2716
2917 1565
112 2605
1760 2816
152 433
1535 127
2351 1386
199 1995
2759 1791
2378 875
2078 2124
852 909
575 100
2119 622
2459 2861
1689 1678
915 408
2109 917
2930 2143
80 1195
1680 1136
1724 676
2153 1677
1548 809
2954 2230
2170 2220
1196 1890
2916 2950
841 2788
1985 1675
1367 1137
1227 333
1787 1515
190 2113
153 2266
1983 2976
2212 1603
2806 216
2421 1957
1731 1872
1457 1067
1326 136
225 2317
2567 638
1061 869
2894 8
2404 2326
631 41
2724 607
2022 1552
1113 603
145 665
1905 619
114 2740
1979 1026
2723 1968
1812 1741
2715 883
2127 239
650 257
1761 1899
2190 1915
781 2166
462 906
1925 1170
63 1943
2013 1508
2021 2264
1405 557
1055 370
816 2128
2017 121
186 1924
391 2616
420 2416
58 309
2217 2443
1835 1749
247 851
927 565
2297 53
624 2931
2728 438
2380 2684
1807 122
746 2887
476 794
733 731
1944 428
2926 2421
685 2679
1120 679
2455 503
82 1618
1107 2094
2849 2630
637 1375
2348 939
938 176
351 1274
924 274
1153 840
1866 93
847 987
2784 2673
1621 999
2920 2949
2681 493
2763 79
499 1073
2027 135
2633 2548
440 1003
2711 2770
1470 2179
2093 441
313 2231
2241 1477
641 1966
355 1004
1533 2353
519 709
1161 526
489 2236
2938 465
2540 777
2081 1159
2850 1649
1712 368
2660 1826
1645 1928
1565 506
2874 2453
1119 1747
2472 1451
954 2246
603 69
85 2436
873 1893
1432 1706
1635 1476
1699 945
2073 463
126 564
2530 226
1770 1532
2934 1416
1913 2832
1362 1586
2794 146
828 625
611 1258
100 620
1737 259
461 402
1399 2557
2612 601
1912 870
661 2708
1233 63
1656 2212
1033 689
19 1569
1529 383
1423 2531
959 1619
2373 1215
1116 669
2912 618
594 495
974 1265
2352 627
1170 2369
52 2489
2983 1639
89 1230
1460 88
293 1048
2925 1230
1279 1974
2742 2738
1967 2030
1183 995
1089 2404
800 1775
368 2515
922 1322
2065 698
796 405
622 2822
338 2992
2431 477
2193 2928
815 2472
1157 284
2993 18
939 1762
310 2651
1164 515
904 1423
1721 527
1651 1998
541 2456
2083 1114
952 1257
2853 2978
301 733
911 1225
784 442
2813 177
1249 2681
162 2203
2868 631
608 2636
1965 1765
1773 528
1996 397
2031 2409
2497 2584
2764 1754
2836 2572
2152 1684
2379 1641
2063 1615
628 706
1745 2360
2175 2778
691 2480
1975 228
771 2263
2178 356
1516 655
656 785
296 124
1258 1104
357 687
2293 2171
419 1045
814 874
962 1901
2183 696
2252 2442
726 862
2227 795
1611 209
2345 2414
137 2464
1422 443
2184 2858
1102 604
1799 2192
2453 294
1376 1192
674 800
2503 130
1191 1694
2318 2769
2256 749
1587 2044
2967 2428
1097 938
224 2294
113 1823
1193 560
369 1428
210 1084
1143 149
1325 955
2114 2631
303 102
2269 1465
1853 2483
1506 2197
1936 1087
2566 34
433 335
1698 2381
2100 996
1902 1517
2429 1007
1693 1985
172 2974
2720 1150
1100 1387
2108 833
2313 1828
165 1750
1816 1978
281 2311
1408 2013
1555 635
2854 1644
1738 2045
438 1049
2651 246
1469 2829
2228 2315
2407 2774
2294 2923
1332 810
2544 1397
2481 2150
6 123
1624 418
1358 1282
2349 2571
457 372
1345 1074
629 1467
940 1271
1554 1197
1544 1664
925 1948
2614 269
1202 2895
526 2028
2058 147
213 2843
1281 432
2192 500
1542 1715
1843 1904
914 391
2755 2964
2483 1638
2673 2874
1643 1798
1109 831
2446 2152
1349 2935
1199 1181
435 1163
2411 969
221 163
1892 339
1661 1220
1865 2170
1800 2318
1262 1250
1893 1262
62 1064
995 101
407 2080
480 1307
59 2562
1650 1343
787 2661
2807 1945
1115 651
192 2365
1591 2643
1070 1324
1283 362
1910 1456
252 505
36 1973
228 2068
1454 109
1552 2506
1579 2793
2933 1286
2236 903
166 1995
2695 1349
2275 389
1924 754
1304 919
2629 2198
1720 1585
855 1256
44 1659
825 2573
72 2703
197 213
1499 65
835 962
2315 390
1158 2316
2016 2187
299 1875
1435 2599
1105 2526
1564 2078
1914 2855
2071 499
1765 50
1616 1984
2263 2437
2385 2102
7 215
2821 2664
2550 2893
2620 1506
2749 2120
2778 2812
2126 445
2516 2205
485 1332
104 896
1187 2393
1814 211
1171 1341
1306 2701
2775 193
2042 1458
1510 973
1205 1951
890 1484
140 2146
32 376
2451 419
2541 2535
732 28
1581 2790
1214 2586
2396 1154
642 901
2896 1859
1003 2023
1360 508
649 1452
1874 195
2537 914
204 1578
2691 544
1675 2392
677 1806
496 1923
2842 2403
1717 44
249 388
87 2810
1828 2129
1261 1344
2712 895
2062 2514
33 2532
105 2877
616 359
2721 884
2334 2516
545 316
1971 2107
2817 1527
2289 317
2955 2570
2871 1938
1482 6
1130 2257
546 979
1977 790
426 1287
1626 2141
226 702
441 839
2824 2224
2303 1990
1372 2173
475 300
443 965
1946 758
10 2358
285 240
2128 2604
832 713
2198 2477
854 1763
703 181
324 567
1681 1354
30 2266
1117 1319
2295 133
1909 1415
2580 437
1342 819
71 2801
405 2201
2598 1486
311 2528
314 1718
1424 2848
1270 929
1783 686
34 1478
2814 524
843 904
2397 2784
1048 265
1589 1544
2898 2809
860 2036
1520 1777
2546 2147
2037 756
216 1742
1505 859
1056 2304
1813 2620
1212 899
1381 327
1523 2380
2399 2340
1067 1860
1821 1626
54 407
2754 2454
1582 98
2340 2226
1156 1098
2105 1918
2392 367
1436 2939
219 2076
2986 471
897 2767
2180 2312
183 2213
1104 2668
1398 2766
2908 87
474 2255
2944 1463
2670 2995
1670 175
724 2251
77 580
793 1685
159 2846
144 554
2892 1910
1208 1795
1742 1717
1377 652
2505 386
447 900
1995 1898
1452 1622
918 759
2792 107
2765 134
1622 325
1690 2159
2234 922
936 1174
1204 1731
1444 1616
2972 1203
2521 300
374 2597
1522 405
2210 522
946 423
1038 2674
1154 816
170 2422
2282 2216
1427 1588
272 2875
378 1888
1190 32
98 2564
2582 1366
2490 375
2377 2500
1797 1724
1125 504
932 2301
1365 1075
1736 220
1763 378
103 2999
2599 594
2258 832
1359 1514
774 2354
1140 804
1719 645
1528 496
2534 1062
2272 629
1309 608
2240 1733
1915 1633
978 769
570 2308
1504 2305
288 1438
2795 1547
615 21
1686 2204
2084 25
2791 280
1319 1473
189 2676
1485 1801
2098 2984
246 2860
2375 1283
400 886
1301 2240
1050 1139
2462 741
846 2042
2425 780
2741 2291
2525 582
595 2709
823 2571
1779 1674
2251 943
741 412
1138 2183
2587 1855
1303 2001
1416 1060
2080 2181
1561 74
2708 673
730 1577
2532 1623
990 413
390 2293
2353 684
1265 258
752 47
2539 2792
2440 2957
613 2908
2653 1193
979 307
1493 1041
97 1492
1314 2162
494 2235
2659 581
1580 2065
648 2388
1511 2840
1321 298
1768 2459
2962 1570
315 2775
2358 1009
2961 138
1147 2710
468 1520
1355 2952
2730 420
2889 992
48 2342
963 667
139 2567
290 1422
201 1206
508 782
1713 1548
1842 1377
1088 1401
2939 699
1269 1500
1509 197
2146 1646
24 2734
274 2934
524 1869
365 2140
2327 296
2671 828
705 110
2891 587
401 1587
2915 1719
1351 950
227 2900
893 1630
2643 1729
149 1402
2507 659
2856 1017
2873 2088
1657 1163
1990 2773
2220 1730
1225 2879
2029 1492
2683 1782
754 1329
188 605
903 1700
200 2794
790 1941
2292 983
1918 1421
1891 885
328 1876
1584 1696
1753 2757
2536 2948
359 1103
478 1120
2552 1392
1755 878
1418 639
232 1481
2171 1824
1042 1579
912 64
1972 2271
2012 1939
1958 2098
2232 1967
2403 1799
678 1385
1863 2594
208 2108
2694 1743
2132 1368
607 540
425 991
686 2892
1443 153
923 2382
1788 2899
937 2583
1257 42
1880 2543
931 1350
1437 1237
2290 1704
1593 1737
1726 2915
1810 1272
1149 1259
503 1667
64 2647
627 1281
1857 2219
307 671
1477 91
1531 2073
2135 2683
388 2274
56 2632
1962 2550
320 2079
262 2097
722 1132
1550 1130
2167 2224
2067 1161
2003 2395
2586 332
404 1440
2830 2290
1139 1658
220 2373
2511 2765
1844 210
325 574
1989 1607
688 1803
1939 38
2417 2232
1108 2350
1597 1647
2663 838
130 2962
2365 2638
2732 1288
2504 2652
2261 2863
1888 1590
1472 868
1855 2611
2477 866
562 1296
1578 611
1323 297
1022 757
2030 160
1234 2208
1410 2601
1673 1581
2740 1734
2569 2275
549 403
2454 466
241 1695
2350 1738
2072 2038
1382 427
1252 776
1869 314
797 1555
265 1856
2415 1450
2026 273
578 1006
734 1105
1333 1753
2932 1774
2590 1886
1860 310
2158 2808
1024 2407
412 2739
1503 2346
597 1913
1010 67
349 2144
1743 1135
1302 514
2627 2016
2597 2818
2284 681
1599 1433
1123 545
2000 1931
2331 1495
2355 2764
906 114
2494 37
2306 2157
2391 1482
2918 967
1829 2137
680 2689
2753 827
2196 719
909 2096
2648 856
583 1318
2835 1712
760 2325
308 2989
1725 2280
1608 141
75 1947
198 353
1206 2747
1900 1305
1246 576
1023 198
377 131
1741 1988
2637 2399
1718 1435
2877 2614
2156 188
1114 313
2395 1072
942 857
2408 2761
2561 1408
16 854
2023 1027
2414 2085
1496 1847
418 190
1585 543
2960 2057
972 532
1916 2670
599 1498
2465 2177
528 1505
2149 2898
176 1321
1148 2663
2686 722
1875 2891
1617 113
1146 1131
1016 2501
2059 1960
1009 1373
968 1926
566 1701
295 305
876 1434
1881 728
2101 753
2524 1896
1239 105
2039 234
588 302
417 1745
2618 304
2245 2295
1934 2116
662 55
151 2050
444 2345
1335 1752
2400 1524
1127 2200
2777 277
2798 2755
1468 708
2661 1679
690 2148
2070 1111
1809 695
1137 229
2941 2199
2782 2913
671 951
2299 1682
2747 692
353 726
542 2940
567 1594
2522 2541
361 285
2487 1455
598 1056
1764 2188
1700 2618
60 268
550 933
481 1290
2330 1189
1872 1529
107 1152
1150 2160
544 1970
1080 288
253 643
560 1457
1292 1042
2262 1182
2855 2806
2526 926
2117 2389
1455 459
2116 1232
1244 1963
1313 1394
1180 1166
169 2406
1467 2941
713 1188
2542 797
2432 1900
1840 745
708 988
2828 2819
1851 1384
617 622
2107 355
1220 2811
1667 1835
2006 2969
2956 2985
1513 1124
1976 2791
1122 1447
1315 48
1877 2731
2298 1243
2046 2733
2182 2635
824 928
2713 1016
2848 56
2638 2435
2096 1899
1545 2237
2435 978
2901 2988
2608 1961
807 2786
1696 2449
1223 1251
2565 1965
1049 1845
1525 2889
108 877
882 1040
1879 2075
212 1241
2923 610
1791 434
539 1378
2558 2024
1659 826
2129 1358
2744 1330
2091 1639
2900 1599
51 290
2157 489
2321 1817
645 982
2368 1509
967 1892
1804 788
218 2256
1271 2463
1077 843
484 2902
2475 2807
1789 981
1974 22
2557 414
4 1446
2950 1802
2846 934
304 516
592 940
337 2986
2195 1809
193 2444
469 145
187 1409
2050 3
684 1909
141 2229
2875 2104
557 2261
456 2462
1664 1156
2678 2228
1264 2762
969 1249
2253 1036
1833 2955
2502 1227
2473 2568
856 680
275 1441
2115 2339
2689 2185
1217 1312
798 467
1005 2423
1430 2303
1904 2307
2274 2696
131 2063
753 2260
1637 1530
2861 916
763 1581
1037 1837
3 2781
2064 1331
1708 2503
2018 2811
1999 2377
191 2748
1311 1296
2356 1357
1035 2445
2992 2138
2641 36
2858 944
1198 162
2360 2479
2085 867
1400 230
127 351
284 315
864 2565
497 546
1907 267
577 429
1701 1029
514 164
1486 1956
1862 2283
518 358
1662 1686
316 976
2706 1746
1769 829
2951 1276
2310 2836
1040 2494
1218 472
1370 1513
2370 1543
2796 2491
2427 1937
2249 584
3000 2529
2958 2847
993 1472
2237 2700
507 1972
1282 2912
2301 1119
78 1011
366 2007
2280 848
2470 1162
1957 1828
446 2186
2361 365
848 476
2051 1631
142 1366
1818 2139
1393 2492
1987 628
94 118
1201 444
2154 1783
1906 873
2009 2434
2277 1037
2492 1355
1449 29
1446 1982
1609 140
1337 1549
935 2018
1336 2711
652 349
2464 2287
467 2465
1021 1916
2207 1245
124 2554
490 844
2591 482
1060 746
1087 1279
242 180
1397 2134
146 2958
896 1399
1927 1314
2140 1932
2467 2217
2762 1338
346 2188
1242 2589
1519 1140
1870 2602
500 1141
233 2901
2928 1906
1654 2431
2354 2145
1228 597
2076 2929
2880 1217
2528 2798
1859 462
2820 341
2285 2211
203 2823
2113 2825
2390 1525
2004 278
2999 998
2841 2704
2145 2972
2668 923
2447 595
498 2621
2476 1934
723 348
1259 59
2800 2518
585 1905
2319 2153
1649 1991
1749 2375
2957 90
1666 1115
1132 282
795 1862
356 2493
2221 1763
8 498
2104 2592
2203 1643
2517 750
2562 474
2801 1755
1295 2512
1065 369
332 1748
1771 1624
2188 381
1748 730
2402 641
944 2292
1320 260
971 501
1711 395
2921 456
180 2046
547 1881
872 2667
769 1479
1963 1863
239 4
2831 189
1192 2560
821 2172
2118 1681
2704 2004
581 1491
555 470
2122 932
1440 1954
2716 1013
2489 2803
312 1849
279 2239
1794 1780
1620 2609
14 2015
2554 2117
432 2245
2179 1669
472 1211
2897 1697
1461 740
1331 1813
870 762
1758 724
1092 633
336 1466
1782 1046
1291 2737
2439 2466
1490 480
1044 2574
1036 1600
2181 2603
1439 778
1884 2888
1350 1543
2123 125
695 1983
2020 293
2968 2540
1969 2628
1642 1605
1728 1021
1133 2971
1570 1426
1730 2886
1492 2884
2589 2831
2990 2815
179 2831
158 907
2845 1297
379 2537
2838 1406
1383 1019
1500 2646
1960 1488
1572 2955
676 815
157 497
258 2191
517 2002
1221 861
1152 630
699 1052
1409 812
758 2433
73 2223
2406 202
1802 1705
2862 509
96 2142
727 426
1562 1882
1118 2115
596 1051
1343 1703
1723 2687
960 1539
2736 161
2751 683
347 614
25 796
996 891
2878 1771
2438 957
1163 2376
2881 2750
329 213
1213 2408
2568 2486
259 1100
473 2372
1445 2510
83 2391
286 1559
1669 2760
451 2749
1025 1076
2985 2488
868 2180
1479 306
321 2752
1834 1391
634 2660
2079 2012
9 621
1030 183
604 636
943 287
2783 2956
2433 2869
2173 2615
1919 1586
2092 2791
2518 2558
1740 2903
1805 530
2460 583
164 1613
2338 1725
470 2714
2087 2566
1308 880
2015 2556
964 2196
1574 2347
2946 1313
2543 1165
414 1208
919 947
2556 2867
780 2021
1160 1239
736 1171
881 2871
1248 2851
2422 924
2632 2049
1473 249
1272 2384
134 975
1792 1884
2852 791
2506 2314
1885 1881
1378 2149
102 1335
951 75
1931 1846
791 2505
86 1721
729 1693
1935 1146
479 1709
1235 1637
505 523
917 1964
1094 1026
1324 245
2998 732
2584 2561
1861 1184
1817 1444
1459 1870
2276 1722
2636 1320
1647 1233
1729 1807
2970 1054
387 1095
1195 509
1073 116
2657 2210
2442 1831
1058 764
2645 1561
735 572
136 1920
2010 1057
1008 649
894 1009
1537 1852
554 2461
2844 1654
1625 2114
1388 1244
2322 966
1672 223
2260 2136
2214 1142
1984 1109
2499 2874
2008 1002
430 653
1852 1032
602 2047
2 2415
994 2060
2125 549
1777 2545
740 478
402 2779
590 1933
1045 644
818 1744
2914 2507
1052 2005
865 2105
2674 2331
2463 1464
1940 2300
327 2385
720 184
1090 1093
947 2741
2056 2904
202 2100
2014 2077
125 1979
1798 2883
427 264
2094 2981
1111 836
1173 519
773 1555
719 2495
2766 2782
161 1325
90 1908
2656 1326
2028 272
442 2706
2393 2849
465 1503
2461 1420
163 2968
1702 2064
318 2853
975 1047
2815 2247
2738 609
2619 539
344 44
1312 2051
1020 2692
1600 172
2710 2299
1124 1992
573 2469
1098 1773
569 1507
810 2680
2381 2664
1577 1661
2776 2402
2052 1417
1075 931
660 2539
2053 657
2106 2763
626 2185
1057 203
522 2794
768 2839
879 1035
2767 231
2529 2168
1757 331
1494 835
1825 1596
515 2897
2622 739
1141 417
576 242
1854 1474
1085 997
2943 1922
858 798
2609 1323
714 279
2726 1707
333 2524
2384 2544
989 1723
653 1088
40 2165
1236 592
805 166
385 2478
2410 2109
2103 1582
2527 1796
2159 2131
20 510
884 1858
834 1199
1386 1999
1434 677
739 550
2631 2387
1674 2189
2799 2882
2718 2218
767 1640
2398 2580
1068 159
1483 2106
1951 2795
2363 2697
620 1269
2703 2418
434 2736
2229 1090
2942 2225
2186 2262
2139 422
1128 1186
718 1005
1329 738
348 533
2882 771
1285 1299
1619 685
809 2
2344 191
2705 2440
1964 1656
150 2854
1942 2009
788 1551
2131 596
731 814
899 690
1849 898
988 1001
552 1416
1254 2569
1722 793
682 2072
217 517
589 534
273 241
2786 1469
1663 117
665 411
2200 108
1956 2671
1595 963
1694 562
2937 2775
1379 2872
747 174
1703 529
1955 589
1981 612
2581 1843
1847 281
697 2530
1197 2688
2324 2942
1018 379
1043 568
1226 387
2895 1591
1917 548
2819 225
2086 2022
1831 2163
1652 1224
2624 1177
449 2268
2007 2963
1034 2834
2887 2222
1463 1760
1168 2919
1200 289
2768 1009
1131 196
88 1907
992 1735
178 2965
2847 841
1407 2522
271 1573
563 1889
398 1369
1795 486
2038 2814
1691 541
600 2771
976 2497
297 2250
1298 2672
2890 577
267 1557
280 61
2164 634
2317 217
1527 1030
2610 661
1402 566
424 994
2994 682
702 1891
84 954
1240 2019
2549 1593
1390 2003
1784 2218
540 1494
2748 1365
154 2577
2634 2234
2185 431
1644 1546
206 903
764 617
2469 2772
980 2158
67 502
1012 2542
2982 1612
2248 415
195 2297
2519 656
2112 2509
1039 2519
2138 2405
2060 588
2737 2006
2865 361
1086 1687
801 1122
1099 1280
452 1574
2172 1902
2335 2876
23 1663
2264 2368
1451 1874
1732 845
2326 318
155 1788
2664 2997
2230 688
264 1304
1970 2008
460 2282
880 1930
1929 1382
1901 2677
2002 1367
2332 2032
1640 1036
1968 2678
907 1648
2936 737
647 1389
2211 890
1756 1172
1890 1201
838 1289
826 1264
236 2896
1567 2920
61 1894
742 1459
2448 2366
2640 2886
2482 17
672 1526
261 1101
1822 570
1997 97
1747 1069
707 2625
1530 1903
721 569
2995 1487
2160 77
2952 2125
1887 1443
1671 1584
223 27
2225 606
1848 590
502 400
901 115
2548 1025
2603 1751
2879 1213
1684 1662
282 1657
1518 1050
606 227
1428 1133
2573 755
2700 2868
128 2410
1808 887
1318 2859
506 1207
930 747
1155 2059
2646 1672
1401 26
775 1608
65 2430
529 1804
2669 2995
330 1058
2966 492
1827 52
1630 208
1151 329
389 1560
794 1155
79 1827
2271 783
350 1018
1074 283
287 1145
1750 392
693 248
965 1214
910 1485
2965 735
574 613
1947 1353
643 424
806 162
2278 2972
1524 85
1222 925
1573 1196
1211 1168
362 1148
2797 1212
120 2101
1241 1545
601 1787
1815 1808
991 1379
1932 2446
822 1315
1746 2576
334 1079
1110 451
2655 2112
2682 1424
1420 2552
1660 2875
1475 849
2826 2343
41 1039
2201 2279
1489 990
2268 1912
2189 1301
2752 2122
2680 2426
1744 2458
2579 1887
633 1710
2822 822
1112 192
1966 1919
1076 2470
2991 2691
1176 1732
1278 753
1134 1683
1751 807
1601 1429
371 1209
354 2081
181 2202
531 2412
2832 205
2745 1536
2513 1600
1614 734
1374 1946
2803 1857
1994 2698
987 2336
2816 811
1498 2925
1921 2724
609 2850
2235 2870
2457 2612
955 2591
2893 201
2025 1010
786 15
122 1204
593 736
2980 2324
43 1043
1556 640
2124 2916
1512 2551
1417 425
920 959
2717 9
2727 2103
1679 2452
1327 986
231 328
666 935
1474 104
1739 2164
985 2627
2787 7
2811 1794
683 2328
455 454
375 2471
2412 447
2789 261
2644 2817
1710 1414
335 2370
1978 850
230 563
245 1263
283 584
1819 806
68 2941
2515 2041
819 2826
2685 910
1450 330
2639 1628
2035 2797
1543 1395
756 2835
958 879
2224 1716
2043 522
2336 902
445 2027
2948 1480
309 481
1596 2335
2449 1597
458 2501
953 2473
331 2238
2535 1993
2940 1759
76 2924
459 513
2273 2926
1830 2020
250 2273
1607 2474
2911 2659
2480 1000
1006 168
926 2179
1032 2547
39 2379
1245 1390
1247 1310
2719 2090
1676 2864
358 723
2756 792
504 455
2369 1475
1781 1110
802 556
1438 1516
913 846
2405 1412
1178 1864
2279 2284
1688 2622
1406 774
1986 970
1001 2721
1403 908
2984 1810
2296 2742
2692 1449
2197 2053
1839 893
2151 2637
1508 2979
408 212
2666 1914
610 2170
2823 1811
1733 913
1846 2417
997 384
2785 1149
681 487
2760 937
664 1698
523 1838
2804 1830
840 1151
95 336
1029 324
1411 2654
2281 2998
1011 511
698 2351
812 1273
376 323
2383 1660
2857 801
625 1393
31 949
1903 2653
244 382
1594 551
1338 1372
1353 2966
1588 1839
2495 2665
1346 1609
2978 1364
1634 1205
436 2460
2834 1925
2959 1635
1961 1950
2177 338
1230 674
950 2108
1464 99
171 724
2130 2777
421 648
2213 971
2840 1986
1433 1483
2199 1980
1458 453
2949 847
587 1726
53 834
1396 394
1568 1767
556 357
495 421
888 1790
2743 1595
772 2401
1606 1309
2205 2487
2571 84
292 2735
42 936
2593 654
1759 2930
2137 1346
2291 2302
827 366
2049 1400
1129 1210
2493 1413
1497 1014
1803 291
1059 2087
1447 2338
2033 2909
2333 2587
463 662
1641 952
2055 2319
998 151
1237 805
2458 2728
1911 440
655 244
2416 347
1121 1671
2222 1689
766 2182
1484 2938
1826 2276
345 1279
2219 2352
2574 718
2068 725
1079 710
2739 2348
2005 1303
2389 2987
2308 2856
2374 2743
1384 169
2420 364
194 78
850 2936
2809 642
2927 532
2810 2135
2444 2705
1850 321
2148 103
269 1814
2163 2880
1933 2243
1431 1625
1260 715
415 1253
1786 905
2485 1028
659 436
11 1388
1412 1437
229 139
2161 860
1602 1850
1471 222
1873 2578
2371 2655
91 786
612 784
657 1601
1072 484
1203 1554
1361 1065
2520 1311
2436 158
2667 1563
1177 711
621 2092
148 889
751 2310
1882 2960
2945 1942
2583 960
2860 1499
2833 1779
1514 2682
2974 2993
2491 830
1066 974
981 637
1558 398
1082 961
762 558
2884 2575
2508 2111
2450 2802
1172 439
1928 1349
867 385
2305 2648
1250 700
2226 2289
2805 821
635 1107
2484 953
431 1260
1091 363
2976 1567
423 1183
1823 71
488 1454
257 2866
908 457
2367 1518
1189 1781
2688 956
2919 1702
135 2830
1083 837
454 1944
1856 1407
373 14
2714 2549
1559 295
2758 1507
1709 152
2498 1688
2496 2707
2474 308
2555 1528
716 1617
2510 2425
778 2777
2770 1666
1046 2411
196 2448
2623 2894
973 479
2069 2169
1000 1793
1347 2398
2486 2521
1774 1370
579 276
1186 2504
2430 2845
1536 717
512 494
395 2967
619 446
2560 2071
2829 430
45 1589
26 1471
2988 932
1785 43
2357 990
2696 2161
571 1173
1677 155
12 1267
667 2396
2045 2252
1920 964
343 469
2996 1078
537 460
2314 2362
2658 1160
428 2804
984 301
2729 888
2788 1106
712 2991
2701 1439
1004 1797
509 1020
1540 2595
1081 647
2231 2623
2001 311
2697 1167
2233 215
889 1316
57 2086
1224 1175
1330 2579
1922 1070
1648 1873
1414 2475
776 1832
2774 2075
1894 2946
1636 2953
1923 1277
2533 31
2456 1012
491 1987
2121 1127
1421 2099
340 1121
2302 1178
29 1128
646 1676
1566 1348
1930 742
1993 863
1167 2349
2615 1537
38 2374
429 1218
2628 2356
2468 2959
2428 1419
1126 1432
2913 2717
117 616
302 703
2559 761
2047 1333
2032 1670
1339 942
1159 1757
898 729
1145 1015
1868 76
869 2516
1563 204
1592 773
115 2286
1448 2918
1286 668
381 2725
743 1682
1268 547
1165 490
2134 852
2672 2281
986 1969
1256 1776
1053 2397
1766 2617
211 1489
651 1427
1613 1652
1296 2726
382 1376
1243 1629
1426 2427
853 1774
2512 2258
792 2363
2218 299
2931 1044
1441 1566
2953 187
2781 999
527 1774
639 1981
1521 1550
2611 2429
2238 2193
1371 1512
240 1209
2202 1034
777 2713
558 2329
2904 2272
1692 1187
737 921
1487 2034
749 1833
2687 35
2216 2878
2576 1844
2947 727
501 20
1232 1642
1655 1076
1895 763
1695 536
1182 1632
866 1564
1991 1143
1293 1242
182 1226
929 1868
1084 1340
2906 972
1093 658
101 1668
450 1025
1707 2011
1776 1293
1632 1319
2364 2944
1078 1977
833 770
276 2378
999 370
2011 2649
116 1202
2969 2559
2570 2017
1992 5
538 1068
1284 1374
1517 1038
982 350
2169 2400
464 1102
372 559
2257 110
2876 2337
121 1144
1415 1519
863 2413
2867 1576
1366 186
533 1714
1442 2959
1836 1711
520 2074
568 1897
1413 409
1628 1653
1063 599
1507 930
2551 1651
941 396
1357 1222
2424 2156
2144 250
1267 1359
2616 2686
2413 2214
2142 1598
877 2158
2538 623
1297 958
15 2070
1845 2723
1772 334
1253 507
2136 13
2437 2485
755 237
2418 2513
1638 2642
614 221
2698 46
1453 2730
1551 2610
306 1848
175 920
2684 2215
1144 2693
511 1436
109 624
1838 2061
2859 2581
1064 2833
2075 373
638 399
1948 1769
2036 232
406 1592
2242 915
22 1606
1682 615
1820 1944
66 1336
177 2137
392 552
2909 555
761 2813
1926 2000
956 2977
486 2325
1886 2666
81 1176
173 483
675 2121
1028 33
813 2744
559 2563
1136 818
1419 2330
750 120
1973 2333
386 2371
305 518
1615 119
1389 312
2601 1816
1569 1756
2883 1558
1762 1815
2141 1445
2342 918
804 2476
1837 1118
532 1099
582 1190
521 1486
1806 744
584 2367
2341 2020
2812 1024
93 772
99 2844
1604 1053
2635 2553
1273 2300
1019 1360
654 270
2386 42
409 520
530 2799
1229 2746
1883 2190
2304 2685
270 1091
260 214
2602 1504
2255 2800
2019 1234
2316 1096
2973 2729
2323 1691
1945 1997
1103 92
1610 821
118 45
27 2010
1899 775
706 1339
2143 1975
2471 1720
1583 1770
1937 83
266 2025
2963 2118
808 126
849 1405
2866 2321
416 1126
168 2265
663 2285
1007 2727
1557 1033
728 364
2790 2359
2174 1867
2630 1113
618 401
2802 1063
2735 2083
605 578
694 2133
1478 2624
551 1383
2818 62
2286 989
251 302
1871 2079
439 575
1598 2194
1502 112
2208 1877
2903 569
2110 2905
2757 2732
692 1692
785 1510
871 1295
2872 2719
2270 111
945 2534
1299 10
156 1789
783 1501
1801 2722
477 51
1275 12
1867 1772
1897 2394
1982 993
2376 1061
254 1334
2575 2167
487 2533
2452 143
397 1071
957 678
384 2527
2626 80
580 2110
1310 1229
1363 2626
2187 2267
2337 1665
47 2983
658 1327
323 2973
2725 2907
1466 1575
2839 1342
410 1818
2283 2735
1481 2873
916 393
1998 2450
209 2820
2247 2619
2676 1236
1429 691
1633 672
1095 2608
1876 68
393 585
21 1962
1287 2123
2478 765
1605 2298
1013 1502
106 1528
2773 182
934 2787
933 2225
2133 2093
2074 1866
1031 1812
1101 586
1255 286
2929 1895
364 1996
1476 2657
711 1138
1697 2759
1796 1023
1017 1989
2311 1221
2288 1071
422 11
248 1136
949 354
745 858
133 94
2409 39
1142 2715
1949 1864
565 2857
2675 82
69 66
129 49
1169 2438
215 1185
