3000
2661 2179
1653 1969
327 2333
2843 2148
2853 556
67 1054
265 465
2024 2127
792 2703
2487 2065
1443 306
368 2407
200 862
1303 2118
1768 920
1432 2197
417 1426
590 464
1937 2624
2791 341
1330 835
1452 1654
1052 559
1912 2735
2679 2760
1884 2810
2050 382
1487 2395
2042 1314
2010 2956
2234 2450
2078 1615
1199 2999
818 2268
32 1183
561 206
1829 552
1117 621
2120 16
1619 308
121 930
397 2976
14 725
1532 1612
315 2909
902 233
400 1737
941 2016
594 1655
2941 280
1251 783
934 2626
2970 592
1076 2342
2694 2328
1461 414
2929 131
930 1387
1123 674
84 200
1126 589
323 448
966 1174
2112 132
2788 619
146 1871
955 2015
1959 1993
113 2726
1499 2672
2423 317
2452 909
1746 61
577 2987
1659 2753
634 896
2151 2575
664 1257
835 1303
1886 825
452 1089
783 2631
1822 1329
1658 1399
2630 500
398 2912
2459 2605
1439 1998
1952 2122
81 275
1538 1203
2562 122
2244 2190
2622 2299
2751 2977
2730 741
2631 2403
74 1118
1594 623
48 2778
2156 2980
465 1565
435 2577
873 2335
1781 639
468 928
865 724
2254 1561
1062 824
1982 2306
318 754
2098 1105
1794 1276
2035 2642
2958 834
501 468
724 2463
2563 1099
1744 2694
1970 1159
2632 21
2721 2714
271 523
1933 2982
439 585
1579 282
1279 2540
1359 857
1930 2164
2292 2923
1314 1454
2645 1213
1019 1145
2752 335
1145 2981
1103 804
1322 1586
973 2303
959 2784
259 2488
1481 175
2404 1221
1758 1799
384 554
652 1126
1742 2903
1431 1198
2210 1516
123 1448
2969 193
2917 737
1132 1975
2047 1987
29 1136
1643 489
374 2814
454 2075
1366 1497
2361 2641
2155 488
2634 1328
1925 1771
2294 272
2347 816
2400 297
367 1787
1531 2430
2767 424
2681 135
545 2387
1741 1890
1583 15
227 1275
147 1583
1689 863
154 704
2532 1195
2810 351
2473 137
2180 1227
1601 890
2677 2141
2580 2606
1237 357
2446 688
1897 2782
1975 2794
2069 651
828 1250
2785 1611
870 1602
241 2643
1207 1325
2640 829
269 2439
932 453
462 1137
1748 787
711 2115
1549 2629
1780 2438
886 2198
2918 2024
2999 2538
1131 2064
2319 323
1182 1052
773 1228
1005 2459
2145 648
817 1287
2518 2819
2146 2374
72 113
2777 2155
2064 796
117 1786
2978 1867
2006 2318
1942 2611
584 2582
1134 396
2891 964
229 1469
1323 1100
1706 2085
1869 154
6 2243
2731 2307
2304 630
1721 1321
1998 1793
2334 1530
1025 1906
1089 1171
935 1604
1631 1356
695 83
2229 1991
1158 481
2725 2618
1444 1888
1682 2341
1670 1337
249 1599
1490 497
2235 1669
621 2336
1774 852
2701 1419
796 2172
2798 2767
497 173
2621 2044
1599 1115
1624 433
1820 494
277 1225
1015 2803
1883 2551
1515 2581
2491 744
1737 2316
2672 821
1473 820
83 2332
702 353
640 1103
432 2867
960 2279
426 879
1607 1857
1842 1130
1739 847
1778 2821
996 1573
995 1951
1457 632
379 1088
2724 2195
1133 1807
116 1956
295 1513
2354 635
1684 979
2583 1204
781 2045
1070 2665
2924 2812
2975 1001
1900 251
593 498
852 286
303 1233
1144 1291
1389 1353
351 805
1736 1248
1030 1620
2521 972
1802 404
689 1671
1066 1682
715 328
885 2795
66 1717
37 2253
2398 971
1333 1826
1429 836
992 1245
2099 2087
2067 2588
1090 34
1129 2286
2635 525
890 852
2127 2745
755 1453
1037 2454
2852 2955
971 1472
2516 2202
613 1388
1055 2061
304 157
2816 710
1796 1076
2440 2693
1086 2928
1269 2076
1340 2209
2584 789
353 1978
681 2051
1404 1849
2012 373
26 2265
27 2150
2998 2993
1874 2331
2735 1273
2002 2765
997 134
1337 662
2818 1432
1271 627
872 2153
2837 1735
672 1331
2901 1762
876 1592
1951 2358
1032 517
477 1908
2162 133
2297 899
2189 870
1399 2780
2895 2838
1149 1481
1611 2273
913 1595
777 1783
900 1822
2728 963
106 2662
319 1514
11 2885
1919 822
720 1379
1915 2120
2268 1734
1891 594
129 2095
407 1792
2348 546
1074 1450
1873 1782
1160 1738
2462 2029
679 1519
595 2244
697 434
1571 1545
1694 2828
1561 60
2272 616
2386 538
692 1810
643 2389
1771 739
2965 2002
75 63
653 2731
723 378
2943 2493
803 2600
2031 2873
275 2877
1202 2089
2789 1678
135 112
1852 1152
2519 2157
1841 1119
2448 1794
409 1196
447 2481
1803 2813
1347 2769
848 2691
570 2950
369 174
391 955
1632 2945
2510 92
142 2508
210 1990
2370 952
2850 1831
2087 774
2142 1624
2256 637
350 2270
112 1363
1543 2287
2105 2553
1754 536
2623 243
948 2255
1073 1012
2044 2521
946 581
718 342
1300 1155
754 2678
1614 1687
1936 831
807 1569
2200 375
2033 2558
316 1524
499 2027
617 2869
433 875
1567 355
99 1483
36 841
2317 851
2873 1552
105 2702
1534 529
2702 1040
970 1533
1436 2221
2011 528
630 2149
321 1756
2026 2881
2226 1626
1403 146
730 1255
2062 1876
1656 2670
2524 588
1140 1488
1179 1952
1978 1181
2973 734
9 2989
758 2230
21 2086
543 1398
1906 1780
2371 5
1836 1887
2488 159
2461 631
438 925
472 499
893 706
1699 2862
2839 728
144 2529
396 1330
1335 51
2717 2477
1759 1035
2 1983
719 1433
2245 880
2811 377
1446 2656
2393 1102
797 1638
732 2505
1277 786
1357 2160
262 1584
1961 2448
2543 2733
226 2710
2898 1980
2168 772
1602 647
310 1466
1751 376
2303 2361
1166 1768
1263 2426
2172 1650
733 1122
1862 571
612 2421
1504 1096
1272 2983
1174 482
2991 1339
482 2151
118 672
2474 2772
2825 858
381 292
953 1338
185 2509
69 291
1072 2083
386 1494
1010 472
500 997
644 2337
1493 1123
2796 548
726 649
2476 1837
738 1349
1895 1988
737 1352
2821 2246
355 2954
1067 2991
1392 2259
2813 158
423 67
1698 1409
429 1178
1702 2978
175 2757
111 599
1858 139
2905 1023
929 1106
513 829
1184 1150
2322 2145
843 2283
338 2896
1447 2990
1719 1783
261 2325
370 550
1712 2460
1192 204
2330 1957
1013 2058
879 220
1424 1144
538 723
291 1205
2618 2811
2517 316
2732 47
1293 1384
2125 1473
1458 2756
2411 561
213 876
242 1878
2831 1404
2089 290
100 1153
2431 182
1558 1084
33 417
839 977
1021 1090
1868 999
419 987
480 2915
2384 1741
2574 2225
2879 277
637 1961
2173 2296
2670 2898
2437 199
2029 1383
2523 938
1786 868
209 413
2587 391
1626 2408
2190 1515
2603 298
2106 2313
2887 840
88 1060
3 2397
1554 1143
2195 320
2182 577
179 1282
1381 2580
2809 2709
1363 30
1734 375
2413 1358
1284 95
2766 2310
786 299
2236 1864
2160 2727
1450 2686
2468 2033
1435 679
1655 2442
693 2718
356 683
1157 1663
1135 1992
1229 2181
793 1009
1453 916
1152 2674
1555 1544
1291 1859
2231 1469
2013 2886
455 1455
1220 1286
1265 1528
2557 1021
2944 1176
2760 2484
2345 1093
2007 412
2163 2839
536 2247
982 1605
2265 294
2203 766
1703 1464
714 2964
2787 247
444 2949
293 690
725 41
2068 721
771 1
2447 1872
2515 439
385 1098
392 2133
854 746
2458 757
2874 2920
467 1135
145 2559
1206 1209
2607 309
2464 1704
183 2427
2527 2531
1993 1879
1813 1425
92 2790
942 959
586 2977
1316 1776
1639 2713
1910 2547
2829 1939
1143 2056
799 2748
2581 2168
787 894
2157 399
1542 1609
1413 1904
1332 995
1574 2003
978 2035
965 1790
2964 2706
528 2218
2104 677
1727 227
516 743
182 2384
669 1075
1725 1434
859 906
2689 1462
1401 429
1209 2262
40 711
2903 2018
1224 949
2589 2200
1255 2291
515 2934
1212 57
1367 2742
555 1745
302 1862
1059 2144
2359 2152
2882 620
2577 545
2260 1287
2164 608
1777 2974
2750 2496
804 1340
2102 1386
2560 2063
2467 450
2177 2057
2341 196
1789 1700
1730 650
43 1984
137 2602
2116 2959
114 2062
2660 1059
564 2249
2907 1128
1708 110
1676 340
2528 269
1954 2398
2738 2107
756 1397
483 1446
1864 1899
2715 962
1879 1579
694 2105
911 2907
1506 1428
2961 1017
1046 75
2486 2248
2416 2594
1479 2764
2812 1860
2239 1782
337 1971
2328 2381
1040 2533
747 2591
2355 842
230 2324
2220 1553
224 32
2870 1709
214 17
1196 107
2897 2472
775 1002
1733 2623
1125 958
2232 505
2919 2823
1979 1343
1731 1541
1793 1726
362 1405
2045 2304
1923 455
2401 1367
1033 926
2308 2166
2349 747
2369 145
89 1053
862 2870
1539 1411
2892 799
2233 680
2247 965
80 2513
1840 2704
1281 119
1365 1142
2784 1818
2436 2130
757 2193
1342 62
1848 1256
1108 1931
2742 2105
541 18
521 2311
103 153
1550 883
357 1523
700 871
766 1437
1801 2681
1984 1154
2302 2578
1983 1895
2775 558
2652 1029
2394 1662
1940 321
2429 1318
2158 810
1680 363
522 1272
2185 205
1128 2653
1411 798
557 1216
2463 1402
2805 1158
418 2412
448 1074
1180 2939
2680 201
1034 2297
102 1330
801 778
2956 1170
1850 2050
648 1885
305 354
744 2619
1999 2233
76 1270
1990 1996
178 1140
2865 2637
1310 1025
2123 2131
2737 1459
202 2210
2253 2738
1839 1607
2774 915
13 1441
251 641
2952 1193
2893 368
1589 1117
371 1108
764 1714
1530 46
1194 1346
2392 2418
868 1478
1442 2936
1063 2579
2595 480
2776 2142
1716 2800
789 1051
1150 597
45 794
1946 1359
82 543
3000 673
2578 1821
1650 2992
1717 867
28 966
4 1014
96 1960
1169 1561
1313 1120
223 1065
1024 881
1124 2715
2481 2011
952 1713
139 872
583 2435
65 2069
1201 1072
2594 2532
2651 447
2409 491
1636 1317
2748 2650
701 1646
1795 1635
784 48
2904 1936
2279 918
1988 2357
1111 2143
2596 656
2572 66
1349 2048
1283 681
461 1925
1683 869
1866 1529
1167 1777
332 1045
1620 2147
736 878
1112 2910
1649 136
2806 2364
2695 1372
1633 2550
1228 1298
1296 2475
1872 2639
1590 418
1097 1623
1857 811
205 2541
1709 2198
2834 976
2251 2634
1995 2264
503 2305
492 2820
1833 1946
1345 2807
2114 2212
320 240
2242 1361
414 2856
2299 2943
2871 645
1008 2586
1430 590
2095 1723
348 2779
1629 2281
240 463
671 1146
268 2196
1902 572
270 1185
901 2857
2133 422
2797 29
663 1581
2207 293
1354 2507
1628 2620
1426 469
1114 1032
816 2696
1621 717
2616 1141
280 985
1003 168
2204 2644
919 2762
938 238
945 2590
2071 2958
825 1278
2556 809
1968 319
2501 703
264 2787
908 2728
160 1073
1409 2625
2218 1374
2340 815
2688 1919
2181 100
1308 1907
841 2008
1200 80
1905 2822
2037 142
1170 2853
2484 120
1791 339
1826 105
963 1649
2009 2608
189 1563
2817 2919
1139 313
340 2565
1592 877
2100 276
181 2562
481 848
1885 2023
2938 1525
2529 27
524 718
1525 2669
1204 1222
124 1722
1100 1081
2800 2456
2815 2913
753 1645
267 2844
1610 2680
883 2758
134 237
2346 2393
336 1672
603 79
471 2899
2171 916
1863 596
2255 1242
2054 1629
2590 2752
329 2720
1137 374
627 198
2953 2854
1527 1658
140 2028
2360 2927
2503 1967
2034 1963
16 2067
2257 764
18 700
591 2434
2314 666
1871 2826
1002 387
1353 235
1509 138
2418 1923
1888 2712
2273 2737
2020 1677
1383 2363
1451 1703
1245 1427
10 103
218 1304
2959 58
1985 839
2403 1312
2351 2355
1627 768
2382 2278
1521 2789
1239 1643
563 1294
1110 2238
2216 801
597 698
575 163
258 1400
567 401
1808 654
1585 1812
2859 2554
157 212
1476 2293
2293 2444
2309 1156
1715 563
1675 2543
909 2832
130 2658
2928 2942
2081 1733
2620 1047
1511 1666
2298 1458
1226 1149
735 507
2426 1420
2176 1436
2152 364
2932 1465
2425 884
1918 2697
1522 1905
1926 808
1635 416
333 1041
44 2863
1416 2236
1834 2597
2321 1979
2449 1886
2358 1414
691 2947
1663 2437
703 2400
1482 685
1568 1918
2073 2711
470 1157
79 438
1914 659
1119 2966
2111 2933
238 2476
2734 1856
1467 1748
1369 1578
2612 1323
579 574
2564 1489
1651 1212
2454 1507
2570 628
133 186
2250 2369
2909 289
1851 2901
1071 2135
1634 2528
2861 2048
2593 44
794 765
1661 389
2505 2511
1099 2593
2338 1685
272 2387
1041 2922
1485 2806
1039 2831
322 77
1843 2932
550 1982
531 2452
1784 1841
2290 1095
713 2841
542 2432
1935 1351
1247 2759
1141 2319
1613 398
1371 2868
1957 2136
220 2446
1757 2382
1896 2612
1379 99
2914 2825
915 118
2626 2017
1154 148
1233 1391
2021 12
1516 2091
2663 949
169 1593
2357 1129
138 495
620 853
2497 658
1832 2892
1483 381
1785 2334
174 1326
2375 1484
2757 2838
1596 2668
1372 933
2877 1235
742 33
1127 527
514 1944
1519 1169
1783 1311
2600 2884
2985 2114
1495 531
1058 1874
880 1641
1386 1618
2482 1801
167 2654
2074 2124
273 222
1264 1582
108 2192
2744 307
2267 36
2697 1703
608 1080
294 1016
559 882
1466 1166
2311 1945
2500 707
974 2924
2258 3
1327 1680
1960 1058
387 2447
235 1985
2908 509
2708 1962
2228 1770
628 1063
765 2224
547 1279
2513 1520
2243 2004
2478 2836
1701 2761
486 446
1304 1721
2122 221
2457 2754
2129 1067
2424 2276
2552 1690
410 2137
1837 1107
299 2170
860 2005
1814 35
2335 2068
1797 1986
605 662
1321 1647
1459 945
734 2167
1612 595
119 2001
809 1490
1529 1633
1788 2929
2714 1829
173 1861
811 2520
510 2431
1214 1755
120 1966
1480 1232
2826 2797
1622 2946
2493 657
983 2776
1853 1470
2659 1686
2526 1040
1512 1173
1241 1708
2586 2897
624 109
297 420
1434 2216
1288 1234
2119 2324
1609 1591
2693 1284
128 236
878 670
334 2659
466 461
1766 2972
1625 2449
50 885
1408 1151
1075 2667
1691 2750
1688 2031
2094 2455
1819 1503
2885 1199
1105 1043
1981 2350
1393 393
2762 2211
449 473
1014 1691
2016 1246
943 2343
602 702
292 484
1762 296
31 1438
2288 2396
1387 981
1831 968
1892 2469
1849 2783
2043 1376
1042 1817
1287 1558
1941 2139
283 50
687 68
2496 2692
961 1681
649 1543
360 314
1792 1998
2986 2043
1956 2740
2241 2941
580 567
1497 256
607 2113
437 1055
2889 474
2606 1010
1423 1296
278 1441
1060 430
2198 1299
504 513
2671 248
1807 2460
2926 207
1507 2675
98 2104
2685 1467
1094 2188
2248 1667
1578 860
46 2215
1370 2351
328 2312
68 259
1735 1493
1266 2876
365 923
170 1613
1948 1676
544 790
1880 2184
2592 1456
1800 1414
1692 1716
2450 1564
2419 181
187 1252
281 2893
1898 1258
1437 988
638 948
1244 3000
2746 2394
1787 1828
508 379
877 1293
2844 425
2093 2116
339 1830
924 2420
1484 802
1351 712
1232 2707
201 2671
156 2055
2281 1269
1587 2072
861 2875
2854 70
690 2805
2271 1374
2115 2889
2872 553
2948 1954
2451 1765
1856 1598
1876 2379
2687 1319
2211 1698
1598 1449
2040 1889
1881 720
1854 1136
1390 2613
2841 1247
198 2146
1501 936
243 2362
2849 652
2420 1752
964 557
1236 1875
2876 83
2615 2106
87 761
495 2392
1928 43
2390 1442
412 1740
326 2766
1674 1277
1616 1253
55 673
1249 2852
1080 534
2363 818
770 1694
1106 1948
548 2672
2405 661
2343 1127
778 665
206 192
698 1506
1205 1055
484 231
606 53
2569 1057
2832 1607
1471 2088
2339 2440
246 2925
344 1134
2466 2364
1750 1581
2263 1866
667 302
1107 1050
2691 1636
1339 980
998 1751
2397 1071
2512 2330
2507 1118
25 2233
2082 2227
2713 566
2888 151
2716 1746
1608 367
1346 539
2971 1824
741 2773
479 2123
2922 568
1835 1664
1894 2905
234 1696
967 2994
1130 1588
1422 838
2771 588
1773 7
1394 2604
478 2652
441 1941
2326 2036
459 2441
2396 1382
1235 1869
73 2633
2318 1369
2753 2208
1544 2503
165 1299
2108 2746
1274 2309
610 2858
1591 2573
936 2525
95 218
1093 1471
1707 89
2676 1920
176 2454
2275 101
1000 524
840 2561
2289 1884
2847 124
2539 2483
2666 1657
453 578
708 2497
180 909
2996 357
1306 1572
2283 767
1020 66
576 496
186 2914
748 2685
826 1679
1799 2824
1617 2176
2819 864
2955 394
2249 171
359 1018
2531 1706
985 141
1449 1439
110 1423
490 50
2475 2490
837 2192
1168 2047
2159 756
511 669
1668 267
428 2788
193 2649
2316 944
489 1576
1177 72
2894 612
790 1365
993 1930
2561 444
2110 570
2549 2721
1705 2083
1240 1381
1514 477
2076 907
1775 2792
1462 2818
464 1364
2039 2911
838 1675
1586 125
1398 2282
2700 903
1343 2684
1508 271
34 1753
415 2375
1282 2423
325 1674
2994 1917
2665 1285
2441 914
2780 409
832 1880
257 1809
1811 1724
2225 823
906 1840
2658 1190
2140 974
785 1327
252 156
2902 1764
2545 629
1726 2663
2591 264
2055 1580
125 462
2807 565
2756 268
1122 759
2495 2646
1102 897
451 2366
1964 1385
2993 931
731 1396
1267 1030
2820 1560
829 1715
1761 1345
300 1773
474 2063
436 844
957 2301
2485 178
596 951
668 1838
2014 1744
1161 179
2052 2183
2933 1836
2951 2169
2910 2353
2987 94
1361 1139
225 1217
1855 1331
1564 1344
1421 305
805 1271
1350 1265
2664 2699
239 1670
1972 184
864 1640
532 2388
494 515
2686 115
1844 1172
2554 2799
219 1589
2804 2339
1414 2419
1262 1973
2479 82
1115 2958
2662 1348
1489 2512
1672 731
463 2498
2222 1648
2707 2201
1695 954
2167 1238
931 969
1666 863
431 1702
2935 2717
651 1357
2352 130
944 187
1104 1168
1779 385
2967 1816
2414 614
1938 1468
1878 116
2502 1714
897 1616
253 2125
1728 2234
2982 615
1584 2132
2070 1280
1681 970
1318 2860
1191 1451
2183 2020
1165 989
565 19
2138 2203
2001 1632
2747 2566
2208 1630
475 2510
2444 2453
2028 937
769 2549
57 2937
858 1628
534 1485
1810 580
655 325
2406 1933
331 2557
168 770
233 935
1711 129
1899 14
2060 762
2868 1070
1148 152
1270 2096
2097 2346
1974 1600
2237 814
1812 1614
245 1161
2972 2242
1302 714
2018 150
2624 1658
2822 2191
2656 2534
2027 2405
1208 610
699 2326
1455 1188
800 1266
1197 2413
2808 356
2460 1631
2136 638
2135 121
1189 492
1376 1779
815 2978
1645 1422
2538 2487
1391 2883
562 1380
1215 1182
2079 2223
2469 1701
677 1970
1546 1251
2337 1160
2395 2314
8 176
2325 42
1605 1145
2610 1056
1380 913
855 2006
1035 2464
2934 775
1486 2266
309 633
150 13
443 2808
2703 81
2312 1754
2143 512
2906 1975
2579 1110
1545 2
2642 1499
874 1547
51 1778
2723 1373
1667 501
279 1116
625 2479
2061 2012
287 1301
313 1883
1307 156
622 452
2763 166
1922 2360
2274 2634
1747 1208
1051 2622
1644 593
696 2298
1252 964
77 239
869 2890
2588 261
2990 191
1004 2302
1827 2320
2324 855
2604 1310
762 333
394 2380
1805 2250
2320 2474
2641 2373
2886 358
639 2961
2786 25
290 283
2980 1371
1142 349
682 1546
1193 242
2213 1395
1049 1305
122 940
2722 2443
2209 2134
947 458
2126 2835
1665 2329
2900 2214
1280 2385
1893 164
1440 2079
2383 2953
2113 188
1557 533
1384 2007
1419 234
2617 1894
2565 1958
1344 2205
2117 73
1173 1187
2124 752
1524 225
1927 1513
161 487
1859 249
1743 569
987 2930
2585 56
1029 2500
1348 1476
2946 2515
2428 1425
2828 2300
1250 813
1569 1574
285 2900
2004 2739
1078 2951
2547 1121
831 643
2749 1522
2690 2677
2754 560
1986 2112
12 457
2799 800
24 2592
307 2972
1540 1116
347 927
623 143
2684 2070
1418 1092
1932 539
1319 2260
813 887
2434 2647
288 1109
155 1044
208 551
425 287
2378 708
2764 575
1678 419
806 617
2169 684
977 1377
2238 1138
1156 978
1246 260
389 1863
2542 2185
2240 1049
1377 2827
393 2429
1911 334
951 2040
937 111
345 4
406 1487
1395 2871
54 743
2223 415
445 2621
851 1283
1198 315
2201 2409
1216 1909
1992 2569
530 304
1664 365
401 2986
1311 1452
1660 403
1980 96
907 1947
2553 346
1460 655
395 494
2053 2723
2534 265
2699 2220
172 1498
2823 2034
2421 1929
2783 2495
1745 1332
177 2099
217 2595
1618 1870
2407 2683
141 211
1186 2237
895 2090
578 1011
2650 1087
2653 1938
2657 2254
2863 1974
2966 2850
132 139
2535 1967
527 2117
1412 215
215 1175
2134 1757
1729 889
143 1718
434 2433
791 2194
296 2207
1924 1403
1556 1042
19 371
1603 1274
2499 254
979 1362
1563 992
1420 2370
917 2436
661 407
1673 2984
2214 300
1536 87
2758 1342
1084 1959
427 1799
823 1463
1356 2564
1092 609
1221 2165
2995 2258
1222 1015
282 861
195 2845
1824 161
2373 485
107 2851
2174 719
1053 2417
324 2775
850 2874
1887 1180
750 1360
1258 2552
526 366
1523 1211
126 2323
1227 2583
390 2979
2881 2073
2937 2189
402 1634
1760 352
1654 535
2389 244
2356 493
2422 917
645 967
1069 348
688 1710
2601 606
1213 715
950 1870
981 2589
1407 736
1085 1566
1036 169
2974 2093
2890 2359
2305 782
2977 2054
93 2391
1295 336
1696 649
1406 1083
1260 2101
2869 386
2718 998
2327 2537
1882 2232
573 738
1955 380
962 2066
450 2109
192 1186
1949 675
1195 1091
619 2356
2733 1101
2673 907
35 1804
94 941
377 2406
798 2158
2153 2455
1648 1413
228 618
2772 1656
361 1918
375 942
1259 1642
571 1707
1722 2041
1388 2295
2329 1916
1358 39
60 1210
1253 1113
611 1429
1329 2968
194 1512
91 1389
2546 2747
1642 2097
1292 1383
1454 445
716 34
1830 2180
1009 2229
248 127
1756 203
1510 1926
1921 2648
335 2465
1646 891
2851 2340
2856 2840
517 2025
2057 330
61 912
2313 1496
654 2092
2246 2798
1118 2514
1623 2482
1929 2206
1234 1347
2611 1262
2296 929
383 1802
2166 1976
1121 2918
1324 1000
2755 235
1749 791
1113 993
601 1336
2278 257
2923 1537
263 1354
1400 2390
2846 2542
1057 388
159 2399
2196 2864
2285 219
1031 1206
1355 347
1338 2231
2619 2275
2720 1937
2088 2154
2036 1241
1597 832
2165 1843
1565 1201
2567 521
881 28
1190 947
1641 1417
1415 586
2644 2880
127 2603
2199 2944
2573 511
994 255
1581 1244
629 2159
636 1114
1904 506
922 1473
759 1728
1006 2021
2184 2926
276 780
2566 2471
1082 442
535 1739
2344 2451
632 144
745 1008
1500 2530
2880 1806
2150 2616
1969 1517
366 1295
306 911
1079 901
2698 2610
2443 2917
905 1302
588 1855
1860 2485
2252 2921
2654 2014
2793 540
491 1659
2170 2971
2508 2688
2608 1585
2667 2635
2875 2345
314 1697
2845 1431
1947 1229
2058 97
1268 1509
487 2998
378 2695
460 1124
2544 1825
1038 2081
2711 2698
727 1775
2118 636
2827 634
2453 1747
1018 1440
1360 301
2489 803
2107 749
1373 1695
722 337
2741 1226
1901 1301
2949 1249
372 2598
2814 2984
2295 2250
523 2053
2833 1066
196 792
2795 2570
969 555
509 874
568 441
1753 2422
1065 2111
1704 2468
1588 2609
1685 1977
52 1705
1700 1845
626 1622
676 1164
298 757
990 856
457 2178
729 93
2647 2527
1315 40
1211 622
1382 343
833 1421
999 2404
2365 1538
2080 1324
1720 2177
618 2666
1723 1532
2030 2470
247 2416
1577 411
2558 579
820 2480
656 2785
875 2317
650 2952
64 2556
2979 114
59 960
574 246
2992 2161
2830 2661
1828 2052
728 1004
2506 2965
529 2716
78 1281
2262 230
343 2536
1172 2009
788 1521
2066 2467
7 544
743 258
1402 2352
1068 266
506 2060
1671 2731
658 788
920 573
2915 1
2141 2906
1441 2969
1944 2494
1230 2847
819 1892
2049 155
1397 537
1188 1972
899 793
1763 189
552 2354
2331 1953
1305 671
23 2198
1001 601
1945 2274
1560 2865
5 22
1679 2026
2637 2584
1352 2970
2003 1785
2092 2995
2287 1444
763 2426
2638 104
1943 1601
1261 195
1713 2980
1847 360
2575 476
1320 1575
704 1853
86 1393
1385 71
2148 686
867 892
2417 833
767 1408
2576 460
2377 2846
1950 2556
1962 383
2781 1668
1818 1416
2726 2377
2438 2425
683 2908
1116 742
2032 1218
914 2676
1326 1608
2121 1918
717 2294
512 1789
1637 1232
2520 785
2477 1086
2770 1460
2137 1865
779 1893
2858 1415
2668 37
2862 773
2101 1943
148 2104
2178 2038
1491 1674
1464 2344
1967 626
2323 1368
2310 1078
1804 1239
1183 2491
1181 1407
2306 1027
244 2585
2745 1309
1518 2187
1146 583
1472 2774
2838 624
662 687
1044 1197
1427 1220
2759 1300
49 1412
2063 1355
1790 436
846 2082
2541 370
889 1531
1096 1184
1417 160
1028 2879
1865 2428
1203 281
2988 2837
2490 24
505 2804
847 1950
2867 1577
2765 1823
904 224
2019 2736
892 2352
2883 2651
222 2523
940 1424
101 2039
954 541
2367 1077
2705 1486
984 2221
171 2462
554 2817
2387 849
2555 241
1640 1445
975 699
485 1046
808 1934
1159 1660
41 2284
1095 1333
2470 1729
2212 2129
2144 819
1770 2457
2950 162
560 2894
1657 1192
616 625
1087 245
311 1637
976 2882
844 932
2206 730
633 1214
1011 1261
795 1881
2480 1712
739 183
308 2226
678 332
539 508
1752 1759
2154 483
1309 55
30 1179
1223 996
2633 2815
540 2410
631 1006
928 1567
939 682
2186 2836
641 1062
2376 1240
1595 702
1755 147
2947 1781
1559 2235
1396 2638
2743 1882
2646 991
956 209
845 1644
1425 1200
1153 1903
131 2489
1652 2032
2041 597
70 1495
1714 1851
898 2174
2269 908
660 2372
1273 31
1875 263
2801 2749
53 1661
1861 1315
1977 2690
1916 1731
1257 1835
1823 1760
2364 990
58 1191
1686 532
1178 2931
1971 2705
1109 2492
1298 2077
17 806
1312 2372
2802 2288
1299 177
1593 846
2300 1550
404 549
2410 755
1410 344
1278 1796
1533 865
1782 2664
2768 1003
1697 1673
774 2719
2857 170
1438 2348
2103 1833
85 2988
776 2934
2015 1711
2913 2292
556 1435
1867 519
2628 530
537 1651
1615 2080
1469 1742
1083 1104
1219 303
2739 2163
1738 924
1362 1322
1225 1430
553 223
1846 2682
274 2872
834 359
1966 2630
1815 312
456 236
1470 1619
2540 1518
1098 1475
364 1587
780 2103
440 526
104 2280
1468 1858
1185 1795
1275 1694
256 432
420 781
1077 54
2605 2614
2194 427
399 2599
2866 1085
673 705
1920 2985
2286 1639
1294 228
1931 1968
2291 1803
2931 2701
1054 1094
115 807
812 2729
2402 1897
2065 2743
1890 2213
71 1290
221 208
707 1038
2149 646
2048 311
2568 2504
2598 454
354 331
2761 2848
746 1788
2613 1258
1693 1005
646 689
2778 576
2855 664
39 898
1045 2121
2059 1548
151 1832
2719 983
1336 76
2432 2904
2683 2849
849 2830
2046 2871
56 217
2803 1767
1732 2975
1238 1891
1934 2251
2072 2563
1498 232
2372 1540
1456 98
1334 2173
760 270
1331 953
2582 390
827 1390
1243 310
2674 2267
2899 514
97 1542
2227 1808
373 1366
1903 893
896 1797
1769 1744
686 2587
2736 900
2533 2627
1548 1652
761 2321
1465 1727
488 1597
158 2829
1767 1125
62 760
933 1447
1582 1699
2597 2347
2957 1297
1218 2222
2350 2461
810 701
250 748
2224 1033
1378 345
1647 1036
2439 732
162 1800
2509 895
2792 1418
824 284
255 1308
2084 1508
525 611
589 1911
2128 78
413 2327
2675 288
1817 713
1638 2700
903 1279
1101 1981
289 587
2636 1997
749 2687
2498 640
2609 2501
2551 2308
2379 919
42 1749
546 1927
2388 1827
894 1913
2627 2607
2536 20
2936 1852
496 2843
403 2414
1505 957
1537 2777
2282 1720
1825 946
2942 2037
991 449
184 400
1012 2809
1909 123
2270 2524
216 993
2472 1955
2530 470
2090 2655
2824 1896
2840 362
2930 1743
2085 1617
549 2110
706 866
888 338
2729 2960
164 1850
2939 109
2794 369
421 2566
1710 1202
772 1534
388 1510
1187 202
1297 2285
312 2744
926 2283
2571 1031
2860 1133
2835 45
916 59
2147 1928
1061 2802
2864 1479
2962 2574
598 1899
20 1914
1551 1492
1081 2879
2916 1260
871 1375
2912 329
2682 2546
2179 2257
2836 828
231 2078
910 2522
1016 1194
1575 1820
1428 1335
2280 1912
2704 2615
1776 69
1217 644
2655 2796
1566 91
2925 2916
232 2576
2083 873
680 1316
2504 1761
604 1551
740 797
958 1901
2221 2973
2494 1873
1994 2996
2602 1189
1989 1294
358 86
2896 1571
2197 1815
923 751
2075 397
2997 2876
1488 2628
2336 406
1573 1535
1765 1902
2139 1147
2266 2741
1718 435
191 2445
2445 1868
1162 2763
2940 812
266 2277
721 2473
1433 613
752 921
572 1555
136 2791
15 431
1996 324
38 910
1517 1539
1374 1267
458 1320
518 2644
1772 727
533 478
1289 1549
476 49
1877 1501
1242 2544
2537 2453
853 2788
190 2415
2559 1020
493 2816
988 1784
2096 2162
2086 522
614 2100
587 771
2193 456
2706 2010
236 1461
442 504
2005 190
163 2730
1286 1834
1606 2963
1513 1263
1043 1259
153 90
2385 2378
2920 2555
1231 559
2077 2768
520 482
674 318
2773 1574
237 1306
2878 1768
430 2315
1973 106
1570 1811
473 716
2264 479
2023 982
1821 2957
1325 1559
2412 542
1604 1848
1155 1207
566 902
197 2349
1050 2098
1027 608
2981 273
1017 656
502 1357
2130 402
446 1024
822 214
863 607
1290 1048
2740 1500
204 1994
1991 197
927 2030
1375 2272
408 1268
2522 2252
1963 2002
1913 2263
2989 384
1494 994
2790 1536
286 350
1889 2948
2471 1594
1138 826
2217 667
1809 503
665 1236
1908 1039
2202 2902
814 939
675 769
2599 2217
2022 1570
1210 1403
1965 2393
830 1539
986 735
1740 1068
2191 2289
1368 1526
912 1243
2483 1288
2435 1590
1520 1915
821 410
1248 2614
709 426
710 1477
1496 961
382 2219
2131 1596
592 1877
705 2371
968 975
751 1341
2983 1665
284 1750
2056 827
1953 93
1724 582
1023 2383
2362 1013
1176 1482
768 1942
1328 2182
1997 252
2963 2376
1064 1289
2374 1625
1091 1401
2911 986
2276 2204
317 172
989 2499
1572 1791
2366 523
2927 210
2465 2801
659 2539
2038 2256
1838 1505
842 1736
416 943
1553 423
884 795
2696 1671
1147 2967
109 1223
1535 1538
2648 1219
1477 2888
2884 1684
2259 326
1056 2842
856 2245
1088 2545
1175 2962
2008 117
2427 1215
1341 2725
1478 1921
1562 1964
2727 10
2332 2887
921 408
352 434
782 2770
684 126
2307 2128
2639 850
405 934
2025 1763
2842 88
2629 2241
301 904
882 1007
1541 678
341 905
2284 1165
949 1131
519 213
2921 779
2984 2059
2188 2866
1301 1111
2976 1511
670 1059
349 2859
666 185
2945 372
857 750
2000 2334
47 2228
2782 1504
2550 2269
2614 2108
1164 691
1492 2833
615 510
203 108
685 2632
1798 2118
1171 2886
2960 1026
2769 2138
647 65
2380 1167
1687 25
2514 1163
1022 558
1677 603
211 668
2187 2793
2353 1627
1048 2617
2848 1610
376 2240
2442 1480
2692 1846
1870 1995
1939 2049
609 692
2381 748
1475 591
424 6
581 2645
1463 1910
1845 2855
1256 2199
802 2601
2261 564
380 709
2408 2290
1163 2173
2230 167
569 859
1764 1730
469 2516
152 9
1364 253
1047 1940
254 2568
1317 2519
2709 2679
980 676
1528 1410
836 696
887 2940
1007 1814
2712 1230
166 466
1136 2042
2277 584
2678 2657
2456 2596
891 2478
2091 1443
599 956
2391 2567
342 72
2511 486
2625 2938
1502 1556
1474 478
1816 1406
2968 2074
188 1935
2649 405
635 1394
2333 26
212 1350
918 2402
1552 1112
2301 1900
1120 2722
1580 1264
1976 2571
1690 2322
2492 1392
90 1370
2342 1603
585 740
2779 392
260 1082
22 2486
1806 2900
1405 2517
1026 1378
2205 471
2643 1688
600 2834
1600 1457
582 1313
925 2734
1276 1847
411 194
2710 2781
1254 2080
2132 1683
642 1693
2525 84
1907 2506
1526 2411
507 140
1662 1034
2430 85
2548 1670
1987 722
1448 1716
2415 1949
199 1606
346 2372
1669 642
972 2935
2109 1621
2433 8
2219 854
2399 38
2455 2019
712 2636
2161 1819
2954 2338
2368 2625
1151 562
2017 1064
1547 262
363 1842
558 467
207 226
1445 973
63 753
866 1922
2192 1148
2669 274
2175 327
498 1772
149 2963
2215 1097
1917 2401
551 538
1958 1079
2051 52
1576 1502
330 1069
422 2708
1630 1732
1503 693
2315 128
1285 2261
657 459
