3000
1857 1140
2170 2858
677 1143
885 2218
2163 2410
2028 109
204 2794
1889 1371
494 851
657 903
2458 1316
1207 2103
1244 2134
389 2972
2431 1697
2551 190
1319 489
2935 922
2905 2370
1190 1409
95 967
1202 442
2944 9
2995 1333
2968 671
1973 1681
1489 2194
2658 2398
2711 2891
1393 829
2316 514
1302 2022
1436 2165
1429 2248
1604 265
334 1686
390 2178
1095 1614
1295 1262
385 965
2256 2598
426 606
1305 1038
1046 2664
762 2625
1926 1442
1023 664
86 2660
2748 212
1995 2142
1400 2313
2613 2987
763 2264
2565 280
620 1893
1548 2449
488 580
1847 531
2652 188
2099 1208
496 2474
1213 1692
822 1398
100 2561
2846 872
2134 20
129 1583
1122 1210
271 2564
1279 570
1470 17
213 80
2513 820
2149 1400
2063 2073
2054 2394
365 1377
2031 873
573 1007
1678 1198
1749 372
1728 1323
139 2751
2567 1730
1750 1903
2000 1739
2759 1320
1763 1963
2503 2854
2213 1423
2988 1367
1897 2851
101 2839
778 2818
575 2041
1397 1089
1770 1876
2273 1471
2004 705
1113 349
1507 2581
417 2406
947 2181
2877 239
1171 979
447 2448
1761 1819
1781 2261
2201 1962
787 1519
1323 423
176 569
2272 1396
2577 2542
1307 2822
126 2364
265 541
2695 2662
756 1062
1675 2457
444 195
2378 911
2892 1543
1424 550
1427 2746
1820 878
1240 2133
959 2446
290 2014
448 1808
52 1620
2157 2931
772 2111
641 1606
2945 2067
1451 1803
211 1763
428 331
1216 1047
1786 2768
438 309
2434 604
2141 621
1699 1012
1683 2089
119 1337
1269 2442
810 767
1428 2074
1476 2517
2009 2420
408 267
930 214
1502 1257
2788 1078
1022 1716
189 1041
2647 1658
2359 1055
375 386
1383 1297
742 1094
2681 2579
2224 135
476 2676
2878 2440
1803 260
1745 2514
300 1440
293 487
751 2874
161 1580
2639 702
2070 2655
917 2415
1853 2385
2692 479
113 107
2234 231
149 1
2036 2954
2755 729
2076 1375
294 1577
220 153
1089 2583
1275 1354
1127 2021
662 2966
2999 1584
393 259
2868 1188
1160 599
2491 667
2881 2613
2594 945
1796 2461
2626 1778
1817 2820
1298 815
2651 985
1051 1101
2207 1979
1932 849
1555 782
712 2033
2202 1328
2200 2658
1704 2204
450 555
761 788
1477 2488
1382 1703
236 480
2775 790
1898 65
2215 54
2060 49
2634 1634
1378 879
23 398
1700 2515
2887 1479
1075 1690
2515 2013
883 926
257 2924
2181 2853
1936 252
1743 628
2094 1961
1186 2961
1423 1191
1138 807
1169 2797
72 2000
1657 871
1362 1499
768 1026
1243 723
1921 577
1223 2771
1629 1279
2071 2343
1233 1045
915 2575
2088 2503
2822 1982
504 1992
1030 1787
1499 241
2124 928
2340 2645
2303 2467
2153 605
253 2785
1830 1878
1261 199
145 1148
2780 159
305 1655
1782 2114
2750 261
1676 2729
2046 2214
434 746
1527 420
1338 2602
978 733
664 2637
2903 2682
216 409
333 2176
2737 1677
743 2896
1956 1319
2882 2120
114 2312
2820 138
1134 999
1846 2299
633 2846
120 1357
689 422
2156 245
1997 846
942 754
1085 2558
1128 2911
342 1720
2275 11
2346 843
263 1920
142 443
2917 791
134 1990
1603 2974
1958 1641
164 2900
351 765
927 1459
1735 1447
1256 1181
1267 84
2534 2088
2259 2097
1292 706
2444 1314
1839 830
2261 313
1626 229
1573 457
2315 2696
2037 1165
1245 1652
1414 813
503 1028
19 334
710 340
2270 1247
2386 1490
2632 559
1103 964
2284 2293
277 1058
687 2489
331 337
1193 694
1011 2971
661 2693
1144 587
1916 1193
934 1558
1361 2790
1542 2810
1143 1698
858 175
1924 519
535 1036
2120 946
1259 914
2304 133
1596 1147
1644 247
2461 629
2490 1604
1925 1008
512 970
1441 645
399 2560
920 1636
1281 1304
1546 2255
672 846
1132 1854
918 844
956 2172
446 470
759 2491
2019 1406
1146 59
1090 818
2571 1981
2932 2995
1963 874
115 809
1719 301
546 2317
1248 266
520 2589
1401 2286
828 1217
2115 1781
243 1340
2743 2437
36 548
2710 1072
341 748
758 1324
670 2742
339 655
1980 366
1891 1366
534 2830
238 789
2509 1214
892 1546
1581 1430
1449 2616
2668 1930
2295 1722
559 2112
982 2048
395 286
71 2296
168 2832
1590 2661
667 1053
1917 1685
2290 2852
260 2555
1093 2880
795 553
1777 2976
15 2641
737 504
1991 1845
1760 1090
740 2307
57 2050
1344 2382
1523 1629
2292 1747
1221 1553
1709 1054
2889 2707
1438 1989
1196 414
181 2884
2319 1450
244 2877
1561 981
1645 1512
2655 654
122 1201
354 2457
803 1879
2189 2325
1806 51
556 2823
2003 2179
2991 1873
367 106
615 1693
226 1733
156 2023
210 1332
1398 1602
2047 1842
523 2942
360 2948
1576 2763
116 2384
1723 1755
2403 1348
401 237
1708 2512
1325 2380
2082 1428
867 1166
2792 74
1026 2186
2937 1851
2151 2430
2122 53
2203 1814
2683 1779
2061 1481
2311 2767
419 2350
2144 417
121 2667
2617 1088
2857 1249
1714 471
345 2749
1948 2093
106 1695
1063 217
2030 1219
1466 2229
2554 1095
2177 2920
825 2574
269 2206
83 1628
2127 984
1076 1299
2228 2670
800 497
1859 2301
648 1446
153 1491
1150 857
1392 819
2834 2275
2782 2203
1534 323
2586 1861
2190 2947
2985 495
695 1666
2232 2869
2676 1495
983 1876
879 2277
1479 2717
2934 173
767 1619
618 2052
1593 324
2305 1579
1411 2428
2380 2455
2282 1824
2561 2436
203 83
1204 698
232 2268
1351 668
1741 1631
2739 703
1934 1167
2631 688
2912 2232
2884 1727
678 2138
377 1518
1301 1024
2198 225
639 2938
508 329
1951 2727
1780 517
3 326
1297 909
25 938
673 357
2454 405
70 842
2242 2601
183 1687
2902 1671
722 1950
890 1691
1578 1361
404 1717
1494 1586
1224 639
2139 1195
836 1991
2774 232
328 2659
2862 841
1503 996
2954 1921
666 1828
564 812
532 1106
2550 854
1696 656
2602 883
235 2479
797 919
2589 1317
1064 2075
2714 1251
312 1670
24 1770
1535 1398
2854 975
2262 1719
876 413
597 141
769 13
1474 1213
1619 96
2776 1694
2729 663
2972 616
634 1414
1069 453
505 1266
1855 650
1940 2865
1992 833
2425 2260
1865 611
2754 1455
2260 2071
680 425
1774 1422
308 2485
2066 995
1939 2121
1718 959
2065 1802
2143 2318
2222 1772
1487 2991
1483 2442
2983 1178
586 2261
757 2108
2896 1270
1742 2035
2671 927
2861 665
1943 1585
2489 152
1574 1301
1042 2104
403 1767
2059 780
1180 2425
629 99
2798 323
2269 2906
1203 161
1039 2373
455 1829
2871 2918
296 327
727 2511
2607 2848
2539 2203
1919 1529
495 591
1899 2403
256 2372
1306 2518
192 1144
738 923
306 1563
627 2431
525 802
1570 1571
2011 538
1049 740
539 2211
2784 2737
1500 1204
2422 156
194 2122
869 710
93 42
474 2170
791 1934
1465 2731
1148 2588
2344 1343
2090 440
1448 194
1828 2557
424 1860
43 94
163 1815
2342 2556
1836 419
1524 1411
2169 355
2465 249
908 1935
720 1616
2998 687
1938 2949
2445 2499
2696 2454
135 1117
2221 1237
1374 540
2326 1393
1856 568
1330 2000
1513 2755
989 2953
2401 1831
2338 1496
1135 1077
1173 1093
2332 1965
2132 459
1799 2700
853 1383
897 2723
697 2647
1930 542
2587 1840
1977 191
2883 1281
652 2079
225 1886
314 1027
875 2341
201 1303
854 392
2193 2714
2962 1373
188 536
1293 302
704 2981
696 2145
9 1128
2847 1680
588 707
374 1918
1077 1246
971 2126
1567 1661
2389 1392
2044 595
1773 2225
1133 1241
683 457
2497 2241
1767 1996
317 796
2665 685
2345 2094
543 1363
1989 2161
2056 717
2728 1086
1730 2835
1189 1870
2018 2419
1342 1142
1910 2471
1043 488
1606 1559
974 825
346 626
686 1973
832 1144
1450 310
2974 1463
902 2724
2331 591
1185 1460
2052 1359
2581 1326
2325 579
732 2615
598 2063
2073 499
2441 426
1974 1799
1421 1980
1713 2025
1348 1306
2374 189
1140 2354
1711 1970
2721 5
1944 1847
1759 1335
2708 278
2020 1286
1832 2381
1755 1914
159 2725
99 943
985 2504
540 1327
1372 151
2418 2086
1867 2598
714 482
526 1437
1967 112
348 1508
1151 197
643 2609
707 1822
1643 918
2500 2872
725 1949
1599 592
987 1361
745 132
196 2899
981 2847
1172 172
2575 2192
20 2753
76 2224
585 2463
703 2236
74 55
621 255
2600 1908
1410 362
781 839
498 1443
1768 1252
1640 476
2715 1605
219 1791
2725 2636
384 163
2927 2031
416 2316
1495 1195
1493 1820
814 2105
2388 131
209 1449
1518 287
1067 2282
162 235
1422 1085
2508 1598
432 837
721 1364
1137 1657
468 387
480 1530
844 359
1798 1329
38 431
1814 510
1519 501
567 516
2959 2230
2130 2519
1662 1905
2940 1544
1915 1272
2769 1013
1659 1818
1960 297
1258 382
1862 2258
2347 1488
2911 2628
406 648
1177 1748
3000 2955
2686 2358
2633 68
754 2721
1550 2980
118 2081
1006 1964
1460 1115
924 2162
1016 475
491 2986
2111 1536
2559 40
1536 2914
616 2209
323 1533
223 1194
240 537
2805 761
572 2780
849 1486
2645 2747
2300 8
2946 1156
1823 1233
1547 148
2291 2294
2921 1830
837 2726
41 1834
2524 2550
1533 2597
1289 662
962 1884
632 1705
1025 1758
2726 395
1838 575
705 1578
2823 31
1875 1745
1115 410
1444 2269
1389 1955
682 948
923 2621
2271 2159
2702 826
78 1100
1337 1975
2799 2620
2584 2187
2158 2404
2485 552
2007 785
303 2617
295 452
2022 48
1058 1283
2014 598
1376 747
2013 1625
2171 1849
21 509
2943 466
2391 57
2131 1913
625 1292
1369 1723
1123 88
2615 2677
1187 1593
1993 2233
2844 2119
901 1099
2733 2336
2211 2490
558 2412
1668 1265
1238 2019
805 2922
1091 965
1391 2772
1316 1489
596 316
969 1874
1762 449
1246 23
2906 2386
2950 2005
1850 1163
948 1857
429 2857
2654 66
2552 1043
2836 2199
261 1139
1199 1228
2841 2419
549 186
730 485
353 2600
311 2985
2924 2215
2622 647
239 913
2414 615
2920 1434
2806 451
1008 427
1791 39
1236 2090
427 298
528 963
421 1721
1986 2154
1234 2456
944 2056
2362 2996
2608 2352
2236 2784
1469 281
469 549
690 2539
2610 306
2656 1718
570 1416
1625 1971
2233 2565
811 1891
124 2702
2865 1068
2258 1511
221 1711
2191 1487
1920 2502
242 1744
2396 2207
2159 2046
1371 1754
1687 492
513 251
1595 2147
2601 1862
1577 2083
796 2245
1962 2632
146 2950
894 2036
2265 436
2164 1113
2807 1154
2245 1810
2456 2421
67 808
2148 787
2553 2917
1754 160
2699 2603
453 2635
1119 2716
2907 1531
2186 1173
182 2166
2033 1051
171 931
594 1772
493 978
1017 695
2005 1784
2949 668
2929 1118
1725 758
1618 1030
2982 543
461 680
2890 794
1005 2007
2471 2333
2027 755
1473 2562
2483 1946
607 2219
1490 2513
207 1855
1616 2060
874 2643
2195 34
827 2993
2172 207
87 722
782 652
941 371
1639 1548
2597 500
1655 759
1228 571
1175 2590
241 2669
436 2798
2395 1506
1744 2508
2718 1932
1835 2100
1999 1342
579 254
957 1929
1038 2841
1695 1947
2930 173
267 940
2901 2673
872 1919
785 2521
2975 817
976 2843
574 2548
2641 2477
2024 203
1628 891
2997 1484
748 604
776 2496
1852 376
1388 239
913 2470
2135 2053
391 2881
2618 2672
2757 502
54 980
1843 1413
1642 101
1211 1702
1418 2720
2432 607
1913 1969
2178 1079
1605 2689
522 2594
141 341
336 2061
812 1200
61 567
420 2047
589 778
1066 234
851 2978
2051 1177
2815 2151
2833 165
284 2710
227 2970
2498 2821
2427 2102
302 1801
2926 2183
18 924
548 2607
2544 1451
1783 1494
26 1003
2328 2861
2298 1344
1358 2701
734 2838
1579 2439
501 1567
2735 2639
2450 1350
2919 1336
2746 269
1727 1752
2851 2535
1329 1978
1041 1074
39 2345
899 2391
1445 1782
2216 2466
2939 1405
449 339
2339 942
1764 407
2197 1360
655 675
1878 576
569 704
2779 2836
1314 1587
2664 295
965 50
2770 1224
1350 1837
815 2476
85 811
1545 1751
2707 1457
2723 1505
1592 6
2650 694
443 1866
963 1231
282 37
1661 674
1197 2633
595 2302
1156 1467
1463 61
298 1078
2948 1311
2819 2988
82 1937
202 2786
900 2113
2320 2433
2864 1777
1602 917
2361 2719
2766 1635
1308 2065
1978 144
251 1046
1652 2134
2794 1574
1827 2160
1109 321
746 2416
473 1512
2867 1664
1680 2004
1324 855
2015 1016
935 582
1336 1169
288 1584
1003 725
2765 1429
1664 227
1163 1708
2318 1669
1515 590
2058 1005
650 1647
1510 2813
2888 781
1032 762
2397 1611
1792 1478
1903 821
1456 1713
2208 2360
48 2999
2212 921
1491 437
1885 2959
2744 205
1525 2407
1276 600
653 1454
1824 1049
200 1538
823 2263
1381 2498
1964 361
888 2828
842 2043
651 2231
1254 1124
2740 1714
2583 2210
2619 2684
1035 2697
2783 2773
2240 2298
2808 1010
1106 2150
1811 1004
79 797
698 1833
2495 685
2308 1207
1849 633
2368 1421
2620 2809
1585 2572
1037 1618
1724 2064
2730 1180
999 912
2093 2608
910 2527
1322 2507
1669 2845
1937 624
1335 1612
2850 2342
506 1816
865 617
1812 941
2223 1084
1520 2623
464 2173
2964 4
2006 347
2839 1372
1294 2175
821 1632
1249 467
2147 1881
2168 640
12 623
1779 2963
1131 2270
2387 1735
1736 2413
32 608
8 1769
2640 25
2412 1892
2541 1080
1101 171
966 149
1000 2182
186 1265
2194 2686
771 2115
1290 1347
157 860
2990 684
137 1290
1206 14
562 2867
392 1017
553 2024
936 187
773 2515
90 1353
2593 1215
1002 737
1970 91
2694 862
2977 902
1332 1105
2701 2680
1648 2535
131 2614
972 1070
2986 1381
1914 1096
2512 1432
968 1239
820 2265
2486 2582
2801 200
839 69
2167 1926
1804 886
1622 1853
700 2803
1998 2722
1522 2462
2614 971
1996 2
1098 681
1007 1906
1080 897
2824 679
47 934
1433 845
896 1483
2691 2505
600 1545
760 1887
1945 1458
258 216
2353 348
170 1860
459 2527
1793 1428
91 2453
2909 1136
364 1729
1078 1492
606 1836
88 911
1617 1022
709 1639
1154 2804
412 1835
2001 2885
1766 1216
2152 527
716 2596
1380 955
988 2524
1386 2578
2379 1535
143 416
37 865
2563 136
1464 1123
2719 726
1805 456
1845 335
1360 840
801 950
2994 2288
817 1308
40 871
1968 2043
590 2860
2763 666
338 2898
2231 539
2672 1309
2174 182
2145 1443
264 1174
60 656
2109 2577
718 2450
1529 2937
172 1526
1689 905
1584 834
332 1525
2102 521
861 2140
2828 2414
2381 2730
329 2764
2502 507
2690 1547
824 578
2238 12
905 2452
1851 1581
2354 45
2778 2570
394 2212
1399 971
2928 736
1157 1482
1666 1368
2439 1773
1167 128
2249 1673
1209 1438
2548 1403
1299 198
205 1441
1112 2045
1825 900
1152 584
1215 2040
1844 1277
1118 1157
2406 892
2886 609
2688 1133
2953 402
1198 1273
208 1843
2816 2619
645 2698
1116 1952
1800 2092
619 2368
809 210
2092 1515
2829 1683
127 884
2404 399
22 2478
2795 770
1636 1806
2895 277
2624 2844
640 1056
1315 2674
2762 1724
671 1931
887 2520
928 374
1788 2443
1346 2143
2791 248
1217 2037
2684 697
779 768
65 643
2402 408
1733 90
708 1609
2958 2788
1229 1960
2826 118
605 26
2069 2992
2266 583
1068 2933
1029 1023
108 1942
337 15
1935 2226
2931 493
2464 2435
691 2952
413 896
1882 174
852 1540
524 2003
877 848
1738 1662
1949 2545
582 2757
1480 78
2021 716
1126 1987
1226 2262
830 1138
1670 522
1497 1542
1413 1341
1326 2429
147 1699
2274 2020
423 2801
1074 1712
711 125
1901 2712
2973 1898
291 2998
654 479
2984 1268
1110 1112
2494 271
568 307
2891 1034
440 1922
717 657
2253 1347
307 881
1141 2144
1102 2697
2420 1415
247 208
2384 982
2549 1293
2038 792
1136 1827
1564 304
2951 368
246 2152
1829 1701
150 2566
571 1768
688 282
1471 2099
2468 92
1900 439
1265 40
326 1175
486 378
986 2562
518 102
1040 1674
2481 1586
472 930
125 1663
1985 2388
1467 1667
369 1256
388 9
1426 1651
2343 338
2116 1665
1721 2690
1036 1726
1291 2216
2400 438
2630 2649
1532 722
932 2836
1553 2009
2771 1821
274 442
919 2422
2772 3
693 2411
2777 257
1334 1527
984 177
990 1476
2477 1087
2572 233
846 1785
2636 1109
2562 2285
2504 2599
2918 155
372 2977
2942 1984
1685 1330
623 2642
1108 2409
2674 353
2348 1995
2184 1300
1818 2482
2337 1339
860 2989
1854 1102
1147 2044
2336 2304
593 1566
165 1280
409 1939
2543 1569
430 2779
644 1222
75 358
1475 2695
604 1596
2447 2356
1375 2909
850 2353
11 1872
2333 677
1205 2908
2993 2862
252 2894
2187 981
2629 294
173 1253
111 308
509 1943
1303 2331
381 560
2767 2754
1975 2605
628 2008
2257 715
1405 1183
1634 2132
435 899
1667 434
2235 2136
466 534
2703 2198
2644 483
995 268
1965 1284
1562 56
1139 847
315 792
911 1362
1390 636
685 22
780 546
2142 1624
1785 1141
1468 1613
2897 2057
638 1369
2996 146
580 2117
46 2241
2421 2188
272 202
1587 1104
1027 1648
2858 67
1506 2769
442 169
1539 1307
770 506
2415 2653
1310 1402
649 43
2025 1014
2528 1725
2519 1426
1286 404
2429 989
1826 381
2646 97
1107 1495
84 1568
2247 2190
881 1437
14 866
1653 816
1404 1305
1057 885
2297 1951
637 763
1481 750
1214 1063
2085 2137
1892 1645
1083 2699
2430 2156
674 1444
373 2531
1959 55
507 1302
1304 795
1950 757
107 2755
2067 481
2075 1591
2657 343
1472 1240
699 79
1757 2383
2451 1276
2956 2795
2165 720
784 1345
1583 1001
793 1121
441 2566
2035 95
1250 523
975 242
110 2157
1929 1076
1531 2314
1212 2812
502 1704
184 498
1182 1771
2385 1503
945 2748
2835 158
301 2220
2205 304
1715 2427
2542 1758
1887 390
1638 206
1571 2634
529 32
2596 2417
1560 2943
2296 474
804 1550
1906 1493
2286 938
1646 588
2283 2011
813 154
2537 1676
2428 804
2659 1539
958 30
1918 1261
2682 345
2526 1258
1912 1643
1071 751
17 2956
1440 814
1412 890
2042 415
1019 1710
2097 800
64 1765
489 1358
684 21
2760 2638
1881 162
1815 383
970 1211
1347 1185
2312 2824
1072 157
517 2965
335 1271
218 2169
1627 1234
1544 283
719 2585
454 1759
214 2685
215 1260
862 2932
1457 2125
1065 2534
610 727
2449 2242
766 1535
1720 2568
1509 1650
1462 1856
330 1002
1772 1376
2800 220
1972 1075
400 1469
1726 2323
2327 2213
731 1245
1121 2644
1056 1958
2459 728
1797 1427
933 2376
180 370
2872 456
2531 2326
1784 2402
2324 1161
681 867
1988 953
998 2890
665 351
527 721
2214 2441
2488 2249
2417 756
2050 2895
2064 603
2487 1387
2375 2338
2752 2536
1654 2679
2068 2305
217 1507
1373 137
1802 947
1455 77
2101 2084
1432 1501
292 944
613 1151
2971 1108
557 2085
1776 1894
1896 1923
2226 784
1409 1152
1339 641
1264 2856
437 2315
1692 1520
1558 692
2244 592
631 1065
1597 895
59 193
530 505
233 2359
1739 1838
2301 2327
2517 2051
1195 2128
313 1597
626 2328
2072 685
1320 2201
352 1783
1174 415
2809 1642
407 1159
324 2584
912 933
1563 2469
1909 690
818 523
1861 2442
128 1561
1485 2892
2248 2390
1312 462
2574 713
2716 634
2506 1998
2922 631
130 718
1705 2141
1459 496
1869 1278
1923 1103
2096 2247
2797 1608
2827 2378
69 1379
2698 772
2407 1907
2989 2280
1353 166
1565 2253
136 1168
2002 585
1591 2863
1660 2905
1158 2903
1395 2778
1129 2017
1282 2484
350 93
1488 644
659 263
938 936
1231 2366
1010 1600
2107 1941
675 1523
457 1248
1142 670
1541 929
451 2319
1377 2811
2753 1792
2870 845
1271 1541
2251 2300
1994 2957
2893 2101
601 1353
2529 122
702 1192
2440 2915
31 1229
1813 984
278 1
2364 2252
886 908
2496 693
2118 2688
2330 183
2790 1274
826 1638
2310 181
1099 803
2280 2274
2227 564
1816 2217
2709 691
1794 573
431 2728
2039 274
1020 1630
994 2251
2173 1582
2821 968
2413 33
195 1797
1034 29
2086 1468
2478 893
250 1182
2433 1823
98 1715
16 962
458 1091
2510 859
1907 2259
1672 1130
1990 1757
1009 346
2356 1061
2350 2983
2910 2006
2736 123
1511 2235
456 164
1356 1910
1053 1603
1260 2595
736 2544
2916 1097
255 494
1384 2831
2546 2395
94 369
268 2196
320 176
1729 1640
2511 1901
1062 2155
2219 2758
2913 935
1363 554
547 1011
370 1069
1698 993
2026 1125
1343 2377
1703 2379
484 2163
1632 1146
1435 831
1621 2537
622 2678
2842 1737
2785 2675
519 2371
1431 719
2689 446
612 786
2693 1401
1105 2346
2713 597
2952 2401
363 937
514 87
297 2177
1230 1740
1461 114
42 683
2915 1294
1876 1832
1161 2571
2802 2530
1059 2525
2442 333
581 1689
1318 2355
1096 2913
405 2791
2366 1796
1309 2887
2182 2369
2098 2765
2106 672
1340 2106
1701 2888
635 2237
2390 850
487 2067
2621 512
808 1318
1840 1863
470 2193
361 2058
1575 738
1367 544
304 2944
1225 447
310 1497
2616 2267
1014 2396
2745 1592
2154 732
1453 1313
676 1532
1819 320
1179 1678
231 392
2900 1562
993 143
2859 1846
1775 2736
279 1370
2855 1037
630 2069
2474 113
1100 2650
2482 1059
531 2919
2706 428
1987 508
2611 1189
1268 956
1512 2191
132 2468
1354 957
1690 2205
538 2087
347 1916
2933 753
2879 888
212 2297
1242 1557
1082 98
1684 627
362 403
1349 2372
2925 2250
765 1006
521 540
949 2464
343 2694
2335 38
541 1209
2638 1537
929 251
2679 62
2113 2483
2217 1232
1514 204
903 901
2627 1572
1697 1349
191 2273
831 2212
658 2271
2866 1145
2837 460
2576 1883
2162 332
1976 2610
2667 1504
744 458
1120 1235
2289 2129
397 852
1526 2337
1890 1464
563 147
2741 100
2773 1407
2680 2222
603 1282
2278 659
96 2741
1274 1858
2981 2279
410 1936
728 2713
179 1559
2885 411
2894 2800
1752 2281
2817 221
1808 2493
1883 696
1442 2901
1060 2295
1688 2796
2796 1728
1673 2098
2306 1275
2875 70
1092 2704
1300 215
2225 1126
873 2826
939 811
2437 192
2540 1551
544 2540
482 2744
1087 2014
802 1776
1877 828
2466 86
2010 2546
2053 2283
577 1081
511 2418
1858 2472
1021 2080
2838 1452
2023 325
790 433
49 367
906 314
1425 547
1516 2928
1908 1623
1176 1404
2062 744
1403 1456
1871 2460
2352 2202
1402 2547
2663 201
880 299
2523 530
1942 1804
884 1869
647 2668
1651 1993
516 2375
656 1953
1447 520
80 223
2843 435
2210 1825
2582 1420
2126 230
1941 1196
2856 2879
481 1160
1218 2016
2264 1044
1528 2941
816 1610
1586 450
112 714
2367 354
230 976
898 2526
2580 637
2484 108
2133 1706
2410 342
1247 990
1194 676
415 1911
1031 2495
2398 2852
2880 1263
840 2185
1707 2075
979 1852
1756 2710
2409 2592
2747 2451
1658 1291
349 1170
2321 678
270 1882
1630 2400
2516 2458
845 823
222 2010
357 360
2987 2320
1549 2829
878 1238
2040 272
1753 1809
1731 2551
249 2850
2377 2631
197 1155
500 2868
783 551
1443 2893
1665 1267
1124 708
1572 1983
2687 1566
775 1750
2017 1346
1947 2027
1277 619
2095 939
1155 1021
1765 2332
2048 139
2756 2135
2673 428
2738 1419
273 798
1894 969
228 745
2074 983
2831 1594
77 1813
2206 1000
739 1565
2532 699
882 180
2199 1514
1879 1871
2978 2432
1018 2955
951 293
1352 2840
706 2990
2592 1127
1168 1288
2057 1865
587 2951
583 1888
2717 2541
2016 1445
2830 2777
1928 2997
2660 2292
276 1649
1251 2960
2566 734
794 1412
904 1179
2724 1945
2545 1071
1164 2792
2103 1607
591 2683
398 1287
1192 2164
2761 2806
2505 513
380 2752
2209 244
490 1502
2863 2679
2246 130
1045 2878
56 2423
1145 799
1517 2475
2252 2510
2578 2374
2976 2110
2938 1285
1681 894
833 801
275 2760
1266 1386
2349 2793
2322 2805
368 2648
786 2776
169 196
465 1436
2936 2195
2119 518
177 444
1496 2180
946 1295
1437 2291
178 1352
1296 1599
1454 1015
2329 739
1439 2871
133 991
1801 1912
1631 350
2285 620
866 805
1365 977
187 1760
2653 2580
561 373
752 1552
1364 2070
439 2095
7 2550
1153 1116
1566 973
1094 2929
29 2029
1097 1064
245 344
1771 36
2648 1709
578 445
1905 1031
289 2167
2123 1812
1498 2897
2435 2290
2558 2351
1904 2886
2598 393
387 2973
1809 1206
34 906
2129 1653
2277 1588
2612 2438
1607 1019
1047 682
386 256
445 486
2288 461
97 2654
1183 1841
669 638
13 649
960 1510
1285 2131
1430 853
299 558
316 2012
2079 2238
663 528
1748 1435
322 2962
1028 1082
2787 1480
2758 1255
1417 2240
1702 134
1125 1749
1610 491
2475 389
2957 856
2564 71
1379 2926
2814 1999
138 1475
2606 1875
2781 1570
366 2049
81 2171
1311 1738
1615 864
1055 1795
668 2750
1557 2308
58 2389
1746 1382
1747 2167
1406 1264
2176 669
1717 1786
103 1245
1641 1048
2518 1885
2840 167
642 2827
2372 2738
1795 1110
834 2739
1050 743
2460 2362
1170 877
2749 1500
1284 7
4 1675
483 400
617 1206
144 863
2585 2940
2557 561
2034 673
1012 1298
418 662
66 1395
105 689
1686 827
1807 2361
109 1465
2166 2543
45 1424
1886 2076
1478 2397
1902 1646
1716 1032
1650 1205
1769 2576
1420 1453
1024 1522
1280 529
749 642
1159 572
229 1219
1706 1626
2520 954
1001 1788
1834 60
2077 2735
1419 1162
2443 2339
1184 2494
1484 2028
2628 562
2140 2152
411 2651
636 1410
733 2116
1530 2334
1262 1380
1370 951
2416 2775
2263 10
1220 1135
1953 2875
355 1985
2677 2910
1979 2392
166 2123
1257 988
2230 1938
1331 651
515 2964
660 2459
44 1390
1255 774
1407 2819
2220 2702
2825 618
576 330
1589 145
152 1227
1079 2902
2573 1653
2104 876
2323 1940
1114 163
28 1236
792 1656
1737 1967
2279 2055
1104 764
566 2068
726 441
2479 401
206 630
1235 1595
68 2329
2768 119
1359 142
2268 2612
1328 1230
1821 2756
2662 686
340 1338
2812 2770
1712 2842
1677 1464
2185 2109
1888 1524
973 1736
592 2246
1061 2711
2250 1877
2408 2715
2530 1472
280 2444
1130 1615
1663 240
2307 2640
63 752
864 2864
2370 2227
356 2930
1966 270
2734 1766
2970 1132
358 2624
2535 2825
1232 2506
2979 311
2138 2833
1955 1397
774 1212
1317 1864
2742 997
1552 2168
2845 292
1237 2799
1694 2935
2334 1171
980 1909
1691 1690
2499 907
1162 2718
2314 1924
2424 2092
1957 1880
62 2405
1612 2563
30 1839
485 2630
536 1622
433 105
1649 2324
1633 1292
1600 2257
2137 2347
2963 1073
729 2855
1458 966
2908 377
2281 140
624 2228
1893 2322
2317 82
798 1431
788 2200
2527 1621
1614 760
1015 1378
1931 2189
2108 1394
1647 1844
325 2034
2455 793
1911 1977
2117 322
1864 1944
750 478
2712 1009
2399 303
560 2174
53 2807
1933 2580
2237 2066
1848 2266
92 1826
155 2783
2818 243
2254 2968
2560 1900
1446 710
755 1549
344 593
1482 1699
2588 2866
89 1389
2555 356
185 735
926 2357
943 44
2590 185
2969 2729
2804 2646
2426 1384
584 300
117 224
1860 1743
2595 1355
2365 2528
2898 363
1486 2306
1394 336
552 1753
1734 110
723 209
2533 2666
1679 2375
376 915
1722 1092
2105 2837
2514 129
199 2223
955 472
1086 1900
224 2691
1538 1957
868 193
863 1528
262 769
1415 1448
2625 1218
977 1111
1656 2221
1239 1688
254 2516
2392 724
1922 18
1740 1418
841 2473
50 1576
2110 2593
2355 1408
2470 1119
2832 1761
2087 2054
550 2272
1551 1789
1327 2149
1870 858
1505 219
2041 1296
175 658
991 925
2874 1509
2923 170
2204 1762
10 2663
1396 742
160 1221
1387 986
460 1470
715 2652
747 2708
1588 463
2669 2703
2369 2480
2049 992
838 1158
158 646
1954 312
286 974
1693 1164
2810 2124
402 264
2789 58
2670 2759
914 1659
997 2465
1790 2853
1624 2158
2469 660
2393 1589
1210 1199
2604 1281
1872 238
462 2921
140 465
2376 1730
471 126
148 1122
1273 2039
499 1684
2591 1974
2146 1067
1674 2553
1313 1948
379 2015
954 2969
2136 1695
371 870
382 2529
281 2904
1263 1933
151 2523
2241 2591
154 396
1385 556
1540 421
1081 1915
1609 2802
1613 557
1601 2321
870 2774
996 1439
1952 296
51 315
2229 2091
2382 2509
2547 1848
1671 1954
2649 47
1833 1925
724 1131
2128 1852
1554 1060
1969 2348
855 1425
1863 2897
2008 1172
2293 2287
2501 1028
2192 2254
551 1385
1841 2958
1946 1052
1117 1186
2849 2426
1166 253
1253 2815
167 1223
1341 2335
2793 1474
378 1254
602 19
2411 273
318 2569
2341 397
1961 222
2114 2925
1070 1976
2480 2367
2579 236
735 835
1149 284
1434 412
73 1686
319 2311
2786 1660
1073 625
1416 213
1635 1033
2043 127
2869 2072
1200 532
807 469
1044 2656
2121 2816
889 2590
2276 1899
2605 2627
2150 1242
1559 2789
2371 490
1278 952
2055 275
2473 178
1088 545
266 291
1983 1356
1084 1040
2731 904
478 89
2084 1477
234 1322
1288 2363
542 1534
2992 2626
2243 2684
2570 1150
1201 2032
1368 1325
1165 184
964 484
2160 2967
359 2096
2183 730
694 1896
2904 2587
414 2975
2255 1334
741 2077
2568 262
1054 2859
1710 1679
198 2148
909 1388
2556 887
2032 115
843 2849
2876 511
33 1485
2764 563
2965 2927
921 468
1984 1050
2373 1098
2351 1466
2507 1321
599 535
2675 810
950 1417
967 430
925 566
1208 581
940 16
2635 574
907 2002
1810 749
753 1859
1758 250
835 2817
2569 1315
1895 545
931 117
1884 284
1272 365
565 361
2727 994
174 1732
2394 614
1842 2907
1508 2310
857 41
2873 1994
2363 2622
937 1928
1321 783
1778 2399
2448 1203
701 951
2623 2434
2287 613
1191 2118
2853 1042
2463 2740
55 1798
383 1555
2091 429
1880 1644
1366 1902
1556 2040
953 2618
2967 2303
1620 1800
2175 661
2803 1764
2476 612
287 972
2029 258
819 838
554 352
2089 920
2722 2243
2525 1601
1052 2808
1787 2732
2012 1700
2813 380
1873 2629
2966 2387
713 111
248 1811
2811 2082
859 279
2521 777
425 2501
2732 1775
1874 2762
916 64
452 2834
2360 2533
2457 1184
2697 771
2083 2042
1521 632
2419 35
1222 285
1241 75
104 1187
1270 1966
829 741
799 2078
2452 211
611 2349
692 2447
806 533
952 958
961 1956
1751 328
2179 1897
609 391
2078 27
1188 2984
1594 448
1568 998
2493 2156
2637 701
35 2939
646 2781
2383 622
1287 1731
2302 1741
2705 2606
475 1682
2720 464
2961 2761
1181 1331
1543 2278
1048 1807
2536 2671
285 1734
1537 2994
537 1917
102 2385
922 319
608 880
492 2787
510 2814
321 1746
1598 2873
422 1134
893 882
2947 2393
789 1575
2125 364
2438 1756
764 1617
2180 1554
1971 1365
1789 116
1866 2276
283 1225
2700 103
1333 712
2405 515
2112 406
2358 961
2294 218
679 1986
895 2146
1178 1176
555 2365
614 836
2609 2184
123 779
396 1742
2188 2916
2666 596
6 2554
1004 2889
871 2499
1868 2610
1580 1516
1355 1627
477 2870
533 1312
1227 2500
2914 775
2860 2522
2899 1590
847 2330
2467 1461
193 1197
2661 1041
2080 824
2522 2681
1252 1029
2685 524
2357 2766
2313 1226
2267 916
1637 2930
2848 418
309 711
1831 1972
2100 709
2155 2586
2603 2107
777 1867
856 1220
2045 2026
2081 1391
2196 52
2643 2882
2453 2344
848 949
2751 477
1981 731
1682 503
1013 2497
1501 318
1345 276
1033 635
1492 1066
1452 432
1582 2709
1822 1904
190 375
2446 1817
2299 2733
1608 2043
2423 2979
545 24
259 2475
1611 2549
2538 2256
1623 861
1408 2059
2955 2604
1732 454
2472 875
2704 1850
1283 2912
2960 1190
1357 2611
497 81
2462 2936
2309 76
5 2657
2218 1794
2852 589
1982 305
2678 317
2599 2340
2 1243
327 525
2436 226
2492 2398
1111 2239
1837 379
2161 1446
237 898
992 2552
1504 2208
1927 2876
467 2803
479 2153
2941 394
463 2486
2642 168
1569 2532
27 2692
1219 104
891 1083
2239 2487
2980 2734
