3000
1157 1634
719 2926
1588 2864
295 1756
291 1366
2528 2671
982 2676
2581 1999
33 2963
368 546
1085 831
1423 2303
1766 2270
787 817
1819 1333
1925 892
583 2802
2740 2482
469 231
2714 1309
2722 1533
1838 2120
1708 2420
1729 1400
155 1451
1519 2537
2237 1496
1749 2525
2511 2261
132 623
879 1646
525 2684
660 1285
2127 926
350 2745
1160 1740
440 2625
2196 1499
1470 340
1940 2140
1625 2793
540 2052
1901 2412
79 1961
313 1986
516 2343
3000 1626
797 85
3 2162
2968 1456
2849 2431
1344 1998
2660 2244
118 2612
1682 1308
1365 2932
1176 760
1105 1987
1720 2396
2452 227
1791 124
977 1469
948 2526
1213 739
308 1173
2624 2148
741 2039
2926 1847
1585 2980
2004 686
1608 2991
2948 1593
1269 1527
168 2183
1117 1597
75 2398
342 1193
706 1410
987 2128
1836 65
1217 1880
56 1782
2024 1510
259 1144
1494 2241
2025 2753
2111 2435
1302 2513
1186 1896
2661 338
2376 1494
392 852
1375 2510
1600 1633
2999 1726
1209 2067
336 576
1810 2466
240 439
2515 2869
1378 2361
2658 846
1803 1899
8 2074
1941 1088
1037 2898
812 1248
1132 1164
359 728
2202 2660
2072 1787
1298 2915
2288 1800
2204 1065
1051 283
1258 536
2463 2587
2666 2055
38 2977
968 1669
2509 2493
2049 2119
307 10
2473 2765
2217 2653
1591 215
2911 1332
1619 1170
222 151
2970 743
2698 2590
2680 1236
2647 516
2954 1049
1857 880
2863 1238
2736 944
250 955
2344 2003
2373 2020
1180 1632
97 635
129 2484
728 2856
494 2000
541 927
605 574
2341 870
1066 833
229 2973
1181 150
611 2046
2427 2402
9 1991
532 1693
1639 2817
891 1768
86 1864
1311 1483
947 612
1917 687
553 218
93 1504
2087 56
1142 1300
1687 2488
83 2607
1849 1901
2436 1385
1251 2620
2679 2359
1731 1497
1961 1119
1231 1881
2971 1390
1138 206
1222 567
1885 2026
2705 1623
2239 1925
651 113
267 2408
1914 346
588 1402
1895 1521
2420 928
34 1712
148 219
2433 1138
117 2411
1185 1186
1432 1606
2052 1552
49 1270
1084 1123
1606 2677
2907 1650
1685 292
1057 2436
1155 894
1614 2893
48 1536
2140 1816
1145 18
1946 2919
85 813
1666 471
2192 999
1447 573
442 2881
40 2092
1143 2258
1607 2853
279 2450
2050 2700
235 1284
647 527
1211 2469
334 1072
2015 2310
995 1303
1877 2992
1022 2685
320 2170
801 2521
1045 1122
167 701
2421 1286
2600 1433
2981 2863
1476 200
1096 305
2281 1976
1921 688
776 2834
1765 1201
272 2137
681 2968
2439 40
782 1198
507 2218
957 593
774 960
311 1523
2250 1729
896 707
1785 1489
1645 2118
2447 1376
2322 2269
2175 831
900 98
800 1721
941 2905
44 368
450 2366
592 1275
99 336
1956 801
2527 2503
2171 2739
1489 1698
2833 145
1487 328
1109 395
2881 261
2132 2349
618 2199
285 848
2126 746
2522 88
2351 2034
818 183
1669 1324
2469 266
445 618
427 2861
1373 315
1822 705
2178 2223
1032 923
972 2273
1892 940
1480 1594
2901 899
1043 1792
2310 854
405 1799
2623 2686
2751 1163
950 1990
931 2221
2108 131
2283 487
2147 1492
141 1803
526 2045
2853 1558
1078 1171
2683 1608
1784 1075
616 649
680 2976
2611 2918
837 2242
805 1061
1620 595
2214 1750
2233 1747
841 2076
882 321
1510 2278
2159 1940
433 1532
767 1235
2220 1403
429 44
1533 2073
245 709
1113 1952
599 2002
207 1836
352 2246
2238 1299
2780 677
1128 2147
2291 1287
851 2070
2380 447
214 1167
1904 38
1910 540
1818 2294
2078 120
1035 793
1167 392
573 2477
2395 1850
2508 617
177 493
693 1364
2738 935
575 660
1265 1863
1525 116
43 1028
57 2067
297 1654
2095 1196
18 146
2598 723
459 668
2191 34
2013 1443
913 2345
2273 1169
1354 1560
2317 1051
2173 1676
643 1245
256 472
2641 1114
736 2729
2112 2330
2325 302
819 910
1023 254
434 2425
2382 2038
1052 1779
2398 1149
463 665
2563 1926
170 2577
274 1375
377 1996
2391 2520
1562 2110
299 1267
1426 2566
363 1188
1593 2901
1811 1121
2181 1279
1363 1080
411 691
2789 2762
2805 64
1133 664
2230 184
2226 2781
1174 560
2568 37
2752 1571
2564 1694
2608 1362
1920 2192
2003 679
1060 423
2687 961
2007 1084
1332 2538
2432 2557
1497 906
1789 474
107 2349
2225 1477
961 564
2890 1290
2946 1702
66 1520
1679 2289
1370 1861
1091 111
1289 2826
2664 193
261 1085
1549 1099
2934 2151
1216 1920
2829 327
2721 2260
523 1487
1650 163
869 942
203 1363
1800 2687
772 1415
2314 690
1902 2997
2405 303
2047 2364
1653 280
1435 1922
2793 1613
997 2178
326 741
761 2099
2652 2159
1232 2280
227 138
1102 2954
1273 1970
601 860
2466 1724
822 2713
2922 2188
2814 1176
1122 2133
1170 2377
2483 2628
2379 1208
1079 2813
885 2473
2804 2428
2029 2847
1118 2007
603 1145
853 496
1636 1022
415 957
300 865
808 1417
1220 1568
716 1928
1101 1621
734 895
1010 695
2318 1315
176 2309
753 1035
477 924
1021 1233
2107 2187
2786 542
1044 1885
14 319
204 382
13 2718
1670 2063
1001 914
1659 858
1716 1004
1931 2498
1456 2810
163 2249
2369 1054
937 1929
2465 629
998 1045
264 2808
1090 322
357 2124
2854 190
1907 1348
628 1331
2008 287
2345 1423
136 1719
988 2243
2011 144
1188 1586
1769 1856
2834 2083
2933 1130
1226 58
691 578
2836 2818
505 1887
2590 119
986 2953
1590 2909
1033 1474
2045 1254
2180 1255
1312 74
91 524
71 2596
1692 1079
1842 363
1805 791
898 1835
179 1264
1490 1323
340 1997
2883 1723
2486 662
65 2868
1980 795
1964 706
2093 2556
2686 1619
747 358
2416 2342
2715 2740
2869 1118
119 1581
2554 46
508 1686
2 2850
2187 2552
2587 84
1393 972
796 1200
2337 2049
2976 1573
1514 2397
1104 1823
2801 856
2530 2401
698 2822
1455 1157
2353 636
1290 1002
2570 443
1486 159
1771 307
1429 2789
1285 2558
2320 586
2583 648
2492 2240
2669 1470
2053 2678
55 1102
582 2236
1345 438
1438 1246
1757 1103
992 149
2599 450
2537 2515
873 2817
2342 1361
322 335
1349 2139
1747 2282
587 2057
449 1142
178 2184
1674 608
2211 2089
2287 2081
19 606
793 1202
1841 1923
2803 277
2573 210
2710 1550
1855 2202
610 2952
1933 2645
1566 2747
833 2506
1184 2668
1580 2581
2878 1834
2894 2079
2009 2656
2720 2710
2245 909
547 2423
414 1014
686 1293
2480 2819
887 446
2821 1389
69 2717
2613 1371
909 309
726 656
1683 822
832 510
1522 1652
646 998
1558 2595
367 1069
126 1668
506 1379
1667 533
1642 2295
2293 2900
2356 458
1168 2265
2289 2292
208 2091
627 673
2399 2703
826 1543
396 1744
328 2486
152 531
1513 448
187 1095
2241 1003
574 2453
2927 1586
1384 54
1742 614
2906 1391
1922 2986
1552 2077
1150 2882
1718 318
2547 197
1989 1442
1808 82
166 1556
762 3000
779 945
180 2255
1722 2568
2551 1914
535 1681
670 1110
1123 1591
522 2001
2673 2103
1074 2993
2622 2230
2748 910
2770 1810
2953 2197
2326 2395
1076 2505
2785 2848
1847 737
659 876
181 2544
2478 2906
951 1352
2700 1933
1760 1485
2681 943
890 284
269 1392
2257 2042
2174 1091
410 462
2782 2014
635 2828
1879 463
638 1093
1316 912
1886 1033
2538 1915
1418 2247
2882 556
2918 1083
1159 2136
806 781
2401 2541
1753 1234
400 1819
1291 1298
2543 2501
2513 1448
695 312
1861 1052
2763 2029
1202 430
1263 330
2609 2648
903 789
2884 2087
1611 1872
431 1082
910 1406
1850 1587
1282 2716
2315 1794
889 1490
1248 1869
749 320
2176 674
159 1478
2350 2815
1774 2751
1823 2877
2712 2839
621 1137
2145 1104
1125 1397
474 814
2886 428
2682 1294
2205 1280
116 877
571 1884
2455 1174
135 50
2734 2665
976 1559
1254 2630
1461 1225
1555 1572
292 973
2403 1094
2544 1258
1919 2561
1540 2021
1751 1382
1743 521
2988 553
2818 1197
2096 2082
1203 522
430 416
509 1000
2924 196
29 2936
537 825
1129 844
2595 1063
1744 1195
2339 1126
1883 106
2917 1178
265 2399
2651 1021
2512 2748
981 2470
2021 1551
1579 1795
967 630
2534 2305
2316 1964
2228 326
1204 259
585 719
260 2409
969 323
666 491
973 452
2634 2969
162 1444
1787 731
2825 525
1662 1226
1422 339
1260 703
360 1903
816 2603
718 2974
1630 875
253 1748
1152 1322
813 2838
2027 837
255 1854
2081 778
2589 1859
886 2690
226 1350
1661 1563
2125 2373
974 441
2552 383
2383 2929
2610 440
1794 2176
447 1447
2448 917
1867 2811
2134 317
2889 2682
2080 1759
2529 373
2799 2641
353 1934
1437 2013
892 2114
661 445
1723 991
2012 2172
965 2825
2535 1752
2319 2441
2402 2649
881 1314
1024 333
2329 613
1141 1497
2663 2672
2028 1175
811 66
1963 984
2148 2551
1116 1450
213 1760
2033 1257
1255 2862
1329 921
1759 742
2716 2053
1711 2611
2142 2016
2290 2691
778 1016
1012 2259
756 1870
933 2816
617 1453
1788 2758
2876 1611
243 1269
2769 2763
2067 2822
613 2712
944 697
2855 495
2156 1529
389 2814
1086 2095
2725 1675
1691 1590
1570 351
1824 233
2503 1547
2766 92
247 237
323 896
1281 913
2044 1178
1410 1387
1275 1665
39 2432
278 947
594 1775
61 1936
1561 371
1950 855
792 451
2847 2075
324 286
2194 1978
2830 539
682 1842
956 293
1959 1797
1655 823
2646 202
2627 2601
41 604
184 2984
2446 2064
2904 2475
768 1199
1294 194
1599 152
983 2787
2422 2403
1445 2575
2215 2147
2085 1692
1049 1579
1394 1725
1342 2463
2947 2451
2898 1429
2259 2340
2133 444
2631 1482
696 596
1680 28
1331 2113
1387 2080
2730 2913
2596 13
620 847
104 1458
376 1384
423 1898
1036 666
338 2487
2851 821
2597 2115
2655 1772
2891 1525
1080 658
2671 549
1993 2121
2249 682
528 735
2859 2280
205 2208
878 983
1335 2874
2129 1313
790 1599
1279 946
306 2512
1664 702
219 2722
1468 853
103 2275
2397 2442
1868 2337
2531 2465
2334 2009
858 2518
866 1876
1891 1325
555 2116
122 1371
2978 2066
36 1943
1295 1849
2040 397
1499 375
1678 1073
2630 2363
850 1155
1707 59
1705 2231
2323 268
100 2368
1403 2358
606 477
1957 420
2846 63
1135 2400
4 1663
37 1452
1770 868
1840 1495
2639 2360
2327 762
1839 1488
1575 1405
836 1265
912 1064
2381 1919
1402 2887
1543 1530
105 893
1411 1948
1646 685
1799 962
2707 43
2131 1012
1792 2879
171 2126
1161 407
2984 2296
932 274
1127 2151
2703 572
1889 265
1140 2203
1011 838
2888 929
2795 2738
1198 1667
124 2131
1966 836
1004 1266
865 1101
2794 2872
1296 482
2335 2647
1603 2239
2151 147
1343 1853
1153 1989
21 1205
2990 2480
2784 1199
2713 1329
1887 1360
1672 2319
658 1321
406 2569
1688 1921
1482 2662
2892 331
2822 1419
925 24
2633 2730
1831 271
1120 2638
448 1713
1918 2631
2638 1319
1359 2835
2408 2300
98 251
1851 1526
1976 902
60 236
1837 1365
2843 557
92 2805
2765 2769
1979 2024
1977 1902
1865 827
1268 720
2177 490
325 1877
722 628
2014 842
1324 1486
2120 2543
1565 2983
2305 1683
1509 1801
1888 2434
165 2699
940 222
454 776
1511 470
895 453
1635 1160
1927 2056
2475 39
739 963
1553 1932
1517 1706
1583 755
1652 2652
2539 2445
315 2989
1172 127
907 2657
424 2376
1713 1311
2653 797
120 976
2497 1005
1156 1733
2243 2633
2873 78
1082 35
378 751
769 1100
2224 1627
970 794
1221 1347
1025 2833
2199 1844
781 1412
46 707
928 2666
2248 692
1949 2528
648 2293
636 2219
82 1947
2778 843
2456 2778
2741 1691
1529 1735
481 2522
1755 1615
112 915
2324 1680
2775 2341
2262 2379
558 1736
955 1345
1288 484
763 936
562 2276
1617 640
2246 2531
397 89
2368 2923
991 2650
2838 2967
2000 1707
2899 820
1301 1139
860 1512
199 220
591 2798
1278 1851
2875 1711
31 657
1795 1218
1548 1806
985 2775
81 243
2708 874
2760 800
754 784
2735 398
1449 2489
570 1432
2744 513
1019 2413
2219 388
2506 2212
113 715
281 1660
953 1889
2996 724
2828 2186
862 341
1106 558
1581 1653
1175 25
2718 2605
374 1576
157 16
2950 1519
2580 1985
1854 1207
2487 1897
1046 2130
2787 1916
2845 503
2372 968
612 959
2691 2440
2117 1421
2477 55
198 431
1863 1320
2577 1817
760 1355
565 369
2874 624
1089 1217
2628 1908
2684 1260
518 1241
829 1625
608 1168
2857 1263
2676 1815
1451 1252
880 864
2823 1697
1814 2166
212 289
1340 538
2086 1030
1762 2767
2817 1821
1952 334
1441 121
712 2177
1764 712
106 2433
2065 316
127 1965
697 1013
497 244
644 2693
59 2946
1361 1888
1397 696
2998 2570
1852 2467
364 67
108 1092
2837 777
95 2522
383 711
2816 581
1483 580
989 2917
577 826
349 2386
2128 1304
675 304
2562 23
1377 2643
393 2957
1604 94
402 1843
1960 2533
637 1891
2349 480
717 73
1779 248
984 2922
2467 2755
1047 1867
2359 95
1119 1041
188 1837
1862 2030
483 17
2604 1992
567 857
2103 2965
1984 2661
786 1025
50 2195
114 384
110 2774
2037 1468
1975 2156
842 2795
371 2051
218 2955
1594 32
236 262
88 1513
2724 1424
524 2048
835 1760
2975 2567
2277 2362
2026 1955
1564 387
470 390
2271 733
1572 2196
1139 916
1194 404
1627 2328
2781 722
1355 1895
1884 1341
2496 241
394 2972
662 436
2006 434
1596 269
172 273
2525 2845
2423 1662
2451 1278
2502 2736
1425 2945
6 878
1710 2711
1982 276
2742 2259
2648 1879
1205 2164
2106 7
479 2780
1029 1230
2069 281
807 849
2474 641
2179 2756
2384 2844
2411 2886
1405 1956
2761 1015
1007 2391
1467 2393
339 2542
210 2889
929 1351
1225 667
1704 1050
1531 467
514 298
2692 529
425 2331
2392 1805
379 2576
200 890
838 1557
1169 2572
2702 812
90 1340
1521 1446
964 2286
54 1457
2227 2844
1777 1846
1328 2457
138 2510
2605 1006
2462 488
2732 1552
2242 1758
2054 2719
877 650
234 579
852 2261
2743 2804
738 645
453 1742
2209 1131
867 508
1081 232
317 2272
2532 978
139 997
2186 1335
2292 732
994 1831
1605 1583
1574 2549
1243 178
527 2232
399 2315
1208 2899
2479 2536
190 1467
1247 1673
1492 129
1881 117
1676 2252
1843 2560
2962 717
1110 680
723 2338
854 689
289 886
1146 2443
1178 156
2282 2348
2426 2546
2750 175
2464 11
1643 2504
382 1928
404 980
2533 2299
1501 905
1758 2971
1508 1829
2206 554
2739 2754
1714 1480
1906 845
2979 2356
556 20
705 1968
1896 2211
2749 9
2231 2284
2931 1828
539 1219
1087 204
1240 362
373 1309
1938 203
2902 2728
1939 2970
2201 1661
1299 1562
202 552
11 2317
1969 1691
1218 1924
2099 1466
2157 1179
2542 188
2949 2696
788 2949
1173 2655
824 229
1750 2407
2306 2157
398 2160
1372 2606
109 2225
2278 2144
502 2709
2689 2732
2443 2799
630 883
1206 1658
2200 627
1983 1555
1420 577
1264 2646
2438 2985
1727 2165
2261 1075
2545 2621
1121 1826
2699 1613
1458 27
596 1687
2407 2492
905 473
802 1983
2254 2109
2256 2125
2731 1649
1124 148
1660 764
1890 1777
2294 1848
354 2524
2061 2153
341 21
2070 1129
1981 2683
2020 1455
1856 1068
2607 653
2357 2636
1953 2982
1304 2509
2490 2708
871 102
971 2890
2063 2824
2932 2304
2302 1582
1845 1181
486 2830
2788 2344
262 466
96 1811
1391 2037
2586 12
1464 267
2887 1056
2073 2809
2485 1967
784 1250
35 1277
419 2096
1459 2741
2222 2788
1502 343
2260 887
2371 834
2445 1569
875 818
580 2375
750 2468
2309 352
1042 544
1675 1154
2378 1911
1582 994
2507 1875
197 2372
2308 2491
2706 2333
1006 2829
1477 548
2672 2614
2152 75
2560 1027
1942 295
385 2583
883 2209
1284 1690
330 897
1955 2380
2862 891
804 1237
1657 2059
1853 967
557 141
1249 1498
1484 2460
2255 173
1971 520
467 1373
1962 247
2905 108
543 2015
724 2803
1965 377
2616 2181
2338 1074
1465 1945
1999 2454
1967 2831
231 699
780 2649
1077 1017
1859 20
1406 2979
2221 422
1321 956
277 1289
2252 1771
2757 2459
2880 2078
1058 770
672 2416
2115 397
1505 534
1943 2927
1560 882
844 1370
2919 391
1313 1544
223 1216
465 2939
2685 2025
1897 122
2555 1993
2625 526
690 2456
2848 1542
859 2142
1018 2731
2393 2582
2642 111
2162 258
2575 2417
1526 545
1503 2427
2251 2785
1056 2517
715 2870
561 2573
771 2514
629 1657
1442 1053
2772 2681
831 2163
1827 756
2280 347
1835 2884
1062 1803
1833 2933
2017 1641
1496 2737
1926 360
810 1430
1433 569
1064 2704
63 242
1473 683
2354 1561
758 2215
809 212
2868 769
1388 2058
1737 1917
1985 2783
952 643
1825 518
899 2743
2774 803
216 310
622 1116
1781 1517
1741 1416
2100 1666
1239 1755
293 1793
1903 2106
2866 1459
2864 2414
2307 2138
2574 1580
2185 2843
746 584
1182 2782
1991 1518
1421 2867
2584 2594
2504 2326
2166 2361
1988 126
1303 2994
1586 2667
600 592
1379 2574
1399 2752
1353 1183
1782 1272
820 1688
329 1910
194 1214
1326 137
1559 566
2961 2673
1563 2485
1557 654
77 2966
954 1037
193 1212
2629 296
441 1546
145 396
2737 2383
1115 2206
2726 1601
1067 2892
372 2995
777 2040
490 272
595 807
2559 721
632 908
12 982
1431 1584
426 600
2657 772
2124 81
2972 1166
2696 1133
1987 1605
597 1206
775 2287
1230 370
1968 1106
1293 500
413 109
182 2267
2055 1700
2089 142
468 565
2989 2507
1300 2086
2043 325
1325 2651
2165 1034
2578 167
1866 332
1634 2772
1404 1249
1735 879
2617 2101
2182 1535
499 2458
2236 1135
2841 2592
671 2670
1339 1043
2268 1857
2167 1002
1527 1440
493 1023
1097 2324
2361 409
1162 171
1075 2387
2618 1055
1806 2229
1452 2334
304 1715
2965 2820
1712 1108
1233 1938
2059 1067
2612 2761
504 2553
2850 652
803 104
2051 2266
461 457
1389 1076
607 2100
2767 771
828 2479
361 1852
238 136
572 1514
1191 1081
365 501
1385 965
2694 1959
2792 481
52 1463
458 1401
640 1818
271 942
2010 1152
2546 2497
668 1962
2802 1431
958 2018
45 555
196 376
1187 2935
2431 2174
1700 1001
495 2447
2701 2733
161 2088
390 205
2776 168
24 1040
2358 1664
2430 2931
498 201
1262 2494
2585 1528
2812 1689
42 1503
476 2799
2410 164
2367 594
2690 2532
2871 128
2914 2516
2704 245
123 738
2208 2852
1899 389
593 1746
694 2426
917 1229
332 1918
663 1358
2667 2727
2141 1158
1954 1
584 1502
1491 563
1457 189
1235 693
2269 1616
2076 2311
1732 2832
2149 934
316 2725
2909 165
921 1741
1924 1714
87 802
1015 575
1860 630
687 1283
2674 2878
2662 1704
1698 1427
2097 568
1802 435
1453 2865
1210 208
559 1039
2592 1734
1266 951
1817 349
164 263
546 465
1381 137
863 2301
432 1642
2987 2143
1327 19
2626 114
927 941
2815 41
2212 1900
2090 2185
2253 2281
270 154
2144 1960
1622 249
153 415
2135 1648
2550 809
2057 2017
1656 2302
721 1791
1690 704
2136 2214
156 2250
1719 2941
2082 1886
1775 1460
1739 2027
2488 185
2957 90
1131 634
386 615
1319 1645
868 1732
633 1009
147 270
395 601
351 2085
1589 1
2270 449
2980 2796
1276 1745
2104 98
1912 1262
2867 399
249 1465
569 1087
795 2947
2723 1318
2885 1150
2458 2609
1283 62
1894 587
2414 562
2593 2207
1253 468
576 1162
2450 1478
1530 2773
1844 337
2155 285
1686 2429
742 1253
1417 1638
15 2612
1099 729
2472 400
2591 726
2567 2169
1317 2235
1945 1838
2210 393
1337 2410
1701 745
2606 2437
654 429
356 300
1306 588
2569 1612
1395 514
102 631
1872 123
128 1506
2566 2530
752 620
1776 2706
16 752
700 2978
2234 1374
1338 2390
2183 2205
757 372
1703 2987
1796 2365
1398 2601
2184 900
266 807
2640 2271
1367 1394
1026 80
727 2182
1970 1276
2824 1105
1595 406
2937 357
436 1310
1287 1354
2728 2031
901 1819
845 1730
840 2495
922 2585
1725 6
1144 792
1504 455
2453 301
1440 2367
770 2921
755 282
2240 2720
1610 1942
2768 861
1654 1566
1728 115
609 1672
1242 950
1631 2155
631 1384
2459 747
142 1678
1568 340
1098 1057
420 294
1352 499
745 2384
2313 578
2973 2496
484 2481
946 1436
908 456
1709 2776
2457 1798
1992 143
1798 169
2198 2166
146 964
471 988
2169 45
403 2206
825 1718
2960 498
1149 2424
2959 2634
744 1986
2635 68
1878 2735
1357 933
26 1731
47 2944
143 2635
1193 2122
2615 1780
1629 904
2331 671
2284 2746
2441 2233
1374 494
2572 2418
2470 2214
248 2350
856 1386
2697 2608
288 2392
652 1434
1346 633
2389 2894
1577 889
2826 971
710 2902
939 1508
343 2248
2370 381
1177 2956
2872 1737
2810 1301
2985 1659
2375 2220
1507 2189
2130 1883
1360 413
1694 2291
2893 2028
512 2381
455 1939
1500 211
2619 2071
2632 275
626 486
2747 2942
1039 256
230 756
2524 646
296 297
1054 2876
1241 2061
703 77
876 1156
1308 1531
84 230
1112 214
2232 405
1913 418
1908 1856
888 1743
302 1326
2943 1418
1413 986
2958 530
1677 1378
439 2885
714 2821
437 2999
1390 1790
1832 361
2500 2135
615 659
151 2584
1813 966
2300 882
1812 2102
552 1306
2005 2851
211 2823
501 1428
2377 1177
2819 153
847 2792
2105 1808
2536 2688
902 1873
2895 734
1898 626
2298 79
1050 727
1093 2108
1323 632
345 1575
1663 605
1944 1211
355 2453
510 1739
564 2897
2923 1484
669 1437
566 96
1613 505
1905 2502
2023 2268
519 710
1073 1709
656 1972
2941 1307
704 221
137 209
2170 1832
310 2005
268 2998
678 225
1356 1677
2603 1031
2620 1215
893 1684
2048 1038
2333 1124
2861 871
1068 278
1978 2385
2897 1754
759 992
1935 1295
1238 866
2038 2093
1454 155
2352 2920
1578 1140
185 1148
2046 2216
2444 535
173 2043
2754 1356
388 1762
1495 2068
2428 1603
2154 502
1427 1975
158 1894
1996 987
1493 2323
144 93
2746 1620
848 2734
1224 2179
674 2257
2163 1600
478 2794
1754 863
1016 2774
2071 1635
1998 2210
2092 804
529 506
1286 460
1550 2307
1793 48
542 1445
677 2540
1111 2624
2019 831
284 1441
2565 2008
2160 2640
1786 290
1315 1172
154 1339
2035 2084
149 1227
1479 1980
275 1476
428 1327
2098 195
2244 2664
1958 2860
1166 4
1828 2378
22 898
1929 253
2982 2534
545 839
2908 647
2084 2224
1034 101
2299 1511
916 2807
1736 2757
305 1120
2558 585
115 2461
1726 1670
2665 985
2109 2351
2925 583
2858 2975
23 1776
2571 479
2499 1251
1699 305
2602 2327
1256 433
331 2444
1869 255
228 2714
1309 1408
1485 713
217 2742
1267 2835
1197 859
435 1115
1362 2422
2122 359
2695 140
2321 2154
2207 2010
244 625
192 1944
2146 2321
2995 2627
999 301
2656 1950
257 974
1576 313
369 2318
2216 2253
246 2960
2779 2571
732 425
1724 1622
2521 2891
294 1833
2229 761
2939 2237
1246 1617
2553 1414
1005 414
924 1699
2258 350
2286 2639
789 1824
1994 291
464 2251
2798 2928
1450 2841
237 1988
590 135
286 33
2489 2222
598 1471
2790 2588
1481 158
791 528
1154 2721
766 1143
1569 345
2807 829
2355 1941
1274 469
1412 1132
2758 1578
1730 507
2935 489
2645 3
337 2842
2482 264
1259 1165
89 523
321 2274
2390 1388
2060 1789
1665 1433
254 1020
1756 2449
480 2478
870 2695
183 1703
2365 1097
1621 748
242 824
1305 348
1207 2149
2930 2474
451 850
1930 2938
688 2564
1107 182
1972 49
897 1904
2114 238
2223 2701
1974 1032
2404 1346
563 1018
80 2114
2913 1830
1223 1953
2119 1595
2481 2697
1597 2346
2915 1395
1190 2158
2039 1935
2675 841
333 2591
2264 816
2279 2702
1002 1472
935 589
2062 2659
1027 2050
536 749
462 401
1612 1291
2056 2336
318 1878
2993 2430
1702 132
1746 2357
2912 172
1923 1628
2840 2062
438 1475
959 1860
280 2766
641 2632
2588 2035
794 2888
2437 1957
2274 461
1322 1954
960 1112
1780 1420
679 2604
2188 2355
64 621
639 1656
491 1413
1601 547
799 2680
2001 354
1821 1151
667 478
2877 543
1528 2777
1934 767
2762 228
1053 2610
843 2134
2955 1044
733 1210
233 922
830 2669
422 1507
2484 1548
530 226
446 260
2942 83
2328 308
2764 1927
347 2578
1460 417
1028 160
301 2910
2688 786
1848 2689
1358 676
1017 1274
1436 2127
2800 1807
513 378
2409 1655
134 1189
1668 1047
1100 8
740 1223
872 2277
655 694
175 2797
711 1981
20 2476
2158 2279
1829 2285
2295 2226
966 976
923 825
1163 1224
1882 1399
2966 1930
2137 2419
1364 2228
2064 1368
309 1159
1693 1372
589 1244
2150 2319
1602 234
2992 426
1846 1231
209 930
1598 1136
2417 990
586 2406
1649 2098
2518 2290
2777 2959
10 599
1463 2565
1915 787
1070 374
2016 2238
1199 2629
1681 356
1469 937
2916 2948
2077 1973
1535 1192
2659 2060
472 1071
2476 246
1386 1892
1126 427
2153 808
2394 2617
2963 1589
2143 224
2412 1982
348 459
312 2193
1947 753
2986 2623
1297 2916
2938 2452
111 1479
2247 118
2189 1545
1536 2112
814 2759
936 1317
1446 2547
1072 2875
581 2439
2190 235
1228 1377
938 180
2058 1357
1515 2332
2276 2446
2852 1334
251 2873
1820 2234
1471 2880
2650 1717
1416 1841
70 60
1271 1102
1272 810
2311 1187
2034 2519
2964 1184
729 1024
634 1247
1986 734
1448 1567
2429 1109
1797 1338
1003 217
1430 162
846 1203
1401 386
1270 2448
2275 2288
1609 1710
421 806
314 2483
2042 2471
2139 840
1380 2297
1462 1243
1369 2161
443 975
2332 932
1761 1117
412 492
2637 2033
2832 952
1474 412
827 1874
538 2679
2856 1380
2296 718
699 72
1371 408
1245 512
2797 1786
73 112
834 1767
1809 2152
1192 510
1937 811
614 51
653 207
346 1254
1280 759
735 2629
604 2858
1376 766
1928 1905
2118 2770
195 1147
1745 2329
32 519
914 2908
821 1259
1307 1190
2579 1011
962 598
1748 1554
1932 2308
1874 2964
1804 1125
2952 2550
1137 1060
1871 2866
1257 1078
2266 1553
1909 2924
783 2132
2197 1813
1071 571
2415 1464
551 1804
1092 1491
27 2023
707 1840
2413 103
2813 911
2839 1618
2386 70
1094 1602
1383 2943
2582 367
2561 2981
1009 1302
401 483
2711 125
2285 2940
225 597
1573 130
370 2316
1512 1592
517 2508
2498 1180
708 2707
298 1564
1498 1042
2434 2723
1671 1931
452 2724
503 2958
418 885
554 1409
58 69
2557 1422
1219 2190
1542 2141
273 1912
1880 181
1179 2012
1752 279
2514 1610
1715 2644
1834 639
751 380
2113 2171
2363 669
1136 306
934 2194
1030 901
949 1913
1083 2313
1640 31
1546 1682
1538 1204
839 239
1571 47
1539 2262
1201 2335
2983 2090
1673 725
485 2663
765 996
224 2883
701 2779
1518 1995
1516 1808
849 2094
1055 311
1472 2320
1212 2715
1790 740
121 2827
864 2389
2083 785
560 582
2424 925
319 353
1189 1008
2940 1111
466 1588
2516 2325
975 342
1108 488
362 2041
2218 2123
221 1075
1183 989
1767 757
2831 2354
387 1685
1061 71
2649 1705
2203 1585
1858 2168
511 931
1551 1426
520 86
2921 1344
544 884
531 953
689 1809
1717 2580
1696 532
101 2006
1801 1046
1013 1862
2101 365
2614 257
1875 830
1648 2836
2860 1541
1244 2914
1215 250
150 1383
2809 2726
978 288
2471 590
2621 954
169 2157
2449 655
2759 2613
1366 1942
911 979
2900 1609
1615 476
533 1058
926 2619
1443 2347
1147 2339
2102 2353
1227 515
2771 1570
979 1679
191 2975
2903 907
798 2332
67 475
2442 2598
773 672
2031 314
2079 1239
945 1246
1419 1297
2330 362
1229 774
140 708
2994 161
28 1232
2121 765
2756 2370
2195 2812
381 1871
2263 758
489 1242
1734 559
53 788
1382 670
2419 2637
743 410
232 828
366 1785
2870 2374
215 1574
1638 805
683 1614
282 1221
702 1963
915 2771
1567 1839
1637 2445
2495 1312
1936 2352
1616 1342
996 1671
1330 2314
1537 485
2340 1722
2385 2069
375 1096
1990 2911
1038 419
1409 2322
906 2675
1632 2857
1348 2490
1392 1796
1368 1153
2811 1296
384 1019
1658 1549
1544 1825
725 379
894 26
1778 2236
1148 1220
1314 2750
2519 768
1134 1644
1706 2801
1773 964
68 157
76 1909
1333 402
444 177
642 2254
515 642
1196 773
2910 1946
737 903
496 610
2670 2105
764 411
1807 1213
748 210
2164 1773
2835 1421
2820 1515
239 179
2783 750
1997 2806
2997 1353
1130 2500
258 2705
2116 192
2336 497
2549 939
1466 2180
2348 336
2161 1534
2168 2871
2601 2298
2388 1629
1008 970
1252 782
2520 344
943 1643
1439 2859
692 2421
1864 977
2030 1988
133 2821
2929 779
1948 22
2461 2950
918 365
1547 1804
2018 684
2896 1161
730 464
2193 736
1475 603
904 2107
2454 213
1900 198
2213 1493
1020 1738
720 29
2123 2768
2346 2369
220 2499
131 52
1065 1761
2944 1596
1651 1481
2636 1288
993 2191
408 1966
2110 2472
2400 2593
1738 2559
2491 2907
2842 1753
1541 1792
1424 1708
534 775
1444 550
2745 15
2677 638
1554 1343
125 1439
1633 2557
2362 2539
713 1647
2510 2579
186 1631
1506 1337
1624 1865
1334 1007
2594 2791
579 1462
2088 919
2272 619
1916 223
676 2800
473 1765
1534 1473
1396 1598
252 2275
500 2388
2138 1098
930 1461
2879 504
2945 2545
1200 2694
358 1882
1164 2104
1772 1783
1689 681
2977 1316
2304 1396
1826 2749
619 2097
2974 2589
685 199
2364 454
2755 867
2036 1222
980 2937
602 1113
206 442
2297 421
409 1191
2556 2842
2654 1070
457 2464
1876 1720
990 2394
2540 1330
2668 2371
817 87
30 2263
1040 1745
1041 1727
327 1624
492 1048
1830 1367
2460 958
657 1035
624 1066
2727 2674
1628 2529
2827 2692
920 2846
241 100
1237 1974
2791 1812
2956 2036
623 1369
2468 1639
460 981
130 139
548 1751
1310 1770
2418 2455
2773 661
1783 1141
1151 1994
1816 2925
335 1449
276 1182
1556 2658
2576 1774
2041 1984
2928 5
72 1845
2091 1971
1870 385
1031 607
2265 948
2753 186
2969 517
2808 1540
2693 2404
855 754
1815 1906
1584 91
475 663
1407 2047
1973 1607
1768 1958
2517 1763
17 2744
1488 815
2312 963
287 1261
1587 42
2066 1936
1478 763
2343 1907
189 611
1069 2217
62 2599
2991 324
2643 1425
1214 796
884 1752
1103 851
2303 2306
2374 30
2548 2855
416 1090
2267 799
1434 2415
1351 1640
815 2764
1250 1764
1951 2586
861 602
2678 2854
391 1407
2366 1271
2440 1107
1347 76
2936 1538
1740 2523
568 1500
1545 105
74 1411
2360 2201
664 240
1695 567
1261 1305
290 2904
550 36
650 1314
2541 920
1995 1059
2719 1565
1059 1743
1350 2111
2806 609
417 537
1236 730
665 432
1893 2642
874 1404
731 1282
2074 1036
857 2062
2967 1281
51 1539
2068 1604
1684 57
2865 364
1014 2032
2406 2912
1697 827
2526 1537
1158 2837
303 1010
2494 2934
2523 2615
7 176
2493 2738
487 53
1873 1077
2733 329
1721 1749
684 2961
1414 591
1000 1509
1763 1273
2920 541
2301 424
1341 949
1318 1524
160 2382
5 2065
344 1766
1063 1393
2796 509
2501 2622
919 570
549 2626
2002 2903
283 1194
2347 1651
2172 714
2709 2117
1095 2438
78 2129
407 14
2396 1263
1618 2562
1400 1868
823 2245
1336 2150
2387 1951
1733 920
963 1890
1641 2555
1320 1855
942 2790
645 2849
1626 675
709 1228
2425 1146
785 2988
2235 1454
25 969
488 1268
649 1256
1114 1781
174 2698
625 2022
1592 2597
380 2
1524 216
263 299
2022 862
1644 1505
1234 1349
94 993
2951 1701
1292 1822
1171 832
1408 1630
2844 1086
578 1134
2032 2283
1165 561
2729 437
2505 2145
1520 1501
1911 1328
1532 1435
2435 134
1277 2554
1647 80
2717 2865
521 1858
1428 394
2644 2204
1088 2146
1623 1866
1523 2213
673 2760
2094 1820
2075 2198
456 2786
1415 2527
201 2004
482 97
1048 1893
1195 2548
