3000
60 2638
257 180
176 1296
1219 105
1981 2578
380 405
299 310
1112 405
429 1250
1060 1623
1002 1188
758 1551
941 752
1782 668
729 2233
2846 1153
1324 2862
2571 2229
2229 2262
2054 1510
1101 2166
1750 257
1893 53
552 672
1872 479
1252 2335
1129 1940
1853 2218
2012 2314
1955 2928
1909 2793
912 175
1522 2078
1562 739
2911 1295
2006 1458
125 959
1062 1088
43 2019
1901 1559
1829 879
871 111
2920 1232
511 2424
1979 2041
2595 407
2025 2352
2127 282
1614 2397
1694 1320
809 1205
2095 991
1669 2117
1835 916
1361 821
821 2676
2370 511
1041 1304
1512 1208
1956 2215
1753 1621
2511 824
2888 1307
357 2922
799 2494
6 1014
980 2373
2990 138
1050 1325
2539 70
1226 2763
1826 518
1945 378
1781 1303
62 2418
654 460
2356 1502
2426 1781
1819 1542
389 1294
480 1246
2768 1150
1386 457
2070 628
2030 2457
329 1429
2479 153
2365 1907
372 962
2143 873
1696 2580
1435 1027
2830 2511
988 126
246 1376
819 2458
526 71
2097 1115
2096 911
162 389
2072 2420
394 408
2116 1289
2780 682
1975 2583
865 1347
32 1310
805 2933
1419 2313
146 426
829 1924
2398 2976
2999 931
514 948
624 435
1325 2853
1053 2139
1834 1480
2160 332
1237 895
278 2982
1257 343
1972 1842
2451 253
2712 2283
1789 501
170 2282
466 2398
300 2455
1243 2265
2181 1946
1033 2477
1703 2742
650 2074
2000 1497
1609 255
1039 1546
1213 742
2563 2288
1299 1806
2799 1961
1369 3000
2655 2163
1660 160
2965 428
868 1124
2674 449
760 124
2487 691
825 2598
1547 1772
1886 2606
776 695
1460 1093
1331 1870
807 2660
2980 2746
2842 583
1371 20
97 2349
1403 2554
2884 2847
2035 2771
1233 1982
1476 744
2102 377
131 1603
773 47
2959 1342
2785 418
2886 12
2909 45
279 1209
890 788
2142 1359
2414 1114
450 2878
1229 241
148 2232
1077 43
71 2512
1732 2369
1373 1890
2897 2047
1008 1519
1730 1936
1880 712
96 995
615 2185
625 585
205 2613
1944 1639
2699 2459
320 1908
563 2997
914 28
2014 1688
2628 306
645 1844
2906 1779
1884 1894
2845 33
515 2590
2295 1428
1544 2869
1374 424
2110 421
2551 163
201 594
648 2970
1431 115
2294 90
1858 2899
144 735
869 2683
646 1893
17 2573
1668 963
1253 2383
1150 1707
1593 1420
900 632
1418 2558
1993 293
874 1737
1521 391
1665 2092
1649 2587
1078 2733
1567 2271
1532 718
718 2816
1556 2629
2667 2699
1930 808
22 1746
1963 432
1356 589
2066 2602
2824 2096
145 2069
1987 971
673 320
1587 41
2056 2980
346 2303
2713 2730
2323 1138
2350 1609
502 393
1877 1529
702 955
822 443
950 502
242 1381
2178 1167
2956 1748
2664 1251
1697 2415
2596 551
124 1635
1303 2404
1864 1486
2216 1721
2983 2007
2777 2510
2220 2860
2470 1373
1568 310
2343 1807
2856 2243
2722 187
464 2446
2346 1865
2325 914
2369 1534
831 2226
1083 2758
2258 2493
2501 2591
2762 507
2770 1313
1034 344
2316 966
2810 117
447 1959
1923 2588
2107 123
2232 600
2249 1145
1705 2671
1147 323
2728 1637
657 1378
51 2633
2861 2120
1961 1316
686 139
1499 2075
2215 2255
219 352
853 2295
2767 1931
866 2115
2817 2264
1367 413
297 2988
1785 1922
2918 775
1510 180
847 240
2743 2692
2615 2780
1734 841
2792 2813
2565 609
1442 2786
1967 1578
2719 2344
1663 1423
1307 1358
92 553
2515 1301
1319 2133
1535 1725
806 1422
1667 1834
1625 2237
2721 847
2804 191
1113 442
1047 2454
2955 510
2632 230
1437 1602
583 445
2702 2881
990 1750
2444 1841
1086 2204
2424 1996
2152 2892
1440 1183
2661 2298
25 2058
2631 110
969 2634
720 519
886 1765
2465 184
123 573
266 97
849 2807
132 1038
1387 14
1989 361
2194 2759
798 1447
1997 275
2679 295
87 1372
2879 2470
1916 731
2017 1079
1242 223
1465 2196
2993 1175
2835 217
1524 1364
151 416
933 2172
1722 270
2802 1362
129 711
1349 1815
1821 1889
2541 427
2634 2026
566 1436
186 1601
2826 2941
1619 2599
1357 1350
1035 626
210 2490
7 1463
1283 2372
2467 1995
749 898
2764 2505
839 2833
2928 1443
1270 1226
1200 229
883 1556
1049 979
1311 2535
1859 2136
2535 2018
1116 2877
2302 1449
1857 2724
111 220
2974 2937
2652 1490
1025 203
58 1836
557 49
2844 2835
1616 1011
2050 1794
1585 1231
503 684
708 210
1045 1754
1309 2428
998 2641
2739 2716
459 1980
1959 234
1529 111
545 2861
2297 1533
881 749
164 2950
2766 2267
1727 2368
2114 112
2651 2037
2586 741
286 4
1410 2318
1815 1537
582 2507
1065 2222
2138 1544
2806 2720
2562 923
2863 387
2988 2738
696 2354
2218 1631
254 1590
241 863
2870 2326
2250 1509
2681 1048
700 942
1653 806
2854 2060
2591 1361
2950 63
50 2657
812 500
1196 2678
190 74
105 1522
113 2884
2913 2431
927 1213
2524 2795
1527 1729
1534 1451
2432 440
494 878
2460 557
2572 759
2753 2042
2791 1377
356 2479
1503 2542
544 701
1202 1355
1171 1337
662 2422
2104 1009
2344 688
518 263
2946 2993
361 1736
1007 1333
2769 786
1902 301
2892 2774
291 2675
392 2347
1629 2973
1294 2552
1574 1264
1707 967
2319 2061
2231 2875
2368 2
1094 943
786 1070
106 2783
1173 383
1487 1543
942 1726
2360 2686
2492 659
5 1056
2207 2124
68 2889
2936 1489
1796 2293
1092 248
1621 1910
1852 2789
1988 1235
1333 2289
2395 1650
2412 313
2834 986
2476 2972
713 1569
1946 354
1715 1994
2048 1444
1227 349
1553 710
1069 1192
2221 2729
33 794
2894 1084
15 1061
491 446
1831 146
2282 2586
2590 2775
733 2891
982 1804
935 1261
2010 1503
755 1966
991 1604
293 2667
2782 1495
761 1203
26 1780
2163 537
2345 148
1093 400
2538 2081
2900 2947
2121 66
1806 2612
1683 2286
1421 399
345 1536
626 143
1434 671
2393 1233
2446 2859
1990 1417
2382 670
1595 1719
1952 708
1010 531
2051 1504
397 897
107 2751
2582 1800
2903 2958
2008 1083
1474 1738
1376 1973
2037 1113
1637 431
1996 1283
472 643
298 2416
2525 2197
1709 1785
1090 2843
417 1108
2359 541
2309 2947
2815 2234
2028 2157
1624 2636
1395 826
2630 1545
2416 1976
2098 2103
1344 1594
2569 1647
1836 2663
1511 1798
2737 1774
580 206
1940 893
585 1618
2784 1719
815 200
1948 2483
2493 2581
797 1703
434 92
1505 2266
504 1928
1913 259
2828 125
488 625
2265 529
412 1488
948 1570
2848 1371
248 1315
2641 2520
943 1775
2783 819
2363 1382
536 2830
2209 825
14 563
1215 302
384 1323
2078 2030
2141 2646
2292 58
2092 1193
522 1856
2326 918
2608 2753
607 2439
2052 2782
1429 1517
375 222
118 2445
589 2706
1067 22
243 2647
1648 2217
1110 2121
2711 1240
1478 336
364 232
2124 381
256 1379
1974 2962
207 2560
944 2224
206 1512
1199 2640
2234 1941
2 2346
824 1039
1211 910
446 2141
2064 785
99 2975
370 369
785 2126
2809 1385
2016 256
637 864
1027 55
2331 1691
1538 683
756 957
2771 2405
2420 2099
546 456
333 804
2438 1642
600 960
2312 952
159 2235
884 1948
2623 2741
1545 1963
264 2473
1654 2526
1236 2888
1268 565
2756 2707
1250 2310
1363 1556
142 1092
1345 2249
2708 970
2745 347
2573 1142
478 1327
924 75
227 1415
726 2140
743 1319
1254 2684
2013 1072
1999 2755
2021 1375
735 2858
451 686
2779 190
1983 2247
2461 1453
1807 853
1658 2351
2619 322
1061 820
2977 2544
2736 2651
1479 1181
1222 2462
1146 1046
887 856
2222 2380
1056 2070
630 1292
2168 1858
1317 64
951 2804
2401 420
709 419
2827 1853
2027 2355
448 924
2129 11
84 365
1151 587
2244 2421
2287 348
1642 663
301 1744
1328 213
2599 676
2069 1211
1475 2280
2873 2967
89 2471
2508 1146
2317 904
340 458
2200 357
326 46
682 2451
465 2571
568 1579
2957 1675
103 940
1340 811
2545 1224
1267 2567
1597 1217
885 838
1444 2433
1800 134
2267 2963
669 673
1897 1558
1763 514
441 2137
2701 493
1579 2430
120 2597
2184 2057
2471 1499
1740 1244
2686 338
826 1035
1449 335
2529 1030
2391 516
1638 840
516 513
1911 2575
1666 150
1678 2910
1364 1106
1811 342
61 2723
2715 1669
1289 2619
383 891
2187 1395
1883 1462
1969 2799
2734 2339
2513 549
703 2102
1249 1975
1055 906
1966 1653
1339 239
2553 1705
1218 2204
801 2533
878 2025
1664 76
1285 2165
2202 2727
2125 2419
424 2868
1097 1979
1691 656
1588 2076
2638 2956
579 2541
36 2969
2882 1676
2015 2260
255 2931
2580 1634
2101 1855
2992 1735
1802 634
67 2170
507 2152
599 1095
2477 1877
2067 142
1984 1696
2376 569
2800 376
961 1155
222 2055
46 2097
1301 1003
867 221
2061 1245
1801 1067
377 2622
899 36
1169 669
2242 2656
1216 1706
338 2452
1756 2017
2823 2768
1461 135
2060 127
698 894
2225 2902
1903 61
452 834
1263 28
2007 593
2447 1667
2038 476
420 1309
1846 1282
2890 1689
558 2181
2703 2498
510 2721
274 1064
1938 839
284 1852
309 1964
2480 152
946 2503
2613 250
128 1275
1043 227
1586 547
2521 2680
396 782
531 2811
2798 2366
790 712
906 1762
2494 1130
41 2681
1189 321
1353 769
347 2223
1602 2482
440 2866
1679 1097
1925 2149
688 2331
2620 1010
1162 2135
2716 2164
2751 1732
2443 2449
2246 44
208 570
2939 463
304 2605
740 122
796 2885
945 1042
2153 2710
1054 31
2672 2652
229 2644
2252 776
335 2936
2670 1756
2505 2850
2575 874
1017 1439
719 2231
644 1288
393 1331
1580 1346
1013 1280
643 1564
1468 69
133 2897
2642 67
2105 174
2235 1875
1497 689
53 450
1327 1370
2306 316
1848 406
2758 2066
651 317
2917 1745
1184 2864
2912 922
147 2388
2182 1082
239 147
1269 704
2068 1968
416 212
234 481
2407 2718
2594 1837
2435 1273
2536 2087
803 1598
344 1284
1366 1977
2732 1328
1024 1846
996 610
527 1945
2601 1384
2947 157
658 1099
2709 2987
2813 437
1701 521
2034 1714
2567 1582
2413 1873
687 2539
2404 2248
641 353
1167 2748
1713 233
2684 1063
2750 748
1163 298
1494 2012
691 700
952 2620
214 429
1698 925
386 485
368 297
1212 736
1156 480
677 1687
2812 2957
2543 2713
1314 2205
2923 1058
85 2650
2720 2084
2254 696
2449 1730
327 1229
294 271
331 534
1904 1872
152 751
2677 657
1454 81
437 810
2689 1019
2082 2328
1273 1864
285 2435
1743 572
706 532
1397 1535
1965 1655
2685 94
1718 359
1712 548
2334 921
134 1562
4 1223
2960 199
1120 73
137 2827
1962 2358
1473 1116
2695 1513
1293 158
1190 2825
2491 2848
52 2046
2627 1679
2866 119
2937 1700
1771 2348
1607 1483
2004 1272
2605 2435
2838 1880
2284 2659
2730 2821
2123 2734
1046 1920
2421 1909
1154 1984
2942 597
1689 2488
2155 2874
485 2546
1406 780
45 2119
1426 562
2279 1628
443 2531
742 2480
2905 1440
2617 2365
1861 1190
2063 1386
232 564
2428 2893
1919 919
1260 1329
2558 2088
1351 1571
1566 2050
513 2336
2091 743
730 1755
351 799
2001 42
175 1717
2611 1201
972 723
1095 1105
1539 1933
1321 10
2526 7
1490 235
2171 2147
1023 1324
1844 447
2130 2345
1286 1680
2177 2563
1630 1885
1719 1302
678 2144
2938 138
622 1176
2908 2040
606 2610
1210 958
1179 201
1982 2651
1590 1252
2787 1942
1492 1610
1174 1906
721 945
2765 764
2506 1157
1856 1727
117 787
1686 2297
1515 1630
1496 574
2139 592
2374 1290
281 2901
1287 1452
2029 2607
1765 1269
204 1921
240 951
482 1189
1513 2031
1330 1682
2940 1684
1613 1724
2693 2566
602 2386
2337 1712
1644 2776
455 2028
668 1406
525 2585
2981 1076
1495 1610
2441 2932
2377 1043
454 497
119 2887
2100 1583
808 1380
877 1895
2945 1753
1408 1773
1467 419
1526 2574
2714 85
598 2004
1278 1363
1551 173
2740 767
29 329
185 726
1870 866
663 1177
1127 721
1139 988
2584 1501
939 1530
101 2996
1926 2867
495 2158
1277 1997
553 2995
913 2929
141 2986
1404 307
505 2190
1142 1617
2288 2935
2860 2664
2989 2614
1735 1802
2497 448
479 1569
2179 2127
81 954
493 2722
2868 243
177 267
1239 2556
2150 614
1702 1633
592 1958
861 2621
1583 2577
612 141
458 1935
2053 1916
981 2700
828 1485
1448 1648
1358 345
2979 1879
1125 2285
2226 2143
155 2630
528 2808
665 1704
160 618
1531 65
779 2951
2136 312
748 2557
1000 327
34 2506
439 394
2065 627
2754 2639
202 2750
2355 1783
1610 2312
1646 1339
1754 2254
734 1029
2373 836
2831 1254
1954 1139
2786 1122
966 1697
180 2912
1231 56
2349 733
2851 2213
2648 2382
1887 6
2537 2658
916 2155
2183 635
341 499
1021 2919
2825 728
1917 2521
1795 2623
2647 1118
2489 1291
1335 52
2877 595
2774 607
1300 2698
2330 1160
1133 2397
2742 2381
2423 1340
2560 1004
830 522
80 1220
2671 636
2205 2211
2041 944
2735 109
10 2442
1582 130
94 2146
1504 1763
2260 2466
1161 2762
588 2016
923 1191
1920 1955
1399 2476
2941 1216
1135 370
276 100
1599 817
610 182
2108 385
771 51
225 1392
978 1689
2339 644
2880 1715
2849 1822
414 920
2083 2350
855 2550
2236 1856
98 231
2437 1758
759 1565
737 2008
2833 770
1791 2592
1274 2326
2523 1085
2088 1532
1878 1671
477 1703
601 284
349 330
1960 1574
1971 2396
2542 1446
2281 145
1783 1107
65 713
431 1874
2137 798
2253 467
1773 474
2304 2870
2614 2785
432 831
470 2442
2361 1662
1181 459
879 598
1122 680
2388 262
1140 1698
2113 2051
1355 2453
1594 1168
2452 2091
1217 611
168 79
2502 1112
1136 1073
2338 487
2077 651
2759 1214
2239 472
1423 196
577 1911
391 2570
2645 938
48 80
695 2788
2481 2740
1875 992
873 1731
1676 2626
2364 1394
1459 2123
1928 1833
590 1287
220 2111
245 129
1348 2207
1011 1967
1635 843
1385 932
2656 860
2966 1
2433 568
484 1771
211 2199
1812 1219
1927 1869
282 1241
2893 1987
2484 750
1612 1075
875 1094
2612 2333
2358 2697
474 491
1882 2208
509 1983
2857 2116
1088 2020
2691 29
59 2319
1729 1528
1209 2965
400 1000
2504 1615
1445 1425
2958 658
1636 2298
1256 2358
1717 2532
2898 1348
2397 2545
2313 2842
2660 436
2275 1104
1185 368
213 771
1132 577
1994 615
560 613
1876 1938
1799 1040
2192 1586
820 661
2117 398
1170 1673
2299 2332
2197 2968
1359 1939
2132 685
778 545
2635 763
1711 596
953 1044
631 2306
2022 637
766 2689
409 87
2111 2673
1393 156
2245 1119
306 15
567 2472
954 2056
2422 813
1115 434
1672 512
2238 1259
1766 1337
1308 1820
2026 324
57 178
1745 907
1912 2188
1772 1330
959 1424
373 2242
2062 1045
2796 2594
1048 1816
2263 183
38 318
1396 1130
2485 1797
1760 2790
995 1033
487 2460
275 398
1230 2263
2478 1645
1158 1374
1830 2065
717 1149
1149 883
12 789
2474 2797
2554 1743
529 606
731 1625
537 2307
271 848
1611 2600
1589 1335
2044 2668
419 2095
2415 1507
2076 2857
2859 1769
2668 165
453 913
1797 2814
2972 1854
1436 852
2564 2501
1605 2696
1028 1402
1379 334
2073 1817
1651 2832
1706 495
728 977
2455 299
2213 2879
1341 2914
1985 2589
1949 807
1652 2392
1441 2769
1891 1821
2081 496
724 2938
2042 2128
1517 2525
642 2118
2926 1859
2741 2000
173 2796
2280 2579
1098 40
1618 86
697 2984
2387 2735
1040 1133
2592 465
792 1023
1489 1884
1031 2052
179 1988
689 877
1931 1393
841 471
399 2913
2144 1561
1295 27
1238 2281
1778 631
1514 844
628 823
725 2831
1867 154
1536 339
2629 1312
328 1124
2840 402
365 1484
2781 2624
127 884
750 1638
1003 842
2984 2645
1204 1830
1934 247
2180 2489
2165 1927
1733 1248
193 208
860 18
379 1435
2994 2401
1089 961
818 1102
2217 725
2032 251
550 2653
1731 1276
158 72
1837 2246
1869 535
1560 110
908 2107
2602 578
1057 2436
2214 1338
744 2822
2899 1803
2341 1547
1862 294
1072 1516
2266 1426
1565 560
810 740
925 928
289 1866
277 2225
83 2715
889 1635
1051 987
198 834
802 1054
1402 638
618 2356
1284 2476
1080 993
2794 2013
921 2925
2576 414
20 2362
763 2461
1334 191
955 2484
2522 78
888 2378
2269 236
27 2464
486 1557
187 1523
838 2791
2009 2219
319 289
1786 1460
1221 373
2916 1249
768 1017
1280 2059
2419 702
1323 857
1692 859
2199 1161
2147 2817
408 1195
1774 1368
1914 755
2871 1369
366 1242
2682 319
1029 121
781 1665
1842 972
2818 1144
490 2315
2211 2022
1951 80
1298 93
1803 1365
1262 1098
121 140
1070 136
1304 2915
774 2299
88 1300
671 360
769 1
2858 2302
1138 1455
1998 2450
962 665
2020 1481
2140 1317
2273 1974
1726 2854
2662 527
303 1567
1554 202
2570 453
1762 1699
2797 2048
2427 2098
674 246
19 1584
2902 536
2757 1458
2311 705
1032 1077
2814 278
517 1847
1187 2999
918 1128
1428 1903
1708 727
2093 2778
78 1238
2283 1206
2901 341
1430 2407
2305 2009
2169 1461
2696 1032
2208 88
716 513
1632 2434
1502 255
880 556
1892 2239
2723 2138
2156 1136
2561 1257
620 633
2500 415
967 1187
1424 281
77 1151
2164 2195
795 1881
2904 364
2203 2406
1723 137
1183 1109
2606 1614
1810 648
2995 1037
1096 1472
1549 2502
1775 576
272 530
2967 1427
501 2593
1943 2340
1790 666
1793 1643
1953 340
1336 24
2646 2604
308 2628
2807 2567
777 2939
2566 176
2982 1608
381 2661
1571 1308
2036 1904
521 2882
1841 2011
2039 1718
1839 1353
1108 423
1659 1169
259 1369
2257 1268
1677 441
2963 2666
1863 1708
977 540
2408 123
2688 2872
1337 1674
1818 2309
1907 1120
1788 252
1255 1412
311 2801
2763 2711
2952 1831
533 1197
1178 277
49 949
1623 2985
2442 1475
1438 2905
530 1739
496 2515
355 1680
2778 2504
1466 550
1779 1748
16 1525
2744 101
2555 228
1197 1148
2657 2492
701 483
2855 529
230 283
476 1165
166 833
1296 1722
846 1391
2498 947
2616 2290
1516 2840
2964 875
754 1051
449 470
1894 1954
1175 2357
2115 1396
265 2841
2837 669
1617 131
1201 226
195 259
2636 706
2680 104
699 2679
37 1776
273 2998
2915 1202
1550 1710
2626 796
2659 2014
1480 2851
492 2719
1720 1956
2122 1059
2507 984
1576 2749
55 2695
2639 2228
1370 937
931 2073
169 1809
1482 2839
2519 1840
1014 2736
2468 2568
747 1716
1075 2500
2643 1416
1310 936
258 845
30 543
968 2175
1432 746
1748 1914
2694 1430
2300 2153
2726 1065
1076 2596
2621 1560
2790 1654
1275 168
442 186
1389 566
2198 2712
1736 1580
2578 2199
2237 571
422 2063
1700 2994
1457 2528
1685 765
1950 2306
402 903
2445 1839
1770 433
594 1349
1578 2182
904 997
267 477
462 1352
811 722
532 582
2043 1476
2547 2463
2251 539
1412 397
330 2214
2148 1121
524 768
1958 2632
715 75
1866 2043
1290 520
471 2732
2223 1496
570 2845
86 2367
647 2895
596 1665
2458 978
1808 2221
571 1344
1628 1184
1030 1081
2761 218
794 2391
2430 1028
2954 889
1608 552
2128 84
2483 2180
363 455
1137 2177
1470 261
2676 694
2212 793
2392 1548
1082 754
325 2728
882 2413
426 296
194 698
112 1126
2406 1905
2987 1592
757 2085
352 2949
1306 2826
2622 1981
2704 1587
2943 1868
2748 225
1409 1918
8 849
2315 1152
261 2268
2227 2409
1973 858
196 2916
1064 17
1935 1345
1746 542
753 1041
2931 1709
468 707
613 2896
2887 1247
2609 2410
1015 2425
2145 1552
2927 1826
2600 2672
1639 868
1079 2287
2403 1015
1109 2173
2219 1860
2259 2805
2876 2353
1641 1001
413 963
1382 1465
852 2616
2103 1681
2729 1044
1742 2491
2727 1158
2296 2569
1159 2044
2402 326
983 2978
2820 1016
1647 783
523 59
2321 1538
1322 867
2795 990
1620 144
1964 2994
456 1492
2454 305
2453 2537
1241 1078
738 2169
562 999
1942 2261
1898 1896
1833 2456
108 774
1350 2643
321 1589
283 1791
2495 791
209 2527
2456 1141
907 2934
1052 1693
1456 2184
93 525
411 1498
2071 91
1224 745
639 2921
473 2125
1425 1311
850 390
2425 758
1776 273
569 1949
765 1661
928 561
787 2032
2663 1678
1890 1811
1780 2390
436 2379
2801 1207
228 32
767 2245
2448 1196
603 629
1530 386
619 2202
1555 490
1725 404
233 1511
39 2130
2510 2277
1871 2754
1650 466
1433 494
1523 1607
1186 1917
1483 475
72 703
859 2021
2976 2908
23 832
2971 2384
2351 734
1152 1387
739 647
2176 555
578 367
115 2393
2514 374
1764 662
90 96
1326 2765
1596 1306
714 620
1405 2576
772 2701
1851 2920
102 621
997 1164
2157 2518
2793 1832
833 1222
1342 1795
949 304
584 762
197 2794
2821 2251
172 2338
47 113
2418 1998
572 738
1542 1410
2968 410
548 1178
2996 1135
1157 2824
1206 2083
506 2863
2336 16
2080 2834
66 1796
2559 1260
183 90
919 890
2371 1482
2190 438
2146 912
2775 83
369 812
1738 1091
235 1413
926 272
2970 2015
1316 861
1939 1322
1905 1457
2090 2132
1520 603
1548 2269
1888 1131
395 1025
854 2316
2118 753
1305 2534
1838 773
2624 2034
2290 1723
2018 2323
1744 622
1458 1887
565 498
2733 2438
2193 2849
2603 2883
897 1825
1899 179
1261 2773
238 384
2932 1827
1411 2584
2496 2481
2910 2803
634 293
1447 2761
653 1913
520 1897
423 2911
1130 772
1849 2655
2991 2395
2922 1899
367 45
1704 1663
911 1818
2934 285
1477 956
149 1694
666 2075
1225 2880
1714 1101
295 1622
745 1672
1144 151
463 1293
216 1403
2329 216
2568 2582
1318 1664
1728 1883
2839 1685
901 546
2106 2497
358 1912
627 356
1166 1882
1957 980
430 2253
1443 2001
500 2704
690 1360
156 1456
1820 697
1813 2019
2126 102
710 678
1850 790
467 1553
2046 1117
2773 975
287 2677
1600 1404
1265 827
976 1018
2527 237
70 1919
2552 2820
1037 2743
1573 2952
163 1937
844 2036
508 2360
917 224
2878 1401
2405 2440
2678 1494
251 1180
1464 2206
109 2034
2633 2641
2598 1341
2803 2906
587 1619
481 2469
872 2131
1991 2961
11 1992
2557 2238
2457 1478
218 1658
263 1957
2058 1383
1627 1593
292 2412
376 2279
679 584
1141 2104
1087 1496
1976 21
775 533
1240 1950
680 2496
2089 882
2930 2900
2867 1173
1633 309
1453 2838
2308 2330
139 198
1247 887
2924 1636
1381 1829
2829 2113
2760 2244
1543 60
40 177
1932 1318
660 1127
814 2974
1114 68
934 1555
1481 388
2604 872
415 649
1365 528
1235 1377
200 2079
1929 1660
2134 1285
143 2749
2375 2212
76 2321
2272 1657
1455 994
2935 1253
2286 2274
632 2685
1643 2134
788 2429
789 815
2357 1277
614 2548
1695 1627
2332 828
296 2809
1752 2178
2019 1210
541 77
262 968
174 50
1626 1535
964 1985
723 2524
1362 1971
2352 876
1099 2829
692 372
2907 2374
1390 664
992 462
2933 1437
288 1597
460 888
782 2556
1716 492
2607 1471
2057 82
970 2101
543 1388
816 85
576 792
2410 2682
154 451
2473 2145
1193 197
1182 403
1747 1137
2725 1640
2159 1140
2204 1612
892 1849
2518 2752
2675 2731
1581 2536
2546 2035
404 1805
556 1989
305 2068
1509 288
1881 1878
2583 1467
1933 2935
2883 1925
2135 652
605 125
2327 2726
1840 39
1541 2519
1575 2216
804 2447
1414 1702
260 797
1415 2167
1102 1069
2486 717
746 575
2698 2156
1681 1418
2533 2781
722 2514
1472 1947
581 1888
1446 590
2520 2045
130 730
1591 346
1302 1305
1832 2361
2953 2672
960 854
1066 473
2889 1505
893 2904
1688 2308
2400 454
1557 2971
2925 2054
1895 1414
252 1049
2247 412
2188 2086
857 2300
24 2039
1245 207
2593 2198
2322 892
226 2437
936 62
1281 2979
2394 1182
752 795
1264 1600
837 2465
2324 1652
1329 1991
1739 1031
1645 396
2625 1506
979 287
2436 2273
1828 2448
54 2173
2579 1409
1188 1649
2328 2955
1827 2894
736 761
21 1279
1085 1390
2149 99
573 2806
1768 1539
388 2443
122 2595
2040 681
269 1230
534 2343
1687 2292
13 1690
2173 2010
2577 2876
2396 290
840 2635
2822 30
28 1629
1751 167
1378 2294
1380 996
126 1999
64 2764
835 95
1058 2485
2588 1591
2379 870
1343 2100
2109 1668
2687 1286
1847 927
2772 886
617 1075
1131 2002
244 430
2320 1515
1042 1512
1377 1433
2384 1828
993 2559
2003 2468
2172 1399
2921 2918
1259 9
2550 2486
1845 1952
342 1978
616 2921
973 1050
947 950
770 2241
2531 777
1384 1398
2875 2179
780 2737
930 588
1258 1457
958 690
1205 2909
1657 2977
2224 2305
2310 1111
153 358
2836 488
864 2509
2289 2601
1671 2688
56 2351
1540 444
2099 2129
421 1838
1488 2192
1674 1431
2399 508
498 1693
1332 219
1207 2327
1176 2819
1452 2364
2581 266
2464 425
2597 303
1223 559
307 2708
823 2194
693 1228
1360 489
398 756
2075 1464
965 2089
1194 482
975 395
310 2252
1155 1397
1693 608
1165 1354
575 486
405 511
2131 2095
1074 1194
73 2522
1271 1857
1603 2109
932 2517
114 2176
1572 2209
1103 869
929 2777
2585 1200
1071 1057
2261 401
670 2654
2087 2006
171 1962
1063 2837
1401 715
1569 969
817 1297
75 1812
324 120
2973 189
2808 620
1843 2414
2885 885
371 211
2158 108
2389 1970
1506 2981
1180 1969
35 641
1145 1666
2746 1807
845 814
31 188
683 2800
2488 2151
1699 829
2975 1782
1941 1734
652 2387
920 1110
1347 1770
2700 204
2094 2275
2049 2240
2440 2992
1755 654
280 269
1662 1038
1009 2174
1995 277
2644 2256
2462 624
902 1951
2962 2674
337 107
1100 2690
555 544
984 738
425 835
1570 279
985 469
2998 1407
2469 599
2170 803
922 784
184 1450
2079 558
593 1823
2548 1850
1117 1767
655 2898
895 1540
989 746
2832 468
2669 1080
2166 2703
623 2187
104 2693
1682 2171
633 837
1501 1759
2512 509
406 1125
224 1792
3000 2441
382 1036
2516 899
2367 760
1910 260
896 692
1338 1326
2776 2953
542 26
2228 714
182 25
1721 2408
1160 351
2811 630
2969 739
554 1026
827 1835
1005 902
1006 2618
44 2990
2409 2200
1673 2027
1018 2846
1168 1549
2865 5
1873 325
2450 1491
1203 1262
1134 2944
2264 1255
1198 1596
2195 1757
1485 2818
2381 2815
512 1314
999 2427
2366 37
1084 2989
2230 581
1592 1132
1121 737
858 166
2919 1123
1451 2714
1407 280
1111 941
1874 1172
2724 268
2618 1784
1195 1321
2891 1990
903 106
851 1819
1675 2543
1279 161
539 2945
1191 2983
834 2341
418 801
3 1563
793 732
1383 2855
986 98
685 1686
1004 1572
231 2236
2490 1408
2174 1943
707 422
2240 2210
1684 128
2986 1454
1655 2964
1391 245
2503 194
870 1929
2210 2250
2074 2530
1124 1695
359 2154
2256 1047
1758 1577
1915 1740
2755 2320
82 1012
2544 1531
348 2608
2482 2924
1313 1212
621 905
971 2090
339 1487
2045 1711
1922 214
1214 1518
1584 1186
2710 579
1128 1400
1823 998
672 1367
611 1871
2119 719
2191 409
1022 1692
435 2371
1228 1166
905 315
2466 2702
813 1126
312 2148
444 1243
1484 653
2084 1810
1759 693
2717 1747
791 2564
1398 929
2985 1514
741 185
199 1129
1792 1432
2961 645
2816 619
268 1701
2011 1473
317 2108
1761 1891
1016 2547
1392 242
1908 2627
1615 314
322 1659
1123 2161
1220 2792
2085 1278
318 2478
2747 659
1564 2220
2417 1897
343 1170
564 2106
140 1892
2033 452
2948 1526
1118 1389
2354 1996
1546 1162
2509 2325
649 366
561 473
387 526
2318 2756
223 1002
489 779
1604 1651
2362 2562
547 989
937 331
2862 1644
1824 162
100 515
764 133
1528 2403
1297 2903
116 1713
595 2272
1640 2648
1656 915
1900 215
1105 1156
1741 2709
915 2927
215 655
2697 1568
1508 2049
1107 171
1507 523
2841 2665
1986 2907
427 1851
2298 1271
167 503
2333 1086
1288 2836
705 1926
1825 1774
2472 1021
987 439
2864 2114
18 118
910 830
1026 375
2949 1265
461 2258
2530 2024
1784 2033
2335 1239
2874 169
336 484
974 2486
1354 2201
2692 1683
1992 1198
1936 89
1081 2770
2650 1768
1670 382
1767 1760
519 164
302 2540
2002 1764
313 1100
1020 1993
2175 1438
161 1237
2707 679
315 57
1805 2943
253 1163
1276 716
1001 2856
1889 1034
1622 1022
2549 818
2112 903
659 249
1172 640
212 586
2151 2717
636 258
2788 1930
1486 851
2718 1434
1119 1267
661 2865
1558 1953
638 1733
1416 1749
727 1677
2463 1356
2997 1886
1885 2411
2881 2278
1177 2451
2162 1215
1552 2487
1769 1143
1248 580
403 602
675 517
2653 2739
2610 2499
42 1756
2161 1008
2706 2954
2434 2694
1518 329
629 846
189 524
150 1147
2789 1550
2556 2110
217 2538
1469 1524
2847 1876
390 363
2683 1062
898 1613
203 2363
832 2122
2429 805
1749 355
2738 1646
1232 605
2086 2257
407 132
2274 108
1631 2615
433 2798
2196 311
1153 1915
2005 1848
2271 981
1822 1801
540 2230
586 1468
1601 1500
438 170
192 2923
74 2162
457 2516
1598 2189
2276 23
237 1236
247 2649
2819 1588
1533 2670
2649 1470
2517 1606
270 411
891 1923
1680 103
2186 2093
2540 926
2120 252
1439 1055
1315 1789
2055 2003
656 1389
664 674
940 554
2475 2784
410 2760
2047 558
609 601
1855 2508
2411 757
1208 181
2285 809
1970 114
2853 612
385 1867
1352 1900
1471 2342
1463 2886
221 616
800 747
1978 1347
332 1270
1757 2159
836 1605
2499 1227
1234 265
597 2284
2872 976
608 973
1192 1575
2383 2942
181 2609
1126 2038
2340 2648
2534 2359
676 1813
2307 2642
963 1742
1537 2334
135 362
711 1052
1794 274
2439 855
1559 1960
1320 1404
2574 1898
2206 469
640 1959
1413 504
1921 1263
549 1808
1251 1066
2731 766
1724 149
1291 2077
79 1624
2459 2603
783 1336
138 2926
323 2691
497 1388
2059 2276
1563 1281
1661 2150
2024 2687
2654 1863
535 2394
1814 1138
2929 1520
334 8
1816 2747
684 1581
1854 155
856 1266
374 1071
1312 2802
1012 1089
2390 2637
2167 2553
1937 1334
2637 1799
1422 2005
2532 660
1038 1466
353 2160
1044 1299
350 1731
2673 1728
1500 2611
2255 2400
2385 38
2268 1958
843 2767
1561 1493
1906 2572
1346 2417
2896 2946
1148 930
604 264
635 192
362 800
1272 2304
1104 880
1804 306
1106 1274
1977 901
1817 1469
732 617
2690 2329
316 1751
1980 1720
2589 1060
483 2301
2342 2766
165 1620
1879 1954
1918 2023
2752 1761
2241 1671
2640 724
2189 1790
2951 478
1491 254
751 291
1427 934
2277 2930
1372 417
2301 1934
574 2046
1266 935
704 1421
1450 1972
2852 2376
1860 1282
1244 116
2133 2105
250 1507
1073 959
2749 2142
1577 2467
909 1001
2658 1944
2023 1766
863 2625
2805 2960
667 933
249 2513
1368 1441
842 865
894 1986
2378 1445
290 2064
1968 1778
1036 982
2262 2375
91 1566
1282 2561
551 1695
1868 2082
2248 172
1388 1005
2705 1006
9 646
428 2337
445 1357
1690 1199
1420 1479
848 2094
681 2062
957 778
862 300
401 193
1896 2296
2528 939
475 2917
499 2291
2314 908
1737 1670
784 2324
236 1787
1292 2705
314 276
2895 965
2665 35
469 1179
694 650
1519 1053
1091 964
956 1585
2243 1419
1947 917
559 292
1865 2227
1059 1096
1019 203
178 337
354 1221
378 677
1143 1222
360 1901
1164 567
1634 946
1809 2203
2666 1611
2154 1440
188 2844
1375 13
2031 881
876 34
1068 1003
157 729
1493 3
1606 392
2201 2549
1787 862
2850 2483
2233 1225
2291 1599
110 1258
2348 2725
2353 1448
2843 2940
994 1007
762 2966
2386 308
2587 2551
1798 57
2944 1841
136 1074
1394 1020
1525 2669
95 639
1777 900
2270 2523
2303 205
1710 2385
1400 1442
712 2426
538 1824
191 983
2978 2270
63 2029
1417 667
1246 464
2914 2113
2380 1024
2278 2871
1924 1814
2869 1477
1498 2558
2431 2080
2347 371
69 1626
591 1337
938 2168
2185 2745
2372 2787
1462 2112
2293 1366
