3000
2377 911
275 2985
1476 493
307 2103
1189 1290
1846 2275
707 544
2694 523
1922 1724
2799 1765
549 719
2492 1176
780 1241
2558 684
646 1122
1040 2148
2261 2575
2124 95
1259 1892
802 1717
864 2378
182 973
233 194
1617 643
302 2406
412 2546
158 2302
1031 2773
2341 2134
118 938
1302 1424
1348 2549
2790 1275
978 1697
1790 964
316 522
2098 2888
1394 1126
85 1186
861 587
1070 980
2697 1749
1127 2960
2332 1130
2703 1293
698 877
2413 2712
2591 2880
1697 829
1328 1707
1033 877
2302 856
1574 656
1622 2521
769 1371
1438 2869
1806 2618
2350 1491
560 1088
393 2980
2551 2313
1445 202
2663 13
1462 527
2639 2798
1903 1860
1408 2947
1940 2019
247 2502
2198 1145
1554 2979
885 1965
2946 2558
2056 1332
573 299
253 615
907 818
73 380
992 2303
1968 2382
1936 1621
2677 313
710 40
2955 1649
2765 122
1868 1874
2735 2230
946 2480
525 1800
1159 2144
244 1311
684 1972
1231 1283
891 2719
1751 1391
489 1684
2155 2614
1599 2186
1804 2442
2993 1240
686 1457
2990 1678
1977 736
1531 2669
2658 454
1938 421
973 910
427 568
303 950
1843 120
839 2269
1469 691
2215 2639
327 257
1614 1661
1867 2198
172 1716
90 1038
1314 2799
2618 1814
1253 2081
1426 2902
438 1185
2531 995
2607 2751
2910 485
1902 2130
1788 1510
1881 358
414 499
1845 2154
2540 1134
2637 1586
909 975
207 2107
644 1890
555 1619
1598 2921
2257 23
2966 1789
2761 1506
1781 1473
685 942
2896 2670
2594 846
2241 984
257 1639
491 2849
2882 2520
2749 2718
2081 1177
246 1949
2968 2655
1068 886
1411 1760
2553 87
1590 289
598 1665
521 302
2296 715
2839 2925
2732 1212
1137 2948
1911 1379
2019 1991
1915 908
2387 2762
2606 2896
1857 2476
397 1480
2304 182
2906 344
2766 1732
2045 2079
356 865
2457 2462
805 2040
2843 1906
1134 2595
2196 1743
531 2363
44 339
569 2172
1407 1556
819 2131
1822 1183
1710 1135
2316 374
2222 248
623 1250
1359 821
363 2270
2698 747
251 1171
1198 2704
2141 390
925 919
1066 262
2648 175
411 1173
2992 1262
2095 1287
843 721
1979 716
222 1475
2382 2133
1431 1819
1810 2512
2134 2421
2602 1783
901 133
922 1068
2645 2471
142 820
1424 2702
21 1693
390 373
290 2479
986 534
1811 309
2237 1310
1345 1772
204 2370
160 2170
1817 2258
2461 927
2884 1593
2431 2994
426 1652
2782 2337
541 1029
1718 1115
2347 237
1685 321
471 407
600 639
1228 2208
979 2374
2667 2291
2505 2242
2774 2394
691 959
58 683
2136 2073
1986 123
1971 2608
796 2724
1391 1328
1135 1895
216 1057
841 2238
2428 2537
1191 1405
2729 351
1010 2533
1060 2989
1308 2631
1858 412
1352 2758
1583 548
1883 1520
383 559
2402 1606
2183 2409
1171 563
723 1192
1992 2570
2267 359
2665 912
814 1527
1848 1827
1179 497
269 876
595 489
1493 2509
1932 1190
612 1222
2501 1053
1765 632
1100 1278
1108 263
566 134
1006 768
2009 893
2837 72
952 2264
2245 1037
482 1620
320 2820
2027 761
943 835
413 2308
1146 1857
1267 1672
87 978
620 2540
1835 2550
1973 2689
2365 1731
881 105
2488 1327
753 2624
1666 2252
544 1495
1343 1306
1377 1526
1576 923
1668 680
2519 970
2137 2112
202 2415
652 609
2689 1644
81 2083
657 1579
270 1508
1382 698
373 459
718 1668
254 2371
2062 1323
392 1877
84 1129
2597 2986
2111 1862
2016 292
1020 25
919 125
454 1111
1645 1509
1982 2772
1696 2990
2636 4
2469 1611
504 2756
2859 278
281 1337
2860 2327
163 773
2714 968
546 909
2463 982
2086 689
1534 1896
2617 540
1721 2761
497 1718
1370 1364
2422 1587
145 2741
348 2113
683 177
594 2488
50 300
1990 291
2444 2045
1320 218
237 1470
2 1650
608 45
790 1297
183 2548
2995 662
283 2391
2681 1445
2358 1261
2627 2160
200 1100
2850 2005
1246 2872
1075 2030
1142 2802
2776 1276
1809 2534
512 30
2321 2701
1025 839
2067 2324
2039 1499
384 1567
2117 1570
575 1715
1323 106
1823 520
554 249
1410 936
2634 2383
1829 2136
1088 2787
22 554
221 714
1465 2078
2622 1468
2566 624
720 2146
1512 660
673 129
589 650
1596 1162
2114 2173
807 1736
2708 1530
1205 570
2712 607
2173 832
1071 1725
895 7
599 1733
273 521
1785 1822
245 2578
2580 2455
2911 1830
1664 2263
2664 2211
1342 487
131 999
2483 552
768 1018
847 1439
1663 2710
2440 1648
2578 1008
832 2610
852 1435
1587 2924
1796 2679
1297 1909
1487 2722
923 1677
2120 1155
1220 350
1661 793
196 213
1976 2090
1103 320
443 789
899 1320
130 247
2399 2862
2800 681
2272 315
1877 2927
1503 918
2229 1469
345 2841
2429 481
418 456
2401 2195
1691 1302
749 1093
1864 445
501 944
1112 354
962 1464
638 1310
2212 924
1994 1768
472 1189
1782 2917
1236 1748
987 2779
2815 2690
350 1900
592 740
155 941
2354 2696
1299 2864
1363 2583
115 2929
2562 969
1215 1812
1612 1818
1951 857
503 154
2283 77
1457 2096
1218 54
1360 2067
1317 470
617 706
1965 1796
567 1398
2632 907
1206 184
627 2836
2482 404
27 295
1015 739
2319 2392
62 1037
1514 2563
2367 379
1934 81
2921 2807
2944 1720
128 1091
1679 2304
29 2638
1192 2342
2085 1244
394 2289
1416 1904
1559 193
1652 1479
1619 1333
2945 1642
2454 1060
2116 2953
966 2931
2552 903
1624 2013
622 697
7 2782
2003 2514
1304 543
1306 2390
2598 396
2823 2379
1102 2850
1706 1729
583 753
2838 397
1886 1409
1564 2048
2145 2648
838 1450
2796 1047
1521 274
746 14
1055 385
1203 2899
2310 1764
473 455
614 1503
2680 2768
2543 1279
1510 76
1582 304
2684 241
2965 2788
2786 2829
784 2301
590 702
2263 1110
787 509
2063 943
451 1449
1882 2868
378 1696
757 2694
2093 1193
2357 1615
1737 1282
463 67
1401 1248
2372 2819
9 1646
2950 1582
1733 2086
1954 1531
1004 208
1872 1245
1148 1631
2725 1305
672 722
2252 96
1952 2027
1003 2410
2771 1199
1731 2954
1544 526
439 47
1095 542
2867 2454
271 2398
1849 667
2203 2218
1755 1086
1098 2299
2376 987
1659 1116
2308 514
1742 837
2474 1346
2975 2362
1970 1683
1372 2873
310 2911
1045 2015
2746 2617
1831 1869
17 2775
2878 2987
260 1931
291 1910
2052 2671
1293 2716
1307 2628
1433 1365
2861 1234
888 2943
2638 329
1504 150
795 2434
516 2457
2133 1160
2747 1326
545 1598
2964 2508
722 1064
1950 1922
1813 2852
2248 334
1789 1350
999 2203
358 771
2105 160
1658 1504
1140 322
2189 1731
2132 1986
2868 495
2180 711
295 1592
1373 2943
1350 426
2286 547
1170 2647
611 2153
1154 39
1248 561
466 1739
1322 1113
94 2636
1591 1466
887 2116
2426 1079
958 1434
2239 801
2172 1247
2014 744
1330 1575
1780 2569
1540 1238
1067 180
2299 1998
2048 2681
773 644
1854 469
934 1378
1693 125
2702 1785
1182 2793
702 826
515 399
1783 1482
1397 1898
2359 1055
2345 1321
2489 2532
677 251
2448 1049
2822 2765
511 2845
1111 2441
68 1006
1455 1669
783 2887
2184 808
2053 1747
110 1626
2441 155
127 580
1183 301
2715 2351
2242 1821
2529 2278
729 2627
1166 750
640 1272
2756 2542
2006 1386
1417 1913
1655 1000
1792 2735
1833 121
2445 2002
1842 2528
395 1165
1764 2650
232 163
527 2260
663 1104
2317 1758
1026 606
921 2226
1991 69
2351 2833
170 2336
2745 2910
2046 654
201 1191
1524 1217
347 100
900 2909
1928 229
242 2785
26 2161
1217 2212
2520 2497
332 918
1235 767
835 698
2087 1431
850 511
1339 2692
849 2684
976 2912
2118 1003
1439 2428
1089 889
1315 2109
2204 2255
1276 2469
2654 1607
2339 361
367 2890
1332 1633
4 2880
593 2411
1711 377
867 2250
1115 524
2987 1179
341 1052
1195 1149
2205 444
798 1662
2819 1558
215 2663
2496 1844
2331 1660
1604 1653
2243 1415
1935 345
2926 2999
2820 2449
403 1436
886 575
2297 2748
2600 1546
1144 517
509 2786
808 2314
18 451
1578 1638
34 137
1625 1009
2890 1167
1761 2472
446 810
1500 1095
1588 1
2612 2498
1805 1839
175 83
1623 2123
1753 2253
1909 5
1980 1281
788 2145
1428 633
1129 2105
1252 2683
926 471
1464 2949
641 318
1013 44
2127 1028
2459 2293
704 2541
1653 922
699 1481
910 2004
687 1440
1579 669
2753 1687
777 1136
2939 1834
955 2016
2915 1872
927 1787
1556 862
1791 1393
1862 2035
2813 1085
425 948
2224 1152
1122 1487
1894 466
2948 349
2706 330
1473 1983
2439 1605
138 1493
1584 1536
1748 805
2260 2585
1131 203
605 2859
1467 1345
1012 1923
628 1103
1447 279
588 748
1566 74
2013 1187
2290 1048
967 2790
871 2245
1084 899
1168 2431
1532 841
169 601
1453 866
36 516
2546 2900
2508 403
483 868
998 439
1076 2688
1571 1493
371 2115
1865 766
2230 1153
12 1148
2742 937
715 1910
2059 2365
1157 2177
1145 737
760 926
1305 2174
1920 2950
2460 64
1771 2321
2903 1494
24 365
626 1627
1427 583
964 2452
913 2629
2768 730
1673 2158
1570 2396
2599 619
2333 2200
76 735
762 1663
859 2281
1104 2222
53 1994
660 1018
1120 2056
1880 1081
1723 1997
948 2433
374 844
2129 2654
2660 2347
761 538
2998 2824
2539 639
494 854
401 2609
1567 1453
2772 2880
1480 645
1725 16
2668 1211
1989 2659
2789 2855
2572 2298
1389 1595
1964 613
1399 1893
2037 2581
1956 1763
884 756
869 2809
1491 2196
995 2451
1062 1876
2675 2505
1440 1561
579 745
2227 179
831 871
2360 873
655 1736
1828 305
1107 228
1162 2244
1746 875
1562 1962
935 1307
1082 423
1905 1031
956 916
661 653
873 2075
297 2784
2954 1535
1208 757
1644 1577
1960 1082
1361 65
506 2634
781 2664
38 2057
2986 1372
2153 878
228 254
258 1404
2206 441
1043 256
2778 335
1275 2552
8 75
1611 1671
2259 1833
2858 277
519 1888
1451 1448
333 368
2510 145
480 2312
2692 1351
2581 2470
1046 2981
2287 2875
2275 2559
2928 2012
388 1458
2754 1083
2881 1522
2238 733
1121 983
2164 1771
825 170
782 961
408 2800
2195 2202
1873 443
1038 2404
2392 27
100 464
828 1413
429 1379
2537 336
1247 2076
437 1339
428 1419
2500 749
2905 1572
2094 185
218 1773
2453 539
800 1484
797 2254
2514 2507
985 1014
2997 476
2699 816
2400 589
2844 1803
1475 1637
510 1163
2281 2908
717 590
2727 1215
2686 1216
2809 2750
1303 2738
1199 2962
2846 1041
635 2152
2311 1636
2066 945
147 549
924 778
402 232
248 2776
448 48
656 465
2274 2832
2560 108
1987 135
2564 955
2473 1918
266 1992
2430 332
2452 197
944 513
2758 2892
146 2009
2750 26
197 2877
1000 2409
421 2250
1561 406
613 562
231 579
1418 1933
950 2524
1918 221
1669 1143
1251 1147
1899 668
606 60
2397 2010
2424 1555
1063 1361
2534 2038
279 1713
2494 2041
1656 577
2909 830
83 2445
1507 2904
1460 1799
2437 2535
2527 2490
2247 1233
97 2640
563 1402
1301 2571
1675 1902
681 2727
1866 1388
1458 1974
173 303
996 1015
1786 1762
1548 2993
1201 2898
2121 112
139 2443
79 2206
536 259
67 2052
1479 1608
2916 2216
2438 2599
1286 2435
1772 783
1109 1035
1747 1196
1569 2025
2894 2952
2635 2318
1429 556
449 1894
407 2601
2466 1005
1094 55
1925 1373
2373 2400
1272 1019
1492 1118
2110 2481
2763 786
1132 934
845 1805
763 2675
1414 2935
1705 2087
1834 1532
816 1658
1156 2693
3 1738
1481 2691
1444 2544
2106 224
98 1792
713 449
268 1374
1287 2975
2291 1518
143 624
2047 951
2211 174
587 2673
543 367
1387 68
2862 2946
1309 673
772 1273
1819 226
1595 168
2942 855
2877 2063
980 1945
697 567
1912 2728
354 1568
1354 533
1744 2596
2156 317
968 2733
2848 1811
2218 1488
1892 1855
1321 843
705 641
1483 84
866 952
2971 1499
479 1042
2855 1151
908 187
2889 1195
1966 2213
2549 949
2901 902
1931 1769
703 2199
2126 2290
1859 2988
2991 2679
198 1366
1324 2889
2582 772
2125 2713
634 2839
2616 2376
2060 427
564 894
2515 2344
1553 1519
1999 2029
1054 66
1264 1694
1650 787
300 1709
2146 2033
1988 2162
1078 266
2197 2047
2079 1777
2644 1916
1713 424
1222 214
2787 1710
542 1740
2568 2857
1119 1007
2830 2645
2891 1793
751 515
2871 1123
1207 1349
971 760
1647 1395
1943 225
1490 2930
255 165
1441 319
2511 1947
162 2181
2355 2489
1344 2764
2168 1291
1125 286
1273 1011
1768 2886
2816 1533
960 2171
854 238
102 1304
180 2564
2042 504
1941 649
1053 2656
1993 1462
1219 2422
355 1730
2588 1353
1998 2757
1757 1622
1114 401
2897 2822
396 1102
2710 1948
189 2729
1724 2794
2174 2827
863 1742
678 2477
2284 1127
1034 1106
1628 2572
1346 402
550 718
1667 473
1393 2215
285 1538
2567 1486
916 2122
151 378
1281 2329
1380 811
153 188
1869 915
433 704
1032 1441
389 1145
282 1816
2833 169
1124 1815
2570 2995
2364 296
991 1867
11 2006
2577 1993
2481 1513
1816 2061
1326 1249
1164 1779
298 2720
10 2042
2072 1941
1870 878
2605 418
2596 212
851 1847
667 2485
2160 2026
1997 2305
2447 2121
1969 940
1594 2066
669 1667
375 2747
662 1521
1607 1643
809 824
1196 864
1016 1514
559 2715
2375 283
193 1841
259 1512
1898 2804
2475 2120
1175 1515
2139 1824
2478 576
2503 2717
517 797
2435 2320
2931 1309
2526 612
417 2062
1533 80
1083 258
1080 2933
2322 2093
2619 2111
2517 1524
1165 2209
2780 2468
2178 1926
2370 284
2938 1341
366 2935
1406 518
1825 2789
2685 2317
1325 2335
2601 2874
572 716
786 2432
1511 1099
1739 2440
1888 1849
2021 2976
1378 2922
1677 2957
2914 848
1337 1685
1413 1380
736 1294
2194 494
1975 2271
1118 2003
1400 116
2065 2688
486 1133
2957 2632
2450 716
540 1230
767 727
1285 1737
2388 956
737 2282
785 2876
675 2387
1762 2273
112 1958
415 2556
2538 1150
2467 1889
40 803
2002 1038
1423 2945
190 2450
1186 2325
1292 2444
708 833
51 2097
2300 140
2661 1255
2175 1517
423 2735
2418 1927
1839 1459
288 1597
842 1476
2980 1590
475 2438
2112 2117
965 617
181 2385
23 2330
1210 205
2752 79
2113 190
2007 2219
368 2643
514 24
2335 2098
2004 1253
80 11
2870 2068
1058 678
2704 264
2443 1407
970 1303
1648 1788
2099 2129
60 1128
530 2743
2825 1928
2795 1138
2670 51
643 2565
552 1483
2470 1836
700 78
1801 1419
879 628
16 1854
664 2367
399 2247
726 1613
1732 1433
276 1387
1364 1507
1600 1905
580 1542
1900 992
116 1132
2801 417
1770 670
134 2274
666 1868
2181 869
2035 1032
1641 1699
1238 294
2100 1151
1827 781
535 425
1255 1024
732 297
141 525
1174 1157
2920 1092
1284 2280
1283 1439
2507 2796
69 1549
365 2164
1689 774
610 1846
2405 638
2504 1946
2810 1825
755 1
416 314
647 162
2865 1688
1335 1984
1692 1306
2700 428
1593 898
1396 2739
1638 1645
558 608
1985 353
989 1712
2433 308
1093 672
912 2752
1978 1290
508 1863
493 306
1654 2589
324 2297
2217 8
95 2114
240 2878
2327 1934
1885 623
2953 581
1214 2037
287 483
2880 2135
2532 1647
2147 877
352 328
1409 1354
436 2992
1826 602
591 500
2775 2150
2103 73
1017 686
2012 2944
1257 482
2414 2276
205 2769
203 325
177 1657
86 1985
833 625
963 153
2193 844
2015 720
148 1232
902 861
676 1258
1037 655
865 1385
556 2918
811 1221
1167 2812
1750 1266
734 1242
2940 1919
2008 1447
1958 1601
870 1989
2288 1344
954 1161
2411 1076
2569 2625
621 433
1498 2020
2249 2781
524 2126
2621 2553
1808 1164
1657 1963
1798 1169
813 546
1065 1981
391 2413
1454 1040
933 228
1634 1013
532 2466
694 2437
2036 461
2930 98
1147 1335
1331 1392
89 2516
1853 663
213 157
1333 1976
654 1004
2298 2866
1213 1188
1547 2309
2595 1314
113 1336
1336 1017
740 1452
381 626
1478 674
582 1411
2907 1679
1609 480
789 2380
2142 408
346 528
1008 2668
2669 1562
1291 1925
47 2236
2084 731
1340 1451
220 1781
1717 1692
680 966
2528 2088
386 2699
305 1131
1615 326
2836 657
2892 2613
2969 1318
625 2322
2228 171
186 1641
2185 1235
63 988
2853 1741
711 20
2996 646
2029 2653
1575 1780
2755 2964
538 529
1518 570
1972 905
1528 2955
206 2526
2490 1852
1893 1995
1914 475
2983 375
2925 904
1639 1566
1774 709
2001 1585
2522 2510
2626 1828
1916 2408
1874 1399
1288 1218
642 2551
2587 2561
2856 849
727 1809
2608 261
1738 1554
2812 2163
2336 791
2220 1200
2334 1970
1358 1400
2908 2104
2904 789
1871 1089
1684 49
301 1125
1901 746
101 2906
1635 2137
725 1260
2410 1956
1177 342
2289 2846
1452 2501
1526 906
2530 1932
71 2077
931 1485
1844 840
1939 2842
277 2582
2912 696
2794 2672
1640 2915
2306 1077
706 630
1258 429
659 2620
2487 2538
168 50
2233 1728
2972 596
2352 2156
2518 2736
2330 2286
2170 939
35 440
2751 1301
712 594
578 1937
262 2332
2026 1105
315 201
2883 1069
518 1119
2201 870
1018 506
1797 491
2250 1454
2165 2279
111 1529
1366 1443
342 827
1776 2272
2343 551
195 1878
688 2649
2583 2241
1730 1969
1502 198
249 1591
1176 2316
1537 1414
484 640
752 2191
744 2055
1374 2891
2154 1308
2770 2813
2279 2923
2109 400
2054 2916
803 1848
1011 2456
2900 1635
977 993
485 1682
597 1329
2835 763
738 1058
2696 1681
975 2567
1005 2476
2777 501
2294 2588
284 166
2604 867
2329 881
2202 1835
1092 541
495 1750
2985 338
2977 2730
499 2737
856 2204
278 1864
1906 1159
296 1996
1197 2256
2356 38
2407 1702
1279 2913
860 253
445 2011
1072 2310
1486 389
250 2856
2064 1873
2022 1442
468 181
1573 2080
224 2046
2456 2817
167 2417
739 1594
1212 759
911 1754
904 104
792 853
1329 89
836 471
765 1406
235 2124
653 2143
2913 2777
156 2022
2576 1478
2221 953
227 2353
1676 1534
238 2395
1221 928
2918 210
747 356
1727 2605
335 442
937 2590
1250 2982
1618 755
2873 1734
2380 2844
225 1410
92 802
1627 312
2647 384
5 2864
2349 2341
2262 1375
42 245
701 290
2265 2051
1642 1270
2623 2926
2427 2403
2574 2937
2040 1251
150 1073
1670 2323
2929 2402
272 2205
1430 1343
2817 2863
817 2940
2434 2834
2555 182
1300 2226
442 298
630 1274
1030 1875
289 2818
410 2814
1947 1225
1461 12
406 1220
1714 488
2869 1841
2162 990
876 340
2557 2884
2323 6
1517 1135
1160 90
2643 2071
2102 901
2061 2577
2346 1903
13 473
529 438
974 2951
2713 63
1448 1044
1756 1109
256 2920
1277 9
771 2906
2031 2914
1686 22
2828 1453
478 1551
2398 376
650 1602
1233 386
1484 94
742 1471
2609 1573
280 2851
690 1701
2171 1128
1404 1838
2177 2884
2711 1034
1945 2682
453 957
522 35
2791 2159
764 2770
2256 267
2974 2345
2449 732
658 496
1687 2592
633 1977
1636 1033
1419 742
945 2427
2592 387
2575 2493
6 2579
45 800
2805 2594
308 293
939 1257
2723 242
1368 890
1151 2667
1539 2361
2158 2797
743 2977
331 661
2166 1580
1237 2677
1536 2101
1470 136
2484 2295
2108 2116
1522 2897
2779 2240
2157 707
239 1403
1442 1012
1056 1899
812 1540
344 2778
906 960
1355 1500
574 586
357 2277
1042 1370
2152 178
2769 276
815 234
2078 2867
2738 2746
114 2615
2524 1296
1383 2861
306 2326
2550 565
596 223
1963 1213
2744 1774
1793 2184
140 437
776 1030
1933 1886
2959 2517
896 1317
2379 1504
2130 62
1194 571
2143 61
2548 2179
2956 1574
502 2357
1752 1680
1185 1881
1169 852
219 1528
2338 991
2415 2529
1367 2049
581 2439
1919 884
2278 173
526 2430
730 891
55 2997
878 362
2561 2695
724 1089
2845 2118
2984 2425
830 2562
1917 1206
1541 2308
1814 2574
616 371
2947 2623
1891 1144
2613 784
338 1698
2018 85
2104 42
2324 2239
1077 1951
2521 467
2148 1207
1837 492
1081 2511
2088 2584
165 2207
440 1669
1351 1219
507 671
1494 2185
1621 2853
1482 2175
340 1203
2188 370
981 172
731 2539
2734 604
1758 1229
2762 2034
2863 2665
2151 446
932 2149
775 1838
2340 642
2866 1929
2919 2791
1996 1043
645 1968
117 2381
2571 2000
2412 692
2687 1746
2493 1416
208 1628
41 845
2554 307
457 1861
48 111
2741 553
1535 2630
174 1770
2657 921
2683 352
1626 953
2502 1142
855 151
144 1367
2396 508
476 1430
400 684
105 1226
1944 2478
2829 2465
2050 124
618 946
1446 2243
2610 1950
1128 1394
2374 1325
149 592
2476 1623
1036 1098
292 896
2615 570
918 2547
1908 600
2695 2707
2827 2189
299 19
1059 2959
314 2608
1403 2059
325 146
1155 1251
2030 788
226 2808
1375 2
682 1705
629 2803
576 1545
1769 971
651 1704
1243 1412
1955 1368
1294 1078
2131 2132
2254 621
2432 2660
243 1673
1223 1023
2814 1055
1523 310
2690 880
1241 2687
1009 1046
30 2870
326 2242
2199 2261
1061 1776
1662 2554
1230 1708
1542 230
2419 2165
2150 1576
2293 2128
1202 1607
897 795
1296 2712
2573 981
2682 1589
2149 2334
321 2054
1959 186
460 595
1743 2984
2073 1114
434 729
1282 792
2280 1588
1242 900
565 1405
631 2860
1520 2991
822 2294
1474 2194
123 2463
2701 1002
875 631
1726 1070
2010 269
2629 2311
882 1168
1376 160
1466 1315
2135 17
2090 2069
2273 2436
1415 2810
2625 2525
1904 646
126 874
2383 2837
477 2709
848 220
2268 1107
1049 2467
1412 1553
2563 2568
2041 578
1050 1761
2122 741
1995 2760
1847 823
523 2504
2255 728
2024 2871
1643 430
187 1090
2385 383
1269 2685
1261 1158
33 1026
1421 925
1589 2138
1035 347
2101 2811
1311 2328
957 882
894 2626
1889 2753
1803 2536
25 1915
2705 1666
1646 819
837 2783
2344 56
1632 2058
1263 972
689 1202
2315 236
1923 1924
1226 107
1529 1074
2049 2956
1327 2542
2941 2139
1586 244
2362 2661
1113 708
609 103
2831 246
1141 1525
2593 2622
1229 1675
1910 1930
2225 2932
64 519
488 1313
52 813
577 1806
2693 2934
1602 71
2949 1397
1527 1557
78 416
2760 2284
928 1795
1629 2620
1161 2157
1709 1277
695 1850
2662 2217
1126 2967
1505 1987
774 967
380 585
1601 132
61 576
2138 1039
2337 2092
1949 2649
1678 2907
2191 997
2468 560
818 193
1143 963
1280 1117
2082 850
548 1280
1106 2356
915 2495
2589 1794
2730 327
853 932
1840 459
229 895
2864 1498
2720 333
1630 2666
32 1001
2038 2513
1613 636
914 665
2981 33
14 219
2384 2082
1216 1295
2389 1922
2559 195
2368 2018
1163 1022
1041 2373
1860 782
1818 1181
1425 1810
2381 2234
2961 2197
1130 2358
474 2767
1546 2339
2967 1782
793 1362
109 1331
936 2919
1878 1223
2406 2074
2320 331
1388 419
892 114
1603 2530
601 1961
2182 703
2305 620
2963 2352
2545 2028
748 448
1385 976
1695 1936
2076 281
1278 935
398 1010
1362 598
2083 2429
2899 2611
1266 2586
1181 1016
890 1807
940 666
2922 1578
930 1043
1190 2259
2442 1457
119 1284
2798 2754
533 2848
1392 2858
1913 2749
2952 1820
741 270
1007 2017
1019 2637
1515 1541
994 2169
2436 118
152 1021
799 2801
1852 1745
2312 1269
586 341
1565 1256
1707 796
487 1426
294 1502
1572 1569
3000 1496
2391 206
1193 1882
2757 2075
1946 1797
2506 1562
492 2228
370 2268
1459 2644
1688 1511
2544 776
364 2354
889 411
322 1971
2783 1097
353 2306
1767 726
1497 2384
334 1180
1488 2110
2759 1182
20 775
2951 2607
1549 603
2169 947
2854 227
1268 659
419 799
1608 2905
1921 1552
637 1328
2733 1778
19 1355
2633 391
124 1080
1830 2961
1234 2106
1443 1798
2887 695
874 1843
2451 1711
2620 2360
674 479
2893 113
1967 2973
1841 405
2404 2774
1436 1727
2226 2419
1014 794
1735 1953
1766 725
455 209
1577 2555
2386 1635
1924 2141
539 1490
178 2287
2455 102
236 738
382 1298
2804 2296
1509 1139
2395 215
1802 2972
96 59
942 879
1064 2262
2089 2220
2979 1059
1716 2882
2840 1714
1001 1566
766 70
422 200
2115 1377
2207 989
2793 2936
137 572
2579 1544
309 1539
1633 1094
513 2684
961 2155
759 1940
571 1184
2792 2359
2655 2942
893 119
2885 1659
1260 717
1800 743
1074 2557
1039 2703
2748 2187
1224 2001
46 1964
1153 2969
318 363
2366 2854
2773 724
1274 2350
1024 1285
2807 2543
2994 383
2214 1300
209 1599
1929 1603
2640 2515
2716 477
1044 2996
444 1614
2472 754
2034 1054
2161 2348
2348 1908
905 18
1133 2603
2069 2721
1139 1956
459 996
1472 357
1957 979
1981 622
754 422
1029 2197
983 2879
1896 764
2811 1625
241 2573
728 1955
211 675
1702 885
883 2065
469 1519
2055 1914
1555 1907
1538 1172
1701 2225
1187 2014
2353 2108
2962 99
1754 819
2043 1292
2326 2893
2210 1756
56 1999
2982 2674
214 2938
75 1744
49 503
1051 2500
461 212
424 2826
1681 141
2192 1178
1741 1703
846 1463
1435 1690
2208 920
2849 798
2691 1571
2721 2448
2251 1209
387 31
450 2421
1290 2315
1897 985
125 1609
1703 785
2371 804
1289 1775
1405 2968
2656 1421
2179 2843
2824 1759
1763 752
2731 2593
1525 1982
1672 2847
1173 2838
1585 2566
2266 394
2216 372
70 1243
2303 1823
1649 2126
779 940
1110 130
1620 1437
122 1477
74 685
2898 2053
670 2658
164 1259
1471 2283
1824 1674
1158 2084
2292 564
2068 148
343 2372
1698 2658
184 10
1200 1316
1184 599
2480 1656
349 1084
2378 478
1836 2545
2446 2475
561 1352
1694 1523
104 2426
2978 1959
1123 2514
834 2755
1879 1429
2631 1231
2269 2723
2119 842
1116 343
1560 1255
2309 2233
452 1634
2425 2346
1172 2616
2071 2331
988 2423
1983 1194
2325 2740
929 1584
1519 2998
709 2292
2547 2815
903 158
2512 2522
2074 892
1794 225
1381 393
959 2313
1508 82
1485 1676
969 1648
2630 2686
1890 415
2070 1917
1784 1630
2666 1360
2499 152
2932 1853
498 447
2200 2330
2234 1422
1052 2064
1073 2492
379 458
2020 690
1513 1268
2724 651
409 1020
1318 2267
467 2231
2671 962
2935 189
862 635
2282 1912
66 1061
568 88
82 36
267 1204
432 2414
2857 1319
1545 1612
2565 2580
2097 1751
65 1866
234 2235
1319 2333
794 2355
1149 1938
2678 2795
210 1735
1734 348
15 986
447 2700
603 2714
435 1460
54 1438
223 1065
2361 1989
2642 2388
1232 435
1347 1390
103 1239
1961 1547
2958 2548
1188 2519
2879 1322
1773 2188
1927 1072
304 2646
2851 545
431 1312
1239 233
2491 1096
2847 2705
2652 436
1720 1357
2902 2349
1386 863
1295 2007
2826 2527
1316 1700
441 1264
377 2759
311 1565
1099 53
2888 836
1501 700
1581 32
161 1297
1895 2178
1557 1856
2707 2091
1580 1921
2989 2461
2057 1384
481 2901
1312 2397
1543 1236
57 2780
1856 2453
2516 450
2933 204
1265 2377
1699 872
1096 663
1240 573
1606 780
2535 1952
2973 2023
2017 2251
2416 965
464 917
1700 2726
721 1265
2679 161
824 2446
330 858
990 1141
99 2399
868 1563
2785 1808
1680 2532
171 2693
2190 2939
351 2831
1432 1045
1256 1408
199 815
2936 1188
2318 2285
2767 2745
2736 2031
121 627
2937 1883
2513 812
2080 260
2603 1140
2000 453
337 1340
2497 268
844 1632
2403 994
1204 977
462 176
2271 1334
2167 2412
2176 614
2803 167
176 2168
1665 1146
2740 1565
735 1957
872 29
1365 806
1775 664
537 1480
1832 240
1021 2680
877 2288
91 1121
2541 1154
2140 1600
2834 395
1499 1474
185 2966
2028 392
1117 414
157 2651
2314 2978
1463 1166
2806 2032
2673 2024
997 2182
2611 2227
59 252
2253 913
1138 569
2051 1516
261 2008
1597 486
2498 34
624 1538
520 2176
1821 2895
2236 2216
2651 2036
2462 2043
584 1137
1719 831
135 758
2688 1358
1795 1689
1349 2821
1637 2214
2739 2496
1028 851
313 582
602 1440
2058 1960
2584 271
1552 2744
821 2621
553 1347
826 1175
1760 2560
2219 1719
1087 2201
2821 490
1468 2249
1057 2531
1749 510
941 2458
639 1444
1152 355
1759 1062
671 468
2232 1596
1708 2369
1390 2246
1357 2805
31 847
2091 1456
2471 1193
2258 2711
1736 1214
252 502
1249 288
1086 2129
1027 1051
1338 2600
2477 337
2464 555
2244 382
632 2657
1926 2473
136 1988
1506 1174
1456 2459
323 2102
1855 722
2943 779
898 2416
2044 1966
823 287
947 1871
920 2257
557 2090
2077 1880
1930 897
696 1537
1369 2094
2128 498
263 1201
1420 1237
2852 282
1023 1978
1876 1289
1815 710
534 1418
733 1056
619 1804
372 1655
496 1446
2726 2307
993 1721
2011 2865
430 2706
804 1942
2107 1548
840 1246
2328 2641
2628 2883
1150 138
2841 1973
1437 1845
2650 1467
2264 346
756 1757
615 1423
360 751
2285 2464
2934 765
1875 1901
2876 1071
2988 2763
2159 1455
1434 2136
1942 535
801 2487
2875 933
2719 2941
1449 734
547 2166
2479 2432
1777 699
1690 1752
2096 2484
1022 2604
1683 1376
1422 2319
2709 2044
827 769
2585 21
570 1784
949 434
1270 1027
2342 2140
505 1263
230 37
1371 1990
490 597
319 2766
166 682
2390 1616
2394 2223
714 1288
984 52
2641 1087
2033 366
1085 2180
2213 2343
1682 2483
107 676
528 2265
2842 814
108 2405
2307 2266
1178 3000
129 998
1271 2400
649 2642
2235 2518
1495 2731
820 91
2123 2486
2075 474
77 2070
2614 648
458 557
106 1790
829 1389
953 1198
1610 1726
585 472
39 2792
1069 2890
2408 420
778 1156
43 2224
2737 183
1209 532
2672 192
1245 222
470 536
2976 629
274 365
1530 97
192 1935
1592 239
2417 1618
2649 1543
1722 2393
2005 2386
1779 2835
791 1338
2301 2652
1244 2095
1568 2963
770 92
2624 1664
1211 623
1962 398
1227 2662
972 1851
2509 2885
72 57
665 1271
2536 199
750 1826
2458 196
2423 2420
2295 2364
456 1840
1516 2593
2590 1654
810 2698
2485 2861
2465 2491
2495 822
1356 762
1091 1108
2923 558
1353 2725
758 770
1496 1791
2808 86
2369 642
1048 1691
1812 43
1262 2025
362 701
1728 1254
2523 1120
1313 1109
2163 1832
2032 2612
1820 1884
2802 687
359 2598
951 369
719 859
2960 2823
1558 1755
88 1359
1861 2602
716 2734
1671 2229
1398 848
1974 1066
1984 1497
880 2060
2409 2635
2718 2407
1563 2840
982 1897
2743 1101
1660 1797
562 611
1740 516
806 101
385 1879
745 2881
1799 275
329 1651
293 958
1787 1859
179 2958
2276 838
693 109
679 1817
1674 1560
1605 2633
1450 1210
1631 2894
1105 417
159 1967
500 507
1402 616
2818 2697
1838 1363
1704 354
2421 463
1101 149
1489 1208
2025 115
938 903
2927 87
1180 1238
1863 1228
191 1837
376 1944
2223 2021
2542 2970
2525 954
1887 265
2653 2830
361 316
636 1417
154 1786
1254 2984
1807 2411
37 1396
312 217
1850 226
2277 2503
1002 1342
328 1383
1884 1252
286 2300
264 2424
2023 1686
2797 1617
1395 2190
2240 1885
604 1802
2717 2389
339 1583
93 2729
2970 2039
1384 1581
1334 2184
265 46
420 605
2270 235
2722 723
2186 1286
2781 1670
2917 2806
336 1842
1937 126
858 1753
194 2460
2246 110
1616 360
857 712
120 164
2872 1801
2486 1348
2313 2903
2895 2474
1953 2338
1225 883
2659 272
1477 1112
668 2626
551 574
2586 713
2144 1489
2533 191
132 1432
607 216
404 2523
1907 58
1379 2210
2832 2676
2363 139
2393 231
2886 1975
1715 2401
369 610
2209 1858
2420 591
2764 1075
2187 1640
2646 462
1551 2709
1097 410
2728 1063
2674 2597
1651 2300
2676 588
2784 1603
1778 2665
465 1472
692 1036
1341 250
1090 1324
1851 1505
1745 1829
2231 914
2788 809
133 2576
648 1492
405 834
2999 445
2924 2248
2092 1501
1550 2494
1298 2085
1729 647
1310 2221
917 457
317 1227
1079 1865
2874 2974
1047 156
1712 2167
188 2965
28 1197
1136 2119
1948 273
217 2771
2556 1934
212 1939
