3000
1778 2926
690 837
2504 469
359 1976
2350 1578
1165 1051
676 2428
1872 1319
1491 840
2864 2448
2059 338
2790 2064
2888 741
1397 167
451 587
1585 2665
628 887
459 484
1639 2150
883 2825
2474 786
89 339
2078 2882
936 2367
1715 2874
621 73
432 2793
1249 589
1283 784
769 1761
322 2239
1843 1140
363 974
682 946
2244 1623
1367 577
1533 220
253 2444
2359 631
819 2791
669 2451
1132 513
667 468
15 2967
2246 2113
1662 1411
594 2413
1381 1566
506 249
2782 1559
2397 2946
2687 1368
2624 363
1449 1257
2297 2407
1435 1198
172 2109
1277 319
1693 2290
1413 1259
544 362
607 262
1058 1115
1921 492
2370 1620
945 1826
749 1383
485 2207
1943 1927
1430 650
1776 2526
662 2794
328 1362
2075 2521
250 2674
1185 2466
2634 1515
703 1114
1974 470
1344 726
2261 2049
1964 1572
1213 1714
2702 718
1703 2172
63 212
1204 507
664 1874
637 653
1396 2680
1035 419
2476 1378
1988 2656
2184 2116
155 2190
1130 2652
2637 1602
1140 1595
2730 1553
1245 235
2353 888
2415 2132
2965 1069
11 941
1736 2242
1101 2387
1999 1000
1117 1586
2374 777
1180 2024
2532 1372
2716 2155
145 544
2058 2509
852 1352
532 2804
2454 905
2411 2928
112 1136
680 377
992 1932
1562 1571
2594 2963
2438 2593
2917 2537
2146 2202
2129 1552
349 1590
2498 1349
2414 1639
1914 1461
1471 1617
1888 836
2329 2021
2531 2287
2180 1168
2375 1894
419 2375
758 2753
129 2807
2829 1843
320 927
1690 217
1952 1399
1352 1642
1378 2441
1028 2381
966 331
1873 373
2643 829
586 1646
2322 1708
31 811
2328 1741
264 91
983 884
971 1106
2066 1815
1891 488
364 669
2863 2043
469 683
2241 1549
375 1544
1178 1113
2469 1527
1074 1991
1666 2124
99 1933
1752 1339
535 311
1478 1823
2907 612
2447 1932
1960 2389
1910 2141
2608 705
2818 936
1759 189
2536 1898
2754 732
204 2211
2229 2560
110 2640
2280 2776
1227 2809
893 2253
1065 1290
2963 2780
1250 184
2159 1928
1055 2373
1577 950
766 236
2506 1848
1489 2128
2085 881
650 2170
2646 1762
331 600
2999 2312
2392 1253
704 2787
219 1903
1201 2008
2993 823
1869 2970
2190 904
2886 2548
1308 318
2908 765
658 2732
130 181
2325 156
1228 2087
2595 2003
2726 1699
530 875
2656 759
28 2690
1601 1752
1377 2378
46 1109
1829 710
2744 2337
2998 2049
2838 1627
108 2772
2112 2061
900 391
1461 1676
2394 1662
2355 1312
487 1276
2354 69
930 1593
733 857
1578 1806
2837 2226
2451 227
805 2659
955 2210
203 2200
243 2602
1103 662
776 1783
2524 1375
947 1423
2789 2782
2741 1827
2871 528
1186 2552
1118 2914
2236 2746
113 1859
1557 2737
717 2655
2602 2199
2690 2816
105 296
2881 233
1930 2709
394 2014
879 2472
948 1063
870 140
2925 571
912 1214
1508 2510
827 1058
2039 2635
2475 6
1770 2766
2286 1511
2942 1698
2461 899
2553 2722
1146 252
2959 1767
612 2317
1911 2080
1732 2859
1049 667
744 585
1342 2138
2527 920
1451 2857
1791 1132
2310 1675
1454 1210
2623 27
526 294
2694 2545
2011 537
2850 2717
1568 2013
2306 853
1718 2702
2680 695
1730 421
671 1915
2922 2610
793 2314
2792 304
2049 154
1588 274
2947 588
2774 623
1646 2701
1199 1107
2067 1816
636 2875
80 172
1583 1906
181 2774
1503 2307
60 1326
2577 2383
199 749
559 56
708 2406
2825 2280
1363 525
163 1663
1858 2364
719 603
1694 1130
2121 265
1297 1658
1356 1431
796 2226
522 962
2865 2673
173 2308
2867 674
498 1648
2992 2083
1476 690
2123 1812
1225 1789
2828 1600
1303 1688
1047 830
88 1592
1861 2278
2395 1959
577 2004
1272 963
1494 1987
924 1818
1713 1030
994 2370
2459 149
1845 78
141 247
715 395
341 378
974 2415
1003 625
2105 384
187 415
2084 153
571 2257
534 981
120 1734
1813 264
2813 867
1716 2130
1734 1528
2901 2760
1685 816
1052 1445
1938 2514
332 1964
205 1873
1749 2455
741 190
41 1285
1683 753
2281 2918
2028 1947
1336 303
407 2169
207 1520
894 1780
1486 1177
1414 2296
765 31
2486 624
1760 610
826 1716
2578 2595
59 657
858 965
2847 2498
256 918
2144 781
1351 273
720 1587
896 306
1797 1466
2358 516
1252 100
1210 1969
2580 2622
1173 933
2985 2485
1712 2681
2012 708
1218 2695
1301 1246
1636 630
1721 1450
1073 1229
1256 2434
2996 993
179 2453
437 2085
2894 1124
1156 846
2006 2171
246 2800
732 334
2276 426
2576 229
684 82
2851 2619
1458 1820
1676 125
1814 475
1364 576
2721 2979
97 1636
1742 670
714 2740
2802 2398
726 2657
378 2767
2456 2197
1623 1384
1291 1858
951 495
2945 188
2106 12
1621 792
2906 1958
2245 2182
2896 2906
2698 2960
2439 1387
2428 1371
2090 1208
71 2855
2706 1351
2022 23
292 2880
1443 1790
49 2580
2649 2305
2423 550
2749 961
57 2606
2862 2620
899 2925
2008 84
78 1992
777 635
1190 1180
564 298
2045 1526
2413 2786
1175 2893
1611 1425
2785 2470
1265 633
2465 13
1610 617
815 1565
2738 1480
309 2191
146 1203
2880 2304
1931 39
736 1929
2030 1689
1406 2948
2941 1579
1305 429
1552 1373
420 2941
618 126
228 2358
772 152
1174 2958
422 1609
2442 1938
2605 483
739 238
25 1994
1145 665
798 2369
1102 2145
891 2661
7 128
1281 299
2277 2310
644 916
623 1613
336 606
2489 2769
2603 1075
801 1703
2695 1195
2621 61
1642 323
2823 1293
2734 2943
2751 2454
523 1964
1020 2245
1692 2299
1767 65
1820 688
873 2055
701 2463
1867 2309
881 638
640 2110
455 1306
632 671
1607 1632
981 1954
1441 1240
1242 844
2042 2700
354 997
963 1871
2467 1005
1138 257
1463 1188
1442 2828
1699 1395
1133 1321
369 2764
118 1739
1312 440
1063 2469
600 1907
213 434
2635 2852
2973 2403
2247 1162
1950 1412
2678 822
1094 2652
835 1967
438 1104
552 1733
934 219
115 2341
271 608
2964 571
505 485
2916 2029
2887 1632
1116 1165
1818 2850
970 1344
2175 2781
1787 696
470 1879
2343 64
1159 2557
986 1401
1236 762
730 2471
2154 2828
1769 785
1955 1626
2546 1184
1109 2321
2367 1625
334 1155
2961 611
2775 2903
645 207
2094 1666
855 98
2951 332
2814 494
195 548
1017 101
2081 1250
2976 1727
2584 2458
1485 740
1429 2054
1137 2048
2758 1729
135 1543
106 2692
2255 1295
797 2554
1984 74
875 1868
1280 2803
2689 1404
1045 1122
2088 1077
2845 807
1962 1875
849 284
2609 2607
1929 2027
2876 1152
392 1477
2946 2594
2714 392
2431 2263
134 527
702 664
584 2384
1269 2552
998 2161
2517 1490
91 999
561 401
1097 2035
2086 826
2736 2688
887 1079
546 2275
1851 768
87 1456
302 1398
1993 1392
2162 1119
1836 1443
1517 187
1939 2909
2377 1494
491 1476
2723 2623
2412 1350
2464 141
950 259
2346 2417
227 1324
308 2714
2672 2935
32 1581
1445 2123
1163 2232
1890 987
361 342
2484 1525
2001 88
2219 1819
657 2868
66 2032
2168 2865
2369 1090
2607 1127
143 2523
1886 1269
340 435
2715 2000
1309 2086
2282 2603
1907 1181
661 1851
1589 2422
697 2613
901 917
1345 1266
914 1091
2103 1271
2313 2861
12 968
1553 2461
2264 3000
1408 2634
953 1224
1036 2985
2830 511
1643 446
864 930
821 2062
1899 1668
1122 1944
1762 646
1385 1541
751 2720
961 1156
606 2511
159 2836
2670 1809
2729 1824
1983 161
35 1844
1360 147
2433 552
1612 1279
2709 1619
1798 2999
2248 860
128 1262
2215 2306
2257 2012
2612 622
1649 2638
2768 1975
1144 1499
1724 47
1903 1372
421 2576
1801 530
2930 308
144 2465
282 333
2205 1829
1745 1243
1650 2127
1355 934
2625 1946
2969 1968
1852 1937
2502 1046
1936 49
1328 1022
872 1963
147 1191
922 1083
1401 832
2514 427
2388 2418
1664 393
54 737
1779 639
279 2974
315 1891
2299 975
2193 205
713 326
1110 1190
1739 203
1419 2799
2495 682
2978 2981
2429 1677
2681 375
1029 1865
1844 1621
381 8
1005 370
527 814
2273 973
1616 1647
1885 2934
683 57
2152 2267
2409 2311
2134 1320
2362 1948
238 972
2601 111
2278 769
2638 1172
2340 1451
2861 1048
999 1614
617 114
2351 845
1848 2894
2262 376
2057 77
1645 2082
1337 403
1348 1354
844 448
2982 2323
1064 2541
1124 263
878 1420
1043 1747
403 2025
81 37
588 1146
1167 2154
1806 2992
2939 1400
385 898
2043 2374
1243 14
412 2869
968 305
1432 1427
2323 949
524 680
239 815
1753 555
2719 2247
1083 2883
2032 2529
1375 725
1997 142
2291 1356
2446 1849
2766 1376
2798 1736
1488 1369
1575 1461
2269 1966
892 2571
101 1231
1040 2330
1170 2184
220 1133
1856 998
1571 2539
2725 1803
2654 2833
2642 320
1913 1701
427 1486
142 145
1918 1394
1191 2950
2632 2676
117 2419
1771 364
2455 1335
1092 531
444 1100
1383 1064
1061 2352
746 1053
2893 2075
2627 951
2618 2936
2918 1060
1212 221
2403 1254
1522 2863
2769 2495
2477 1142
1866 850
1206 1885
367 1728
627 2443
1677 1557
1603 1002
2125 864
1032 1912
1594 2600
1996 418
2958 2858
2777 2155
2267 553
30 879
1014 636
2620 793
1773 1611
1831 1575
2957 778
1217 2016
920 2142
2569 2216
2194 1817
1573 2669
353 2011
2024 489
1479 1209
2228 1007
44 704
2479 179
689 1331
1991 2081
1266 351
2905 321
589 1717
1915 1601
1279 1092
2530 293
409 2624
2493 1855
2070 67
370 1774
1128 1067
85 1475
1661 581
933 385
393 845
784 763
1961 1
2521 789
1420 234
515 2513
2520 460
192 2778
226 206
1688 1391
2206 2492
1985 568
2991 1830
2675 237
1627 2121
457 969
803 2494
918 584
1347 1696
937 2221
52 2468
695 2026
245 2063
1475 1076
647 2574
200 1128
1114 870
1625 53
2216 1781
1566 542
335 614
376 1591
125 194
2305 1473
1436 2917
497 2073
1584 2195
2380 813
663 2754
984 1239
1701 912
1591 2339
2712 1322
931 2771
1276 1263
1147 964
2126 1862
1403 106
1027 896
500 2747
686 1272
6 2101
1825 1464
1498 2538
1605 685
2035 2052
1460 465
1986 1207
1099 939
1768 886
2841 2940
72 1939
2821 2924
868 1726
1855 1886
2265 812
1263 2078
2804 1241
119 2976
436 2060
153 2741
2710 2628
1257 633
897 1032
1775 1889
1362 1232
1192 1850
823 1804
2157 1773
1902 883
445 1436
2263 169
2335 880
1912 1111
2652 1045
2806 17
1586 1860
2348 940
2195 2173
2029 2889
1569 1068
2320 1537
1882 1437
1524 2591
1384 1286
1157 727
466 1857
597 1149
2285 2020
2852 2431
1932 287
2488 2757
2434 276
1547 2573
762 2178
926 1561
800 2639
721 417
2003 1976
417 2900
478 291
2436 2174
2334 1950
1833 422
263 944
1711 901
1635 2467
447 2575
2912 1316
1481 1283
563 2898
991 1422
642 1580
2984 434
1169 2212
58 947
1805 1960
2444 1006
380 110
2384 1052
2283 978
2661 1472
1369 2344
471 2952
824 1417
1044 1558
1390 399
1358 1126
1248 389
2250 2792
1139 515
820 2091
401 841
395 2001
649 2904
1006 629
2466 2643
1315 1238
33 2050
616 1554
114 1310
2983 1744
1098 1237
2533 1244
2826 1582
2557 2163
1066 2188
402 1200
34 2151
604 956
783 1923
565 2005
2074 1913
2705 838
1765 825
1883 897
2097 2608
2824 2974
2926 2517
414 2429
2767 40
2252 2243
1183 2248
1422 2718
1105 2136
148 514
1512 1297
1565 2112
1800 368
818 2294
1275 2133
2225 1533
2337 1095
1840 1292
1313 337
289 2824
2033 2761
859 38
2031 748
1624 1979
2932 2102
1678 1093
601 2975
208 539
1155 2268
13 164
3 1897
2027 2329
2718 2196
1314 590
69 735
2483 1545
2095 2751
1541 942
1750 681
2330 1768
2515 1753
919 2179
2929 1227
1046 2831
2968 1770
2471 640
987 2693
2688 1550
1948 794
2025 1598
2849 1120
1353 2446
2796 105
905 1546
237 16
2396 2600
2616 210
1037 423
2114 165
1166 1174
648 1153
2755 1239
2166 1990
1433 1029
1556 573
1981 810
1528 80
1535 2671
442 2017
1992 2750
678 923
2100 1973
861 2336
2207 2244
1958 2315
269 279
2877 1924
2309 874
2422 1435
2684 2930
2693 842
398 1199
1924 356
484 2034
837 1173
104 322
763 977
178 1556
774 2614
1409 557
1008 2099
2581 1884
1526 1193
2927 280
449 86
40 1054
303 248
2266 2512
1597 647
2259 989
1860 15
1374 1880
2481 2399
2462 2698
232 1933
993 458
989 676
2858 943
198 2351
165 1793
718 1446
1659 253
1502 2691
2575 2592
1811 985
10 2842
536 1215
2052 805
2563 1664
390 1988
1822 2929
2579 2271
1024 213
1525 466
1395 208
754 2621
346 734
2895 1449
55 1008
1087 87
1203 909
2803 353
2528 1799
2869 779
2786 2435
2038 131
2404 166
1404 2577
842 1771
1379 1343
1302 2010
862 506
633 856
2271 1218
2590 62
2189 714
2408 549
1373 1797
2083 1724
1669 2285
917 443
287 615
2017 744
405 476
494 510
2560 1164
786 405
2076 2633
2249 546
1021 1081
1937 499
2468 245
2186 1882
848 1179
389 2763
2099 406
1001 1347
2457 1896
2002 1745
479 2849
907 1972
1658 1934
1000 854
2107 1904
2697 2487
2119 1012
1160 2340
1141 95
1447 2156
2981 872
62 283
1181 1760
2971 1125
2781 2088
2938 1845
366 1773
2179 1059
613 1178
964 1749
1343 1360
477 596
1510 2920
2365 694
1560 2059
1532 1255
2650 866
2021 559
921 2937
1897 707
2287 2213
2543 746
321 1414
1106 1522
1543 2530
1007 2126
2853 2565
1917 1743
2226 818
1158 1764
1376 251
756 1519
1023 1775
1780 1941
913 1902
795 2838
1010 1776
958 808
2361 2546
2138 388
2135 2152
383 1089
167 2042
2784 2134
1388 1337
2419 2696
1613 2988
1963 564
1255 2840
1944 504
1080 1379
223 1102
1523 1638
1223 2789
2290 2314
2647 505
2234 1711
587 2279
1854 2412
1056 1406
967 1158
1671 2423
2108 660
496 81
1534 1942
1686 1637
2843 2632
174 2915
1013 1570
2400 824
1667 107
2555 2844
456 604
2338 2473
358 1307
1572 2891
280 242
270 1363
262 1678
965 1019
1788 894
36 806
474 1509
944 984
1737 1205
641 182
2799 1931
1380 922
1837 496
2884 1624
2960 243
2047 2108
2921 165
2920 971
2582 509
1595 648
2727 1563
1462 2057
2170 2205
1857 45
430 2853
1060 755
2187 524
954 970
2345 1667
1704 696
2870 691
1579 2119
2235 2811
1253 159
441 1748
2217 1758
2707 449
37 138
2587 2396
666 2515
854 1691
2873 2797
2948 1397
1738 193
2453 1040
573 1330
1112 1415
1149 1169
96 697
489 1444
1670 592
2233 540
1551 686
2685 2238
154 2107
2606 467
2811 1861
1889 2165
2733 1025
1126 1659
2667 1016
1884 848
1334 215
1700 1365
2556 1460
201 2273
652 2699
2026 859
2872 2949
1240 2605
2997 225
1267 2864
2832 756
1268 1487
2673 739
1100 2668
397 868
1859 2464
1989 2342
1224 1468
218 307
1016 1131
275 2500
1208 656
2496 873
2385 1622
2460 383
95 1017
2418 1833
65 345
2882 431
333 2493
231 2489
1600 1589
248 2923
431 1424
2783 2037
1527 1161
1764 2755
372 407
1093 2758
2640 1325
1154 2015
2501 1585
1622 1517
1412 636
1333 1531
550 586
1663 1757
3000 2355
1434 2272
2571 2484
1710 224
2151 937
1942 226
2315 1802
1546 2559
813 1834
2966 1333
1424 935
2402 432
1089 679
313 2421
2897 2542
1270 310
1705 2693
1554 643
2020 1332
1121 2534
2977 301
2473 1251
609 420
655 200
1782 1050
1656 1384
2855 398
229 673
1747 689
1119 1419
1772 2117
100 2744
244 357
386 2722
904 1926
2243 2989
171 1457
2191 925
928 2845
258 644
2554 451
537 2416
1959 1989
2892 216
2491 2666
42 1892
1957 25
1078 315
329 1346
8 1148
2014 272
1606 2450
2596 2395
29 1840
297 1580
1085 959
2301 373
2300 2288
5 1652
865 26
2854 2319
2256 2812
435 2682
2724 1289
1168 509
2644 2912
1581 209
1894 733
2118 124
2807 2813
2089 2478
1698 796
1286 2069
1906 628
337 2056
2224 144
377 1576
2890 22
548 2346
863 1392
2172 2023
2352 2773
1823 472
166 2618
206 921
2913 2902
196 1735
985 258
1790 1123
501 2159
1874 2071
1719 1847
1995 386
1598 1213
1550 1832
19 2556
886 903
323 828
1193 1302
2735 2095
2268 1916
356 2073
1086 1725
2722 2897
2664 2164
2541 1047
2666 113
2082 561
1632 869
1654 1983
1219 2522
1561 2261
579 900
1229 634
716 2072
463 2229
2149 1654
2511 1800
266 376
20 2343
1230 2036
2156 928
1757 1275
50 104
1466 2231
2558 2209
734 471
2176 2585
151 924
729 192
103 1842
415 2402
408 2562
286 345
211 2120
927 1345
1338 1715
2169 2604
1904 347
1247 93
1320 2414
1648 2689
290 833
866 312
2548 464
2683 2932
2104 1723
2150 60
785 1453
265 1542
2053 2224
1188 996
1793 2124
742 1256
2063 678
960 2589
22 1746
2253 198
962 2908
1830 2969
1411 2474
779 1467
576 932
2110 1154
1538 2581
2062 839
610 2728
1608 129
1785 618
2339 2823
1470 570
2120 2644
885 2796
1048 878
416 2703
1197 68
161 652
2381 1027
2034 1628
2406 1039
1935 2167
679 2716
811 641
1741 1505
2909 1421
1895 2886
1564 1341
2568 1922
1877 335
2040 1567
2073 2961
583 1141
1691 2653
2711 2588
1537 1536
1908 728
949 2739
929 2058
1838 893
1971 295
706 286
2535 2558
2368 991
2424 906
888 2559
1905 1474
942 288
2659 2658
1300 1656
1505 253
2007 1304
2142 29
2787 185
593 2704
462 2504
1440 2788
1631 1507
1725 365
2222 479
1644 654
1033 2802
1472 2360
915 1491
1399 1065
2962 2488
836 302
2936 767
169 913
2986 2582
543 1315
1095 2490
935 349
2201 409
1933 2214
1696 1409
1316 2067
483 1186
299 1945
1542 1713
711 1429
1841 2775
1637 990
2592 979
490 1687
317 269
691 136
234 2174
1129 1808
1261 1070
294 892
1673 2647
1751 1516
1653 2705
699 1484
2856 847
277 2540
38 1033
1371 2848
807 512
770 2181
1304 127
2923 1234
475 1099
225 452
2875 1361
988 2206
1241 2615
1987 2249
808 2973
2303 821
1735 1877
643 324
1518 566
1296 1645
1039 721
2399 1139
851 2752
1483 2480
9 1888
1079 2555
1012 2330
1030 2262
752 1722
582 1700
1271 2129
2349 1957
254 2713
2115 1852
829 1569
1511 2910
1548 2183
1361 2208
2363 2401
2221 462
2117 355
2839 1876
259 70
1405 1918
619 445
1604 1066
1539 2180
1496 1791
2443 1410
1323 1485
2794 1719
2660 102
585 689
2846 1458
2770 1794
2410 2404
1393 980
1456 2041
540 2729
2136 2283
1317 1883
825 2706
468 230
2148 1831
2192 2512
1002 1374
319 1192
77 2584
406 1147
775 372
1727 1985
1626 2293
1740 163
629 380
1464 195
230 2662
429 1238
2128 2090
2952 1523
1015 1101
1592 1508
2808 2679
2950 1759
696 1471
2728 2385
1278 92
157 2264
1842 379
2842 1574
2519 2326
1755 1493
1714 473
1633 2316
2604 1348
1980 663
2731 2473
1665 2382
1415 1631
1057 914
236 2726
2294 360
281 730
428 1082
1529 1846
2773 2986
1687 2166
940 1009
2878 436
1506 1353
2230 367
222 1682
1428 2907
2614 1837
1222 327
2801 698
2116 52
771 2707
1131 176
997 2997
817 1573
2023 1642
1076 2785
1558 598
1031 266
1898 115
2956 2759
508 1242
513 819
1285 1252
2757 1863
1786 1235
2274 442
365 2104
1310 782
1258 2002
2015 1920
2304 800
724 1160
464 1732
810 2139
150 244
1846 85
325 246
759 457
1264 2376
1339 214
495 1405
138 709
2507 1299
2490 2393
343 1296
2564 817
2857 1498
156 2822
1682 736
2911 2826
2708 534
1909 358
330 2198
2197 2927
2739 2942
285 1998
882 2536
1803 1187
1777 343
400 1540
581 1488
255 117
1516 558
525 32
789 2219
1290 44
2805 1651
1675 2645
1465 503
2435 1822
615 2916
1887 2947
2458 354
1480 241
1816 1402
2143 508
2065 2931
2312 2084
831 835
898 1438
1969 1106
557 2996
197 774
2995 350
2740 441
1244 2890
502 382
2671 1004
1459 1784
830 1839
1284 1801
1235 692
425 1836
1059 524
2122 1134
350 196
1609 1763
761 1367
1972 424
2691 1097
1410 2258
1431 2228
1549 9
242 1061
2441 938
2260 10
1792 312
284 569
2420 622
2619 2724
2613 2022
568 71
1618 2593
339 261
2251 2508
874 882
1082 852
750 729
946 2325
1689 1105
2812 2068
978 2945
426 1993
189 1380
1067 1317
812 724
2284 1418
1746 677
123 1212
2762 2502
1120 2328
312 30
482 2456
1828 1670
1651 758
728 2237
1034 2664
626 562
127 2089
2931 1605
2324 1403
2173 1685
757 1103
1949 2572
1754 605
2211 34
745 2870
1563 1408
2645 2762
75 858
2178 344
1417 1841
1153 119
2407 2733
17 2111
1679 1613
2425 1049
1151 1568
2765 1949
486 1273
1386 2818
357 1697
2145 2439
1544 547
1150 2984
1744 1098
659 1512
1808 1788
1723 626
1545 1503
185 2965
1427 1952
1574 2660
1354 481
314 1230
1953 2586
18 717
624 1630
2242 1956
2018 2505
1273 2646
1357 2501
1231 1248
2743 2712
2331 501
2885 1497
2815 44
1504 1219
1966 720
1216 831
235 770
2054 2424
137 2520
2167 1166
2158 2977
1455 1504
2791 1282
1839 222
1179 1702
2373 2074
1295 2218
107 1163
2943 2684
1195 450
1599 96
1941 2919
2223 1825
2317 1765
566 428
923 2353
773 1940
1196 2301
979 2234
272 1426
1299 309
2509 1692
1509 2956
2653 2871
764 851
1072 751
1706 642
2232 2734
2588 1669
249 2819
1407 425
952 1261
2639 771
2776 2742
1329 2194
360 240
551 2433
2779 155
2669 359
481 791
2237 1629
723 1482
1325 687
511 438
342 292
969 1606
1205 2896
1893 2636
2899 1150
2510 2694
599 2189
102 1483
158 1201
493 1779
2452 186
672 2630
1477 2372
1901 738
1708 2518
182 1396
2665 120
2562 2725
925 784
1041 1460
1164 1795
790 2650
2316 1291
344 2854
782 89
2071 535
590 1047
2332 2281
1018 2313
2344 2241
567 2157
149 430
1916 1143
839 1274
760 229
116 1393
1614 834
307 2841
24 2727
2970 849
572 2302
1968 609
1220 2366
184 2201
1289 1564
1827 1756
2611 2549
850 1644
1484 1182
2626 122
1198 572
681 2951
1756 2866
531 2753
972 2409
1077 1223
1202 1814
1194 1357
2069 197
620 565
2130 2097
1473 2881
2944 526
1439 520
1634 2031
639 1895
2132 701
2860 1434
399 1919
2366 1496
2559 702
1490 1377
1421 108
2341 2250
1162 1021
1054 346
310 1014
2505 2968
2109 1323
2761 121
1990 2158
1161 2578
2164 1313
909 1684
27 1510
1251 231
1260 1080
2513 157
2010 2957
2426 957
1444 2756
2549 2991
2387 655
1134 1633
221 795
1011 1226
802 1738
656 1693
539 2532
735 2236
2430 2675
460 1792
1925 2743
2508 591
2421 952
23 2686
1327 1117
843 1742
326 2267
1259 2459
1707 1792
2746 976
76 2291
1492 2973
975 1674
2692 2878
653 1311
592 463
1294 929
516 1549
630 706
1720 2211
2547 1551
1469 1754
247 2425
2393 1704
374 2260
1956 36
1647 722
387 2392
1075 2481
1221 2357
2538 336
2314 890
822 1074
562 456
553 493
2307 2954
538 1448
291 2663
2293 742
2655 1463
1050 2966
1234 340
379 1560
605 517
1681 1997
1672 2445
651 1680
1620 396
2701 2715
856 2335
2046 2232
306 232
507 1217
217 2325
2376 2631
1022 1514
2542 2259
768 994
1850 453
1870 1267
2091 1750
2797 228
1389 2193
2834 541
780 1594
1582 2415
1452 2539
423 1715
2550 2030
1947 1909
1967 285
2127 2617
2552 55
1743 1524
1731 416
654 2814
2891 1878
890 48
396 2978
351 2980
569 788
1400 2719
1853 2203
4 1547
2904 2019
709 2550
1207 2137
1896 2913
1372 556
668 2361
840 2830
368 211
1531 1974
517 1221
1729 1872
2933 2895
1835 1782
1282 183
2013 1655
1349 874
446 522
274 2698
53 2627
1293 1596
2809 1389
1761 1562
2068 2745
1326 2612
725 1038
1923 2438
631 2545
560 2222
2990 750
2544 2892
591 2770
2565 1943
2044 2118
2910 2982
2975 2044
2016 1073
2622 290
1536 1011
860 1900
1148 24
1330 66
2391 1015
2239 135
2231 1086
1366 1965
183 1196
411 2872
1088 2391
545 1078
727 703
1177 2460
2445 2583
316 1810
1025 1518
1615 1766
1540 414
2311 1649
1821 1513
214 2215
541 2077
382 1176
14 1530
391 404
2967 1887
2093 1483
1804 267
2336 1777
1928 275
1394 695
1335 780
877 619
804 1072
2848 1003
2292 178
2788 132
2512 148
688 1650
2955 2217
2831 2449
1630 1211
788 97
121 1787
2295 960
2674 137
638 2146
2844 1640
2079 374
694 2994
2537 2553
2417 2147
2889 2103
1071 911
1965 2160
755 2365
980 2292
602 2835
737 250
1794 919
2500 2256
347 400
276 926
787 2405
977 2995
2629 2331
2972 1459
90 2939
2139 889
1096 954
1500 2527
976 1023
1982 1001
2771 1984
2196 2270
2745 2447
753 2410
1976 4
2883 1555
2753 454
2763 1653
2598 2806
1457 2076
2200 1329
2009 988
2617 699
2526 1854
188 2051
2296 270
2737 1927
2270 1247
902 1683
814 1520
2989 2516
580 750
1748 2626
1515 1390
293 863
903 1413
889 2765
278 798
177 83
209 218
1135 1087
2756 1024
957 803
1684 1896
47 992
305 2499
2212 1652
48 2230
2903 437
345 1785
1143 865
2275 2186
39 2491
673 1183
514 1284
2600 2625
2676 2320
224 902
1450 1737
2679 1501
2298 1112
1973 554
1287 289
450 5
1123 2264
1215 1189
2573 2153
1136 1583
2994 1277
1834 2563
2160 1137
876 2282
373 1951
296 1481
778 1170
1324 2933
2586 2039
2056 2723
2401 2710
710 177
2591 2380
554 2009
1580 827
693 387
2389 2555
2480 1145
2327 2208
916 799
2113 1428
1619 2440
2199 578
1789 63
1784 2731
1819 3
2357 133
1392 1866
472 2885
2879 1151
257 2476
558 2363
2713 2687
2405 2777
324 2730
503 731
2628 2143
191 1901
1467 1300
424 2457
2174 419
2165 139
2657 2749
327 1492
542 877
1879 2496
79 863
2448 2205
2793 519
404 1706
2364 190
1232 1867
2868 2735
1359 764
1425 953
1340 1447
2485 1864
2551 1157
92 2233
348 239
2427 802
794 773
1070 439
828 1110
2954 1305
1402 716
1042 2648
1920 1641
1437 1986
731 2535
2416 146
910 2601
528 2140
2048 658
216 575
1900 579
685 1430
2934 2784
152 112
1214 2651
2987 1683
1495 247
1507 783
452 1754
2360 21
2572 1148
941 820
1668 1020
2523 1287
2778 1466
2209 915
2529 2998
1254 1129
210 1037
2478 752
692 2053
1189 2106
2822 1577
241 1204
1499 2255
1288 1731
1865 772
555 1388
869 490
2347 1133
2379 1452
2630 199
1062 1056
2492 2564
956 1410
1817 2825
895 775
2092 1673
252 1584
1365 2426
1152 790
1387 1521
1926 318
547 1615
2585 2411
488 776
1331 1936
2060 801
140 1202
73 560
1799 2567
2141 271
2935 2827
973 1805
1951 41
352 2442
1474 35
1497 885
781 2921
838 785
2833 1921
1593 12
2153 2596
660 2345
1513 2033
614 19
2382 2
2051 861
670 1970
311 2269
2101 2711
1638 2801
1182 99
1726 616
2764 1116
1810 2229
521 661
283 316
440 2506
1382 50
2238 130
2636 1772
68 1138
906 2333
518 2094
1520 2324
570 150
480 2550
2147 2204
2 2177
2041 2135
1311 1465
2390 1811
1596 1028
1641 1318
16 277
111 2209
2342 2359
799 681
2210 761
2820 109
792 910
2732 1720
465 1686
2494 2790
461 58
884 1445
26 204
202 781
2747 1971
2540 46
1570 1910
2181 1487
677 255
2111 1171
943 143
1321 532
1187 348
1922 2098
2561 1705
2516 210
371 2379
433 1478
492 54
791 2176
578 1925
1104 162
124 118
64 945
1602 59
1341 444
318 2533
273 1618
665 2654
2748 1539
1113 330
413 2911
2717 787
529 1222
1657 2805
845 1835
2915 2654
2827 982
2463 2394
2124 2846
2072 2524
1171 1769
2979 1616
288 2120
2203 2993
2308 597
938 2105
439 2598
2258 1342
1019 2497
2518 1228
84 329
83 2252
2816 1796
1332 1043
1766 2922
93 1328
1038 482
646 2427
2482 1610
2004 2568
21 94
857 43
2318 2235
2386 2971
267 2964
2699 518
2597 1454
2633 1838
1530 2569
700 1399
2202 2899
2061 1301
1418 2286
473 755
298 478
454 1462
2472 2808
2133 2125
2819 2856
846 1690
1108 2702
549 2265
2437 487
1878 2408
301 371
2663 1348
2499 659
740 1740
1514 1038
2760 2289
45 1185
2019 2783
260 1957
2900 1358
743 2227
2583 762
2658 907
2321 2867
2140 675
2356 1917
168 2192
2326 2887
748 1260
2503 1416
982 2590
1802 2276
2037 1981
1702 2795
1350 412
1587 1709
131 931
1674 297
2440 1084
1319 747
2240 390
1709 1777
2750 1908
674 1798
94 1026
1994 582
1238 1535
2098 2096
2470 2873
2000 2901
2497 1962
2566 278
2036 2609
1026 2955
2567 1279
388 1856
625 497
1812 314
295 637
722 413
2696 1338
2574 2185
712 1094
2080 2641
1978 1144
1946 1599
2589 2544
2686 2038
2220 2672
705 1010
2161 620
1115 2944
136 995
1246 1042
1298 361
2545 2768
1068 1385
1977 1841
98 2318
190 1470
1307 1489
2928 1870
164 2670
175 2175
1617 2962
1815 723
2914 411
2198 2959
1728 282
126 72
194 1309
1795 715
1660 168
410 1953
1809 931
1783 593
1722 1469
2937 2148
698 2254
2772 645
1892 1681
1448 1538
193 2837
1954 15
1680 1382
2651 2390
1880 455
176 613
2800 574
2953 1869
139 1495
1576 1913
2525 1597
443 1364
608 189
603 1167
51 719
2742 2486
1493 632
1009 2987
1567 1381
82 2748
1237 151
1398 895
2254 684
1468 1821
2398 328
556 621
959 1088
1084 1236
1391 2149
2279 1665
2188 2507
809 1755
61 1828
1127 2070
1763 459
2720 1604
574 51
1226 1565
595 2334
362 2332
180 1314
2759 766
2204 2740
675 174
2131 1608
834 543
1274 173
2677 2860
2272 2047
1209 2482
1862 1657
1695 2055
871 254
1717 2168
2050 1982
1487 760
2817 2721
596 1813
816 778
847 2477
1774 595
1211 2851
1453 2543
70 580
2919 713
622 2303
2163 1961
2662 1441
512 317
2980 521
132 2006
1368 2832
1970 1881
2780 2821
687 1996
1438 1294
1998 1564
2288 1955
56 686
2333 1013
1927 2879
1053 2483
2599 2677
1521 1930
853 90
2383 1672
2055 2637
1655 1432
1863 2779
133 2525
1090 1853
1184 2884
911 1340
520 529
1559 1679
611 1635
2704 1660
2087 1485
1826 158
1200 876
1590 2810
2371 2952
170 1297
338 1233
867 201
162 134
2974 855
261 1607
122 1135
74 341
1919 983
2988 7
2835 2738
767 2708
2005 1695
1322 2999
1979 480
880 668
67 2570
1370 2597
2522 2350
2949 1010
1004 1911
990 1500
2682 1710
233 672
1416 1216
1111 2007
509 551
2859 1308
2450 2697
476 2349
268 2397
2648 11
2289 1442
908 2274
215 1370
1426 1018
1824 2528
2378 1439
2700 2479
2102 415
2615 2386
2570 806
2703 1035
1172 477
1292 1857
1262 1893
1881 533
1652 28
2874 1258
939 2370
2077 2587
575 1494
2449 2862
2183 175
635 2876
1847 2685
1239 1175
2902 160
240 2122
2208 2092
996 1245
1940 2562
1125 270
1306 2829
1519 2432
1176 2531
1107 1890
304 1270
598 325
806 1786
300 1661
467 1957
2641 1118
355 2888
1051 1334
2137 1265
2171 1914
86 385
2185 2377
160 2503
634 119
212 2298
2182 300
458 2266
448 2638
841 1159
2155 2475
1697 2798
504 2295
453 2847
2924 1355
2810 853
1501 2834
519 2452
1832 2115
2064 1160
738 498
43 1440
2487 2420
1876 486
1758 1995
1864 1
186 256
2539 2356
2593 1336
1733 986
1446 1366
1482 2843
1871 843
2214 2297
2631 1041
1091 1905
1628 381
2534 1999
1849 948
747 1730
251 1288
2898 2817
2668 461
1781 2371
2610 2519
833 1327
2866 2348
1640 1534
1807 627
1796 2065
832 1036
2940 712
1346 2046
1069 2045
384 567
499 2905
1945 366
2218 1407
932 897
510 1264
2227 1280
1555 908
1423 1807
434 2368
2302 967
533 2561
2319 2579
2096 2547
1629 599
1318 958
1081 2877
2795 1055
995 754
2840 2223
2372 1694
1875 202
707 1977
2213 491
109 2220
2836 1031
1233 2322
1868 536
2432 2683
1975 171
2752 693
418 2815
1934 2400
1142 1281
2177 180
