3000
2 1
3 2
4 2
5 3
6 2
7 1
8 2
9 5
10 2
11 8
12 7
13 7
14 6
15 7
16 5
17 16
18 9
19 12
20 5
21 14
22 4
23 4
24 6
25 13
26 18
27 25
28 6
29 27
30 17
31 21
32 9
33 26
34 33
35 19
36 12
37 19
38 28
39 15
40 37
41 21
42 27
43 22
44 35
45 44
46 28
47 37
48 32
49 34
50 39
51 49
52 51
53 52
54 36
55 43
56 40
57 54
58 43
59 41
60 35
61 44
62 40
63 42
64 55
65 46
66 59
67 64
68 49
69 50
70 61
71 62
72 55
73 70
74 71
75 56
76 67
77 61
78 56
79 55
80 65
81 66
82 67
83 68
84 63
85 71
86 68
87 80
88 73
89 68
90 67
91 86
92 87
93 69
94 93
95 71
96 86
97 76
98 94
99 89
100 76
101 93
102 98
103 99
104 98
105 99
106 103
107 94
108 85
109 84
110 107
111 92
112 96
113 106
114 101
115 114
116 101
117 101
118 104
119 104
120 111
121 102
122 97
123 103
124 105
125 107
126 124
127 111
128 126
129 122
130 120
131 117
132 124
133 130
134 113
135 113
136 113
137 129
138 137
139 129
140 128
141 132
142 118
143 125
144 139
145 124
146 127
147 135
148 141
149 141
150 149
151 150
152 143
153 147
154 149
155 144
156 141
157 156
158 139
159 137
160 153
161 150
162 139
163 149
164 139
165 162
166 160
167 158
168 144
169 148
170 169
171 167
172 152
173 157
174 168
175 166
176 162
177 173
178 175
179 160
180 165
181 156
182 166
183 165
184 165
185 170
186 180
187 171
188 187
189 176
190 179
191 167
192 185
193 187
194 185
195 172
196 175
197 195
198 173
199 198
200 181
201 183
202 178
203 186
204 185
205 184
206 202
207 195
208 205
209 195
210 188
211 210
212 200
213 200
214 199
215 214
216 207
217 193
218 195
219 208
220 208
221 198
222 202
223 209
224 214
225 215
226 225
227 215
228 204
229 211
230 228
231 212
232 212
233 226
234 216
235 223
236 215
237 232
238 215
239 221
240 217
241 238
242 234
243 230
244 235
245 243
246 225
247 239
248 232
249 226
250 249
251 236
252 248
253 237
254 234
255 250
256 244
257 235
258 239
259 240
260 246
261 258
262 255
263 255
264 260
265 249
266 242
267 244
268 249
269 255
270 245
271 266
272 265
273 256
274 270
275 251
276 260
277 276
278 275
279 272
280 279
281 260
282 260
283 275
284 278
285 268
286 268
287 275
288 279
289 273
290 285
291 268
292 272
293 270
294 274
295 275
296 280
297 288
298 279
299 295
300 283
301 292
302 280
303 298
304 297
305 280
306 299
307 286
308 296
309 299
310 296
311 309
312 299
313 290
314 291
315 312
316 310
317 313
318 299
319 294
320 303
321 318
322 315
323 301
324 306
325 308
326 306
327 322
328 312
329 319
330 328
331 313
332 327
333 324
334 329
335 317
336 311
337 319
338 314
339 326
340 315
341 325
342 334
343 336
344 321
345 324
346 336
347 324
348 328
349 326
350 326
351 332
352 343
353 346
354 333
355 353
356 352
357 342
358 356
359 347
360 339
361 341
362 340
363 344
364 351
365 345
366 358
367 365
368 366
369 345
370 367
371 363
372 355
373 358
374 351
375 365
376 368
377 356
378 357
379 364
380 364
381 375
382 371
383 364
384 370
385 373
386 378
387 363
388 372
389 383
390 365
391 373
392 370
393 386
394 374
395 390
396 386
397 382
398 381
399 390
400 384
401 383
402 388
403 397
404 386
405 390
406 393
407 397
408 407
409 396
410 402
411 394
412 392
413 401
414 390
415 391
416 396
417 408
418 411
419 418
420 411
421 409
422 417
423 420
424 417
425 415
426 413
427 411
428 421
429 414
430 426
431 418
432 424
433 409
434 424
435 433
436 419
437 429
438 427
439 425
440 431
441 426
442 426
443 429
444 438
445 443
446 424
447 438
448 424
449 434
450 427
451 434
452 447
453 433
454 449
455 435
456 437
457 435
458 456
459 436
460 438
461 457
462 450
463 462
464 441
465 451
466 463
467 449
468 450
469 448
470 467
471 462
472 453
473 472
474 467
475 469
476 464
477 467
478 477
479 477
480 479
481 464
482 481
483 464
484 475
485 466
486 484
487 476
488 483
489 468
490 482
491 473
492 470
493 489
494 489
495 471
496 494
497 483
498 491
499 490
500 476
501 478
502 480
503 485
504 501
505 485
506 487
507 493
508 502
509 505
510 505
511 493
512 509
513 488
514 494
515 500
516 508
517 515
518 494
519 517
520 512
521 504
522 517
523 511
524 510
525 507
526 514
527 523
528 519
529 512
530 529
531 513
532 527
533 532
534 525
535 514
536 512
537 529
538 526
539 529
540 520
541 530
542 536
543 533
544 526
545 538
546 530
547 536
548 524
549 537
550 537
551 545
552 539
553 532
554 546
555 536
556 531
557 541
558 552
559 554
560 556
561 546
562 547
563 552
564 557
565 554
566 559
567 565
568 554
569 565
570 566
571 553
572 558
573 568
574 554
575 574
576 572
577 564
578 569
579 571
580 568
581 562
582 572
583 566
584 574
585 584
586 565
587 577
588 563
589 588
590 566
591 574
592 567
593 586
594 578
595 578
596 588
597 585
598 588
599 595
600 597
601 596
602 589
603 596
604 586
605 580
606 602
607 584
608 595
609 591
610 608
611 591
612 603
613 593
614 607
615 598
616 605
617 616
618 603
619 613
620 609
621 614
622 603
623 606
624 607
625 620
626 624
627 618
628 623
629 625
630 617
631 621
632 608
633 627
634 625
635 614
636 620
637 627
638 613
639 620
640 625
641 618
642 630
643 622
644 635
645 629
646 623
647 629
648 632
649 635
650 641
651 649
652 638
653 635
654 629
655 636
656 654
657 652
658 643
659 642
660 651
661 647
662 645
663 648
664 649
665 641
666 657
667 645
668 645
669 656
670 658
671 665
672 653
673 653
674 650
675 651
676 658
677 662
678 656
679 672
680 666
681 669
682 681
683 667
684 663
685 670
686 669
687 683
688 682
689 678
690 680
691 667
692 673
693 682
694 685
695 685
696 671
697 683
698 685
699 690
700 689
701 679
702 698
703 683
704 690
705 695
706 693
707 692
708 684
709 685
710 702
711 704
712 694
713 688
714 709
715 710
716 695
717 705
718 709
719 714
720 704
721 705
722 718
723 712
724 700
725 716
726 706
727 713
728 707
729 724
730 729
731 715
732 721
733 726
734 721
735 726
736 722
737 728
738 722
739 738
740 722
741 730
742 735
743 727
744 739
745 735
746 723
747 734
748 747
749 725
750 741
751 744
752 746
753 737
754 747
755 737
756 752
757 740
758 753
759 750
760 756
761 758
762 745
763 741
764 740
765 745
766 753
767 742
768 755
769 756
770 765
771 762
772 766
773 772
774 761
775 750
776 769
777 775
778 759
779 767
780 771
781 768
782 761
783 764
784 768
785 767
786 777
787 764
788 778
789 783
790 780
791 778
792 782
793 777
794 780
795 788
796 777
797 794
798 777
799 774
800 785
801 785
802 786
803 783
804 797
805 785
806 785
807 805
808 803
809 801
810 805
811 794
812 804
813 806
814 807
815 810
816 800
817 804
818 804
819 813
820 805
821 815
822 804
823 818
824 822
825 813
826 814
827 821
828 824
829 823
830 824
831 807
832 828
833 819
834 822
835 823
836 815
837 831
838 830
839 823
840 830
841 839
842 832
843 829
844 822
845 822
846 844
847 836
848 835
849 842
850 844
851 845
852 840
853 834
854 833
855 832
856 855
857 849
858 845
859 843
860 841
861 841
862 842
863 845
864 859
865 863
866 845
867 853
868 847
869 853
870 869
871 864
872 856
873 857
874 870
875 851
876 854
877 858
878 860
879 861
880 856
881 880
882 861
883 879
884 875
885 861
886 879
887 884
888 882
889 877
890 880
891 869
892 873
893 871
894 891
895 878
896 890
897 873
898 893
899 897
900 892
901 894
902 891
903 888
904 896
905 886
906 902
907 890
908 900
909 900
910 905
911 898
912 887
913 905
914 908
915 890
916 910
917 906
918 898
919 904
920 910
921 897
922 920
923 913
924 923
925 913
926 903
927 922
928 915
929 924
930 925
931 912
932 918
933 908
934 915
935 926
936 926
937 921
938 924
939 937
940 919
941 930
942 923
943 937
944 933
945 923
946 936
947 933
948 939
949 941
950 947
951 935
952 945
953 937
954 936
955 937
956 941
957 935
958 933
959 939
960 955
961 953
962 939
963 960
964 943
965 955
966 964
967 953
968 963
969 957
970 946
971 947
972 967
973 971
974 964
975 965
976 967
977 960
978 976
979 964
980 961
981 958
982 967
983 968
984 977
985 974
986 982
987 985
988 977
989 979
990 984
991 967
992 974
993 972
994 986
995 973
996 982
997 972
998 981
999 996
1000 983
1001 983
1002 983
1003 1000
1004 997
1005 980
1006 984
1007 987
1008 1005
1009 1008
1010 988
1011 988
1012 992
1013 992
1014 990
1015 991
1016 997
1017 1011
1018 1017
1019 1009
1020 1014
1021 1017
1022 1003
1023 1000
1024 1004
1025 1021
1026 1009
1027 1019
1028 1020
1029 1019
1030 1005
1031 1021
1032 1025
1033 1029
1034 1011
1035 1015
1036 1013
1037 1013
1038 1016
1039 1021
1040 1035
1041 1035
1042 1028
1043 1033
1044 1042
1045 1039
1046 1027
1047 1046
1048 1045
1049 1030
1050 1048
1051 1036
1052 1027
1053 1045
1054 1035
1055 1049
1056 1051
1057 1035
1058 1052
1059 1055
1060 1040
1061 1053
1062 1057
1063 1040
1064 1062
1065 1040
1066 1055
1067 1053
1068 1048
1069 1049
1070 1059
1071 1060
1072 1066
1073 1059
1074 1052
1075 1063
1076 1069
1077 1072
1078 1062
1079 1064
1080 1056
1081 1072
1082 1077
1083 1070
1084 1078
1085 1074
1086 1069
1087 1081
1088 1064
1089 1073
1090 1066
1091 1074
1092 1074
1093 1086
1094 1090
1095 1085
1096 1083
1097 1078
1098 1092
1099 1083
1100 1095
1101 1078
1102 1098
1103 1081
1104 1103
1105 1083
1106 1101
1107 1104
1108 1102
1109 1085
1110 1095
1111 1096
1112 1099
1113 1102
1114 1097
1115 1110
1116 1114
1117 1106
1118 1117
1119 1110
1120 1116
1121 1118
1122 1103
1123 1116
1124 1100
1125 1113
1126 1119
1127 1113
1128 1125
1129 1104
1130 1129
1131 1107
1132 1110
1133 1121
1134 1125
1135 1132
1136 1114
1137 1117
1138 1128
1139 1137
1140 1120
1141 1120
1142 1130
1143 1131
1144 1122
1145 1125
1146 1130
1147 1124
1148 1143
1149 1132
1150 1139
1151 1137
1152 1132
1153 1138
1154 1133
1155 1142
1156 1154
1157 1152
1158 1149
1159 1145
1160 1144
1161 1156
1162 1161
1163 1161
1164 1145
1165 1150
1166 1149
1167 1154
1168 1159
1169 1156
1170 1147
1171 1146
1172 1171
1173 1153
1174 1166
1175 1164
1176 1152
1177 1153
1178 1161
1179 1161
1180 1170
1181 1168
1182 1161
1183 1163
1184 1166
1185 1178
1186 1184
1187 1172
1188 1179
1189 1183
1190 1183
1191 1190
1192 1185
1193 1189
1194 1169
1195 1193
1196 1186
1197 1192
1198 1189
1199 1178
1200 1177
1201 1196
1202 1200
1203 1187
1204 1192
1205 1186
1206 1200
1207 1194
1208 1206
1209 1195
1210 1209
1211 1207
1212 1199
1213 1196
1214 1189
1215 1195
1216 1195
1217 1198
1218 1206
1219 1203
1220 1196
1221 1216
1222 1218
1223 1202
1224 1218
1225 1223
1226 1223
1227 1217
1228 1206
1229 1212
1230 1225
1231 1226
1232 1207
1233 1225
1234 1220
1235 1229
1236 1225
1237 1227
1238 1231
1239 1216
1240 1223
1241 1236
1242 1217
1243 1229
1244 1227
1245 1241
1246 1221
1247 1224
1248 1244
1249 1235
1250 1229
1251 1249
1252 1247
1253 1236
1254 1234
1255 1245
1256 1234
1257 1248
1258 1250
1259 1248
1260 1244
1261 1250
1262 1253
1263 1240
1264 1246
1265 1262
1266 1265
1267 1245
1268 1266
1269 1246
1270 1249
1271 1253
1272 1259
1273 1248
1274 1271
1275 1267
1276 1264
1277 1256
1278 1264
1279 1267
1280 1260
1281 1265
1282 1269
1283 1262
1284 1279
1285 1281
1286 1264
1287 1271
1288 1271
1289 1283
1290 1272
1291 1279
1292 1291
1293 1273
1294 1290
1295 1281
1296 1286
1297 1282
1298 1296
1299 1289
1300 1296
1301 1289
1302 1298
1303 1283
1304 1284
1305 1282
1306 1296
1307 1282
1308 1291
1309 1304
1310 1296
1311 1292
1312 1310
1313 1311
1314 1308
1315 1300
1316 1297
1317 1307
1318 1294
1319 1307
1320 1308
1321 1313
1322 1319
1323 1304
1324 1321
1325 1324
1326 1309
1327 1324
1328 1305
1329 1319
1330 1325
1331 1317
1332 1320
1333 1314
1334 1316
1335 1315
1336 1327
1337 1320
1338 1330
1339 1328
1340 1322
1341 1322
1342 1334
1343 1335
1344 1319
1345 1328
1346 1323
1347 1339
1348 1330
1349 1348
1350 1333
1351 1336
1352 1331
1353 1347
1354 1333
1355 1342
1356 1337
1357 1334
1358 1343
1359 1337
1360 1336
1361 1357
1362 1341
1363 1357
1364 1350
1365 1363
1366 1353
1367 1362
1368 1361
1369 1356
1370 1363
1371 1354
1372 1355
1373 1368
1374 1369
1375 1370
1376 1357
1377 1369
1378 1356
1379 1375
1380 1363
1381 1371
1382 1380
1383 1363
1384 1382
1385 1370
1386 1372
1387 1370
1388 1375
1389 1387
1390 1375
1391 1371
1392 1385
1393 1390
1394 1370
1395 1374
1396 1378
1397 1377
1398 1381
1399 1392
1400 1393
1401 1388
1402 1383
1403 1399
1404 1401
1405 1392
1406 1387
1407 1383
1408 1385
1409 1407
1410 1399
1411 1399
1412 1390
1413 1403
1414 1389
1415 1397
1416 1405
1417 1415
1418 1393
1419 1413
1420 1402
1421 1401
1422 1409
1423 1403
1424 1410
1425 1419
1426 1416
1427 1415
1428 1423
1429 1406
1430 1413
1431 1414
1432 1409
1433 1409
1434 1424
1435 1414
1436 1431
1437 1429
1438 1422
1439 1428
1440 1434
1441 1429
1442 1422
1443 1419
1444 1440
1445 1427
1446 1444
1447 1444
1448 1442
1449 1429
1450 1439
1451 1438
1452 1439
1453 1446
1454 1435
1455 1450
1456 1452
1457 1452
1458 1436
1459 1446
1460 1456
1461 1445
1462 1442
1463 1440
1464 1443
1465 1441
1466 1465
1467 1460
1468 1454
1469 1450
1470 1457
1471 1466
1472 1465
1473 1453
1474 1467
1475 1469
1476 1455
1477 1472
1478 1459
1479 1458
1480 1462
1481 1478
1482 1478
1483 1471
1484 1480
1485 1475
1486 1470
1487 1468
1488 1482
1489 1478
1490 1488
1491 1477
1492 1485
1493 1477
1494 1480
1495 1493
1496 1490
1497 1492
1498 1479
1499 1478
1500 1492
1501 1499
1502 1499
1503 1490
1504 1479
1505 1490
1506 1499
1507 1503
1508 1500
1509 1490
1510 1507
1511 1495
1512 1500
1513 1502
1514 1493
1515 1513
1516 1514
1517 1516
1518 1499
1519 1497
1520 1516
1521 1513
1522 1503
1523 1516
1524 1519
1525 1518
1526 1517
1527 1520
1528 1503
1529 1516
1530 1515
1531 1529
1532 1507
1533 1530
1534 1516
1535 1513
1536 1532
1537 1514
1538 1522
1539 1518
1540 1525
1541 1533
1542 1524
1543 1530
1544 1537
1545 1524
1546 1533
1547 1538
1548 1542
1549 1530
1550 1544
1551 1540
1552 1528
1553 1548
1554 1531
1555 1540
1556 1555
1557 1538
1558 1552
1559 1552
1560 1550
1561 1541
1562 1558
1563 1544
1564 1545
1565 1559
1566 1554
1567 1543
1568 1567
1569 1551
1570 1550
1571 1547
1572 1559
1573 1553
1574 1550
1575 1551
1576 1556
1577 1570
1578 1570
1579 1559
1580 1562
1581 1564
1582 1567
1583 1576
1584 1563
1585 1584
1586 1566
1587 1581
1588 1581
1589 1580
1590 1585
1591 1569
1592 1568
1593 1578
1594 1580
1595 1571
1596 1590
1597 1588
1598 1588
1599 1580
1600 1592
1601 1588
1602 1600
1603 1583
1604 1592
1605 1591
1606 1594
1607 1595
1608 1592
1609 1597
1610 1592
1611 1588
1612 1593
1613 1601
1614 1590
1615 1600
1616 1615
1617 1598
1618 1612
1619 1606
1620 1605
1621 1596
1622 1600
1623 1598
1624 1623
1625 1615
1626 1615
1627 1618
1628 1622
1629 1610
1630 1612
1631 1626
1632 1620
1633 1630
1634 1610
1635 1611
1636 1633
1637 1634
1638 1617
1639 1638
1640 1619
1641 1639
1642 1640
1643 1623
1644 1633
1645 1627
1646 1624
1647 1632
1648 1637
1649 1627
1650 1631
1651 1626
1652 1635
1653 1636
1654 1630
1655 1645
1656 1641
1657 1642
1658 1651
1659 1644
1660 1644
1661 1654
1662 1644
1663 1638
1664 1639
1665 1659
1666 1641
1667 1656
1668 1661
1669 1650
1670 1666
1671 1660
1672 1647
1673 1670
1674 1661
1675 1664
1676 1664
1677 1662
1678 1659
1679 1671
1680 1660
1681 1656
1682 1662
1683 1680
1684 1681
1685 1680
1686 1670
1687 1676
1688 1670
1689 1677
1690 1682
1691 1669
1692 1677
1693 1688
1694 1681
1695 1673
1696 1677
1697 1687
1698 1673
1699 1689
1700 1691
1701 1688
1702 1687
1703 1682
1704 1698
1705 1691
1706 1697
1707 1697
1708 1704
1709 1694
1710 1700
1711 1694
1712 1693
1713 1707
1714 1706
1715 1710
1716 1696
1717 1702
1718 1715
1719 1710
1720 1706
1721 1701
1722 1701
1723 1704
1724 1714
1725 1700
1726 1719
1727 1725
1728 1705
1729 1728
1730 1716
1731 1720
1732 1707
1733 1714
1734 1721
1735 1734
1736 1718
1737 1730
1738 1729
1739 1722
1740 1736
1741 1736
1742 1723
1743 1734
1744 1722
1745 1730
1746 1743
1747 1728
1748 1726
1749 1737
1750 1725
1751 1736
1752 1751
1753 1741
1754 1735
1755 1735
1756 1739
1757 1751
1758 1744
1759 1754
1760 1753
1761 1740
1762 1757
1763 1740
1764 1740
1765 1762
1766 1759
1767 1759
1768 1761
1769 1744
1770 1756
1771 1753
1772 1768
1773 1765
1774 1766
1775 1750
1776 1760
1777 1764
1778 1769
1779 1776
1780 1770
1781 1756
1782 1768
1783 1759
1784 1783
1785 1783
1786 1781
1787 1765
1788 1763
1789 1778
1790 1768
1791 1777
1792 1767
1793 1792
1794 1790
1795 1773
1796 1793
1797 1774
1798 1788
1799 1781
1800 1791
1801 1799
1802 1785
1803 1779
1804 1795
1805 1794
1806 1781
1807 1802
1808 1805
1809 1808
1810 1794
1811 1809
1812 1794
1813 1804
1814 1801
1815 1803
1816 1791
1817 1792
1818 1817
1819 1806
1820 1803
1821 1812
1822 1813
1823 1818
1824 1803
1825 1805
1826 1803
1827 1804
1828 1808
1829 1815
1830 1815
1831 1826
1832 1812
1833 1832
1834 1811
1835 1819
1836 1828
1837 1827
1838 1818
1839 1820
1840 1832
1841 1839
1842 1830
1843 1819
1844 1826
1845 1841
1846 1825
1847 1824
1848 1832
1849 1846
1850 1835
1851 1828
1852 1843
1853 1831
1854 1847
1855 1849
1856 1839
1857 1838
1858 1835
1859 1858
1860 1840
1861 1847
1862 1846
1863 1852
1864 1852
1865 1844
1866 1845
1867 1844
1868 1845
1869 1854
1870 1855
1871 1854
1872 1869
1873 1866
1874 1869
1875 1864
1876 1852
1877 1861
1878 1875
1879 1872
1880 1864
1881 1873
1882 1858
1883 1858
1884 1872
1885 1876
1886 1884
1887 1878
1888 1864
1889 1877
1890 1875
1891 1873
1892 1881
1893 1871
1894 1887
1895 1870
1896 1887
1897 1895
1898 1896
1899 1883
1900 1898
1901 1896
1902 1891
1903 1902
1904 1879
1905 1895
1906 1894
1907 1901
1908 1889
1909 1884
1910 1901
1911 1907
1912 1908
1913 1899
1914 1892
1915 1896
1916 1895
1917 1911
1918 1903
1919 1912
1920 1904
1921 1909
1922 1911
1923 1915
1924 1920
1925 1907
1926 1911
1927 1912
1928 1918
1929 1907
1930 1927
1931 1916
1932 1915
1933 1929
1934 1910
1935 1925
1936 1928
1937 1922
1938 1914
1939 1920
1940 1915
1941 1916
1942 1936
1943 1938
1944 1921
1945 1931
1946 1938
1947 1943
1948 1928
1949 1936
1950 1929
1951 1927
1952 1933
1953 1939
1954 1948
1955 1932
1956 1932
1957 1950
1958 1952
1959 1952
1960 1959
1961 1953
1962 1954
1963 1946
1964 1948
1965 1958
1966 1941
1967 1952
1968 1944
1969 1954
1970 1950
1971 1961
1972 1952
1973 1951
1974 1960
1975 1959
1976 1954
1977 1955
1978 1956
1979 1963
1980 1964
1981 1973
1982 1974
1983 1963
1984 1964
1985 1972
1986 1973
1987 1982
1988 1973
1989 1987
1990 1975
1991 1990
1992 1985
1993 1974
1994 1992
1995 1979
1996 1995
1997 1988
1998 1987
1999 1993
2000 1980
2001 1998
2002 1997
2003 1983
2004 2003
2005 1985
2006 1987
2007 1995
2008 1983
2009 2001
2010 1991
2011 2004
2012 1994
2013 1992
2014 2008
2015 2005
2016 1996
2017 2007
2018 2004
2019 2011
2020 2001
2021 1996
2022 2008
2023 2006
2024 2011
2025 2007
2026 2008
2027 2011
2028 2021
2029 2015
2030 2023
2031 2007
2032 2025
2033 2031
2034 2025
2035 2022
2036 2024
2037 2031
2038 2033
2039 2018
2040 2031
2041 2017
2042 2028
2043 2036
2044 2024
2045 2030
2046 2030
2047 2040
2048 2026
2049 2042
2050 2041
2051 2027
2052 2033
2053 2052
2054 2051
2055 2038
2056 2053
2057 2052
2058 2048
2059 2055
2060 2057
2061 2055
2062 2046
2063 2040
2064 2042
2065 2049
2066 2058
2067 2049
2068 2066
2069 2064
2070 2046
2071 2050
2072 2053
2073 2060
2074 2056
2075 2055
2076 2066
2077 2065
2078 2059
2079 2062
2080 2076
2081 2059
2082 2068
2083 2079
2084 2066
2085 2074
2086 2082
2087 2075
2088 2074
2089 2082
2090 2080
2091 2083
2092 2082
2093 2088
2094 2073
2095 2073
2096 2080
2097 2082
2098 2078
2099 2090
2100 2096
2101 2086
2102 2096
2103 2083
2104 2098
2105 2095
2106 2081
2107 2103
2108 2085
2109 2096
2110 2098
2111 2089
2112 2104
2113 2101
2114 2100
2115 2090
2116 2106
2117 2097
2118 2096
2119 2111
2120 2106
2121 2119
2122 2119
2123 2105
2124 2120
2125 2104
2126 2103
2127 2118
2128 2107
2129 2114
2130 2122
2131 2112
2132 2116
2133 2125
2134 2125
2135 2116
2136 2133
2137 2134
2138 2123
2139 2120
2140 2131
2141 2120
2142 2141
2143 2121
2144 2137
2145 2127
2146 2135
2147 2140
2148 2135
2149 2138
2150 2142
2151 2130
2152 2139
2153 2135
2154 2150
2155 2143
2156 2150
2157 2133
2158 2157
2159 2136
2160 2143
2161 2139
2162 2143
2163 2138
2164 2140
2165 2161
2166 2147
2167 2151
2168 2154
2169 2165
2170 2162
2171 2155
2172 2159
2173 2152
2174 2153
2175 2157
2176 2152
2177 2163
2178 2171
2179 2173
2180 2164
2181 2174
2182 2171
2183 2164
2184 2164
2185 2167
2186 2167
2187 2183
2188 2185
2189 2172
2190 2174
2191 2172
2192 2167
2193 2180
2194 2175
2195 2194
2196 2190
2197 2174
2198 2195
2199 2189
2200 2179
2201 2193
2202 2188
2203 2186
2204 2203
2205 2193
2206 2186
2207 2182
2208 2196
2209 2202
2210 2191
2211 2194
2212 2192
2213 2199
2214 2195
2215 2199
2216 2198
2217 2214
2218 2197
2219 2194
2220 2200
2221 2210
2222 2218
2223 2208
2224 2209
2225 2213
2226 2206
2227 2210
2228 2215
2229 2221
2230 2207
2231 2209
2232 2215
2233 2209
2234 2219
2235 2232
2236 2223
2237 2217
2238 2222
2239 2235
2240 2217
2241 2220
2242 2217
2243 2232
2244 2227
2245 2228
2246 2234
2247 2231
2248 2238
2249 2229
2250 2236
2251 2226
2252 2232
2253 2240
2254 2240
2255 2239
2256 2253
2257 2239
2258 2255
2259 2253
2260 2253
2261 2245
2262 2261
2263 2250
2264 2255
2265 2257
2266 2256
2267 2262
2268 2247
2269 2257
2270 2259
2271 2267
2272 2247
2273 2252
2274 2256
2275 2262
2276 2261
2277 2252
2278 2271
2279 2263
2280 2261
2281 2273
2282 2260
2283 2282
2284 2262
2285 2275
2286 2284
2287 2270
2288 2283
2289 2286
2290 2270
2291 2274
2292 2267
2293 2271
2294 2271
2295 2283
2296 2293
2297 2291
2298 2274
2299 2295
2300 2288
2301 2299
2302 2279
2303 2300
2304 2300
2305 2294
2306 2289
2307 2291
2308 2299
2309 2286
2310 2301
2311 2301
2312 2304
2313 2292
2314 2296
2315 2309
2316 2313
2317 2315
2318 2309
2319 2302
2320 2302
2321 2315
2322 2310
2323 2320
2324 2315
2325 2302
2326 2308
2327 2316
2328 2323
2329 2321
2330 2321
2331 2324
2332 2330
2333 2323
2334 2309
2335 2319
2336 2317
2337 2325
2338 2335
2339 2332
2340 2322
2341 2337
2342 2321
2343 2341
2344 2325
2345 2337
2346 2323
2347 2337
2348 2347
2349 2337
2350 2326
2351 2345
2352 2339
2353 2331
2354 2339
2355 2344
2356 2349
2357 2337
2358 2338
2359 2337
2360 2354
2361 2336
2362 2350
2363 2343
2364 2341
2365 2349
2366 2353
2367 2351
2368 2349
2369 2347
2370 2348
2371 2357
2372 2349
2373 2353
2374 2372
2375 2355
2376 2355
2377 2366
2378 2357
2379 2373
2380 2376
2381 2358
2382 2380
2383 2361
2384 2374
2385 2368
2386 2372
2387 2384
2388 2380
2389 2374
2390 2369
2391 2367
2392 2391
2393 2375
2394 2380
2395 2372
2396 2371
2397 2380
2398 2385
2399 2391
2400 2378
2401 2386
2402 2386
2403 2390
2404 2383
2405 2385
2406 2389
2407 2403
2408 2396
2409 2391
2410 2400
2411 2398
2412 2405
2413 2392
2414 2400
2415 2407
2416 2412
2417 2416
2418 2408
2419 2397
2420 2395
2421 2415
2422 2405
2423 2404
2424 2408
2425 2405
2426 2408
2427 2421
2428 2424
2429 2405
2430 2429
2431 2410
2432 2411
2433 2423
2434 2416
2435 2428
2436 2419
2437 2420
2438 2415
2439 2420
2440 2433
2441 2439
2442 2420
2443 2427
2444 2436
2445 2421
2446 2438
2447 2431
2448 2443
2449 2437
2450 2442
2451 2426
2452 2442
2453 2430
2454 2433
2455 2431
2456 2433
2457 2456
2458 2449
2459 2434
2460 2453
2461 2453
2462 2452
2463 2451
2464 2456
2465 2459
2466 2445
2467 2466
2468 2443
2469 2449
2470 2456
2471 2469
2472 2454
2473 2472
2474 2458
2475 2468
2476 2469
2477 2452
2478 2455
2479 2473
2480 2478
2481 2475
2482 2478
2483 2466
2484 2471
2485 2475
2486 2481
2487 2479
2488 2471
2489 2466
2490 2469
2491 2482
2492 2480
2493 2483
2494 2479
2495 2471
2496 2475
2497 2474
2498 2493
2499 2487
2500 2493
2501 2481
2502 2491
2503 2490
2504 2495
2505 2483
2506 2504
2507 2506
2508 2483
2509 2497
2510 2498
2511 2504
2512 2508
2513 2492
2514 2490
2515 2499
2516 2505
2517 2502
2518 2505
2519 2503
2520 2505
2521 2504
2522 2500
2523 2506
2524 2521
2525 2524
2526 2507
2527 2518
2528 2508
2529 2514
2530 2529
2531 2530
2532 2531
2533 2532
2534 2525
2535 2517
2536 2525
2537 2530
2538 2513
2539 2523
2540 2522
2541 2529
2542 2528
2543 2535
2544 2520
2545 2520
2546 2526
2547 2522
2548 2532
2549 2533
2550 2538
2551 2532
2552 2533
2553 2542
2554 2530
2555 2530
2556 2544
2557 2545
2558 2537
2559 2536
2560 2537
2561 2536
2562 2546
2563 2542
2564 2554
2565 2554
2566 2554
2567 2564
2568 2548
2569 2547
2570 2556
2571 2560
2572 2569
2573 2563
2574 2549
2575 2558
2576 2575
2577 2560
2578 2567
2579 2573
2580 2578
2581 2573
2582 2564
2583 2558
2584 2562
2585 2566
2586 2572
2587 2585
2588 2585
2589 2583
2590 2588
2591 2587
2592 2570
2593 2569
2594 2580
2595 2574
2596 2592
2597 2583
2598 2596
2599 2585
2600 2591
2601 2600
2602 2592
2603 2584
2604 2602
2605 2595
2606 2596
2607 2605
2608 2600
2609 2593
2610 2595
2611 2603
2612 2604
2613 2604
2614 2608
2615 2600
2616 2603
2617 2595
2618 2600
2619 2597
2620 2614
2621 2608
2622 2600
2623 2603
2624 2603
2625 2603
2626 2618
2627 2605
2628 2616
2629 2617
2630 2619
2631 2615
2632 2626
2633 2615
2634 2622
2635 2612
2636 2635
2637 2619
2638 2631
2639 2624
2640 2633
2641 2637
2642 2640
2643 2642
2644 2643
2645 2636
2646 2630
2647 2633
2648 2635
2649 2641
2650 2631
2651 2633
2652 2642
2653 2639
2654 2639
2655 2633
2656 2647
2657 2641
2658 2652
2659 2636
2660 2643
2661 2648
2662 2644
2663 2648
2664 2642
2665 2643
2666 2646
2667 2660
2668 2649
2669 2648
2670 2660
2671 2646
2672 2667
2673 2662
2674 2659
2675 2671
2676 2653
2677 2670
2678 2662
2679 2664
2680 2679
2681 2678
2682 2659
2683 2666
2684 2660
2685 2677
2686 2684
2687 2672
2688 2685
2689 2688
2690 2678
2691 2674
2692 2671
2693 2690
2694 2687
2695 2680
2696 2688
2697 2693
2698 2684
2699 2698
2700 2696
2701 2700
2702 2681
2703 2694
2704 2695
2705 2693
2706 2683
2707 2702
2708 2695
2709 2697
2710 2699
2711 2707
2712 2707
2713 2700
2714 2693
2715 2711
2716 2705
2717 2705
2718 2715
2719 2695
2720 2711
2721 2716
2722 2701
2723 2709
2724 2714
2725 2719
2726 2705
2727 2717
2728 2707
2729 2714
2730 2713
2731 2710
2732 2728
2733 2718
2734 2709
2735 2716
2736 2721
2737 2717
2738 2720
2739 2714
2740 2723
2741 2722
2742 2741
2743 2722
2744 2734
2745 2744
2746 2738
2747 2726
2748 2739
2749 2732
2750 2746
2751 2748
2752 2743
2753 2728
2754 2736
2755 2731
2756 2743
2757 2744
2758 2743
2759 2741
2760 2738
2761 2758
2762 2737
2763 2761
2764 2749
2765 2759
2766 2746
2767 2763
2768 2760
2769 2753
2770 2769
2771 2765
2772 2760
2773 2755
2774 2766
2775 2761
2776 2771
2777 2759
2778 2770
2779 2759
2780 2773
2781 2774
2782 2763
2783 2766
2784 2783
2785 2768
2786 2772
2787 2772
2788 2763
2789 2767
2790 2768
2791 2777
2792 2775
2793 2787
2794 2783
2795 2770
2796 2790
2797 2792
2798 2791
2799 2783
2800 2777
2801 2779
2802 2798
2803 2802
2804 2789
2805 2799
2806 2794
2807 2795
2808 2789
2809 2789
2810 2787
2811 2786
2812 2790
2813 2805
2814 2799
2815 2806
2816 2795
2817 2816
2818 2794
2819 2809
2820 2802
2821 2800
2822 2802
2823 2822
2824 2818
2825 2820
2826 2807
2827 2815
2828 2809
2829 2813
2830 2812
2831 2825
2832 2828
2833 2828
2834 2812
2835 2818
2836 2816
2837 2818
2838 2827
2839 2835
2840 2836
2841 2817
2842 2840
2843 2834
2844 2822
2845 2842
2846 2821
2847 2827
2848 2837
2849 2847
2850 2834
2851 2829
2852 2844
2853 2842
2854 2849
2855 2844
2856 2841
2857 2833
2858 2851
2859 2857
2860 2850
2861 2860
2862 2854
2863 2848
2864 2853
2865 2863
2866 2844
2867 2854
2868 2853
2869 2858
2870 2863
2871 2868
2872 2861
2873 2853
2874 2865
2875 2860
2876 2872
2877 2855
2878 2864
2879 2868
2880 2864
2881 2857
2882 2870
2883 2876
2884 2880
2885 2880
2886 2881
2887 2876
2888 2873
2889 2878
2890 2877
2891 2869
2892 2884
2893 2881
2894 2886
2895 2886
2896 2893
2897 2888
2898 2882
2899 2886
2900 2890
2901 2893
2902 2877
2903 2899
2904 2882
2905 2880
2906 2895
2907 2895
2908 2906
2909 2893
2910 2901
2911 2889
2912 2888
2913 2892
2914 2904
2915 2906
2916 2904
2917 2903
2918 2903
2919 2914
2920 2918
2921 2908
2922 2911
2923 2920
2924 2913
2925 2909
2926 2912
2927 2903
2928 2925
2929 2923
2930 2926
2931 2906
2932 2909
2933 2921
2934 2914
2935 2925
2936 2914
2937 2930
2938 2913
2939 2914
2940 2920
2941 2916
2942 2928
2943 2931
2944 2937
2945 2926
2946 2944
2947 2934
2948 2947
2949 2944
2950 2935
2951 2945
2952 2942
2953 2930
2954 2934
2955 2936
2956 2947
2957 2937
2958 2941
2959 2942
2960 2949
2961 2940
2962 2954
2963 2945
2964 2959
2965 2951
2966 2947
2967 2944
2968 2959
2969 2948
2970 2962
2971 2967
2972 2963
2973 2963
2974 2958
2975 2958
2976 2967
2977 2957
2978 2967
2979 2957
2980 2971
2981 2976
2982 2961
2983 2958
2984 2981
2985 2974
2986 2977
2987 2976
2988 2982
2989 2980
2990 2967
2991 2966
2992 2983
2993 2979
2994 2973
2995 2989
2996 2983
2997 2984
2998 2983
2999 2988
3000 2981
