3000
2457 2825
1854 314
2080 2212
320 163
220 888
1273 310
401 1661
1965 2955
717 2464
1527 329
565 2544
1083 538
79 305
274 2068
830 76
793 433
2602 2861
2873 1399
2149 1380
2217 2986
422 1661
1624 2117
1954 1136
2075 133
414 2145
1853 1062
854 2129
2090 2995
1930 2659
2379 2258
2259 2328
1749 1910
435 2492
2505 1812
2362 598
2046 1886
993 1300
2403 563
2171 997
2357 1349
1991 333
799 65
48 2724
2277 1923
1101 1303
2224 2999
1545 966
2901 2009
2460 612
1190 2894
1952 2443
2799 1849
1516 1461
1194 2159
1893 2508
2132 2163
40 498
1925 507
1658 2578
380 2512
408 2093
329 474
175 1454
1865 786
2637 2855
2974 1119
126 2761
764 2642
56 2560
965 2073
1095 2877
2046 2615
2306 2962
2400 2274
2924 2321
112 2588
1948 286
1207 1196
45 2872
1834 1386
2239 2252
2499 1150
2532 2010
918 1073
1579 542
781 1058
953 1536
2045 1162
2619 293
2719 1672
2462 1211
296 2223
1279 1585
1489 2891
835 1605
535 2448
2040 884
1564 947
642 1381
812 1966
655 1070
337 2808
107 1950
1128 2811
2373 169
906 1133
384 696
2620 2735
1019 2966
1079 1233
2514 28
1752 92
2890 1341
2761 790
409 331
102 1842
804 2024
2842 2813
2318 1358
1263 1466
1800 944
2873 2559
43 2614
436 1246
1504 917
161 245
145 765
1838 166
2149 681
1363 1848
2720 2466
189 1484
2152 2005
2510 1664
393 1472
1107 792
866 2225
1685 2264
1950 671
2065 1915
1484 2887
2480 719
1976 2616
15 2775
1823 1167
840 1952
1503 164
88 2316
1533 643
1839 1290
1148 1245
2035 899
501 980
2733 231
785 746
2170 30
769 1291
1739 1992
1863 1174
133 2814
2834 216
162 462
518 352
2519 2570
9 1172
1660 1666
2224 2699
543 93
2792 2338
2697 620
1797 79
1087 2560
2478 2257
2586 215
1310 302
80 2099
1421 930
192 1674
270 1319
58 919
2167 1976
1853 2927
1099 2476
919 894
547 2369
145 64
217 1311
136 440
2179 1417
565 1060
2070 1192
838 2374
73 1207
2747 1285
574 1144
193 1906
2252 1085
1851 2724
2311 2008
2964 1892
1670 547
2934 2217
1349 673
2918 1654
1449 124
597 87
198 84
2289 3000
1260 1462
818 1822
2846 1714
957 2019
1274 933
1741 606
2371 589
1957 2681
146 40
703 209
105 645
2888 2946
1959 1840
1537 865
1831 1027
392 1512
1192 320
1485 1845
830 880
1645 971
216 2767
2859 2279
936 1829
2034 236
2686 1150
1956 2864
1149 107
2982 1277
1253 1791
1593 569
2087 2475
1603 2238
1956 1139
1780 1666
2839 1535
954 464
398 1339
85 1870
1181 599
1363 1589
1690 87
1757 396
218 932
2552 2125
707 713
2206 391
1976 111
546 2906
577 1065
183 1574
2736 2473
2770 1460
1572 2617
2571 1859
1746 243
1177 2981
1871 1354
2867 1535
1959 190
2759 1308
1937 956
934 2595
2273 2276
2494 1845
2637 2113
1903 1568
2481 1037
1479 2662
619 1570
2102 934
639 2977
2514 746
2003 1359
453 1032
2108 2099
690 570
1824 1786
1131 526
1074 2723
22 118
1786 1388
339 1416
2314 1475
2616 2687
650 1653
1845 1504
2596 1186
816 270
232 2591
2579 1711
1546 283
1865 1925
2959 1810
692 2846
2892 781
2130 1069
1951 296
2819 2398
28 851
2149 1061
737 1482
776 432
1810 2077
475 169
1118 1448
509 2309
1168 1076
612 375
262 36
322 2101
502 2649
2363 2410
2180 2783
176 1467
2613 686
2647 2834
128 2185
2112 550
1688 2186
913 2033
2787 140
2020 1193
2774 2104
1996 2647
1526 921
2963 2107
752 1032
1407 1622
370 2576
1184 1718
1872 2891
1900 2862
2344 1091
2500 2563
910 202
900 2256
1745 1515
222 2779
212 262
232 21
2974 1344
1873 2446
1394 1704
1848 407
2648 2596
541 295
106 538
2926 527
1504 1319
1196 2237
924 459
2027 1693
1111 187
2758 2723
1450 438
856 2130
510 825
1315 1992
1037 2923
973 1520
2334 2873
2775 1798
2205 899
61 2511
1568 1997
2752 478
1971 1623
2407 2880
837 1838
2785 1361
433 353
964 2093
2894 2388
2890 832
2871 1232
1727 1854
20 2457
116 484
255 2023
2175 2333
1776 30
2033 1270
1522 1918
1286 945
1323 347
800 38
2400 2806
957 1782
2343 2450
2053 1047
2355 2072
1173 1651
371 307
1574 784
1899 413
2766 2201
585 2840
1029 2451
2865 758
2634 2329
1098 1466
2076 2849
1615 477
146 981
2975 842
331 315
1646 2993
2934 2541
2106 2280
2300 770
366 429
169 971
906 1909
1423 2175
1769 129
2546 2167
249 2140
2356 2290
503 678
2355 163
320 2380
511 294
2241 445
2677 1479
193 2494
110 522
2634 2823
1448 1268
339 2845
100 1897
2552 2078
2014 1923
2912 1271
689 1298
2350 1193
592 1150
738 1072
2886 1807
2461 531
1391 750
1888 55
829 2025
1381 124
2356 907
572 2390
1493 737
2360 549
887 2430
200 2197
2329 2352
2926 967
2978 337
2699 1599
2322 2598
1001 2844
670 1756
360 2546
239 2726
354 1571
515 896
2198 2354
1307 871
1808 2903
2372 95
2928 2062
1302 1508
2063 2879
2752 353
229 735
154 1284
1966 254
2073 1247
2967 544
718 49
2030 1772
2303 907
896 2528
1093 860
33 1906
2957 1350
1943 488
1143 710
263 1650
322 759
31 210
1574 1928
594 1419
376 2489
952 215
1042 2714
1555 1144
2720 2781
34 2696
1067 1855
689 512
2450 2043
1144 1485
1141 2759
2640 702
2832 2532
809 304
1398 2962
103 234
1979 1650
1384 2489
2993 682
2247 2693
2284 2309
1949 714
2846 2392
2874 96
668 934
1368 540
478 1229
2353 2397
2499 559
324 2423
1803 330
1684 2731
1563 1680
1952 2573
1941 1464
2989 2493
709 2763
1639 1039
2741 368
1844 899
2426 2304
2865 1333
588 1762
314 2670
370 1897
55 1
1156 617
2113 1367
895 1453
2113 484
1837 572
1466 671
50 2263
962 1454
2216 1061
757 488
2652 1552
2466 2649
2582 6
1972 2865
1861 944
1602 765
2049 2886
1679 1805
119 352
802 1948
1073 1527
2055 700
1747 2898
2397 191
1215 2337
1423 2831
2554 1918
2979 2782
2997 95
557 1975
1844 1766
1045 1163
34 1393
1805 2533
2300 722
1332 1999
2641 15
1469 1090
1697 1347
2297 1178
931 2300
1649 2992
2964 2323
2709 726
1783 2119
1511 2702
1992 2794
1560 1460
2720 1850
2291 2623
2772 2953
1797 508
2118 1446
251 203
1402 98
660 3000
1634 2332
2827 1795
459 1374
1134 2681
1542 1061
2826 33
696 596
524 1975
1194 954
833 2052
2761 2871
1615 44
2583 1019
2418 2486
2128 1568
1992 2624
2871 563
237 1513
1582 951
2864 277
1129 537
1556 1997
156 2677
1088 2460
696 2279
640 467
1450 1443
1401 1445
1996 831
648 2580
1635 1259
900 978
1231 2032
2912 1705
374 2310
1906 668
2905 620
2847 1547
1844 2044
724 27
1507 716
2110 2684
2432 390
1332 1529
1174 1288
2719 651
1761 741
2281 2759
307 2931
467 1891
473 1187
2981 1717
588 1020
2818 2868
2225 1521
1977 1573
2369 1534
1189 375
1466 1062
1414 599
1076 1832
2950 341
2940 829
1901 1045
2140 2716
1502 2312
2865 1935
2672 816
500 1491
2485 1639
330 2612
54 2657
1404 1830
1917 733
768 997
2817 2456
2582 1870
1438 953
539 420
1218 638
2953 188
1025 1302
1781 1425
139 2518
2616 441
2033 964
471 2317
371 2159
1515 2733
2348 2061
1546 2074
36 10
2580 2691
2997 1024
950 2145
1007 970
2914 1098
149 2095
2349 1801
566 293
1448 2084
1204 92
2984 677
2048 2103
223 1594
1932 2735
56 486
2767 2543
2230 1109
1525 1793
2758 1643
1765 455
928 830
1209 1923
1258 720
2513 1071
413 1334
2664 2718
1502 1227
334 522
2726 518
1428 675
459 343
1147 1878
205 94
5 811
2482 77
2138 2151
1874 1305
285 1264
2507 1604
685 1108
2118 1790
181 530
1232 1984
275 1246
1386 1735
332 178
642 2207
2551 408
2568 2477
1206 961
930 1604
1680 1977
2224 65
1794 2624
2712 2887
169 730
1883 1028
2121 1128
1398 274
1729 2989
1954 1295
1109 650
1453 1237
779 2795
463 2987
2646 1304
1718 2290
2295 2813
402 1640
1534 2738
1913 713
1133 2043
708 201
206 809
41 619
2688 247
335 621
1254 974
2029 2818
1767 745
1315 1422
855 2762
1318 2654
1765 1387
521 902
1235 1870
2279 72
522 1374
2778 1604
1451 2771
2415 1114
1822 2050
1760 1921
1639 587
48 2396
556 985
1298 376
448 230
1283 2168
2884 500
59 1441
2152 764
1161 14
1302 1219
2436 1445
432 2232
2690 1359
381 1216
772 1420
2888 1354
1240 765
1729 268
774 512
1674 1684
2148 1984
2858 559
1498 2563
1590 917
1583 354
1299 187
1562 68
2822 2840
721 507
76 712
1390 2989
1658 2796
1572 780
638 2880
983 2407
27 36
2009 2191
802 180
2934 2123
212 2600
2081 348
1528 1132
1804 2177
2083 529
2037 389
2003 2418
2467 740
2596 1992
2485 2194
2011 2143
2083 2203
37 2223
2363 1868
1385 2475
2741 2953
426 13
832 2181
2038 2400
1483 669
1577 141
1300 509
315 1927
925 1817
2438 183
1681 197
1297 944
2484 2878
2663 1604
505 423
441 1749
465 813
1672 493
266 1787
204 2799
862 1671
768 1155
2248 883
883 198
2683 429
560 1679
2050 2215
2839 372
2361 2855
410 2555
803 1288
945 689
2921 2776
2686 2783
1474 1112
1842 1167
1069 711
2118 1483
976 1472
1315 655
1829 503
1074 1066
176 2503
2085 1025
138 231
1420 892
929 672
2913 311
1309 1233
133 450
2781 2524
1016 1114
864 1526
2933 1710
2149 2426
251 522
787 1223
269 1239
1153 869
571 585
1247 1629
1551 2056
1475 1230
1681 2360
1742 2536
444 1625
1196 437
2238 2159
760 899
2980 2259
469 147
955 8
182 917
640 2839
943 850
2218 1283
2017 360
1362 814
290 1290
2 1762
1643 1286
2539 2537
2712 517
1613 1686
676 2846
2435 186
1354 1067
2452 528
293 386
2380 1576
409 909
56 1832
1471 2555
678 1878
1309 2853
1859 1919
1708 1225
1914 2956
2232 2803
1972 1944
2316 2687
1994 2691
1467 1568
2877 2802
2616 901
2367 1596
759 166
351 2198
2513 2875
2337 568
1164 349
1772 2447
1921 2659
1954 1449
2541 727
603 2571
2632 1662
122 438
2473 2500
262 2974
759 2494
2595 2058
625 1421
295 1511
1160 1362
2741 1069
2744 1116
1925 2704
2947 2595
2170 616
1717 345
2291 833
1369 676
2770 2156
2186 774
2920 1365
1139 2629
1319 2019
1312 2867
1206 2930
1195 2542
561 460
816 1193
1679 380
624 2338
1882 2050
914 1338
506 274
2398 984
1186 1892
1744 2646
466 2989
1435 1923
2339 2813
1563 943
1438 120
2362 66
2558 2629
2316 261
1161 2090
2 1743
2147 2869
795 641
154 2628
111 451
1635 1959
2458 2781
1404 2464
1839 2270
1072 2074
1722 1105
414 127
485 435
210 305
1140 2663
867 106
585 1586
1691 2347
2456 1974
2946 2425
2452 475
372 2435
1657 554
2670 1430
2855 1080
2221 2225
302 2401
2631 801
140 2947
1375 366
1496 414
213 980
2803 2563
732 307
930 306
2691 2048
334 1026
765 1066
2203 77
1169 1165
2220 2113
666 1194
981 56
231 1381
520 777
1036 1526
441 1077
1768 1145
1410 826
357 2990
1960 1364
2388 1273
2163 2647
998 427
2346 814
1363 1775
1701 743
399 2142
713 2541
2712 892
384 1389
2738 40
1982 1689
2915 2896
1621 2600
511 2811
2738 836
2805 1197
942 1786
2287 1054
2693 334
334 1035
1106 612
1781 924
569 2104
2521 2708
2380 519
2583 1109
623 1724
1342 1929
2164 1684
752 2154
448 1554
2438 1122
1140 860
689 1668
869 843
2786 354
172 2199
474 2948
238 1353
1267 663
2181 216
1717 2691
1965 61
2073 2373
648 926
2418 2507
523 278
1271 610
1399 1555
1331 740
1400 2631
829 1970
105 585
2912 1334
1047 2953
2252 2260
1153 1511
1667 476
831 2484
2957 1170
1856 2343
405 1678
2162 2201
1521 1765
2221 1737
2373 1414
2864 1274
105 725
443 1752
1559 2195
2076 1191
2902 1868
1706 2140
778 1023
2717 2297
1529 274
2492 2597
967 508
1853 2058
2899 2489
2200 294
816 2474
1844 2162
2229 1754
193 2758
2981 2330
821 2411
1664 2853
224 1951
2184 1301
143 1093
2469 388
516 1154
1874 1916
1508 2369
2925 2848
1152 1808
1827 1792
341 777
2905 1473
1596 1266
2420 1059
2290 2669
522 2409
1297 953
2551 908
1646 2015
2857 1377
913 1845
173 1758
1848 2023
2744 1657
1659 321
894 225
969 1942
2782 2067
1610 2924
323 1910
1028 2086
2685 2183
1959 1425
2862 2478
248 463
1774 1975
329 2135
432 2755
1479 1747
2490 2204
1843 1784
2401 1868
1914 2321
2315 1591
1885 909
194 1476
2906 1365
2200 544
505 791
470 2459
2639 2309
2115 264
430 759
2435 569
1243 1932
117 1098
1271 389
460 1881
2383 2915
1480 189
765 620
1234 1412
1700 2322
2187 1426
1935 555
1685 1265
1483 1474
1608 1524
2736 1269
823 1810
1852 501
2281 713
624 1289
1312 441
2825 1411
2117 1901
2640 1553
930 406
403 981
1950 575
577 1166
1621 1666
1514 2349
1214 2321
1741 1073
939 2110
1248 2035
988 315
1268 2379
2996 1875
1902 329
2458 2512
2584 2196
2106 586
525 119
1610 1550
2856 2159
1485 100
254 1862
795 2265
1023 2507
543 2515
1225 2216
1760 544
597 1411
2864 637
512 2852
300 2222
746 753
1180 2127
1582 2976
2835 126
1198 466
814 46
2217 2355
1773 916
1979 275
2238 1395
164 1078
2722 2009
965 2805
422 2240
2462 987
2564 1046
1019 1657
31 2301
2418 755
986 1371
2974 1209
1362 1139
431 1079
47 1531
1088 1141
352 2060
1136 2687
2276 1205
1346 342
921 2728
4 1709
2920 2348
252 1557
2679 369
926 1537
1950 807
1815 2163
2915 2487
1478 2333
862 1928
1173 2209
1613 2836
956 2042
2601 2728
2535 1144
119 2720
2587 1680
289 296
2685 1122
2370 1988
219 353
1470 2417
2784 799
2623 849
1148 342
1049 2396
2378 2967
2647 2513
385 311
2699 1329
2844 2197
2426 1597
698 1422
30 2523
390 186
1146 1205
1823 796
2186 2073
50 1285
96 2202
1019 2169
416 949
1904 1232
693 1613
2438 2727
2329 912
1441 2213
569 2448
681 1430
2055 587
2247 2603
2055 684
2101 888
2034 439
1595 1813
1374 2696
1082 862
99 1909
2461 1683
1711 520
1371 328
1868 2710
1079 1686
557 74
408 2081
2876 419
993 2119
2031 1609
1570 455
710 2340
2813 408
1799 1173
930 254
2507 2811
2819 848
1526 1248
1849 1668
370 1162
149 2394
156 1682
112 1365
374 400
1339 86
1276 2485
1528 2496
1863 2951
2279 2605
1013 761
1193 1271
1966 816
2169 1488
2353 2823
430 2627
2253 132
1747 2296
40 2960
183 2148
1164 2283
2086 1990
541 2647
1045 2524
1628 1672
2322 2068
2511 2234
913 1155
398 1955
2872 634
2168 452
612 2739
1428 1380
1114 1632
152 501
1439 2365
2926 1517
2560 2409
2122 959
1275 641
837 2887
260 765
741 2842
1449 1209
2131 1403
2087 206
2211 2871
1283 486
143 2866
2129 2755
1429 1000
200 1120
1540 2725
627 1814
2131 2653
1122 353
2507 2293
2391 1337
144 968
2354 2546
2995 1795
1614 1484
427 121
961 1083
151 911
1696 1808
157 1969
280 30
863 2252
2550 1246
1609 1674
2440 2171
2228 1273
2898 567
2518 1284
971 1948
2005 2844
1079 360
40 2274
2907 1442
783 1999
2874 2888
2529 2270
358 2120
425 359
643 2156
2679 2528
2162 1131
1093 1879
2273 2902
1123 873
25 2252
380 2239
351 238
599 1820
2179 2204
782 1056
1596 1446
2274 1592
417 619
1645 1507
1185 166
598 1366
1605 995
889 2225
1353 1279
77 1817
2646 2606
692 2436
1139 1690
1646 2783
1207 2651
2798 2595
2137 2938
1611 380
2473 1585
2844 965
1550 1943
843 1874
1029 2270
348 2678
902 578
2368 2222
804 523
1923 253
2541 1837
1848 1801
2398 553
1683 380
1181 1267
2260 1147
781 2858
1578 1347
181 170
310 1351
2988 2275
1456 2414
2486 2180
588 2701
2232 2622
965 2254
709 333
1750 1329
2776 836
127 2411
1652 2977
897 2780
1989 2950
2029 1440
1277 2346
2981 1230
1552 1926
2490 780
120 2897
1964 1344
169 789
2221 1664
1526 991
655 2916
1579 1794
113 2342
1400 2077
2030 1585
2908 2705
2125 759
1944 508
562 74
344 712
2236 996
462 884
853 2638
1151 1978
845 1133
1131 504
2623 1072
2033 1239
2163 1332
1433 2583
1418 1712
2128 153
277 2473
2272 1195
1527 479
1261 1344
2486 1854
1353 621
1014 2870
2800 141
1830 2612
2109 334
2120 311
1796 1002
661 267
1581 2447
288 89
2288 1104
1966 2573
1843 513
1124 1775
2405 1590
2265 939
2503 2885
1031 1881
2118 1487
1222 1221
331 611
1042 56
690 1124
1688 2965
510 1142
717 2685
2132 292
2583 2308
963 1589
977 305
2114 1307
2996 2674
578 50
2441 1534
1744 967
2231 1617
293 1495
1411 123
2238 2099
1411 1833
868 1011
2650 2339
660 255
2712 1468
1031 1200
39 142
1796 2357
1679 2203
1690 654
874 2813
622 1597
2833 2334
1155 2480
1837 769
1821 905
1158 2064
2589 2198
1992 1187
2304 553
2329 407
1992 1528
357 2340
1106 1567
2861 1089
1684 2550
2417 1402
1690 2495
2630 2944
1047 1961
393 1349
1754 1504
1811 2687
78 205
1945 2944
2227 2964
2013 1751
1227 2357
1147 2437
1478 1756
1789 721
1566 1537
232 1445
1460 1025
2549 46
1561 1251
1520 1191
1918 1307
1181 2751
1469 2210
446 1374
1597 2988
622 1124
1881 32
1593 643
338 1540
233 1824
1649 1047
2019 2726
174 1485
1408 1754
1732 1407
493 1912
1330 1792
2875 29
2595 1273
2119 2626
1839 989
1323 736
2160 2518
1859 2710
1974 46
921 1989
2859 2095
1330 429
2808 1444
583 2221
1422 317
2221 967
910 399
1637 1753
1218 1330
1397 2245
1785 137
1092 625
935 1653
2042 960
1922 1643
1622 1696
2934 2569
2982 690
2410 885
747 1573
817 14
74 1172
2131 2769
1612 51
297 2845
2550 2301
1108 823
1642 97
2454 2279
685 169
1815 2305
2199 833
1074 2070
910 494
2197 392
1275 733
261 2689
699 1671
1791 1285
2863 2667
1000 331
2052 1332
719 664
2044 1079
2213 2060
308 1391
2428 2210
572 1337
1277 2276
266 2992
1552 1422
295 346
2696 2928
2540 443
702 1978
1984 1883
2698 1642
645 2218
1911 916
2793 1558
841 957
218 736
2699 654
303 2565
1428 1070
1513 1016
210 395
761 239
1744 2885
1885 541
2533 1975
1277 1446
1325 131
406 2711
110 211
1163 1907
2909 1889
2303 2679
1583 2176
2116 1007
2112 544
847 2614
2935 1862
937 1195
216 801
1329 1406
859 2951
53 2638
1202 1272
1060 1003
705 286
1599 115
1842 2044
2228 223
1972 2684
2417 2059
61 514
1725 4
2016 2128
1884 64
270 694
1365 355
2738 895
114 2693
2722 2246
1949 774
638 2258
354 1773
1033 2826
887 2229
123 1625
1645 2996
2769 2657
482 1972
1329 635
702 2316
1366 2194
1398 1469
1592 2721
1357 1845
1778 104
2254 2520
2539 1042
973 115
2793 2054
521 2323
1377 1938
1009 412
1865 1481
1005 529
1321 703
2255 2308
1375 1121
2062 1831
1595 635
703 156
635 1655
135 302
481 1821
2530 69
344 229
1272 2078
1946 431
2138 1401
673 2801
1545 265
24 40
1380 1235
2437 2968
2262 894
1812 1274
429 997
2412 2179
1050 1902
1352 162
2675 2474
15 916
2687 1577
1588 1841
1461 964
94 1780
1789 2849
2257 1174
2477 1424
1761 1571
2385 363
696 1429
117 1234
66 2438
2302 2060
2656 346
2549 1618
689 1795
2667 880
1893 2720
1235 2654
714 2818
1723 648
816 1352
1255 2582
286 1915
254 1965
2011 2882
2131 875
2133 160
271 2623
793 2145
1361 1975
866 2701
1701 425
1195 1951
1891 648
2040 2286
845 1627
2620 940
1411 249
2977 1542
1657 583
2517 2416
1812 2195
1713 2829
798 2852
1298 1951
191 958
993 954
1436 1098
179 1515
1559 906
809 1967
1484 16
2199 1605
2156 1050
2837 578
1427 1397
2375 158
1223 49
2513 437
1771 1532
2956 2173
2642 1541
86 7
903 1479
2001 1867
2052 1603
142 2520
284 350
1770 849
1033 1056
2268 1158
2601 771
962 2219
720 990
2976 2673
2961 1115
564 1776
2612 918
846 1884
2897 1813
414 1957
2113 2369
303 2562
1572 1305
67 1156
2209 1845
159 479
2153 2868
364 679
1926 1180
1981 1436
2288 82
1203 2129
975 2859
1722 1992
2723 2413
1886 159
1197 1932
243 2798
2706 2943
579 2892
846 2100
2319 935
2111 2974
1565 916
1814 2744
1806 2036
334 144
2620 2923
742 2822
1662 330
349 1450
2057 704
762 2128
66 2525
1612 2691
2927 2054
1091 90
491 1661
1669 1974
584 1020
1009 1482
165 2707
2358 2695
409 966
1945 828
327 240
2970 1209
2080 682
2663 1432
646 1356
2268 2511
2086 683
629 2295
920 119
2831 348
1221 2753
1262 2502
2410 1905
2384 1818
2063 2213
2810 2574
1899 1889
2482 1881
854 2034
2668 2242
1369 694
1256 1708
1424 1880
2427 919
382 1864
1984 2698
2812 1897
722 974
2387 481
2533 2096
111 235
2536 2110
2757 2727
436 368
149 2532
1952 288
2712 84
565 1388
2883 313
1083 2128
149 2901
1882 515
803 1608
319 832
540 1023
2683 2820
1562 75
1140 1170
2196 2862
2387 671
335 697
1608 873
331 1477
1865 213
1728 362
722 1325
2736 247
580 2209
419 1484
15 1936
1881 2345
103 1120
2439 1417
2449 2304
868 2380
2564 2920
2458 545
2573 952
1613 349
2743 930
2660 2256
362 701
2109 2007
785 2668
2932 323
1033 313
2002 1064
534 1493
2587 2913
2893 1811
568 1148
2691 2924
382 2012
1646 196
1407 2030
1705 2146
2039 1148
2340 1756
2568 2365
2470 995
1290 2141
1260 1123
686 97
901 2969
2792 1770
1135 2804
1119 1895
2432 2399
424 2765
1575 2497
1588 2680
2395 2035
650 1733
1801 718
475 2566
1630 146
699 1616
1840 495
1987 2881
2261 2093
630 1976
1691 1905
1227 2435
422 1465
2147 1974
505 306
1127 1926
364 2550
2155 2104
427 1222
2791 2639
1470 1536
1908 2650
269 1752
2505 197
1547 1281
1930 1561
1064 1262
380 740
1289 661
993 1665
107 318
1547 2850
1633 73
1119 55
2025 56
1513 1850
2326 1773
566 776
1336 2367
2384 2976
2895 2736
1439 647
397 1858
2662 2001
2301 2732
2479 452
480 2425
2216 2874
859 2133
835 1490
2200 2028
2332 62
2917 665
1378 194
2421 2587
2546 2713
279 831
45 2945
1376 1309
2153 178
2560 1212
240 1924
2650 1321
379 2340
132 67
1046 1330
317 1008
655 1784
1301 2332
1257 196
2568 644
2606 2214
4 2108
2576 134
1969 225
1694 2682
2553 1273
280 1346
2126 2588
1549 2955
2403 493
2370 2218
1680 1356
142 2922
2440 819
2534 1969
1459 2342
2724 679
2744 1183
1533 564
1632 1174
1810 476
1955 2092
884 2845
2199 228
1740 2276
418 1121
2925 1112
735 1310
2807 2752
477 2783
782 897
2829 1581
2130 1736
755 2393
941 2200
1804 572
2616 1377
2010 792
2182 2435
2022 2183
1753 2462
1946 2679
461 1948
1614 1217
720 673
1455 665
2219 1778
2441 842
1572 1575
2703 347
1704 2576
2990 2611
518 8
2892 1692
577 1876
1582 2075
2205 1383
850 742
385 1316
1107 1145
759 2091
1068 1153
2783 1857
816 2917
337 2503
1290 2923
864 2097
1504 1339
1437 1860
1307 1189
2024 1280
576 2969
352 2492
2206 234
931 1136
26 1954
2387 167
1659 2706
1136 1896
1824 82
1201 1143
666 754
276 2407
545 1847
1698 2755
1969 2688
979 241
1064 600
1539 655
902 2972
1758 2594
113 1441
2442 791
109 1045
1125 1590
284 80
1215 2567
2645 2517
2859 1506
1695 206
750 749
1817 2491
121 245
1055 700
2575 423
1157 2892
2877 94
365 238
1348 2435
2491 2570
435 1716
19 369
2737 2686
2407 165
1003 335
2451 1216
2100 1091
563 2821
2769 2642
556 2351
2830 2910
804 408
1588 1999
85 2593
2050 2572
1880 1950
2166 1988
472 1741
127 1250
870 1480
825 1210
599 960
2610 1346
2739 2754
1103 2527
1888 2762
1779 2087
541 674
2609 1027
1307 2795
2755 1314
2945 2469
2253 133
1017 1532
101 233
1701 2421
2932 809
2646 1634
388 1457
1992 657
78 2973
2276 1006
1675 1581
177 2836
1969 715
535 2882
1671 2082
2731 704
2406 1612
2142 2798
1289 1221
427 2889
440 1388
325 2624
1850 2643
415 2601
1015 2250
70 1531
1587 847
126 2375
631 882
780 2336
543 2187
1363 1198
2358 251
1129 2439
448 943
2962 1501
1731 680
2445 672
2705 489
2899 1728
2530 2070
788 752
2758 1942
2907 1317
482 1379
1811 1034
2059 1543
2567 469
1749 104
2481 2137
2715 553
1203 13
1551 2338
1852 240
1022 174
812 2896
1195 1721
1287 153
2557 2475
2040 1858
2954 2957
1771 2335
2708 2933
2420 2647
2236 1917
2474 2282
2180 881
70 489
1923 2423
2139 1862
2036 989
225 2796
609 1802
2002 1505
449 587
1224 1379
2764 468
338 1846
1713 2267
573 2032
788 876
1989 1489
2083 2157
2278 2408
1110 1425
2374 2076
534 1361
2111 1032
1296 1167
2382 1795
2979 2980
222 852
1492 1929
421 2232
2815 1783
1159 993
2592 2718
2824 596
1318 2089
1048 511
2052 2708
1213 164
2989 2608
59 2376
1739 1623
2927 400
2506 2359
548 2484
2067 2407
2745 1314
975 1607
602 1333
1673 754
287 493
1523 1009
2787 932
2517 2698
1519 951
68 1121
1284 2437
1705 2545
40 1176
591 2066
1804 834
2647 2501
959 2124
1190 1476
958 1166
1638 2711
2368 651
1211 378
2098 2179
2952 1213
1394 1415
1138 1417
1755 2540
2465 2423
1941 2660
2163 328
2756 2715
2956 81
929 499
2653 1382
1958 2094
1766 151
2734 1910
2000 916
459 17
1975 2386
519 623
187 386
1735 2183
921 1934
1758 1702
170 171
2907 1163
273 868
1491 1903
2843 1830
1866 2696
2897 898
2371 2944
1819 695
1188 2029
298 1088
2445 192
2923 731
948 2268
868 1963
524 1734
193 2854
2607 1105
2843 1413
18 328
2349 2013
291 1906
2723 2625
1464 2374
552 844
2783 128
516 2255
1710 851
2684 1661
994 1639
2377 1027
1757 2589
316 799
1302 1982
959 1300
800 2707
230 1960
173 614
2690 1631
2288 2144
1069 388
1633 490
415 1578
272 1986
2007 628
2161 91
2063 2765
1451 909
42 302
2548 2812
915 227
2889 2488
1102 1063
56 613
230 691
39 1958
1426 2769
2189 1578
1497 1800
2476 2905
602 2565
299 1901
281 2387
2210 2749
2958 2971
2830 487
2860 2140
130 51
161 2961
222 1287
1945 2472
1494 2952
324 2245
60 33
695 295
470 198
2823 2828
2594 1812
2302 242
2460 1327
1594 170
2809 1894
1303 41
978 2526
604 871
2558 1458
1264 281
2522 2436
2502 905
605 999
996 2424
1525 269
1587 471
2791 1355
456 1248
381 1707
2713 1962
1051 2356
2386 1075
532 2861
137 393
575 2192
593 1873
1920 2434
2317 2399
2150 1312
815 1703
2078 2797
949 2041
1289 2987
2810 898
546 1494
1530 1932
301 2076
2904 1326
2803 1828
1054 1023
2498 210
1928 2729
1169 1480
2737 806
1451 1986
1946 1544
2248 2453
2010 2297
1591 172
1288 2233
1018 353
805 580
2700 349
999 833
970 317
2838 1418
2801 2381
3 2431
754 536
1575 2655
2448 2556
779 1360
1171 2936
428 1763
537 2371
2666 1349
50 1763
571 201
1391 2289
2795 1012
446 2271
1931 92
2527 194
734 2692
434 2595
187 2838
2937 1714
1953 1350
2433 2809
2854 227
1685 2709
1572 1238
2402 1528
1113 2422
2008 442
2138 2364
1497 1392
2404 949
1462 687
845 133
769 2172
454 2695
1460 1434
870 57
1807 1342
325 2008
1236 2614
1987 2197
2709 1337
2432 2324
1137 2936
1720 2832
2226 644
1340 1753
2405 2313
1142 2683
150 1977
125 313
641 1933
1405 2330
1041 1141
1057 1096
1743 985
2751 1807
1656 737
320 1920
2387 1343
226 2912
923 1019
766 2089
2605 2231
734 2009
1748 1417
1144 1626
660 1719
2555 581
2790 2850
1940 928
1941 199
1372 2706
2658 2657
596 811
2635 2703
2062 839
2602 725
1447 1371
379 2661
2433 1288
2906 382
2391 891
2516 129
633 2752
1541 1869
1682 383
231 2105
1753 1786
195 2697
1939 658
94 2408
2366 1833
783 1606
2814 582
172 1015
1509 1830
2477 1358
734 2193
2103 2292
326 1732
1873 2447
2404 2062
2250 1241
1175 1223
2830 2200
217 197
2488 148
2592 1526
2999 2158
2524 1998
2963 450
2506 1474
405 2831
338 117
1538 382
1502 813
129 960
706 2203
1328 1902
196 653
2682 1919
2498 914
2021 2441
2212 2983
748 105
343 1703
2732 1518
410 1352
1955 659
618 2899
827 658
1444 1499
1835 1171
1754 1053
216 2385
2547 1952
2340 1825
1372 2405
2621 2512
2636 858
312 1126
299 1057
683 2327
458 519
1610 1220
2136 1952
2918 1781
1536 336
1156 2911
2069 1399
144 688
1141 533
1089 1086
1281 628
152 667
1619 601
308 1647
878 1549
1252 1129
2212 609
586 729
1813 1890
872 2274
2599 759
1986 2483
2997 1968
250 823
1938 361
2468 331
1602 1939
775 1977
595 2238
2865 221
109 2188
108 1492
2561 2661
109 404
259 1299
734 982
567 826
859 1715
987 1580
866 539
2990 1419
1773 763
1531 1626
975 1687
934 1063
468 1646
2183 751
397 2789
1860 1953
27 1094
71 231
2052 2006
1282 1177
2900 15
2815 309
60 2429
2785 652
147 214
773 813
1772 2266
2634 1644
207 2284
2538 407
2280 2745
2982 2298
46 2671
1487 1771
1004 899
1387 1373
2586 2804
2256 402
1223 377
1600 911
367 2283
368 2241
2746 1784
844 719
346 756
162 2788
2777 2863
2604 1062
2269 2833
1717 2208
2107 497
1456 986
631 395
2740 1265
83 2472
229 767
1335 2743
1231 2845
1584 2884
334 1738
1014 2486
2145 12
1452 2561
614 1370
511 2174
2190 2152
2285 102
2008 2919
1113 701
904 2255
1197 1322
2971 2703
1211 626
1971 282
2134 72
1474 728
1973 1922
252 1837
1968 453
443 1244
1293 1977
1052 2807
1840 922
1500 275
2334 1726
931 1648
325 2618
2602 2763
1995 2986
2753 886
1102 877
2207 1021
1544 797
2978 979
656 1760
1702 1324
857 1596
652 1249
2517 1038
1887 1983
1976 608
2581 1504
1237 632
816 496
3 1165
1947 1968
1757 1788
366 2463
2942 23
2344 2929
947 2756
2325 1036
1117 500
2444 129
1546 2991
662 2783
2694 2688
2307 258
1080 1242
1619 2692
2984 1919
2564 1809
636 426
1030 1590
808 2030
1048 1126
2949 1290
745 381
1278 764
2994 2789
1731 1240
1228 200
551 1960
1392 2235
154 1601
2088 2880
1836 2919
1079 2307
2430 2942
1345 2313
1589 2531
1208 254
96 1620
699 1730
2965 2471
2202 607
2748 43
114 558
2026 1144
294 1641
1115 483
990 1663
1510 2913
2334 52
2595 1431
2504 727
1215 2941
992 2621
340 1950
2851 1196
386 927
1596 2636
2087 2178
820 1265
2548 53
2483 794
1898 1686
1516 1137
2251 319
938 330
2804 1548
1521 1759
1108 1320
2372 387
2744 2676
246 1769
1282 1887
2585 1942
21 1699
399 2577
1823 1313
2186 1816
2705 1010
2897 2071
225 1396
1329 2018
457 2598
1409 1843
1006 1326
447 1032
707 244
2908 2750
1199 573
743 394
2841 2361
2692 185
1409 822
1566 2299
861 2366
810 1836
879 279
1100 1248
1317 1693
1980 2369
1677 2643
2389 1241
356 1919
2985 2277
313 257
482 2633
118 129
2934 2165
2079 390
2998 2537
1141 1764
155 1104
10 2419
208 2314
484 2644
1486 2188
946 700
2773 2990
1629 1044
2939 2429
25 373
63 205
287 2730
2320 155
2590 476
1777 11
1788 2665
2760 48
2836 2742
264 1914
706 2047
2564 411
1040 1535
1569 48
2478 744
2696 1084
1043 1123
2816 2713
2191 890
2331 1379
11 957
723 1864
1985 1237
1423 1179
2220 168
1611 972
615 1304
1454 649
1974 1294
1299 1130
256 594
2244 2484
1081 166
2509 787
2019 1598
1186 2243
2455 1444
456 590
492 1445
1208 1292
1148 1306
1167 1463
2661 893
2051 1838
1226 1602
1899 591
1918 2294
610 1676
1826 1847
2768 1017
2004 2583
184 2558
2871 824
236 2161
2121 2341
32 1097
1285 1877
2249 1578
2431 1182
1958 1993
341 1636
635 739
35 142
