1000
894 197
325 232
902 183
41 481
495 266
152 704
790 458
546 258
30 366
747 546
332 816
523 683
771 152
647 967
785 793
62 915
864 667
972 536
678 183
290 164
533 374
932 943
508 627
226 823
644 596
767 620
563 613
53 340
813 164
591 752
990 342
326 157
97 25
197 373
732 224
693 539
826 835
642 914
775 628
75 951
920 394
246 858
505 914
585 410
820 657
234 262
329 643
737 884
616 559
713 541
481 513
570 247
940 479
474 138
737 877
599 900
530 41
526 469
4 295
624 83
66 798
784 56
586 160
806 759
213 342
551 218
507 154
482 431
925 692
4 270
889 966
765 333
98 976
969 452
470 180
481 266
566 643
535 790
361 534
509 366
81 125
879 115
756 996
20 435
548 657
505 518
872 128
910 906
329 895
359 496
806 818
948 516
944 24
849 864
318 268
855 681
451 893
473 65
483 310
144 684
586 862
296 971
724 282
448 828
174 334
710 511
740 272
961 498
633 77
549 335
18 730
979 705
451 180
590 218
840 272
446 384
541 132
945 860
791 268
549 433
833 142
288 979
888 686
192 117
599 747
539 49
764 664
673 501
265 580
500 320
636 514
23 361
471 394
140 641
801 302
780 875
586 422
308 131
91 532
242 300
444 361
36 217
596 590
33 549
94 620
509 443
590 741
922 158
623 816
746 90
296 705
38 18
650 326
530 231
796 603
174 704
976 103
646 732
347 29
27 665
968 428
129 73
854 440
95 624
142 886
954 855
894 244
657 964
24 478
426 936
315 426
844 87
113 454
51 428
192 764
80 970
801 917
726 156
660 35
750 142
858 965
836 689
553 87
287 227
836 207
349 285
817 969
669 939
689 788
19 895
435 211
407 687
593 749
94 83
561 566
456 968
229 84
816 471
308 362
424 950
727 304
514 462
796 353
951 371
527 523
476 608
404 747
304 672
430 662
248 422
140 689
500 462
998 699
295 145
532 934
842 821
207 849
369 523
894 216
124 775
739 50
424 740
100 11
796 205
450 744
493 333
973 485
490 416
149 554
8 440
475 961
135 473
662 954
579 148
87 584
436 200
749 18
790 132
145 659
98 231
452 353
699 337
516 737
338 527
563 290
835 842
80 470
734 536
107 684
758 98
589 504
109 837
110 50
694 841
741 291
122 269
532 331
348 217
938 454
525 338
695 946
960 641
995 826
191 652
335 70
228 980
226 889
617 70
309 426
513 882
560 3
36 999
283 877
823 717
997 946
314 905
57 538
640 789
524 303
906 541
985 904
764 155
797 298
959 987
34 754
653 648
744 236
897 965
40 63
124 901
359 263
577 308
913 874
802 284
668 723
728 265
792 283
335 565
846 194
815 285
22 394
340 289
663 853
599 552
771 538
580 458
376 516
570 308
448 419
918 664
682 201
704 226
679 5
555 772
437 220
641 531
944 163
502 327
604 270
680 759
116 749
230 595
126 409
374 608
333 363
796 448
118 182
866 919
307 368
650 247
435 509
86 221
56 716
585 857
399 216
828 858
620 592
834 328
547 751
683 248
656 604
709 292
328 564
558 960
614 851
780 158
855 31
365 107
806 245
839 272
705 729
113 705
209 83
104 25
38 765
843 605
41 662
1000 980
921 905
293 790
871 527
87 106
289 161
582 894
338 31
863 882
184 627
369 197
389 462
841 895
536 491
270 797
905 975
341 121
632 176
390 168
334 314
981 866
146 715
866 580
469 536
193 545
350 558
563 773
144 258
19 425
559 185
418 74
103 793
84 866
541 214
577 566
907 278
733 902
328 549
384 55
398 930
286 948
755 264
15 753
544 862
296 375
213 368
569 236
523 931
198 895
208 621
742 200
743 538
895 766
581 824
952 783
37 692
221 924
709 763
462 353
807 483
144 386
489 222
98 521
650 889
186 987
630 422
969 775
123 74
472 995
754 626
259 303
550 415
230 6
775 750
12 207
969 400
683 573
814 99
734 960
560 511
458 723
304 305
137 531
242 307
770 878
110 306
567 786
689 767
781 577
82 303
639 444
629 131
876 429
427 817
957 547
880 193
568 426
532 800
703 128
99 296
98 194
997 230
737 357
758 867
98 309
791 724
465 353
923 722
11 516
83 259
810 718
811 527
628 306
778 827
324 917
934 754
824 501
198 863
73 432
174 668
694 64
479 358
681 246
692 670
1000 340
773 225
829 426
560 1
807 41
627 163
79 243
604 367
140 313
273 275
7 107
96 472
576 652
704 35
471 500
422 637
859 532
138 836
71 933
55 976
544 593
640 17
955 169
886 437
55 652
500 215
380 721
328 161
788 653
507 441
195 137
469 924
656 83
7 265
1000 227
831 514
803 695
704 830
61 559
374 425
271 555
27 102
518 381
899 3
842 73
173 29
577 798
861 285
532 2
668 370
219 683
933 837
569 121
382 790
384 82
576 319
708 815
866 442
54 638
91 566
435 470
820 182
705 201
162 590
184 267
508 235
857 251
136 616
211 731
261 888
984 252
695 949
773 879
550 156
503 111
767 551
177 801
924 806
578 565
634 468
48 480
531 986
520 523
343 25
875 242
549 720
356 7
462 252
251 695
723 819
493 371
778 440
545 649
381 723
436 65
402 62
830 393
932 265
259 170
584 118
916 944
137 861
635 45
278 186
349 773
346 82
876 256
569 90
447 950
906 840
409 477
920 284
951 490
508 858
949 183
555 871
332 698
968 601
751 986
578 244
831 958
521 261
776 166
117 649
409 296
343 567
672 708
172 577
449 686
63 717
400 537
856 553
484 452
397 963
837 123
681 567
432 371
542 350
395 95
530 616
799 593
929 716
774 589
887 881
490 690
362 856
998 604
567 809
436 12
361 702
725 936
276 999
918 936
797 403
784 268
720 768
49 74
6 597
587 129
899 172
492 882
289 257
682 469
352 320
903 550
100 748
631 245
987 515
263 185
556 725
398 666
181 885
762 3
174 275
291 16
700 253
470 476
783 53
949 472
488 883
708 760
757 930
735 193
252 669
715 64
138 348
882 838
784 391
951 562
307 91
776 361
852 127
143 423
175 431
316 711
358 474
652 732
919 676
79 290
357 890
364 714
361 722
192 249
716 427
111 234
690 942
168 351
277 168
804 347
686 199
446 74
799 292
973 757
385 10
185 602
532 947
288 278
745 758
336 165
43 246
317 193
504 35
923 41
416 5
744 667
277 850
73 402
847 158
297 861
26 68
439 983
1 634
770 823
112 325
925 261
56 978
130 884
930 385
903 397
114 976
68 684
814 696
872 93
192 945
336 55
918 554
52 116
396 135
537 175
261 390
177 811
456 576
397 998
626 81
510 856
679 579
682 417
906 383
341 312
2 255
782 741
344 367
90 927
409 506
332 392
102 866
216 105
590 507
874 536
721 406
614 801
712 477
156 881
779 54
898 855
980 260
405 335
388 842
76 867
611 739
429 161
406 231
977 403
675 935
420 451
985 972
40 233
890 29
168 203
61 119
417 411
15 669
622 867
312 241
499 791
111 584
454 707
657 29
497 311
822 833
533 591
691 899
279 224
134 577
928 366
237 52
119 28
127 499
953 795
485 903
537 594
101 278
69 671
299 351
131 14
674 588
903 588
959 128
612 29
778 434
758 619
865 148
687 972
992 123
635 869
513 187
65 675
909 252
458 196
498 19
911 243
522 712
885 656
45 977
666 812
754 147
673 717
491 204
540 874
176 276
48 146
853 300
685 790
12 467
340 655
658 786
557 257
403 640
982 398
193 805
490 779
774 330
615 473
785 996
174 955
387 542
397 651
873 486
287 843
600 930
457 142
446 112
743 778
401 703
873 980
210 630
418 825
808 504
548 519
283 736
587 892
467 46
571 836
923 412
683 633
301 336
878 661
379 173
250 833
50 460
313 714
281 323
243 141
464 724
327 397
85 463
267 528
959 438
122 928
769 871
529 594
301 323
294 376
610 252
234 178
961 67
37 453
811 9
606 294
556 738
739 848
21 183
842 414
718 974
922 120
455 133
223 611
701 978
461 212
106 206
44 205
908 98
497 403
377 191
662 677
688 578
795 350
476 39
706 301
298 150
517 810
329 188
979 345
322 725
607 965
932 463
992 671
466 245
9 455
256 72
74 58
579 264
645 176
6 355
26 171
656 439
734 718
868 909
238 114
817 989
321 293
700 444
794 136
509 994
144 832
896 997
60 189
793 408
870 587
59 504
795 208
167 205
222 702
559 421
941 683
413 638
6 543
934 777
417 280
132 625
575 405
953 316
693 937
647 224
378 909
670 179
488 439
651 89
494 395
78 287
782 598
512 58
461 783
239 181
143 755
319 372
962 380
513 991
761 784
823 719
360 679
339 397
845 833
912 617
624 609
119 787
139 733
47 534
459 788
237 574
736 190
893 956
697 47
649 445
32 805
938 153
88 222
902 583
891 810
274 756
912 487
189 653
988 933
558 13
151 449
92 133
487 202
240 840
592 654
347 993
926 387
618 368
108 218
319 159
572 433
902 354
254 247
583 42
