1500
1411 757
1313 912
262 1187
981 1462
907 180
1271 1463
269 957
28 355
805 260
975 876
1029 1170
1019 672
337 54
835 1453
1037 1116
326 578
730 311
1089 1081
849 575
1143 948
814 599
304 1206
26 788
334 1109
361 176
614 866
77 993
441 886
814 824
125 89
1256 926
727 413
412 846
1112 1251
298 1472
25 127
280 15
1497 103
98 289
323 712
689 242
761 945
340 453
614 258
1426 630
305 806
1450 997
908 245
1260 1062
810 307
43 1414
21 1343
974 1449
1077 849
1002 86
423 545
1115 977
943 701
371 1126
1426 599
597 187
1341 448
659 953
980 1430
413 987
79 1040
431 986
577 973
1327 280
940 904
721 205
1191 718
857 765
744 467
992 272
1002 293
148 120
396 60
907 1067
655 917
1180 586
232 630
966 347
108 279
311 1488
1095 1325
587 1417
862 530
162 70
1332 185
213 807
1497 1252
833 1426
578 845
1143 1481
1234 909
1143 1218
712 269
1073 365
619 239
155 1041
1405 1206
324 463
904 1014
682 965
160 997
85 372
455 329
1087 370
1383 28
402 1125
300 5
713 1443
959 330
1171 1476
212 1109
385 1375
898 673
877 1297
426 715
1022 120
359 519
149 106
1136 1483
1099 367
180 991
292 1255
161 888
1414 1197
322 1480
676 1385
465 1391
303 1027
734 1073
709 1437
154 1150
717 297
321 1153
740 1137
629 486
151 1330
732 424
982 1401
1381 1315
1406 1153
1316 71
908 299
1466 691
1349 504
873 1239
1164 926
927 1440
630 397
1078 366
1340 238
1453 1109
1107 290
395 393
389 1428
46 554
417 47
596 26
221 808
329 1426
292 890
1422 1401
593 140
524 963
455 1350
1063 211
1339 1484
883 902
669 289
471 602
240 590
625 984
1181 73
703 1470
1160 1298
541 346
514 562
132 1064
1284 570
660 184
195 560
791 142
314 115
1049 1408
159 630
582 252
574 581
1499 355
1056 152
573 824
953 1430
1268 1386
464 99
1197 81
114 1150
740 1150
306 112
1059 1494
959 1251
29 180
60 516
304 76
1463 766
792 392
7 992
1146 374
295 615
326 660
1432 341
37 1163
55 1287
359 605
716 1488
1298 804
976 1116
73 728
592 543
1274 449
1288 207
337 1246
1485 189
83 227
927 653
1227 168
408 1473
1260 1455
547 546
994 298
638 558
688 939
708 1051
900 998
256 3
51 47
1420 862
1449 1357
986 836
794 1128
387 1072
356 384
403 1490
179 1080
166 509
991 604
1139 1270
73 846
707 231
1223 273
1482 869
1391 102
791 166
540 54
63 880
1301 66
234 416
500 294
1381 884
597 25
681 750
1432 1431
1179 742
374 800
1106 1136
1088 254
1264 652
791 1310
1217 300
1082 1483
1171 265
904 298
1216 522
571 1245
367 451
402 373
1231 84
960 1063
382 1168
774 1370
135 955
1161 119
837 1084
234 1060
463 1075
320 690
1190 199
1005 1195
1493 1349
1386 1497
172 844
478 765
1256 691
383 969
753 347
261 990
1180 846
1153 274
262 385
1280 1471
83 1391
713 58
408 819
306 1242
2 906
1144 1279
852 942
486 1307
1137 1456
762 787
539 95
820 859
181 1203
965 1262
1337 1083
845 743
19 56
1017 656
469 568
982 365
382 463
752 1121
939 281
93 933
956 1482
255 819
920 273
409 757
372 109
1047 168
1268 803
1057 905
371 86
997 258
1346 206
178 1086
249 990
341 833
82 1246
695 290
1295 421
1273 165
1360 243
538 1020
547 21
1193 1402
599 1160
1289 988
161 1210
839 166
498 257
776 584
519 834
852 1442
175 1459
1352 1251
1497 873
1173 1315
1092 307
215 409
153 65
90 1482
424 707
1024 604
23 351
1025 1072
625 942
130 1203
277 423
1415 1105
836 1066
813 546
1339 887
52 1295
107 1361
1102 431
1082 1379
614 791
725 922
518 1009
392 253
1098 654
960 1412
875 980
1170 774
565 545
453 10
393 30
408 1314
167 384
1097 751
433 910
399 270
1202 1486
77 375
116 887
969 685
851 1230
269 1107
1119 710
262 1237
266 890
772 660
776 855
1188 450
1417 106
282 607
1399 1327
1227 99
1381 681
452 473
925 1395
1268 1209
874 675
2 43
1219 241
117 774
211 568
579 419
1034 489
1495 179
1326 602
579 1420
612 1424
210 492
575 1334
278 1272
721 484
1195 1331
41 1061
31 625
1074 1285
864 745
1466 147
857 1314
996 545
277 814
527 1159
363 914
1160 1047
416 959
1284 12
992 1481
956 606
753 331
579 4
790 1284
192 283
166 152
1033 872
1318 20
385 542
1355 202
599 465
682 1450
624 760
1189 763
981 839
557 815
1178 678
1026 1087
417 245
521 320
1141 242
783 1161
316 490
1227 158
337 1396
784 15
162 952
820 458
1155 601
530 297
373 16
529 730
1380 411
1475 901
486 83
467 709
926 1030
1083 175
669 17
1331 762
612 135
732 637
300 1225
1206 1124
341 1260
1490 716
376 74
384 174
1001 373
1363 1204
749 934
1472 1028
829 503
1043 422
1214 70
1478 291
463 788
368 689
502 1138
115 592
155 1088
209 1415
498 669
103 60
585 644
1066 1044
549 1286
953 752
20 1142
226 319
230 1292
504 753
109 622
454 625
22 1290
827 672
391 821
244 961
24 409
317 710
1237 237
572 1221
1243 1200
416 1433
819 625
108 357
989 943
846 348
1290 365
1000 344
758 330
142 1318
23 1143
62 807
357 1059
794 1055
672 686
910 928
257 667
691 1315
1404 999
1417 1408
1423 571
1155 825
938 13
937 859
322 419
377 153
186 1223
447 467
53 1338
615 784
1102 9
671 844
446 495
1394 91
925 105
122 728
1041 732
111 699
706 343
1306 303
580 898
238 1045
913 384
183 1356
612 582
1398 1190
687 1210
1131 17
1178 129
1203 72
1277 1436
102 349
1386 1235
354 270
1149 362
550 1397
326 466
792 1235
1371 1082
183 70
967 595
1061 18
1267 99
234 96
173 1459
1200 1150
93 781
913 644
42 627
436 343
303 470
892 380
211 1107
68 1069
15 282
1077 949
33 822
643 503
1379 510
1489 891
1052 987
784 677
891 823
375 1492
126 228
546 656
412 47
443 1205
1351 846
464 9
1412 918
271 1086
1106 966
637 374
250 1090
903 360
1270 1412
1219 1078
173 1155
889 550
1344 155
803 1211
113 1186
372 1298
403 1002
202 487
103 1224
1469 1272
614 767
914 5
424 451
1164 567
563 1123
562 1484
142 631
1326 1260
430 1426
372 31
761 646
145 329
1062 383
829 1281
906 1444
181 831
1454 797
429 610
258 450
408 1270
1215 1446
651 479
1454 213
1422 456
88 119
1383 513
1248 1459
1229 813
1200 625
1298 1009
844 868
921 243
53 101
1413 316
359 617
412 503
67 215
932 639
794 264
50 961
1236 1486
766 1292
718 193
976 823
789 493
1059 1046
133 246
776 593
903 794
1059 607
435 670
1382 121
286 901
745 1373
245 1380
992 215
696 773
384 503
418 633
798 1318
490 784
449 1389
990 292
1144 1372
269 376
714 553
1092 180
296 1473
1184 704
759 430
922 1119
743 722
793 581
133 414
192 441
85 720
177 896
589 661
1324 612
45 623
334 702
1084 1436
322 120
365 294
363 432
360 897
135 971
865 1172
86 927
333 144
1221 970
1040 1067
1380 456
404 958
437 609
796 1488
82 997
530 1361
734 382
42 607
553 1077
1113 605
84 138
1235 1059
1270 707
1140 111
785 1188
1355 1399
541 630
574 93
213 208
268 766
385 53
491 455
990 341
1482 375
58 956
1161 94
363 445
103 1015
1401 496
207 968
997 732
1232 1145
1414 542
104 105
1492 1020
142 265
764 959
140 530
893 317
257 651
726 1164
396 1305
14 1337
263 1073
47 1310
1237 106
696 1089
453 1128
1366 266
1300 1330
1246 841
11 1069
958 765
807 1359
1084 623
1364 1349
882 1245
638 805
812 255
262 844
1053 129
1006 265
241 1039
1265 585
658 392
1304 1137
572 1295
1288 1223
555 1133
1474 1432
1001 708
1077 123
907 806
542 662
321 1480
865 38
978 721
539 1498
956 1326
380 759
887 444
1229 795
1276 210
931 535
696 547
954 485
366 716
1235 143
996 468
1170 1110
519 74
373 1128
1454 831
63 1257
106 1223
310 469
809 504
16 1058
895 673
261 528
134 1115
946 1485
441 652
1288 852
306 1488
1324 1373
997 291
1069 1394
1239 1425
89 1461
1327 1213
888 1191
377 1242
214 951
538 5
1386 1113
1405 589
678 1068
574 66
760 560
289 39
1232 1257
771 736
1039 638
966 1308
740 923
845 99
388 458
156 518
372 861
1284 468
1410 1229
786 67
752 131
511 1094
969 881
620 7
1392 64
574 249
131 355
537 472
1462 1250
277 1189
222 1025
1172 548
1322 1366
386 1453
309 834
528 590
981 176
34 448
1258 1084
781 1230
953 958
686 1065
10 445
1104 54
1187 460
386 275
1042 820
219 553
327 500
1367 307
1457 1070
310 959
912 1492
754 592
193 570
546 1341
312 318
396 579
1287 237
733 657
1274 893
464 600
199 1160
404 1263
949 1167
773 1500
645 61
1054 654
1432 1183
410 1245
326 940
1366 147
1041 657
1127 340
708 1101
985 1487
253 44
1275 464
712 136
1190 591
1353 1351
986 887
721 276
198 1441
1017 1478
1184 511
846 827
350 217
24 54
361 1093
238 386
1010 306
1414 1257
540 1084
1005 23
756 625
552 209
488 964
1090 1470
1114 882
808 151
194 847
1380 369
9 1438
350 172
214 1053
440 422
1245 50
1026 396
744 414
785 946
1282 1066
1068 1299
1291 238
557 1266
446 1130
1025 1376
1488 362
1235 141
1385 584
817 1220
1283 1254
1404 458
1077 831
555 110
1316 331
1455 80
196 847
147 536
963 337
312 712
612 945
892 624
896 1279
1319 212
1345 1144
499 374
543 524
1070 944
1173 113
450 235
123 343
1368 1164
20 801
692 763
909 169
847 964
198 1068
1011 964
346 192
1009 462
894 468
989 1384
1410 40
566 924
992 1340
955 412
399 344
433 1123
289 1282
121 1320
876 435
1402 496
165 1159
317 858
407 489
27 104
479 164
1384 909
184 921
461 268
1297 730
172 534
667 1378
1450 865
1423 798
464 919
858 958
334 1248
356 366
1172 428
1428 127
1190 1204
163 939
315 421
802 849
992 595
858 218
368 1274
379 1189
200 113
1235 820
1240 873
748 1226
154 1346
869 1027
267 133
1257 575
291 1311
900 1036
1082 1391
196 362
195 1362
120 1244
972 820
623 1158
841 328
1447 834
1023 1424
559 651
1435 110
976 8
1461 418
1344 628
215 144
1449 821
1058 935
159 552
828 1359
769 479
1442 1441
704 1154
1219 936
889 1402
806 280
127 334
11 311
1276 773
284 1337
734 1330
1117 693
1271 350
1419 854
1317 1181
235 693
16 577
1425 332
685 1080
1071 461
850 913
1133 1089
1165 571
755 1382
1185 1333
571 1321
856 679
978 755
125 815
817 237
597 1162
583 927
994 1206
1400 182
287 977
386 1170
909 1369
376 1152
1238 900
1487 1084
682 842
572 1296
19 915
1253 743
995 49
1439 743
1468 251
451 204
717 891
1358 601
222 856
556 1460
1154 14
19 830
86 446
648 263
211 1249
64 997
1194 326
1174 1202
1033 1442
641 1429
1491 495
37 680
515 507
675 3
1163 960
806 1429
773 1460
1187 247
228 311
983 291
150 126
977 186
1452 1236
1237 632
34 521
1199 659
789 690
1035 956
89 1372
1296 1069
619 868
36 875
1098 1488
802 711
1272 848
1236 807
47 433
1314 1332
1376 636
1074 245
1165 526
59 999
718 405
668 1289
147 979
1451 625
1192 155
1128 475
576 1054
1235 507
637 539
1208 793
721 1332
874 1425
664 923
744 1480
138 1416
58 1400
1198 1203
679 1366
773 1050
1038 346
326 33
715 211
381 550
580 227
354 88
1490 929
1196 1314
521 1052
253 748
1123 1034
233 187
1402 1061
166 345
1461 1031
278 799
33 437
609 111
340 843
1446 960
128 1281
401 1017
1095 1037
671 1479
970 878
467 779
1398 1129
1218 915
246 338
1234 947
472 1388
449 1079
329 1222
1348 11
249 640
275 520
666 585
57 402
390 828
603 1464
262 1003
560 1064
303 1289
805 770
138 976
1075 684
56 934
957 1004
1456 1212
539 335
333 364
883 1039
1175 82
1182 427
188 1381
628 224
1303 378
1473 1166
1070 400
838 205
1216 1061
1250 900
1413 61
15 1057
879 275
457 315
1144 1087
997 439
548 816
1312 1304
220 1191
520 124
1153 724
588 487
771 1173
987 1076
207 860
475 1205
1287 1120
278 96
483 374
170 736
1201 553
1286 425
1234 1018
517 834
674 910
797 1132
537 69
811 1471
692 1096
400 727
1249 537
100 816
1207 417
32 785
939 1136
533 618
937 92
768 659
639 950
195 1086
459 359
108 1228
1101 481
415 716
501 264
78 465
33 6
532 69
876 893
293 950
27 321
325 380
1103 813
885 1290
1193 157
582 427
1445 995
363 358
715 1449
1241 1190
35 369
507 226
354 686
739 675
1459 1085
818 542
476 1357
608 1332
507 853
1118 1202
24 778
1296 302
649 99
718 1259
27 1445
1090 1
1197 549
1330 594
664 1111
378 693
843 655
809 554
80 1108
1335 522
63 938
493 1418
1222 190
850 870
1227 561
410 30
559 1233
1477 106
730 1347
735 1491
497 1391
259 897
1377 676
1097 517
867 507
697 95
384 1434
1489 610
3 146
1159 290
1354 654
301 669
1415 1148
137 1047
1421 1128
992 1448
535 643
1304 719
14 1
1466 1464
131 1384
569 764
1013 499
899 198
626 1060
916 606
729 909
506 896
531 804
1459 286
220 1122
1261 70
611 610
709 171
185 223
635 1470
268 1278
731 967
1286 618
1248 251
1157 425
854 445
650 217
954 845
494 197
863 666
742 33
382 1261
588 75
288 1383
27 87
727 911
564 1221
961 248
993 683
782 193
445 452
1004 1008
313 732
780 509
394 1424
216 507
49 477
840 769
360 924
215 1147
1177 500
1032 198
166 118
236 1192
449 1135
352 915
502 731
551 326
832 580
1217 353
1004 647
434 898
998 512
960 398
1158 505
1280 1482
941 355
1202 598
406 1134
542 700
663 1314
420 1300
820 339
1407 1002
190 203
1458 822
237 285
1016 532
775 584
1156 1085
1048 627
1407 621
679 1269
162 705
1254 132
741 1371
1257 1374
209 871
642 243
544 268
442 1246
1425 406
790 1185
498 826
229 1481
342 612
97 123
191 1424
438 1203
525 1060
1268 737
297 1309
160 1021
1278 1467
474 645
851 139
422 305
694 1046
1151 83
1384 494
1496 1082
1100 965
1212 508
1365 1137
1387 425
1427 837
698 683
308 23
1409 407
905 665
201 1249
746 1093
675 1329
1325 1007
523 716
1465 1289
1091 1435
471 1247
1390 717
1012 287
1403 1312
1416 1169
1105 1328
884 723
1294 168
1372 1302
1176 348
225 781
634 852
745 336
1088 930
1293 367
48 115
1284 480
500 747
1323 264
962 1272
1393 1484
738 1424
1178 1336
613 793
1342 1033
616 655
777 1360
1445 482
