2000
271 1415
1493 921
895 953
585 322
909 77
1116 1803
892 964
1756 1407
1374 659
933 1341
1597 1828
1547 906
1573 133
1556 1421
104 1287
75 322
233 464
1519 1064
817 730
657 1075
126 1570
426 1434
1583 1785
1554 1978
1785 1126
906 1585
613 275
1475 1572
1167 764
581 505
1977 1539
281 1534
1766 1854
799 240
399 1911
1273 661
1409 1419
926 995
1677 108
216 1798
551 767
1670 814
680 319
1675 1070
108 1480
1229 1982
1141 1804
967 1946
1334 1234
1303 1218
216 978
1793 792
984 714
1226 1796
1367 1692
1661 883
1337 366
1930 1988
1223 936
706 650
589 1945
460 317
828 307
1540 1529
73 1099
262 1020
316 458
1623 684
1394 126
1741 1120
236 1017
1650 1474
350 321
293 1363
1697 1103
392 1927
353 1264
819 1237
799 1607
576 1080
1712 1241
797 1984
1996 1503
1469 1106
1712 248
1239 436
668 1940
1125 1938
1974 1338
1943 1436
230 163
974 773
1016 1356
817 1430
877 584
1291 617
1098 940
1370 654
1159 994
722 569
416 614
72 1890
1768 412
936 115
274 456
1552 1822
614 132
290 1317
1570 1726
70 880
1862 1783
1013 1642
1671 1909
1727 1908
381 449
1126 561
820 1482
1041 1592
1407 961
1258 1302
720 43
528 1865
818 98
1814 1734
1104 36
498 1699
954 1266
703 1982
1207 1874
1483 1380
1774 1598
458 826
715 1347
273 600
1 739
444 1130
1874 1971
1144 1293
873 1454
1449 56
720 272
406 1968
1786 347
1576 162
458 1446
175 589
1642 601
653 1333
726 1378
1496 242
222 1571
1388 607
1479 1601
535 1435
587 1079
1820 219
1076 1953
193 1414
1605 1953
688 1336
849 1822
1145 63
482 640
1807 1
1075 325
1159 260
1303 1567
1452 1477
1664 1652
1806 1330
56 1997
1966 1728
1244 1111
19 917
251 885
1688 1534
59 1275
11 1915
165 773
1552 126
1012 1470
845 1904
1178 281
155 1452
1596 1884
1195 930
17 736
606 741
230 803
940 830
509 1605
175 1383
1481 478
421 832
515 503
1729 1181
1241 1532
1737 501
809 1633
938 677
347 682
480 1244
1924 417
383 620
1988 323
1133 751
1801 1171
1797 336
345 1414
85 622
141 1958
176 1644
1136 1168
1614 1972
4 165
951 847
1581 796
780 366
948 1231
1006 1413
1605 745
724 1450
209 1519
1946 858
1821 980
733 1237
49 1682
1919 1245
683 1512
1433 763
1001 695
340 1098
674 404
1119 506
1118 954
1805 590
553 501
596 1151
468 1863
1902 1382
596 246
1035 854
433 284
1646 944
1480 422
364 1964
1226 438
48 1063
1547 386
1258 1343
1956 1122
331 185
961 1381
746 1372
115 1149
482 1939
1054 1294
1010 447
1933 1571
1243 995
1082 1577
1766 1654
614 290
332 1221
1655 308
1451 1406
1444 488
1784 837
1771 1339
775 643
12 384
469 1474
364 1739
767 1938
387 1991
1800 136
190 1906
263 266
1325 396
262 996
1750 684
1460 997
48 698
1620 34
1577 566
796 1939
801 128
567 945
1709 1629
180 159
741 1113
1300 1646
1430 1263
1727 502
1632 211
368 1972
1512 1289
405 1894
1048 1739
1488 1457
747 1846
216 812
1681 317
665 1458
65 469
1200 820
1298 184
1711 1781
496 354
751 1452
1342 1895
441 645
398 1675
1884 1040
1546 296
1723 401
1455 748
156 1118
701 56
521 1732
648 1618
1459 179
1370 996
1562 669
1583 1274
1254 1403
903 1736
1890 1272
1399 50
1835 1220
104 659
1285 82
439 1062
774 1130
1075 624
521 1496
1347 1380
509 171
413 173
644 1703
256 1944
1604 1779
1323 1479
1433 460
531 1535
1201 1968
1681 794
798 1268
242 646
1304 1263
197 1717
1385 1260
225 1691
1823 12
924 1555
1533 1266
842 1109
923 34
64 497
1843 561
1070 1670
1318 447
1367 1960
1872 76
833 1341
1059 679
1927 1506
1618 872
1160 1751
966 343
69 910
1980 242
438 704
949 1804
1398 1768
1989 1224
979 869
1237 34
767 93
1586 166
1138 837
1259 1895
389 409
838 1210
824 859
907 456
797 907
792 111
1610 772
1531 1362
732 255
763 1813
1215 1118
768 881
374 419
614 1190
169 1349
1055 116
1890 1554
1662 1329
1839 984
1948 646
1924 1770
1798 738
710 577
1485 1093
592 616
421 406
1730 1712
1990 702
1453 1786
1454 523
424 1023
1934 878
942 1499
104 29
126 334
280 1474
186 1098
1064 1945
984 1480
1273 1206
1332 147
257 861
1740 1978
744 1688
1906 1394
1034 1893
1230 707
88 821
1674 870
1302 703
1092 717
1710 602
1183 683
1036 454
1234 1960
1601 996
1607 1518
1473 1145
1965 303
1060 1984
1703 876
1800 725
235 1839
269 1850
1236 578
168 1397
1729 1078
1873 128
1891 862
117 873
1091 1169
516 1135
761 1563
356 1515
1766 1228
1660 484
731 1431
314 234
1040 1733
1902 876
1230 144
508 1154
933 1576
1182 1396
1799 929
1504 1888
155 147
1922 104
1627 313
1626 1842
1862 131
1295 1446
623 1460
447 532
1164 1220
1978 1563
72 654
772 1747
1057 563
1367 1556
634 662
1311 125
922 1039
1068 270
940 1256
1619 366
1117 1539
349 1077
1042 113
615 915
1983 796
1233 792
1392 1166
63 1305
1732 1624
1451 242
525 1404
1904 814
1265 468
1521 1297
1244 1881
1840 1103
1196 1964
359 1122
1443 944
1859 1015
889 989
1363 145
1032 703
446 1317
94 1110
762 1757
174 100
182 1638
1871 1810
257 49
331 1610
1536 1589
674 798
620 1883
437 1440
1 1233
267 1768
1601 312
1679 1490
943 1254
1391 717
581 1909
47 525
1454 162
1732 281
1500 1135
1770 493
995 1585
879 346
348 1986
1877 1937
963 160
580 972
746 108
1061 1637
84 1357
1816 1677
154 1867
639 23
1034 1476
337 122
418 1577
632 1394
1418 546
1059 1311
1143 1702
1509 564
1241 1508
820 1065
78 734
1483 106
1916 1240
1736 1671
1019 125
110 754
1256 1050
1652 707
1124 1906
1557 103
307 1480
1759 605
1502 1096
1860 1800
1297 942
1547 1104
877 893
1775 1504
1527 153
767 393
1271 1117
973 1742
1435 1399
1279 86
673 1783
801 1710
320 1603
1521 1092
1952 358
1954 1773
701 1309
1786 544
1192 424
915 72
134 1295
381 1109
1247 90
1579 1964
416 1736
1250 211
618 1145
1101 662
1968 1556
827 1717
765 658
1375 1491
316 769
367 1864
1246 1314
1399 784
888 1418
1315 1451
402 1269
1384 859
1513 943
971 1864
1421 1081
1400 271
308 1018
253 719
805 619
812 331
238 58
573 1739
1999 1592
329 1290
77 1755
336 1545
464 1389
164 1515
869 1403
1052 247
524 1782
1714 1530
906 1733
69 1522
937 386
392 724
548 712
1249 1654
1020 252
603 85
661 801
980 1137
393 1106
624 620
180 636
276 175
118 1744
651 261
884 6
1701 574
728 181
1011 558
636 972
1692 299
1171 1021
1884 1074
1297 12
1392 1906
829 260
1018 287
198 114
707 945
427 1912
436 1794
1762 1995
652 1620
1154 1142
894 1961
1736 933
1695 1417
1942 555
348 15
1567 1308
386 1708
253 83
212 1395
700 1518
153 1499
652 141
1036 1073
82 1382
954 1347
103 868
1575 1685
1160 1411
1001 1808
1476 1910
651 302
642 1506
268 128
952 896
942 184
1925 63
903 1903
1016 1711
163 448
678 1031
1552 1323
1160 943
1328 115
1546 967
1131 657
254 1487
282 1598
807 605
1037 1325
830 586
1270 223
209 821
636 1356
31 1022
1065 273
205 1916
1116 28
36 1176
1576 482
864 1584
1299 1690
178 1205
1368 960
1583 1869
1446 595
1248 1153
30 230
1888 16
40 947
1681 1659
1935 243
439 1207
1873 1703
1035 1662
432 979
825 1150
755 1245
1714 376
949 578
795 1234
549 1970
1564 1558
37 575
147 1329
12 498
1710 37
564 1094
1508 199
1580 331
1501 1265
1270 1364
661 721
394 681
397 392
146 1814
666 1261
732 906
708 616
1515 169
1305 119
198 1083
471 1532
760 1851
1125 1004
1582 264
1035 945
844 1927
709 1322
537 1599
244 582
222 1659
845 1212
794 908
1432 1735
545 117
994 1138
696 1901
1291 352
683 656
1673 214
1144 1631
628 1471
33 1019
39 743
830 1694
1221 1361
1145 1490
66 1586
1536 1639
1286 1603
1878 1842
590 98
258 360
1531 625
798 1335
1856 1894
473 1502
1608 906
1782 1984
1789 426
1083 454
1666 1385
531 41
1563 1436
1388 1883
1376 508
1098 271
1982 584
146 989
1989 944
1936 1024
1259 1787
1281 1287
295 1986
794 471
1751 611
47 1303
1547 1311
1452 1586
1655 987
1344 569
309 1059
701 1279
913 291
666 411
395 1164
753 1081
152 1605
465 137
546 151
1949 1135
1635 736
778 1297
1022 1265
1333 1132
662 1920
1979 1232
1317 1079
1168 271
983 1859
313 1154
76 22
817 1108
1977 37
904 1765
1735 1834
639 360
547 1283
1645 1637
429 369
93 984
1385 362
1358 1504
1425 264
1298 1249
304 1624
911 370
1096 1804
193 1376
365 1769
742 217
633 90
576 306
1622 667
1495 1058
1623 1358
1300 1060
879 1978
759 729
535 1143
1075 1204
1693 1507
1548 748
1552 48
96 285
293 1043
283 1863
357 1415
801 1374
1420 1192
1400 1112
412 425
1579 1762
1336 462
1112 876
1033 1682
1731 632
1421 339
529 847
1922 1329
1854 1980
1072 659
1911 1054
1516 833
1745 394
1654 1563
208 632
1596 1648
1393 865
1028 40
1392 1559
342 987
1074 1213
608 952
1773 1275
273 1695
251 1451
302 711
299 655
895 1657
1152 825
1379 770
320 1952
920 213
614 1890
804 1719
1488 1948
1391 1826
1681 340
838 98
752 1952
202 395
1400 1244
1951 1
918 1672
1213 1006
238 1064
323 1311
999 786
1663 1751
1946 739
1351 460
1446 1115
771 853
335 508
384 1682
283 159
206 1636
1220 1023
1395 128
953 171
935 1680
1756 920
1894 962
181 237
769 1111
973 870
157 1749
212 914
290 358
349 1237
1245 215
940 39
126 1210
703 1922
347 1396
482 87
923 463
169 874
332 873
1738 946
1646 180
1584 666
998 1844
474 1891
188 1268
121 272
1085 193
1509 1192
1609 285
137 567
1910 1805
323 989
891 556
1589 1165
374 1510
1751 304
1639 1069
1794 2000
1794 56
1318 1133
1185 751
21 635
1216 1120
838 338
367 749
500 1388
1739 140
534 1286
417 674
1747 1080
1610 1351
1659 293
355 1654
610 209
1274 736
18 1832
976 1768
1799 1653
621 1974
433 1819
220 164
725 1760
698 1507
1853 1309
395 311
1299 1407
886 1767
330 729
452 1230
1637 1744
1236 1741
1902 765
858 1926
1985 1311
140 1458
1134 982
1428 1517
58 313
1169 805
94 305
341 606
391 828
1496 1024
1348 331
740 199
1948 1972
871 1043
1397 1952
116 1638
1182 142
290 425
1494 543
1579 1974
994 280
1502 1791
1723 1875
302 230
446 1950
1857 1795
490 106
754 1042
901 1821
880 114
1688 1456
381 1143
1454 1650
831 1224
1193 1348
658 1345
749 891
19 195
19 306
1159 335
1208 117
450 687
1627 54
257 1613
498 283
145 1242
101 1342
133 360
594 1676
1299 880
376 407
1192 1790
1452 436
112 1696
951 78
1662 1626
197 1393
986 1076
1575 1327
1694 1162
1602 223
841 523
1134 1289
361 1147
207 610
497 903
1037 1195
1293 738
1363 246
949 935
789 338
1098 499
1535 294
411 1864
1333 280
968 1030
467 1425
1619 96
1011 79
1602 797
1878 500
1873 1786
1330 1318
1038 1605
447 1390
1980 1683
553 953
864 650
1287 1176
892 806
558 346
1442 1942
472 198
576 824
908 1762
1255 1103
635 287
1840 1582
356 1713
1345 1953
1520 1893
606 1515
719 107
706 1944
1350 361
1004 584
349 856
1709 1837
385 503
1646 399
546 1703
488 1899
1718 1933
217 736
1092 1971
1862 321
1066 1878
115 1606
1192 265
1517 1946
1027 369
1905 1230
1331 1544
1858 85
1269 1563
486 1094
1721 220
458 1998
485 1552
1418 1067
1616 737
1786 305
1000 189
1872 57
125 1173
790 1485
1379 1055
628 1509
1445 1998
1276 1748
390 918
1803 1534
1387 1489
695 440
1762 1055
935 669
1341 435
1257 521
275 310
1372 590
15 898
480 455
1057 1839
1320 9
1110 1362
1774 1776
1848 1949
161 541
201 181
1743 1815
1885 458
1310 1868
487 1092
600 1671
1438 1467
107 953
1080 1223
954 1157
84 790
268 578
1313 634
443 973
1828 1545
1687 1076
1990 1724
609 491
1392 891
1103 462
1928 696
573 517
699 540
1643 1234
1045 111
1186 926
1733 836
475 804
404 740
1135 655
1806 1291
121 451
1807 1800
1957 1403
1961 62
1836 497
1449 541
815 675
852 492
1721 1997
463 574
681 1693
627 1567
354 1768
764 524
634 965
1067 1846
780 1456
582 1411
294 616
1939 1597
92 1136
592 1537
1326 64
1367 1303
369 1041
725 896
1346 1453
1021 898
1122 1072
1635 289
1953 42
1625 929
1918 47
696 377
667 1905
1563 777
766 345
820 642
947 306
872 1644
1100 776
1504 1530
1185 189
1601 1540
1894 294
493 1023
1928 1123
1289 1331
905 1479
65 938
1108 177
400 1711
447 38
3 17
258 497
622 741
457 1950
263 1874
1653 1615
569 1379
715 603
1139 825
579 970
743 1511
810 1082
1696 861
891 604
603 537
1029 1663
219 337
69 520
284 610
1721 1742
1667 283
428 1991
1070 1847
655 1721
1096 30
610 991
282 1560
639 1809
1801 1530
917 776
1296 625
21 1540
362 446
733 701
846 1992
1174 1897
1811 877
294 1522
1053 1922
289 1555
1460 1386
1368 114
1625 845
1046 738
121 519
1310 1853
999 725
1209 68
1311 1787
513 356
1237 975
756 13
864 1882
981 1137
1167 459
1899 1641
1841 1507
1691 295
135 1889
1384 1678
1871 1343
708 496
326 35
1089 184
1407 753
670 981
756 964
1280 1209
997 673
888 900
472 1812
1386 1986
1378 528
1738 1135
549 885
1176 1800
1008 1836
1053 1464
1920 1110
344 1062
805 1259
1711 835
1013 797
767 1001
1028 990
1349 250
121 1345
876 1630
13 595
444 1150
1568 310
490 1165
1084 1703
530 1752
586 1919
1212 1033
402 1879
121 1572
1426 1967
1080 1616
1376 1698
443 1735
704 1417
824 512
1550 1776
1706 1550
918 971
561 1047
25 818
698 1838
1218 1725
1883 1071
511 608
73 811
1851 1377
917 429
32 582
1671 1748
149 677
527 1896
1294 105
453 894
840 1738
1565 1366
292 1953
419 651
1429 652
278 670
1090 670
123 1128
353 486
1898 847
1341 631
663 1989
491 31
1703 1632
66 431
256 14
729 965
447 1181
1340 914
324 1794
210 128
1831 1127
927 161
712 1583
1769 1875
1304 400
1535 1934
634 723
815 147
1426 1378
237 1723
624 1487
233 1278
407 434
100 1146
688 673
493 1267
1290 1585
1598 614
927 388
514 47
441 378
591 1614
1970 1325
333 1787
1430 554
432 1789
710 1865
1560 562
1463 996
572 420
1775 1484
636 1410
643 618
1191 1550
252 1238
661 50
1057 1897
920 816
1318 1409
283 700
5 1694
1989 80
1339 1344
502 836
1167 1359
1887 1904
1817 1560
1878 470
1732 1743
827 44
1387 1314
660 234
1707 96
1146 362
1960 60
186 10
1512 1374
673 1287
123 1100
1274 1280
30 1251
106 1767
649 165
887 310
248 1148
1788 137
337 1442
716 1807
220 1253
713 311
1914 778
1734 7
775 1770
750 455
380 1904
1542 1573
497 1935
1328 337
194 1066
1992 549
298 758
1007 940
120 1885
1832 1487
1564 630
551 68
504 1766
1264 179
110 740
792 2
811 183
1841 758
148 360
1179 214
215 1365
1682 300
709 1233
1476 1716
1068 1934
661 825
933 583
59 1777
484 1385
205 1614
206 1552
1508 980
904 876
1619 1455
1945 1087
672 678
247 740
452 762
863 1591
358 963
1121 1323
1593 1992
641 643
1990 84
559 463
273 453
1478 145
350 420
1175 1456
1758 1087
1473 1886
1237 203
372 684
377 1117
702 192
166 1588
1222 1839
829 201
1937 988
1334 35
1475 474
1765 6
832 597
1645 1935
104 974
1043 790
1631 1177
1462 1019
772 1669
1973 1603
327 1145
542 1695
1358 503
969 1212
437 1215
1250 890
882 1144
810 427
1715 911
600 566
579 1370
229 1185
1969 1882
1929 729
473 1689
892 318
920 1049
1569 496
837 328
1753 1562
1792 897
1086 1024
1851 1494
1438 27
1665 1719
1600 467
1093 731
807 204
1011 450
785 1520
457 847
793 1900
811 256
1226 1792
1127 1597
812 1465
569 865
1437 1890
678 405
1829 1755
892 1574
1132 1097
706 403
763 968
445 891
1653 599
75 355
1358 478
1793 593
785 1621
1422 435
1493 1756
436 1227
1206 1353
1705 1980
822 547
88 1963
725 956
1911 1129
198 899
373 3
807 491
1163 1657
1327 795
700 413
717 1825
771 824
834 1795
779 10
1912 226
909 42
720 932
1451 547
1246 1792
398 1401
945 1494
310 1625
660 232
1639 1231
1216 857
1154 1966
495 315
787 1998
249 641
1628 340
489 1059
1438 1064
685 1300
722 90
1626 939
1503 1797
1561 1080
131 1350
1252 1641
1941 94
218 1109
1540 231
1249 1232
152 1633
944 1557
1718 158
1248 826
466 1956
484 1704
1617 627
403 680
1961 492
1056 1779
1811 902
103 1780
418 1107
1347 410
1993 626
536 1181
1211 329
1719 1032
1394 577
747 1661
716 479
138 891
1017 944
1579 1312
1736 1009
1892 157
520 860
488 1054
1403 1564
1447 166
66 371
315 1516
1962 725
1155 1501
433 1360
259 916
126 46
1439 1477
1020 1959
255 1994
746 510
664 881
1292 332
1982 291
1668 1046
178 96
1981 308
721 992
1661 9
1304 781
1214 1771
172 850
941 296
1314 568
1351 875
143 1284
904 1629
1092 234
228 1362
1375 179
1802 952
978 518
221 865
893 1441
1274 129
1395 81
735 1214
370 728
813 1625
958 896
1197 1887
1761 786
428 1493
1818 649
91 65
789 1595
211 783
1027 957
243 648
1296 1371
871 1684
642 691
303 1655
154 968
540 1033
430 1951
1199 511
1495 772
167 1081
913 808
375 1668
1524 417
1426 415
1790 1497
1416 1233
1926 1892
1483 1354
1331 506
658 1262
843 1703
30 170
297 1144
289 1937
1 839
741 1720
1994 1844
948 993
176 645
959 607
239 1619
269 392
1947 1178
1366 1637
1014 1393
757 936
1063 1722
1651 391
705 1332
1879 1700
481 344
982 1658
1589 1015
1857 439
1189 1456
1044 564
1779 107
196 569
1396 1217
1823 97
1553 1306
1858 1277
647 1693
1900 726
989 52
74 881
773 1975
686 930
770 351
1138 1352
1876 809
1263 851
573 1466
135 600
1907 1356
1955 1891
1870 1038
1913 510
550 1658
326 1470
992 866
1913 934
802 656
1405 1244
409 562
59 1504
1932 612
1278 1345
1277 461
1759 414
1048 191
570 328
692 313
1416 919
1270 863
694 1047
1321 1081
966 1038
1816 1472
76 811
1921 189
638 552
1419 689
74 389
1179 1164
1833 598
1748 1611
800 1214
690 663
1105 138
1852 1566
922 1520
1698 1551
1855 1148
1979 1763
912 1137
985 229
139 678
537 1830
1386 850
839 676
1455 1288
606 1140
612 1596
11 1865
1525 268
1917 1190
289 241
102 1968
1934 1523
823 142
118 782
189 1676
1670 1827
1346 718
99 1030
1249 565
1541 1926
1578 752
1547 530
1040 61
1307 651
67 864
927 1764
476 370
20 1323
95 564
676 1686
81 363
1008 1492
1594 248
1861 1471
109 918
1505 1690
394 1005
1591 855
791 482
245 1973
1991 928
522 1339
1423 1797
1878 1156
837 538
1026 1918
1587 1616
1887 1849
1955 45
595 143
1373 1570
424 1549
1408 1650
671 1530
1880 153
1553 882
1088 638
1628 788
552 833
1543 832
26 212
1618 1852
1158 1709
1833 1821
1114 494
1526 1316
288 697
1993 1527
1486 1699
113 697
1084 51
1484 539
1896 574
533 1917
129 1203
1114 1249
1161 1498
1149 477
71 84
1172 1920
1661 1931
1649 1453
408 1305
217 127
1095 1896
557 1326
629 497
1282 344
200 1656
1311 1235
1170 761
867 280
1824 1553
1450 8
1647 763
1051 1697
1424 1158
1461 214
950 395
938 227
1225 617
1472 124
24 1013
561 1923
483 1071
286 315
1612 950
961 1188
1168 1448
1153 1656
1866 848
1651 150
640 130
925 1349
1102 395
1325 1845
1746 35
931 1095
1402 516
437 1514
484 1754
1355 967
1468 1683
1866 1605
53 1276
198 1528
247 382
1198 1006
301 623
382 1640
1025 861
546 1976
257 379
252 1987
1107 571
247 442
727 1770
129 279
1187 1545
1265 693
1530 1634
955 477
1141 423
1194 86
1098 1184
1940 1725
702 277
916 340
687 637
1161 730
1538 399
224 1423
321 55
673 1427
189 1202
560 1987
541 588
526 1994
507 933
1030 89
1316 1925
424 1369
1772 402
1180 1164
428 1778
1348 187
1590 754
1980 1301
1003 925
1002 1559
1412 923
1319 1940
1680 1219
706 1324
977 1967
