2000
2 1
3 2
4 3
5 2
6 5
7 4
8 6
9 2
10 3
11 6
12 7
13 11
14 4
15 6
16 2
17 1
18 7
19 3
20 3
21 12
22 13
23 1
24 7
25 20
26 5
27 8
28 21
29 10
30 8
31 24
32 10
33 26
34 14
35 14
36 20
37 23
38 30
39 37
40 30
41 35
42 24
43 39
44 37
45 34
46 31
47 42
48 44
49 35
50 38
51 31
52 51
53 41
54 49
55 46
56 43
57 41
58 36
59 58
60 43
61 43
62 56
63 50
64 44
65 58
66 59
67 60
68 50
69 68
70 51
71 52
72 70
73 52
74 57
75 74
76 61
77 59
78 76
79 59
80 78
81 78
82 64
83 63
84 82
85 76
86 64
87 76
88 73
89 73
90 75
91 87
92 83
93 85
94 90
95 87
96 82
97 94
98 96
99 90
100 90
101 81
102 90
103 89
104 84
105 89
106 86
107 85
108 102
109 87
110 97
111 92
112 96
113 91
114 113
115 97
116 112
117 116
118 103
119 114
120 107
121 113
122 116
123 108
124 117
125 117
126 123
127 121
128 126
129 121
130 121
131 124
132 117
133 130
134 117
135 121
136 135
137 133
138 134
139 117
140 136
141 119
142 121
143 136
144 136
145 142
146 124
147 137
148 130
149 137
150 149
151 132
152 141
153 134
154 147
155 147
156 138
157 142
158 138
159 151
160 147
161 152
162 160
163 150
164 147
165 155
166 152
167 165
168 148
169 156
170 154
171 160
172 162
173 155
174 170
175 171
176 158
177 175
178 173
179 173
180 174
181 179
182 170
183 172
184 178
185 171
186 173
187 186
188 176
189 174
190 183
191 182
192 179
193 189
194 187
195 184
196 195
197 181
198 176
199 195
200 193
201 182
202 198
203 195
204 203
205 191
206 198
207 187
208 205
209 200
210 204
211 209
212 209
213 191
214 197
215 208
216 212
217 201
218 196
219 204
220 211
221 220
222 214
223 212
224 219
225 223
226 210
227 215
228 224
229 228
230 211
231 213
232 220
233 212
234 224
235 213
236 215
237 220
238 237
239 235
240 225
241 235
242 228
243 221
244 230
245 240
246 241
247 232
248 238
249 243
250 242
251 230
252 244
253 236
254 250
255 247
256 234
257 236
258 237
259 249
260 248
261 241
262 247
263 254
264 242
265 253
266 249
267 258
268 248
269 259
270 266
271 258
272 266
273 254
274 272
275 253
276 275
277 262
278 260
279 266
280 274
281 265
282 280
283 276
284 270
285 270
286 264
287 286
288 284
289 272
290 273
291 274
292 287
293 283
294 289
295 291
296 280
297 277
298 279
299 278
300 295
301 280
302 294
303 286
304 291
305 288
306 284
307 300
308 286
309 305
310 300
311 295
312 308
313 301
314 295
315 300
316 311
317 306
318 300
319 298
320 301
321 306
322 308
323 313
324 307
325 312
326 304
327 320
328 320
329 321
330 315
331 314
332 328
333 327
334 323
335 328
336 331
337 329
338 336
339 321
340 335
341 336
342 340
343 335
344 342
345 328
346 339
347 334
348 333
349 330
350 334
351 339
352 336
353 341
354 353
355 349
356 351
357 338
358 340
359 353
360 356
361 349
362 360
363 344
364 354
365 343
366 350
367 362
368 360
369 366
370 353
371 370
372 360
373 372
374 355
375 355
376 360
377 363
378 359
379 376
380 373
381 380
382 361
383 371
384 362
385 369
386 379
387 368
388 380
389 388
390 369
391 373
392 383
393 381
394 388
395 376
396 384
397 381
398 379
399 394
400 393
401 396
402 380
403 399
404 391
405 393
406 397
407 389
408 398
409 400
410 409
411 406
412 390
413 391
414 396
415 413
416 399
417 412
418 406
419 401
420 404
421 405
422 420
423 411
424 402
425 409
426 421
427 408
428 419
429 423
430 408
431 414
432 428
433 413
434 418
435 429
436 430
437 428
438 416
439 427
440 437
441 423
442 421
443 427
444 428
445 439
446 435
447 425
448 437
449 429
450 442
451 445
452 432
453 437
454 434
455 435
456 439
457 455
458 448
459 454
460 456
461 441
462 443
463 454
464 451
465 461
466 456
467 455
468 462
469 463
470 464
471 453
472 459
473 459
474 457
475 457
476 457
477 473
478 466
479 457
480 479
481 461
482 479
483 475
484 474
485 464
486 479
487 485
488 468
489 481
490 468
491 480
492 482
493 488
494 484
495 478
496 479
497 480
498 493
499 491
500 480
501 490
502 492
503 483
504 497
505 486
506 505
507 486
508 488
509 499
510 498
511 503
512 495
513 512
514 508
515 494
516 514
517 502
518 506
519 500
520 503
521 508
522 501
523 501
524 511
525 506
526 513
527 511
528 509
529 517
530 526
531 527
532 530
533 512
534 513
535 533
536 524
537 523
538 525
539 537
540 520
541 531
542 530
543 533
544 530
545 534
546 534
547 541
548 544
549 540
550 547
551 531
552 538
553 532
554 545
555 551
556 554
557 538
558 547
559 545
560 552
561 541
562 553
563 558
564 546
565 560
566 554
567 564
568 558
569 555
570 560
571 569
572 557
573 563
574 562
575 557
576 575
577 576
578 575
579 570
580 574
581 573
582 580
583 580
584 569
585 575
586 579
587 571
588 586
589 573
590 568
591 584
592 576
593 584
594 575
595 590
596 577
597 589
598 585
599 578
600 599
601 582
602 584
603 592
604 582
605 591
606 596
607 598
608 597
609 607
610 588
611 610
612 592
613 610
614 610
615 613
616 604
617 598
618 606
619 602
620 605
621 619
622 605
623 609
624 603
625 623
626 610
627 612
628 608
629 620
630 626
631 614
632 627
633 622
634 623
635 622
636 633
637 633
638 625
639 635
640 625
641 631
642 626
643 623
644 627
645 623
646 638
647 637
648 640
649 640
650 638
651 650
652 631
653 638
654 638
655 651
656 641
657 635
658 642
659 657
660 649
661 646
662 644
663 656
664 651
665 650
666 658
667 662
668 666
669 650
670 654
671 670
672 654
673 652
674 669
675 664
676 661
677 656
678 667
679 677
680 658
681 673
682 675
683 679
684 677
685 663
686 683
687 670
688 679
689 686
690 682
691 673
692 674
693 676
694 693
695 686
696 692
697 693
698 694
699 695
700 678
701 698
702 699
703 683
704 683
705 699
706 691
707 703
708 687
709 708
710 695
711 709
712 698
713 712
714 694
715 709
716 699
717 713
718 710
719 699
720 712
721 708
722 721
723 706
724 720
725 704
726 720
727 712
728 726
729 715
730 719
731 713
732 716
733 714
734 726
735 721
736 718
737 731
738 731
739 718
740 739
741 723
742 722
743 725
744 740
745 723
746 739
747 735
748 732
749 728
750 731
751 746
752 742
753 732
754 735
755 747
756 734
757 745
758 736
759 756
760 750
761 744
762 758
763 756
764 749
765 744
766 760
767 766
768 765
769 752
770 767
771 750
772 761
773 772
774 752
775 764
776 761
777 766
778 774
779 770
780 759
781 760
782 760
783 765
784 763
785 772
786 770
787 765
788 774
789 775
790 771
791 790
792 783
793 781
794 776
795 773
796 786
797 786
798 788
799 785
800 793
801 798
802 797
803 790
804 792
805 798
806 790
807 791
808 790
809 807
810 797
811 807
812 809
813 802
814 810
815 807
816 810
817 802
818 817
819 806
820 814
821 808
822 815
823 803
824 803
825 824
826 812
827 817
828 818
829 828
830 822
831 811
832 812
833 820
834 821
835 833
836 821
837 827
838 835
839 836
840 819
841 838
842 826
843 840
844 843
845 833
846 841
847 837
848 844
849 844
850 835
851 836
852 849
853 833
854 849
855 835
856 846
857 856
858 853
859 856
860 838
861 846
862 860
863 862
864 843
865 861
866 857
867 859
868 849
869 865
870 859
871 852
872 871
873 855
874 867
875 871
876 874
877 875
878 868
879 873
880 871
881 874
882 870
883 874
884 882
885 877
886 866
887 869
888 880
889 882
890 870
891 873
892 876
893 888
894 881
895 874
896 879
897 881
898 881
899 878
900 878
901 895
902 896
903 889
904 882
905 903
906 885
907 905
908 906
909 906
910 897
911 909
912 892
913 892
914 900
915 907
916 903
917 898
918 898
919 915
920 914
921 917
922 913
923 918
924 903
925 915
926 914
927 922
928 926
929 913
930 914
931 922
932 910
933 921
934 927
935 917
936 924
937 926
938 925
939 932
940 934
941 925
942 934
943 923
944 941
945 929
946 924
947 929
948 926
949 939
950 933
951 931
952 945
953 942
954 947
955 945
956 953
957 937
958 945
959 956
960 954
961 947
962 952
963 946
964 959
965 943
966 947
967 947
968 966
969 962
970 949
971 959
972 953
973 965
974 965
975 953
976 956
977 959
978 977
979 974
980 976
981 964
982 981
983 965
984 969
985 972
986 984
987 969
988 980
989 986
990 972
991 979
992 986
993 991
994 980
995 991
996 982
997 991
998 990
999 998
1000 999
1001 990
1002 997
1003 987
1004 987
1005 994
1006 984
1007 1005
1008 1001
1009 1007
1010 1009
1011 1001
1012 1003
1013 991
1014 1001
1015 995
1016 995
1017 1002
1018 1003
1019 1015
1020 1007
1021 1005
1022 1012
1023 1006
1024 1019
1025 1018
1026 1007
1027 1007
1028 1018
1029 1025
1030 1015
1031 1010
1032 1013
1033 1023
1034 1030
1035 1034
1036 1034
1037 1022
1038 1033
1039 1020
1040 1020
1041 1019
1042 1038
1043 1037
1044 1032
1045 1039
1046 1024
1047 1039
1048 1038
1049 1044
1050 1044
1051 1033
1052 1033
1053 1033
1054 1046
1055 1036
1056 1037
1057 1045
1058 1039
1059 1051
1060 1039
1061 1051
1062 1056
1063 1041
1064 1060
1065 1053
1066 1057
1067 1046
1068 1067
1069 1066
1070 1059
1071 1066
1072 1067
1073 1062
1074 1071
1075 1060
1076 1058
1077 1061
1078 1063
1079 1076
1080 1070
1081 1066
1082 1073
1083 1063
1084 1078
1085 1070
1086 1078
1087 1086
1088 1080
1089 1082
1090 1074
1091 1073
1092 1070
1093 1080
1094 1077
1095 1076
1096 1081
1097 1077
1098 1096
1099 1077
1100 1097
1101 1081
1102 1082
1103 1083
1104 1089
1105 1093
1106 1095
1107 1102
1108 1093
1109 1103
1110 1094
1111 1106
1112 1099
1113 1097
1114 1101
1115 1106
1116 1104
1117 1095
1118 1110
1119 1097
1120 1119
1121 1111
1122 1118
1123 1107
1124 1106
1125 1108
1126 1111
1127 1126
1128 1115
1129 1125
1130 1113
1131 1110
1132 1120
1133 1127
1134 1119
1135 1130
1136 1120
1137 1135
1138 1120
1139 1138
1140 1125
1141 1127
1142 1137
1143 1126
1144 1132
1145 1136
1146 1143
1147 1135
1148 1136
1149 1127
1150 1139
1151 1132
1152 1140
1153 1147
1154 1142
1155 1133
1156 1147
1157 1142
1158 1141
1159 1145
1160 1158
1161 1153
1162 1151
1163 1158
1164 1158
1165 1154
1166 1156
1167 1162
1168 1164
1169 1157
1170 1163
1171 1165
1172 1159
1173 1156
1174 1153
1175 1172
1176 1169
1177 1161
1178 1160
1179 1164
1180 1163
1181 1178
1182 1168
1183 1163
1184 1176
1185 1163
1186 1171
1187 1173
1188 1185
1189 1187
1190 1180
1191 1169
1192 1170
1193 1187
1194 1180
1195 1186
1196 1185
1197 1187
1198 1193
1199 1191
1200 1192
1201 1180
1202 1198
1203 1195
1204 1190
1205 1185
1206 1202
1207 1188
1208 1190
1209 1194
1210 1192
1211 1195
1212 1211
1213 1198
1214 1209
1215 1210
1216 1200
1217 1195
1218 1209
1219 1209
1220 1206
1221 1199
1222 1211
1223 1209
1224 1212
1225 1203
1226 1207
1227 1216
1228 1210
1229 1225
1230 1228
1231 1220
1232 1211
1233 1232
1234 1221
1235 1226
1236 1232
1237 1233
1238 1221
1239 1220
1240 1231
1241 1236
1242 1233
1243 1232
1244 1235
1245 1227
1246 1226
1247 1234
1248 1231
1249 1245
1250 1243
1251 1234
1252 1245
1253 1244
1254 1233
1255 1254
1256 1255
1257 1243
1258 1245
1259 1254
1260 1250
1261 1256
1262 1243
1263 1249
1264 1251
1265 1244
1266 1263
1267 1245
1268 1267
1269 1262
1270 1267
1271 1252
1272 1266
1273 1257
1274 1267
1275 1261
1276 1255
1277 1272
1278 1258
1279 1271
1280 1258
1281 1266
1282 1264
1283 1262
1284 1279
1285 1275
1286 1275
1287 1278
1288 1285
1289 1286
1290 1280
1291 1279
1292 1282
1293 1292
1294 1272
1295 1288
1296 1279
1297 1277
1298 1293
1299 1284
1300 1278
1301 1280
1302 1290
1303 1302
1304 1283
1305 1292
1306 1299
1307 1306
1308 1303
1309 1300
1310 1296
1311 1302
1312 1292
1313 1301
1314 1300
1315 1300
1316 1296
1317 1295
1318 1311
1319 1297
1320 1318
1321 1304
1322 1310
1323 1307
1324 1310
1325 1320
1326 1318
1327 1306
1328 1317
1329 1309
1330 1311
1331 1328
1332 1318
1333 1331
1334 1314
1335 1333
1336 1325
1337 1316
1338 1326
1339 1332
1340 1334
1341 1327
1342 1322
1343 1338
1344 1322
1345 1342
1346 1341
1347 1338
1348 1345
1349 1344
1350 1330
1351 1330
1352 1349
1353 1333
1354 1346
1355 1351
1356 1344
1357 1353
1358 1355
1359 1354
1360 1355
1361 1348
1362 1345
1363 1348
1364 1363
1365 1344
1366 1344
1367 1351
1368 1352
1369 1353
1370 1348
1371 1361
1372 1361
1373 1364
1374 1366
1375 1361
1376 1364
1377 1369
1378 1358
1379 1368
1380 1362
1381 1360
1382 1378
1383 1374
1384 1369
1385 1364
1386 1369
1387 1375
1388 1387
1389 1387
1390 1368
1391 1385
1392 1375
1393 1378
1394 1390
1395 1387
1396 1395
1397 1390
1398 1386
1399 1377
1400 1391
1401 1399
1402 1390
1403 1393
1404 1394
1405 1402
1406 1399
1407 1393
1408 1400
1409 1397
1410 1391
1411 1409
1412 1405
1413 1397
1414 1409
1415 1399
1416 1414
1417 1414
1418 1413
1419 1418
1420 1413
1421 1400
1422 1401
1423 1421
1424 1403
1425 1410
1426 1421
1427 1406
1428 1423
1429 1427
1430 1425
1431 1416
1432 1420
1433 1429
1434 1428
1435 1427
1436 1419
1437 1435
1438 1422
1439 1431
1440 1429
1441 1431
1442 1424
1443 1432
1444 1426
1445 1432
1446 1440
1447 1437
1448 1426
1449 1439
1450 1448
1451 1435
1452 1433
1453 1435
1454 1452
1455 1440
1456 1437
1457 1439
1458 1456
1459 1438
1460 1456
1461 1457
1462 1448
1463 1448
1464 1461
1465 1452
1466 1456
1467 1466
1468 1455
1469 1457
1470 1457
1471 1468
1472 1450
1473 1465
1474 1453
1475 1468
1476 1469
1477 1460
1478 1462
1479 1473
1480 1478
1481 1462
1482 1479
1483 1469
1484 1482
1485 1483
1486 1473
1487 1478
1488 1486
1489 1484
1490 1483
1491 1488
1492 1488
1493 1483
1494 1484
1495 1493
1496 1486
1497 1480
1498 1497
1499 1486
1500 1491
1501 1488
1502 1480
1503 1498
1504 1503
1505 1503
1506 1500
1507 1495
1508 1488
1509 1496
1510 1507
1511 1504
1512 1505
1513 1509
1514 1493
1515 1501
1516 1508
1517 1500
1518 1496
1519 1506
1520 1506
1521 1515
1522 1503
1523 1502
1524 1507
1525 1520
1526 1512
1527 1523
1528 1513
1529 1521
1530 1512
1531 1509
1532 1516
1533 1529
1534 1518
1535 1513
1536 1518
1537 1517
1538 1537
1539 1525
1540 1526
1541 1532
1542 1534
1543 1538
1544 1523
1545 1536
1546 1528
1547 1530
1548 1529
1549 1532
1550 1531
1551 1533
1552 1539
1553 1536
1554 1545
1555 1554
1556 1550
1557 1544
1558 1551
1559 1537
1560 1554
1561 1556
1562 1556
1563 1546
1564 1549
1565 1559
1566 1546
1567 1545
1568 1558
1569 1567
1570 1557
1571 1562
1572 1553
1573 1572
1574 1555
1575 1555
1576 1558
1577 1573
1578 1556
1579 1564
1580 1563
1581 1574
1582 1563
1583 1577
1584 1582
1585 1568
1586 1578
1587 1575
1588 1584
1589 1588
1590 1568
1591 1590
1592 1584
1593 1575
1594 1573
1595 1586
1596 1587
1597 1590
1598 1582
1599 1583
1600 1589
1601 1579
1602 1584
1603 1597
1604 1584
1605 1601
1606 1602
1607 1606
1608 1605
1609 1592
1610 1604
1611 1608
1612 1603
1613 1603
1614 1608
1615 1614
1616 1596
1617 1595
1618 1603
1619 1600
1620 1611
1621 1614
1622 1609
1623 1608
1624 1609
1625 1617
1626 1623
1627 1605
1628 1619
1629 1619
1630 1626
1631 1618
1632 1626
1633 1617
1634 1629
1635 1617
1636 1631
1637 1627
1638 1616
1639 1622
1640 1633
1641 1621
1642 1622
1643 1629
1644 1636
1645 1639
1646 1635
1647 1643
1648 1635
1649 1640
1650 1633
1651 1629
1652 1631
1653 1640
1654 1632
1655 1646
1656 1652
1657 1647
1658 1640
1659 1637
1660 1649
1661 1657
1662 1659
1663 1641
1664 1660
1665 1648
1666 1657
1667 1650
1668 1652
1669 1647
1670 1664
1671 1657
1672 1666
1673 1659
1674 1663
1675 1667
1676 1659
1677 1656
1678 1664
1679 1663
1680 1668
1681 1679
1682 1671
1683 1672
1684 1677
1685 1683
1686 1668
1687 1667
1688 1674
1689 1676
1690 1669
1691 1675
1692 1670
1693 1673
1694 1680
1695 1690
1696 1689
1697 1689
1698 1692
1699 1683
1700 1680
1701 1698
1702 1687
1703 1687
1704 1686
1705 1688
1706 1684
1707 1700
1708 1702
1709 1701
1710 1701
1711 1700
1712 1705
1713 1706
1714 1707
1715 1696
1716 1698
1717 1696
1718 1715
1719 1699
1720 1717
1721 1699
1722 1715
1723 1720
1724 1716
1725 1712
1726 1723
1727 1717
1728 1717
1729 1726
1730 1708
1731 1728
1732 1722
1733 1724
1734 1722
1735 1713
1736 1722
1737 1720
1738 1716
1739 1725
1740 1737
1741 1721
1742 1730
1743 1729
1744 1740
1745 1729
1746 1744
1747 1734
1748 1742
1749 1733
1750 1746
1751 1734
1752 1743
1753 1733
1754 1738
1755 1754
1756 1747
1757 1745
1758 1752
1759 1737
1760 1747
1761 1748
1762 1755
1763 1757
1764 1751
1765 1743
1766 1764
1767 1758
1768 1753
1769 1758
1770 1766
1771 1768
1772 1751
1773 1764
1774 1757
1775 1762
1776 1762
1777 1758
1778 1772
1779 1776
1780 1775
1781 1762
1782 1764
1783 1780
1784 1778
1785 1783
1786 1771
1787 1784
1788 1766
1789 1776
1790 1780
1791 1772
1792 1770
1793 1785
1794 1778
1795 1794
1796 1783
1797 1796
1798 1776
1799 1778
1800 1781
1801 1793
1802 1791
1803 1785
1804 1794
1805 1804
1806 1802
1807 1791
1808 1796
1809 1799
1810 1793
1811 1806
1812 1800
1813 1797
1814 1803
1815 1798
1816 1797
1817 1797
1818 1802
1819 1804
1820 1804
1821 1808
1822 1804
1823 1815
1824 1818
1825 1803
1826 1814
1827 1819
1828 1816
1829 1825
1830 1812
1831 1821
1832 1816
1833 1829
1834 1812
1835 1816
1836 1827
1837 1820
1838 1828
1839 1830
1840 1839
1841 1831
1842 1830
1843 1827
1844 1841
1845 1828
1846 1845
1847 1845
1848 1845
1849 1839
1850 1847
1851 1842
1852 1841
1853 1839
1854 1844
1855 1853
1856 1849
1857 1835
1858 1840
1859 1852
1860 1842
1861 1856
1862 1853
1863 1846
1864 1847
1865 1851
1866 1853
1867 1863
1868 1859
1869 1853
1870 1849
1871 1865
1872 1859
1873 1866
1874 1872
1875 1873
1876 1875
1877 1865
1878 1865
1879 1869
1880 1864
1881 1874
1882 1878
1883 1873
1884 1865
1885 1878
1886 1868
1887 1868
1888 1877
1889 1882
1890 1888
1891 1870
1892 1878
1893 1881
1894 1891
1895 1876
1896 1881
1897 1893
1898 1892
1899 1878
1900 1892
1901 1893
1902 1894
1903 1888
1904 1898
1905 1889
1906 1899
1907 1889
1908 1887
1909 1903
1910 1905
1911 1909
1912 1893
1913 1899
1914 1895
1915 1894
1916 1913
1917 1915
1918 1903
1919 1908
1920 1913
1921 1910
1922 1912
1923 1907
1924 1919
1925 1908
1926 1916
1927 1917
1928 1922
1929 1927
1930 1908
1931 1922
1932 1920
1933 1932
1934 1925
1935 1920
1936 1920
1937 1917
1938 1927
1939 1920
1940 1935
1941 1934
1942 1933
1943 1926
1944 1943
1945 1928
1946 1924
1947 1939
1948 1940
1949 1948
1950 1932
1951 1938
1952 1950
1953 1945
1954 1943
1955 1938
1956 1951
1957 1951
1958 1939
1959 1949
1960 1950
1961 1947
1962 1950
1963 1941
1964 1949
1965 1955
1966 1958
1967 1951
1968 1950
1969 1964
1970 1967
1971 1970
1972 1963
1973 1966
1974 1957
1975 1968
1976 1960
1977 1961
1978 1976
1979 1978
1980 1964
1981 1977
1982 1965
1983 1971
1984 1977
1985 1974
1986 1973
1987 1983
1988 1967
1989 1971
1990 1987
1991 1973
1992 1988
1993 1987
1994 1992
1995 1982
1996 1982
1997 1984
1998 1995
1999 1987
2000 1981
