3000
1 2457
2 2457
3 2457
4 2457
5 2457
6 2457
7 2457
8 2457
9 2457
10 2457
11 2457
12 2457
13 2457
14 2457
15 2457
16 2457
17 2457
18 2457
19 2457
20 16
21 2457
22 2457
23 2457
24 2457
25 2457
26 7
27 2457
28 2457
29 24
30 2457
31 2
32 2457
33 2457
34 2457
35 13
36 2457
37 2457
38 25
39 2457
40 2457
41 8
42 2457
43 2457
44 2457
45 2457
46 2457
47 2457
48 37
49 2457
50 2457
51 2457
52 18
53 2457
54 2457
55 2457
56 2457
57 45
58 2457
59 2457
60 44
61 42
62 2457
63 2457
64 2457
65 2457
66 2457
67 2457
68 39
69 2457
70 2457
71 30
72 2457
73 2457
74 2457
75 57
76 2457
77 32
78 2457
79 2457
80 2457
81 2457
82 2457
83 2457
84 2457
85 2457
86 56
87 2457
88 2457
89 2457
90 2457
91 29
92 51
93 78
94 2457
95 2457
96 84
97 2457
98 47
99 2457
100 54
101 2457
102 48
103 2457
104 2457
105 2457
106 2457
107 87
108 2457
109 96
110 2457
111 2457
112 2457
113 85
114 73
115 2457
116 2457
117 2457
118 2457
119 2457
120 2457
121 2457
122 105
123 2457
124 2457
125 82
126 2457
127 2457
128 2457
129 10
130 106
131 2457
132 91
133 2457
134 2457
135 99
136 2457
137 107
138 2457
139 2457
140 2457
141 2457
142 2457
143 2457
144 2457
145 2457
146 22
147 2457
148 33
149 2457
150 2457
151 72
152 98
153 128
154 117
155 2457
156 2457
157 55
158 2457
159 79
160 2457
161 86
162 2457
163 26
164 53
165 92
166 2457
167 75
168 2457
169 46
170 146
171 166
172 60
173 35
174 144
175 63
176 173
177 153
178 119
179 2457
180 59
181 2457
182 2457
183 2457
184 65
185 2457
186 21
187 2457
188 2457
189 2457
190 41
191 2457
192 151
193 4
194 14
195 122
196 76
197 2457
198 69
199 2457
200 131
201 2457
202 149
203 2457
204 2457
205 181
206 167
207 169
208 121
209 2457
210 2457
211 2457
212 2457
213 2457
214 17
215 2457
216 2457
217 189
218 184
219 157
220 2457
221 2457
222 197
223 143
224 127
225 125
226 2457
227 185
228 2457
229 179
230 2457
231 66
232 136
233 2457
234 188
235 2457
236 216
237 2457
238 2457
239 178
240 156
241 71
242 90
243 2457
244 50
245 2457
246 97
247 221
248 2457
249 148
250 80
251 9
252 2457
253 200
254 236
255 61
256 138
257 2457
258 20
259 3
260 2457
261 234
262 28
263 2457
264 104
265 27
266 2457
267 2457
268 118
269 2457
270 240
271 115
272 11
273 224
274 2457
275 253
276 177
277 225
278 269
279 192
280 2457
281 232
282 88
283 5
284 83
285 2457
286 2457
287 2457
288 199
289 190
290 89
291 286
292 193
293 202
294 231
295 49
296 2457
297 291
298 2457
299 150
300 210
301 278
302 194
303 196
304 2457
305 113
306 159
307 2457
308 2457
309 164
310 152
311 2457
312 2457
313 2457
314 211
315 237
316 310
317 77
318 168
319 112
320 239
321 174
322 70
323 204
324 281
325 130
326 230
327 227
328 109
329 292
330 195
331 2457
332 6
333 315
334 137
335 259
336 158
337 171
338 294
339 248
340 217
341 34
342 263
343 124
344 337
345 321
346 2457
347 254
348 165
349 2457
350 203
351 15
352 58
353 205
354 209
355 229
356 101
357 126
358 340
359 182
360 293
361 140
362 288
363 301
364 133
365 341
366 162
367 100
368 267
369 2457
370 290
371 2457
372 365
373 2457
374 268
375 114
376 2457
377 93
378 279
379 1
380 324
381 198
382 244
383 327
384 362
385 375
386 155
387 2457
388 212
389 251
390 345
391 2457
392 40
393 187
394 64
395 214
396 314
397 2457
398 222
399 265
400 215
401 343
402 376
403 305
404 241
405 226
406 405
407 389
408 262
409 120
410 2457
411 318
412 103
413 2457
414 111
415 2457
416 379
417 352
418 2457
419 401
420 170
421 409
422 296
423 223
424 273
425 2457
426 348
427 393
428 255
429 351
430 307
431 2457
432 414
433 410
434 344
435 413
436 176
437 145
438 390
439 356
440 349
441 256
442 2457
443 395
444 257
445 266
446 342
447 331
448 289
449 303
450 392
451 235
452 283
453 386
454 161
455 446
456 358
457 444
458 439
459 432
460 421
461 308
462 154
463 426
464 463
465 415
466 452
467 300
468 350
469 418
470 264
471 12
472 2457
473 368
474 473
475 183
476 302
477 400
478 451
479 397
480 454
481 213
482 67
483 287
484 372
485 43
486 440
487 464
488 2457
489 425
490 419
491 261
492 123
493 332
494 2457
495 238
496 458
497 450
498 462
499 309
500 36
501 486
502 403
503 363
504 441
505 478
506 282
507 370
508 443
509 2457
510 499
511 442
512 2457
513 433
514 469
515 448
516 383
517 233
518 398
519 160
520 516
521 367
522 503
523 423
524 228
525 132
526 428
527 280
528 260
529 186
530 508
531 359
532 322
533 456
534 304
535 272
536 465
537 347
538 457
539 2457
540 519
541 514
542 339
543 207
544 277
545 533
546 258
547 504
548 489
549 306
550 416
551 2457
552 271
553 2457
554 381
555 325
556 407
557 461
558 495
559 74
560 496
561 436
562 546
563 163
564 521
565 354
566 509
567 447
568 485
569 2457
570 316
571 510
572 180
573 366
574 387
575 319
576 481
577 564
578 396
579 557
580 468
581 247
582 285
583 330
584 252
585 361
586 578
587 364
588 431
589 445
590 553
591 335
592 297
593 427
594 475
595 588
596 175
597 539
598 548
599 513
600 298
601 108
602 141
603 518
604 585
605 38
606 598
607 142
608 501
609 577
610 532
611 245
612 559
613 453
614 497
615 434
616 566
617 360
618 466
619 579
620 295
621 312
622 52
623 550
624 135
625 614
626 250
627 374
628 603
629 220
630 384
631 490
632 576
633 575
634 494
635 68
636 430
637 593
638 565
639 632
640 530
641 608
642 493
643 470
644 355
645 582
646 633
647 507
648 544
649 562
650 323
651 373
652 638
653 648
654 520
655 206
656 479
657 2457
658 404
659 570
660 320
661 95
662 560
663 537
664 658
665 529
666 569
667 388
668 649
669 640
670 573
671 420
672 515
673 455
674 246
675 581
676 596
677 656
678 590
679 668
680 580
681 536
682 621
683 659
684 116
685 629
686 618
687 547
688 522
689 683
690 538
691 540
692 663
693 686
694 429
695 602
696 172
697 525
698 406
699 600
700 617
701 660
702 599
703 353
704 691
705 620
706 483
707 482
708 652
709 650
710 81
711 651
712 531
713 587
714 561
715 639
716 480
717 524
718 694
719 630
720 637
721 610
722 551
723 707
724 721
725 672
726 438
727 692
728 369
729 313
730 567
731 604
732 110
733 449
734 693
735 698
736 474
737 607
738 695
739 467
740 676
741 705
742 506
743 274
744 19
745 589
746 505
747 2457
748 710
749 23
750 675
751 526
752 62
753 636
754 208
755 311
756 218
757 412
758 714
759 727
760 611
761 571
762 711
763 472
764 679
765 2457
766 623
767 563
768 622
769 498
770 338
771 492
772 346
773 748
774 584
775 750
776 752
777 371
778 738
779 134
780 574
781 776
782 654
783 422
784 476
785 667
786 2457
787 701
788 635
789 424
790 411
791 592
792 646
793 2457
794 645
795 385
796 734
797 613
798 655
799 740
800 612
801 487
802 703
803 799
804 797
805 670
806 597
807 402
808 284
809 741
810 680
811 2457
812 674
813 523
814 512
815 528
816 605
817 769
818 756
819 706
820 606
821 568
822 502
823 794
824 792
825 795
826 682
827 644
828 511
829 827
830 789
831 336
832 591
833 685
834 619
835 778
836 830
837 828
838 720
839 31
840 793
841 702
842 749
843 664
844 777
845 723
846 276
847 814
848 677
849 601
850 552
851 773
852 805
853 717
854 2457
855 808
856 328
857 242
858 766
859 697
860 634
861 334
862 712
863 102
864 689
865 864
866 726
867 558
868 846
869 725
870 394
871 477
872 643
873 770
874 807
875 730
876 554
877 759
878 609
879 745
880 669
881 782
882 813
883 877
884 201
885 270
886 829
887 219
888 869
889 724
890 139
891 744
892 716
893 857
894 835
895 696
896 545
897 491
898 859
899 733
900 329
901 817
902 825
903 856
904 275
905 840
906 874
907 459
908 905
909 862
910 2457
911 875
912 809
913 806
914 586
915 382
916 890
917 821
918 906
919 688
920 549
921 917
922 889
923 615
924 849
925 129
926 534
927 832
928 326
929 791
930 746
931 921
932 666
933 243
934 914
935 925
936 931
937 732
938 819
939 802
940 842
941 903
942 765
943 762
944 904
945 865
946 704
947 719
948 929
949 437
950 753
951 543
952 662
953 816
954 870
955 709
956 735
957 898
958 333
959 958
960 787
961 812
962 863
963 678
964 900
965 841
966 902
967 700
968 191
969 758
970 767
971 913
972 845
973 861
974 541
975 948
976 743
977 940
978 883
979 594
980 834
981 357
982 965
983 484
984 616
985 786
986 673
987 815
988 642
989 967
990 94
991 911
992 893
993 887
994 839
995 747
996 885
997 796
998 897
999 708
1000 943
1001 995
1002 982
1003 818
1004 996
1005 981
1006 488
1007 764
1008 836
1009 460
1010 920
1011 888
1012 858
1013 380
1014 299
1015 881
1016 647
1017 788
1018 671
1019 896
1020 993
1021 838
1022 980
1023 986
1024 847
1025 957
1026 999
1027 823
1028 626
1029 833
1030 998
1031 774
1032 517
1033 935
1034 627
1035 1020
1036 1023
1037 378
1038 922
1039 989
1040 946
1041 915
1042 908
1043 653
1044 1031
1045 826
1046 737
1047 1029
1048 868
1049 937
1050 1032
1051 760
1052 803
1053 919
1054 1036
1055 907
1056 625
1057 891
1058 968
1059 872
1060 973
1061 820
1062 871
1063 916
1064 742
1065 912
1066 1055
1067 715
1068 784
1069 994
1070 1066
1071 923
1072 1056
1073 661
1074 583
1075 684
1076 956
1077 824
1078 884
1079 992
1080 687
1081 1047
1082 1015
1083 1071
1084 1064
1085 959
1086 899
1087 435
1088 391
1089 739
1090 147
1091 1026
1092 952
1093 928
1094 527
1095 1075
1096 1041
1097 855
1098 1057
1099 1072
1100 1058
1101 1040
1102 1004
1103 936
1104 971
1105 985
1106 930
1107 713
1108 843
1109 1086
1110 641
1111 779
1112 1061
1113 950
1114 1017
1115 880
1116 1060
1117 763
1118 1013
1119 1077
1120 681
1121 1108
1122 771
1123 1084
1124 970
1125 1053
1126 1095
1127 1112
1128 979
1129 947
1130 918
1131 1117
1132 1079
1133 1005
1134 1038
1135 932
1136 781
1137 542
1138 851
1139 1009
1140 1128
1141 757
1142 886
1143 1044
1144 1045
1145 1133
1146 768
1147 377
1148 1030
1149 1051
1150 1074
1151 1037
1152 1085
1153 844
1154 1138
1155 1089
1156 761
1157 1082
1158 1021
1159 1080
1160 1156
1161 1068
1162 1149
1163 556
1164 775
1165 628
1166 1144
1167 1059
1168 963
1169 909
1170 772
1171 1152
1172 790
1173 1007
1174 984
1175 879
1176 408
1177 976
1178 417
1179 1161
1180 1132
1181 1073
1182 1104
1183 822
1184 1165
1185 910
1186 1185
1187 722
1188 783
1189 595
1190 1119
1191 1184
1192 1039
1193 1160
1194 657
1195 1188
1196 988
1197 1062
1198 1172
1199 1168
1200 811
1201 852
1202 751
1203 831
1204 1078
1205 1110
1206 2457
1207 924
1208 1122
1209 699
1210 1111
1211 535
1212 500
1213 1025
1214 1171
1215 1129
1216 901
1217 1208
1218 690
1219 1069
1220 1134
1221 1175
1222 1164
1223 1100
1224 1221
1225 977
1226 800
1227 1148
1228 1159
1229 1136
1230 1027
1231 1034
1232 804
1233 754
1234 1211
1235 1212
1236 1065
1237 1014
1238 317
1239 1097
1240 1216
1241 991
1242 1002
1243 1016
1244 1135
1245 972
1246 572
1247 1130
1248 1127
1249 1206
1250 1123
1251 1070
1252 1194
1253 1052
1254 1001
1255 941
1256 1150
1257 942
1258 939
1259 624
1260 1234
1261 801
1262 961
1263 1178
1264 1235
1265 1182
1266 1237
1267 1214
1268 853
1269 1181
1270 1162
1271 1124
1272 1254
1273 1226
1274 1270
1275 944
1276 848
1277 960
1278 894
1279 964
1280 1146
1281 1261
1282 1241
1283 1257
1284 1196
1285 990
1286 1143
1287 1204
1288 1215
1289 1218
1290 878
1291 1284
1292 1166
1293 1157
1294 810
1295 1202
1296 1286
1297 1090
1298 1151
1299 1256
1300 1101
1301 736
1302 1213
1303 1121
1304 1042
1305 1163
1306 1198
1307 1116
1308 1180
1309 866
1310 1106
1311 1114
1312 1010
1313 1264
1314 1223
1315 1310
1316 1147
1317 1207
1318 1295
1319 471
1320 718
1321 1081
1322 1274
1323 1262
1324 997
1325 1087
1326 1115
1327 1000
1328 1224
1329 1240
1330 1195
1331 860
1332 1283
1333 1035
1334 1269
1335 780
1336 1287
1337 1321
1338 1278
1339 1331
1340 1137
1341 1277
1342 1008
1343 728
1344 1173
1345 1323
1346 1186
1347 1076
1348 1043
1349 1273
1350 1337
1351 1209
1352 1311
1353 1153
1354 1191
1355 1325
1356 631
1357 1139
1358 962
1359 933
1360 1096
1361 1259
1362 1024
1363 1200
1364 1088
1365 1048
1366 1238
1367 1290
1368 1308
1369 1367
1370 1296
1371 1329
1372 1236
1373 1190
1374 1299
1375 1120
1376 1018
1377 1107
1378 1294
1379 1304
1380 1344
1381 1360
1382 1355
1383 1217
1384 1376
1385 987
1386 1309
1387 1320
1388 1094
1389 1370
1390 1265
1391 1229
1392 1232
1393 785
1394 1279
1395 1252
1396 926
1397 1327
1398 1183
1399 934
1400 1063
1401 1332
1402 1022
1403 1176
1404 938
1405 1205
1406 1315
1407 1092
1408 1169
1409 1356
1410 951
1411 1379
1412 1305
1413 1391
1414 1197
1415 1366
1416 1368
1417 1324
1418 945
1419 1301
1420 1006
1421 1103
1422 1222
1423 1303
1424 1154
1425 1398
1426 399
1427 1258
1428 974
1429 1033
1430 1268
1431 1335
1432 1351
1433 1201
1434 1413
1435 1334
1436 1272
1437 798
1438 555
1439 1246
1440 1434
1441 1339
1442 1381
1443 1155
1444 729
1445 867
1446 969
1447 1093
1448 1326
1449 1126
1450 1228
1451 1099
1452 1251
1453 1049
1454 1396
1455 1227
1456 1317
1457 1345
1458 1352
1459 1109
1460 1421
1461 1102
1462 1231
1463 1378
1464 876
1465 953
1466 1424
1467 1276
1468 1373
1469 1449
1470 1466
1471 1242
1472 1192
1473 1282
1474 1342
1475 1275
1476 1260
1477 1050
1478 1364
1479 1472
1480 1247
1481 1054
1482 755
1483 1263
1484 949
1485 1479
1486 983
1487 1419
1488 1460
1489 1349
1490 1298
1491 1423
1492 1393
1493 1458
1494 1384
1495 1302
1496 1451
1497 1374
1498 1267
1499 1167
1500 1333
1501 1415
1502 731
1503 1463
1504 1414
1505 1019
1506 1179
1507 1199
1508 1399
1509 1409
1510 1193
1511 1225
1512 1248
1513 1447
1514 1473
1515 1509
1516 1210
1517 1358
1518 837
1519 1502
1520 1420
1521 1395
1522 1495
1523 1433
1524 1280
1525 1480
1526 1253
1527 1484
1528 1471
1529 1400
1530 1496
1531 1347
1532 1105
1533 1318
1534 1510
1535 1388
1536 1487
1537 1506
1538 1515
1539 1312
1540 1465
1541 1142
1542 1306
1543 1411
1544 1437
1545 1293
1546 1493
1547 1503
1548 1464
1549 1383
1550 1239
1551 850
1552 1546
1553 1516
1554 1300
1555 854
1556 1547
1557 1401
1558 1468
1559 1426
1560 1494
1561 1341
1562 1363
1563 1470
1564 1244
1565 1527
1566 1313
1567 1322
1568 1003
1569 1091
1570 1380
1571 1422
1572 1523
1573 1289
1574 1565
1575 1266
1576 1575
1577 1544
1578 1525
1579 1574
1580 1521
1581 1233
1582 1429
1583 1220
1584 1556
1585 1456
1586 1519
1587 1118
1588 1570
1589 1540
1590 1529
1591 1446
1592 1452
1593 1467
1594 1478
1595 1587
1596 1245
1597 1011
1598 1512
1599 1568
1600 1435
1601 1406
1602 927
1603 1560
1604 1255
1605 1604
1606 1485
1607 1385
1608 1511
1609 1596
1610 1526
1611 1012
1612 1357
1613 1046
1614 1569
1615 1158
1616 1125
1617 1386
1618 1580
1619 1431
1620 1579
1621 1517
1622 1292
1623 1490
1624 1620
1625 1428
1626 1372
1627 1497
1628 1067
1629 1605
1630 1249
1631 1583
1632 1602
1633 1549
1634 1535
1635 1584
1636 1350
1637 1522
1638 1634
1639 1488
1640 1403
1641 1457
1642 1504
1643 1594
1644 895
1645 1621
1646 1618
1647 1595
1648 1567
1649 1566
1650 1545
1651 1635
1652 1491
1653 1530
1654 1499
1655 1439
1656 1174
1657 1610
1658 1375
1659 1600
1660 1417
1661 1319
1662 1639
1663 1489
1664 1563
1665 1577
1666 1430
1667 1443
1668 1448
1669 1615
1670 954
1671 1390
1672 1573
1673 1533
1674 1450
1675 1551
1676 1591
1677 1514
1678 1653
1679 978
1680 1644
1681 1291
1682 1028
1683 1536
1684 1455
1685 1623
1686 1316
1687 1520
1688 1613
1689 1654
1690 1637
1691 1531
1692 1638
1693 1671
1694 1340
1695 1353
1696 1314
1697 1297
1698 1619
1699 1528
1700 1630
1701 1518
1702 1407
1703 1674
1704 1387
1705 1524
1706 1694
1707 1405
1708 1307
1709 1603
1710 1622
1711 1593
1712 1365
1713 1552
1714 1140
1715 1328
1716 1651
1717 1462
1718 1564
1719 1444
1720 1418
1721 1655
1722 1441
1723 1177
1724 1170
1725 1189
1726 1699
1727 1486
1728 1711
1729 1703
1730 1416
1731 1558
1732 665
1733 1555
1734 1606
1735 1562
1736 1578
1737 1348
1738 1508
1739 1720
1740 975
1741 1662
1742 1550
1743 1145
1744 1692
1745 1626
1746 1505
1747 1542
1748 1616
1749 1243
1750 1461
1751 1657
1752 1590
1753 1612
1754 1730
1755 1445
1756 1469
1757 1717
1758 1740
1759 1673
1760 1737
1761 1219
1762 1664
1763 1649
1764 1670
1765 1693
1766 1481
1767 1343
1768 1539
1769 1706
1770 1735
1771 1686
1772 1500
1773 1753
1774 1141
1775 1738
1776 1607
1777 1597
1778 1641
1779 1676
1780 1601
1781 1389
1782 1627
1783 1718
1784 1776
1785 1537
1786 1758
1787 1425
1788 1633
1789 1336
1790 1689
1791 1330
1792 1599
1793 1131
1794 1392
1795 1788
1796 1492
1797 1669
1798 1548
1799 1581
1800 1592
1801 955
1802 1723
1803 1685
1804 1652
1805 1700
1806 1586
1807 1625
1808 1288
1809 1561
1810 1748
1811 1585
1812 1642
1813 1543
1814 1719
1815 1751
1816 1757
1817 1475
1818 1678
1819 1647
1820 1250
1821 1820
1822 1589
1823 1617
1824 1369
1825 1701
1826 1588
1827 1725
1828 1679
1829 1402
1830 1483
1831 1772
1832 1656
1833 1665
1834 1801
1835 1791
1836 1695
1837 1750
1838 1813
1839 1474
1840 1698
1841 1764
1842 1442
1843 1716
1844 1609
1845 1831
1846 1710
1847 1554
1848 1819
1849 1759
1850 1827
1851 1640
1852 1837
1853 1760
1854 1682
1855 1677
1856 1855
1857 1230
1858 1359
1859 1828
1860 1840
1861 1708
1862 1787
1863 1672
1864 1498
1865 1377
1866 1836
1867 1784
1868 1636
1869 1816
1870 892
1871 1841
1872 1856
1873 1643
1874 1702
1875 1830
1876 1833
1877 1843
1878 1800
1879 1781
1880 1203
1881 1809
1882 1790
1883 1557
1884 1454
1885 1874
1886 1440
1887 1408
1888 1541
1889 1412
1890 1453
1891 1285
1892 1734
1893 1884
1894 1849
1895 1371
1896 1688
1897 1792
1898 1863
1899 1675
1900 1770
1901 1838
1902 1896
1903 1681
1904 1663
1905 1660
1906 1611
1907 1867
1908 1691
1909 1382
1910 1803
1911 1739
1912 1713
1913 1438
1914 1860
1915 1815
1916 1761
1917 1683
1918 1598
1919 1668
1920 1821
1921 1571
1922 1534
1923 1861
1924 1410
1925 1749
1926 1763
1927 1722
1928 1826
1929 1835
1930 1929
1931 1844
1932 1905
1933 1806
1934 1482
1935 1824
1936 1113
1937 1917
1938 1576
1939 1823
1940 1938
1941 1829
1942 1582
1943 1881
1944 1854
1945 1187
1946 1862
1947 1857
1948 1814
1949 1869
1950 1436
1951 1780
1952 1614
1953 1890
1954 1817
1955 1853
1956 1811
1957 1848
1958 1936
1959 1727
1960 1926
1961 1707
1962 1756
1963 1553
1964 1962
1965 1432
1966 1965
1967 1477
1968 1922
1969 1778
1970 1361
1971 1880
1972 873
1973 1624
1974 1914
1975 1845
1976 1946
1977 1877
1978 1953
1979 1858
1980 1927
1981 1732
1982 1919
1983 1969
1984 1427
1985 1822
1986 1899
1987 1281
1988 1944
1989 1873
1990 1779
1991 1362
1992 1907
1993 1967
1994 1864
1995 1948
1996 1818
1997 1915
1998 1690
1999 1975
2000 1847
2001 1883
2002 1898
2003 1687
2004 1887
2005 1731
2006 1773
2007 1697
2008 1742
2009 2001
2010 1346
2011 1777
2012 882
2013 1709
2014 1934
2015 1631
2016 1744
2017 1996
2018 1721
2019 1966
2020 1729
2021 1805
2022 2009
2023 966
2024 1755
2025 1705
2026 1971
2027 1876
2028 1870
2029 1775
2030 1538
2031 1931
2032 1958
2033 1940
2034 1935
2035 1868
2036 2018
2037 1909
2038 1741
2039 2015
2040 1807
2041 1726
2042 1973
2043 1879
2044 1083
2045 1559
2046 1799
2047 2041
2048 1645
2049 2007
2050 2002
2051 2022
2052 1338
2053 1680
2054 1954
2055 1098
2056 2033
2057 1930
2058 1950
2059 1895
2060 1945
2061 1964
2062 1743
2063 1846
2064 1872
2065 1942
2066 1939
2067 1459
2068 1963
2069 1666
2070 1661
2071 2032
2072 2043
2073 1865
2074 2014
2075 2024
2076 2031
2077 1918
2078 1397
2079 1746
2080 2055
2081 1852
2082 1804
2083 1646
2084 1911
2085 1825
2086 1988
2087 1878
2088 2074
2089 2066
2090 2068
2091 1976
2092 1888
2093 1932
2094 1648
2095 1271
2096 1650
2097 2060
2098 1994
2099 1532
2100 1733
2101 1952
2102 1507
2103 1783
2104 1714
2105 2067
2106 1768
2107 1752
2108 2010
2109 1937
2110 1745
2111 2053
2112 2021
2113 1961
2114 2086
2115 2038
2116 1892
2117 2084
2118 1955
2119 2023
2120 2113
2121 2006
2122 2081
2123 1982
2124 1903
2125 2012
2126 2059
2127 1769
2128 1771
2129 1886
2130 2005
2131 2004
2132 2040
2133 1882
2134 2129
2135 2099
2136 2028
2137 1782
2138 2049
2139 1501
2140 1893
2141 2071
2142 1925
2143 1998
2144 1956
2145 1354
2146 2123
2147 1947
2148 1924
2149 1795
2150 2095
2151 2135
2152 1900
2153 1910
2154 1394
2155 1957
2156 1999
2157 1696
2158 1993
2159 2045
2160 1850
2161 1989
2162 2073
2163 2037
2164 2162
2165 2139
2166 1797
2167 2115
2168 2167
2169 1629
2170 2016
2171 1513
2172 2169
2173 2065
2174 2118
2175 2124
2176 1902
2177 2114
2178 1943
2179 1667
2180 1812
2181 1933
2182 2121
2183 2163
2184 2165
2185 2078
2186 2054
2187 1832
2188 1979
2189 2103
2190 1834
2191 1913
2192 2101
2193 2149
2194 2166
2195 2058
2196 2150
2197 2116
2198 1762
2199 1794
2200 1986
2201 2141
2202 2088
2203 2093
2204 1974
2205 1608
2206 1789
2207 2083
2208 1960
2209 2152
2210 2106
2211 2188
2212 2161
2213 2191
2214 2138
2215 2199
2216 2089
2217 1632
2218 2047
2219 1901
2220 1842
2221 2216
2222 1897
2223 2082
2224 2127
2225 2077
2226 2222
2227 2128
2228 1747
2229 1802
2230 2130
2231 1765
2232 1923
2233 2119
2234 2142
2235 2218
2236 2057
2237 1628
2238 2235
2239 1908
2240 2212
2241 2125
2242 2056
2243 2221
2244 1712
2245 2017
2246 2096
2247 2174
2248 2062
2249 2144
2250 2182
2251 2170
2252 1659
2253 2179
2254 1875
2255 2180
2256 2201
2257 2011
2258 2052
2259 2197
2260 1992
2261 2154
2262 2260
2263 1684
2264 1941
2265 1889
2266 2134
2267 1990
2268 2137
2269 2227
2270 1997
2271 2064
2272 1839
2273 2217
2274 1793
2275 2185
2276 1704
2277 2176
2278 2269
2279 2072
2280 1871
2281 2035
2282 2019
2283 2160
2284 2126
2285 2172
2286 2265
2287 2276
2288 1921
2289 2234
2290 1928
2291 1978
2292 1766
2293 2105
2294 2286
2295 2206
2296 1991
2297 2094
2298 2254
2299 1774
2300 2270
2301 2171
2302 2110
2303 2283
2304 2025
2305 2295
2306 2294
2307 2051
2308 2214
2309 1572
2310 2251
2311 1476
2312 2306
2313 2311
2314 2302
2315 2272
2316 2309
2317 2111
2318 2131
2319 2257
2320 2209
2321 2034
2322 2183
2323 2108
2324 249
2325 1736
2326 1987
2327 2173
2328 1810
2329 1985
2330 2145
2331 2003
2332 1912
2333 2299
2334 1983
2335 2279
2336 2310
2337 1959
2338 2324
2339 2316
2340 2323
2341 2157
2342 1724
2343 2030
2344 2274
2345 2325
2346 2244
2347 2029
2348 1904
2349 2193
2350 2036
2351 2230
2352 1972
2353 2331
2354 2347
2355 2044
2356 2280
2357 2192
2358 2143
2359 2233
2360 1786
2361 2314
2362 2184
2363 2301
2364 2249
2365 2262
2366 2362
2367 2042
2368 2178
2369 2048
2370 2205
2371 2190
2372 2195
2373 2346
2374 2232
2375 2348
2376 2122
2377 2039
2378 2349
2379 2194
2380 2085
2381 2291
2382 2112
2383 2133
2384 2268
2385 1920
2386 2293
2387 2281
2388 1866
2389 2342
2390 2100
2391 2288
2392 2224
2393 2386
2394 2153
2395 2013
2396 2000
2397 2285
2398 2168
2399 2189
2400 2090
2401 2378
2402 2236
2403 2080
2404 2355
2405 2136
2406 1916
2407 2203
2408 2333
2409 2368
2410 2245
2411 2337
2412 2248
2413 2240
2414 2253
2415 2345
2416 2358
2417 2008
2418 2305
2419 2407
2420 2418
2421 2046
2422 2372
2423 2315
2424 2177
2425 2317
2426 2304
2427 2156
2428 1859
2429 2381
2430 2423
2431 2159
2432 2213
2433 2388
2434 2266
2435 2393
2436 2241
2437 2427
2438 2287
2439 1798
2440 1767
2441 2361
2442 2320
2443 2353
2444 2102
2445 2409
2446 2390
2447 2140
2448 2321
2449 2447
2450 1785
2451 2396
2452 2448
2453 2439
2454 2256
2455 2076
2456 2425
2458 1949
2459 2252
2460 2455
2461 2436
2462 2383
2463 2098
2464 2075
2465 2431
2466 2275
2467 2432
2468 2215
2469 2207
2470 2326
2471 1906
2472 2422
2473 2246
2474 2389
2475 2405
2476 2467
2477 2475
2478 2380
2479 2341
2480 2273
2481 2445
2482 2267
2483 2443
2484 2290
2485 2476
2486 2292
2487 2424
2488 2486
2489 2196
2490 2489
2491 2239
2492 2303
2493 2247
2494 1728
2495 2104
2496 2434
2497 2271
2498 2450
2499 2117
2500 2228
2501 2243
2502 2377
2503 2132
2504 2020
2505 2350
2506 2070
2507 2364
2508 2211
2509 2027
2510 2371
2511 2359
2512 2408
2513 2502
2514 2351
2515 2369
2516 2278
2517 2410
2518 2471
2519 2488
2520 2258
2521 2472
2522 2413
2523 2327
2524 2429
2525 2322
2526 2146
2527 2392
2528 2395
2529 2063
2530 2298
2531 2483
2532 2500
2533 2404
2534 2492
2535 2524
2536 2198
2537 1404
2538 2318
2539 2452
2540 2229
2541 2414
2542 2480
2543 2356
2544 1715
2545 2277
2546 2469
2547 2441
2548 2200
2549 2453
2550 2473
2551 2259
2552 2459
2553 2438
2554 1984
2555 2284
2556 2394
2557 2435
2558 2373
2559 2504
2560 2465
2561 2420
2562 2151
2563 2336
2564 2147
2565 2446
2566 2399
2567 2563
2568 2343
2569 2181
2570 2339
2571 2554
2572 2335
2573 2202
2574 2263
2575 2382
2576 2552
2577 1968
2578 2223
2579 2481
2580 2463
2581 2551
2582 1808
2583 2484
2584 2509
2585 1796
2586 2559
2587 2544
2588 2148
2589 2187
2590 2534
2591 2330
2592 2328
2593 2493
2594 2523
2595 2533
2596 2456
2597 2580
2598 2582
2599 2550
2600 2297
2601 2444
2602 2421
2603 2261
2604 2528
2605 2564
2606 1885
2607 1891
2608 2313
2609 2558
2610 1995
2611 2440
2612 2237
2613 2219
2614 2026
2615 2430
2616 2282
2617 2470
2618 2428
2619 2511
2620 2570
2621 2264
2622 2460
2623 2374
2624 2210
2625 2603
2626 2604
2627 2442
2628 2589
2629 2574
2630 1970
2631 2614
2632 2565
2633 2578
2634 2458
2635 1980
2636 2571
2637 2497
2638 2588
2639 2615
2640 2491
2641 2107
2642 2515
2643 2289
2644 2433
2645 2553
2646 2602
2647 2636
2648 2646
2649 2092
2650 2238
2651 1981
2652 2495
2653 2610
2654 2485
2655 2612
2656 2517
2657 2583
2658 2616
2659 2385
2660 2375
2661 2645
2662 2513
2663 2542
2664 2621
2665 2618
2666 2097
2667 2661
2668 2667
2669 2539
2670 2545
2671 2391
2672 2660
2673 2354
2674 2507
2675 2499
2676 2652
2677 2334
2678 2656
2679 2461
2680 2587
2681 2648
2682 2490
2683 2566
2684 2415
2685 2360
2686 2370
2687 2109
2688 2658
2689 2526
2690 2594
2691 2164
2692 2366
2693 2643
2694 2079
2695 2091
2696 2061
2697 2690
2698 2402
2699 2632
2700 2683
2701 2634
2702 2560
2703 2367
2704 2226
2705 2512
2706 2363
2707 2631
2708 2506
2709 2679
2710 2576
2711 2437
2712 2647
2713 2639
2714 2520
2715 2466
2716 2653
2717 2562
2718 1658
2719 1894
2720 2712
2721 2703
2722 2538
2723 2401
2724 2641
2725 2692
2726 2527
2727 2573
2728 2416
2729 2659
2730 2675
2731 2671
2732 2727
2733 2630
2734 2633
2735 2609
2736 2510
2737 2584
2738 2516
2739 2575
2740 2175
2741 2715
2742 2673
2743 2579
2744 2729
2745 2625
2746 2600
2747 2529
2748 2640
2749 2204
2750 2719
2751 2605
2752 2713
2753 2208
2754 2682
2755 2540
2756 2464
2757 2522
2758 2307
2759 2709
2760 2338
2761 2050
2762 2601
2763 2498
2764 2733
2765 2688
2766 2479
2767 2555
2768 2710
2769 2761
2770 2718
2771 2739
2772 2384
2773 2596
2774 2721
2775 2487
2776 2344
2777 2547
2778 2665
2779 2777
2780 2743
2781 2760
2782 2357
2783 2567
2784 1977
2785 2687
2786 2752
2787 2689
2788 2771
2789 2462
2790 2629
2791 2772
2792 2595
2793 2593
2794 2698
2795 2716
2796 2694
2797 2662
2798 2592
2799 2758
2800 2798
2801 2797
2802 2685
2803 2756
2804 2728
2805 2737
2806 2775
2807 2755
2808 2780
2809 2657
2810 2767
2811 2638
2812 2531
2813 2748
2814 2300
2815 2806
2816 2711
2817 2785
2818 2255
2819 2786
2820 2735
2821 2478
2822 2742
2823 2720
2824 2548
2825 2530
2826 2619
2827 2784
2828 2801
2829 2788
2830 2699
2831 2426
2832 2734
2833 2672
2834 2624
2835 2676
2836 2764
2837 2808
2838 2819
2839 2644
2840 2741
2841 2714
2842 1754
2843 2674
2844 2702
2845 2813
2846 2817
2847 2706
2848 2773
2849 2769
2850 2691
2851 2312
2852 2707
2853 2802
2854 2845
2855 2451
2856 2069
2857 1851
2858 2120
2859 2809
2860 2668
2861 2352
2862 2834
2863 2419
2864 2087
2865 2664
2866 2521
2867 2765
2868 2650
2869 2776
2870 2400
2871 2663
2872 2851
2873 2749
2874 2617
2875 2519
2876 2704
2877 2606
2878 2666
2879 2829
2880 2799
2881 2836
2882 2782
2883 2856
2884 2779
2885 2783
2886 2525
2887 2532
2888 2833
2889 2296
2890 2681
2891 2768
2892 2308
2893 2654
2894 2820
2895 2549
2896 2744
2897 2879
2898 2878
2899 2705
2900 2736
2901 2680
2902 2891
2903 2220
2904 2590
2905 2859
2906 2561
2907 2827
2908 2572
2909 2818
2910 2732
2911 1951
2912 2874
2913 2697
2914 2725
2915 2826
2916 2831
2917 2586
2918 2792
2919 2724
2920 2738
2921 2793
2922 2496
2923 2730
2924 2556
2925 2902
2926 2700
2927 2696
2928 2873
2929 2896
2930 2885
2931 2898
2932 2895
2933 2883
2934 2889
2935 2759
2936 2909
2937 2449
2938 2832
2939 2857
2940 2608
2941 2917
2942 2754
2943 2482
2944 2762
2945 2474
2946 2795
2947 2501
2948 2635
2949 2332
2950 2937
2951 2340
2952 2922
2953 2406
2954 2840
2955 2952
2956 2861
2957 2379
2958 2508
2959 2914
2960 2541
2961 2250
2962 2901
2963 2886
2964 2912
2965 2963
2966 2477
2967 2924
2968 2750
2969 2535
2970 2942
2971 2866
2972 2961
2973 2953
2974 2329
2975 2933
2976 2678
2977 2927
2978 2903
2979 2930
2980 2839
2981 2613
2982 2753
2983 2805
2984 2417
2985 2717
2986 2828
2987 2982
2988 2546
2989 2468
2990 2954
2991 2900
2992 2943
2993 2944
2994 2920
2995 2908
2996 2949
2997 2627
2998 2637
2999 2397
3000 2835
