2000
1 271
2 271
3 271
4 271
5 271
6 271
7 271
8 271
9 271
10 271
11 271
12 271
13 271
14 271
15 271
16 271
17 271
18 271
19 271
20 271
21 271
22 271
23 271
24 271
25 271
26 271
27 271
28 271
29 271
30 271
31 271
32 271
33 271
34 271
35 19
36 271
37 271
38 271
39 271
40 271
41 271
42 271
43 271
44 271
45 271
46 271
47 271
48 271
49 271
50 271
51 271
52 271
53 271
54 271
55 271
56 271
57 271
58 271
59 271
60 271
61 271
62 271
63 271
64 271
65 271
66 271
67 271
68 271
69 271
70 271
71 271
72 271
73 271
74 271
75 271
76 271
77 271
78 271
79 271
80 271
81 271
82 271
83 271
84 271
85 271
86 271
87 271
88 271
89 271
90 77
91 271
92 271
93 23
94 271
95 271
96 271
97 271
98 271
99 271
100 271
101 271
102 271
103 271
104 271
105 271
106 271
107 271
108 271
109 271
110 271
111 271
112 271
113 271
114 34
115 26
116 271
117 271
118 271
119 271
120 271
121 271
122 271
123 271
124 271
125 271
126 271
127 271
128 271
129 271
130 271
131 271
132 271
133 271
134 271
135 271
136 271
137 271
138 271
139 271
140 271
141 271
142 271
143 271
144 271
145 271
146 271
147 271
148 271
149 94
150 271
151 271
152 271
153 271
154 271
155 271
156 271
157 271
158 271
159 271
160 271
161 271
162 271
163 271
164 271
165 271
166 271
167 271
168 271
169 271
170 271
171 271
172 271
173 271
174 271
175 271
176 271
177 271
178 271
179 271
180 271
181 271
182 271
183 271
184 271
185 271
186 178
187 271
188 271
189 271
190 271
191 271
192 271
193 136
194 271
195 57
196 271
197 271
198 271
199 271
200 271
201 271
202 271
203 271
204 271
205 271
206 271
207 271
208 271
209 271
210 271
211 271
212 271
213 271
214 271
215 271
216 271
217 142
218 271
219 271
220 271
221 271
222 163
223 271
224 271
225 271
226 271
227 271
228 271
229 271
230 271
231 271
232 213
233 271
234 271
235 271
236 271
237 131
238 271
239 271
240 271
241 271
242 271
243 271
244 271
245 271
246 271
247 271
248 231
249 171
250 271
251 271
252 271
253 271
254 271
255 271
256 271
257 271
258 271
259 271
260 271
261 271
262 271
263 124
264 271
265 271
266 271
267 271
268 271
269 271
270 15
272 271
273 271
274 271
275 271
276 271
277 271
278 140
279 271
280 271
281 271
282 271
283 271
284 271
285 271
286 271
287 271
288 248
289 271
290 271
291 271
292 271
293 271
294 271
295 271
296 271
297 271
298 271
299 271
300 271
301 271
302 197
303 271
304 271
305 236
306 271
307 271
308 271
309 253
310 271
311 271
312 25
313 271
314 271
315 271
316 271
317 271
318 271
319 271
320 271
321 271
322 122
323 128
324 271
325 271
326 271
327 271
328 263
329 271
330 271
331 271
332 271
333 271
334 272
335 307
336 271
337 271
338 271
339 271
340 209
341 271
342 271
343 271
344 292
345 271
346 306
347 309
348 271
349 271
350 271
351 130
352 271
353 271
354 156
355 271
356 271
357 271
358 271
359 271
360 271
361 152
362 271
363 271
364 358
365 271
366 271
367 271
368 271
369 40
370 271
371 41
372 69
373 271
374 271
375 271
376 271
377 58
378 271
379 271
380 109
381 271
382 271
383 365
384 28
385 271
386 271
387 271
388 271
389 329
390 271
391 173
392 271
393 271
394 14
395 271
396 271
397 285
398 271
399 271
400 271
401 271
402 271
403 271
404 82
405 335
406 230
407 271
408 271
409 271
410 271
411 330
412 271
413 271
414 271
415 271
416 271
417 222
418 271
419 271
420 271
421 32
422 271
423 271
424 49
425 271
426 271
427 271
428 271
429 271
430 271
431 271
432 151
433 271
434 271
435 271
436 271
437 271
438 143
439 341
440 271
441 293
442 271
443 251
444 271
445 271
446 271
447 271
448 271
449 271
450 271
451 271
452 271
453 296
454 271
455 271
456 432
457 271
458 18
459 271
460 271
461 327
462 271
463 271
464 271
465 271
466 271
467 98
468 422
469 271
470 271
471 271
472 137
473 271
474 271
475 271
476 271
477 44
478 271
479 271
480 271
481 271
482 441
483 271
484 271
485 271
486 260
487 271
488 286
489 271
490 249
491 271
492 226
493 351
494 271
495 271
496 271
497 271
498 271
499 271
500 271
501 271
502 271
503 271
504 271
505 271
506 62
507 271
508 440
509 271
510 271
511 154
512 271
513 207
514 271
515 271
516 65
517 375
518 271
519 265
520 271
521 271
522 271
523 271
524 196
525 465
526 271
527 35
528 271
529 271
530 271
531 271
532 262
533 271
534 271
535 460
536 271
537 271
538 195
539 397
540 271
541 271
542 271
543 541
544 271
545 271
546 271
547 172
548 271
549 271
550 271
551 271
552 526
553 271
554 271
555 315
556 3
557 271
558 271
559 289
560 271
561 271
562 271
563 271
564 361
565 271
566 271
567 271
568 271
569 271
570 369
571 271
572 271
573 271
574 271
575 271
576 271
577 563
578 271
579 271
580 271
581 271
582 104
583 271
584 367
585 271
586 271
587 271
588 271
589 271
590 271
591 331
592 288
593 146
594 271
595 271
596 271
597 271
598 271
599 455
600 271
601 271
602 211
603 271
604 271
605 271
606 271
607 442
608 416
609 271
610 512
611 271
612 271
613 271
614 271
615 271
616 271
617 271
618 271
619 591
620 271
621 271
622 223
623 271
624 321
625 89
626 279
627 271
628 271
629 417
630 271
631 271
632 271
633 271
634 271
635 271
636 271
637 415
638 473
639 271
640 590
641 271
642 291
643 271
644 368
645 271
646 271
647 495
648 271
649 271
650 81
651 271
652 271
653 271
654 271
655 271
656 581
657 271
658 575
659 271
660 616
661 271
662 431
663 271
664 271
665 271
666 271
667 247
668 314
669 271
670 271
671 271
672 24
673 646
674 271
675 220
676 444
677 271
678 106
679 271
680 271
681 271
682 271
683 606
684 271
685 271
686 271
687 271
688 271
689 271
690 271
691 271
692 271
693 102
694 271
695 271
696 271
697 578
698 271
699 271
700 271
701 271
702 271
703 271
704 271
705 548
706 271
707 20
708 271
709 589
710 305
711 186
712 271
713 271
714 271
715 271
716 271
717 271
718 271
719 271
720 271
721 271
722 427
723 271
724 601
725 593
726 271
727 271
728 271
729 271
730 271
731 271
732 180
733 177
734 271
735 490
736 436
737 271
738 498
739 316
740 271
741 271
742 511
743 610
744 336
745 271
746 271
747 271
748 271
749 271
750 271
751 602
752 470
753 728
754 271
755 271
756 271
757 334
758 271
759 97
760 598
761 141
762 667
763 271
764 271
765 271
766 726
767 271
768 271
769 271
770 271
771 677
772 271
773 617
774 356
775 271
776 121
777 271
778 252
779 271
780 271
781 271
782 271
783 370
784 271
785 271
786 372
787 271
788 271
789 377
790 271
791 730
792 271
793 673
794 148
795 187
796 271
797 271
798 271
799 271
800 192
801 271
802 271
803 271
804 271
805 271
806 6
807 271
808 319
809 271
810 485
811 47
812 418
813 271
814 540
815 271
816 271
817 271
818 486
819 271
820 271
821 271
822 271
823 743
824 166
825 271
826 271
827 271
828 188
829 271
830 271
831 271
832 254
833 332
834 64
835 282
836 371
837 243
838 259
839 271
840 558
841 271
842 96
843 271
844 271
845 271
846 271
847 71
848 271
849 271
850 810
851 271
852 271
853 735
854 219
855 271
856 271
857 145
858 271
859 271
860 271
861 822
862 271
863 271
864 271
865 271
866 271
867 271
868 655
869 342
870 451
871 271
872 271
873 271
874 271
875 641
876 271
877 271
878 271
879 271
880 271
881 271
882 576
883 320
884 271
885 271
886 831
887 271
888 270
889 271
890 484
891 271
892 271
893 271
894 271
895 324
896 271
897 93
898 271
899 271
900 608
901 271
902 271
903 271
904 271
905 521
906 271
907 386
908 463
909 264
910 271
911 812
912 149
913 271
914 271
915 403
916 274
917 271
918 271
919 271
920 271
921 669
922 271
923 225
924 118
925 271
926 271
927 551
928 271
929 271
930 271
931 271
932 271
933 271
934 271
935 271
936 299
937 271
938 643
939 271
940 271
941 108
942 271
943 271
944 640
945 453
946 271
947 623
948 271
949 271
950 271
951 11
952 301
953 271
954 271
955 271
956 271
957 739
958 271
959 271
960 158
961 600
962 271
963 271
964 716
965 271
966 271
967 687
968 271
969 271
970 271
971 110
972 271
973 271
974 570
975 271
976 271
977 637
978 636
979 572
980 947
981 271
982 483
983 271
984 271
985 979
986 271
987 894
988 147
989 884
990 972
991 271
992 107
993 271
994 271
995 271
996 271
997 995
998 766
999 398
1000 553
1001 271
1002 276
1003 974
1004 394
1005 271
1006 271
1007 962
1008 271
1009 577
1010 271
1011 271
1012 271
1013 271
1014 271
1015 693
1016 658
1017 271
1018 271
1019 271
1020 539
1021 271
1022 619
1023 976
1024 271
1025 1007
1026 271
1027 967
1028 271
1029 771
1030 202
1031 1001
1032 86
1033 271
1034 388
1035 860
1036 271
1037 271
1038 554
1039 960
1040 183
1041 155
1042 271
1043 271
1044 271
1045 271
1046 482
1047 46
1048 119
1049 233
1050 79
1051 271
1052 445
1053 768
1054 439
1055 325
1056 271
1057 826
1058 409
1059 311
1060 865
1061 31
1062 271
1063 700
1064 624
1065 271
1066 874
1067 271
1068 176
1069 185
1070 271
1071 271
1072 271
1073 271
1074 271
1075 271
1076 471
1077 443
1078 271
1079 538
1080 271
1081 271
1082 339
1083 271
1084 271
1085 653
1086 271
1087 227
1088 271
1089 271
1090 271
1091 271
1092 181
1093 1073
1094 1002
1095 1062
1096 217
1097 941
1098 271
1099 837
1100 271
1101 271
1102 271
1103 271
1104 271
1105 271
1106 271
1107 919
1108 271
1109 271
1110 614
1111 717
1112 271
1113 713
1114 750
1115 271
1116 113
1117 550
1118 1110
1119 271
1120 612
1121 271
1122 1099
1123 345
1124 271
1125 271
1126 714
1127 271
1128 678
1129 931
1130 39
1131 271
1132 1064
1133 271
1134 271
1135 271
1136 948
1137 1085
1138 1124
1139 1131
1140 246
1141 1032
1142 271
1143 271
1144 271
1145 271
1146 271
1147 271
1148 731
1149 271
1150 813
1151 271
1152 930
1153 313
1154 271
1155 271
1156 271
1157 1107
1158 160
1159 179
1160 271
1161 271
1162 690
1163 620
1164 271
1165 923
1166 271
1167 271
1168 1070
1169 271
1170 505
1171 663
1172 271
1173 921
1174 271
1175 271
1176 271
1177 844
1178 782
1179 76
1180 271
1181 491
1182 271
1183 271
1184 271
1185 271
1186 271
1187 545
1188 271
1189 393
1190 1093
1191 657
1192 271
1193 271
1194 281
1195 1071
1196 271
1197 508
1198 271
1199 271
1200 1147
1201 379
1202 477
1203 271
1204 1080
1205 438
1206 80
1207 1125
1208 271
1209 271
1210 968
1211 708
1212 1028
1213 12
1214 271
1215 1104
1216 271
1217 271
1218 271
1219 699
1220 659
1221 271
1222 945
1223 530
1224 271
1225 1061
1226 271
1227 1083
1228 721
1229 271
1230 566
1231 271
1232 468
1233 271
1234 271
1235 271
1236 348
1237 271
1238 271
1239 271
1240 271
1241 1184
1242 271
1243 271
1244 271
1245 533
1246 399
1247 1008
1248 271
1249 594
1250 903
1251 1078
1252 271
1253 509
1254 1113
1255 271
1256 271
1257 271
1258 596
1259 271
1260 271
1261 271
1262 271
1263 271
1264 271
1265 271
1266 580
1267 271
1268 748
1269 271
1270 30
1271 1096
1272 284
1273 271
1274 271
1275 184
1276 271
1277 562
1278 271
1279 271
1280 271
1281 1012
1282 607
1283 859
1284 271
1285 428
1286 271
1287 271
1288 1168
1289 271
1290 271
1291 271
1292 956
1293 280
1294 271
1295 271
1296 271
1297 271
1298 271
1299 835
1300 212
1301 271
1302 870
1303 467
1304 271
1305 544
1306 271
1307 780
1308 271
1309 516
1310 271
1311 1263
1312 271
1313 271
1314 132
1315 1042
1316 271
1317 488
1318 1141
1319 271
1320 271
1321 1208
1322 55
1323 271
1324 988
1325 271
1326 99
1327 271
1328 1174
1329 354
1330 256
1331 1181
1332 271
1333 855
1334 271
1335 271
1336 117
1337 963
1338 789
1339 1281
1340 729
1341 91
1342 271
1343 29
1344 271
1345 271
1346 555
1347 408
1348 886
1349 271
1350 1196
1351 240
1352 387
1353 271
1354 271
1355 169
1356 1293
1357 271
1358 271
1359 741
1360 271
1361 271
1362 1145
1363 303
1364 420
1365 271
1366 271
1367 271
1368 271
1369 271
1370 688
1371 1269
1372 114
1373 1137
1374 676
1375 1350
1376 991
1377 1305
1378 271
1379 839
1380 1103
1381 271
1382 271
1383 1313
1384 271
1385 347
1386 271
1387 271
1388 271
1389 250
1390 1266
1391 1205
1392 1330
1393 271
1394 271
1395 127
1396 271
1397 1393
1398 78
1399 1182
1400 271
1401 1203
1402 1009
1403 381
1404 1310
1405 271
1406 271
1407 271
1408 1395
1409 1210
1410 271
1411 271
1412 1346
1413 951
1414 1194
1415 271
1416 705
1417 271
1418 210
1419 271
1420 271
1421 271
1422 391
1423 271
1424 1401
1425 271
1426 523
1427 271
1428 1262
1429 1331
1430 271
1431 753
1432 232
1433 271
1434 271
1435 955
1436 994
1437 271
1438 821
1439 271
1440 271
1441 683
1442 1400
1443 271
1444 1375
1445 271
1446 271
1447 1047
1448 271
1449 611
1450 797
1451 271
1452 271
1453 1185
1454 1165
1455 271
1456 271
1457 1138
1458 1112
1459 785
1460 271
1461 1342
1462 1192
1463 1316
1464 1079
1465 271
1466 1226
1467 1155
1468 635
1469 1189
1470 271
1471 788
1472 271
1473 271
1474 1464
1475 917
1476 337
1477 1215
1478 271
1479 1265
1480 527
1481 811
1482 271
1483 1315
1484 481
1485 993
1486 271
1487 1102
1488 851
1489 271
1490 1328
1491 668
1492 271
1493 271
1494 271
1495 271
1496 271
1497 271
1498 271
1499 271
1500 881
1501 271
1502 803
1503 271
1504 723
1505 1021
1506 924
1507 271
1508 817
1509 134
1510 271
1511 294
1512 1074
1513 271
1514 271
1515 271
1516 679
1517 271
1518 888
1519 271
1520 775
1521 1518
1522 1392
1523 932
1524 271
1525 271
1526 271
1527 271
1528 355
1529 271
1530 271
1531 1302
1532 1398
1533 363
1534 271
1535 1422
1536 271
1537 1127
1538 271
1539 1247
1540 271
1541 574
1542 414
1543 1474
1544 1068
1545 271
1546 271
1547 271
1548 271
1549 271
1550 271
1551 1254
1552 271
1553 899
1554 1345
1555 709
1556 696
1557 1224
1558 841
1559 271
1560 271
1561 1023
1562 271
1563 534
1564 271
1565 271
1566 271
1567 83
1568 522
1569 1133
1570 1304
1571 271
1572 271
1573 430
1574 949
1575 1373
1576 1484
1577 565
1578 271
1579 1563
1580 278
1581 271
1582 492
1583 597
1584 318
1585 271
1586 900
1587 271
1588 1391
1589 271
1590 271
1591 271
1592 396
1593 271
1594 271
1595 654
1596 959
1597 1136
1598 268
1599 271
1600 647
1601 1450
1602 1033
1603 271
1604 798
1605 1546
1606 1575
1607 1098
1608 1230
1609 271
1610 271
1611 271
1612 935
1613 271
1614 271
1615 1287
1616 1029
1617 271
1618 1434
1619 986
1620 1405
1621 868
1622 1297
1623 271
1624 8
1625 271
1626 271
1627 712
1628 918
1629 271
1630 497
1631 271
1632 1351
1633 1301
1634 423
1635 271
1636 1058
1637 1636
1638 271
1639 1638
1640 1188
1641 271
1642 557
1643 410
1644 1243
1645 1173
1646 1639
1647 1607
1648 125
1649 271
1650 271
1651 871
1652 271
1653 271
1654 271
1655 1480
1656 978
1657 271
1658 520
1659 528
1660 271
1661 271
1662 456
1663 1526
1664 271
1665 271
1666 67
1667 271
1668 271
1669 271
1670 271
1671 1218
1672 271
1673 271
1674 996
1675 965
1676 271
1677 1613
1678 1592
1679 718
1680 1369
1681 271
1682 421
1683 1308
1684 271
1685 1077
1686 271
1687 954
1688 4
1689 585
1690 271
1691 1620
1692 271
1693 1673
1694 1050
1695 271
1696 1274
1697 1413
1698 1425
1699 1621
1700 271
1701 761
1702 747
1703 271
1704 271
1705 271
1706 1231
1707 338
1708 271
1709 863
1710 734
1711 271
1712 271
1713 271
1714 424
1715 795
1716 271
1717 271
1718 1509
1719 194
1720 271
1721 271
1722 43
1723 1622
1724 271
1725 271
1726 1326
1727 271
1728 1339
1729 1167
1730 271
1731 1653
1732 1207
1733 459
1734 1559
1735 800
1736 938
1737 1162
1738 1582
1739 1378
1740 1725
1741 271
1742 271
1743 1672
1744 271
1745 271
1746 1659
1747 701
1748 271
1749 1195
1750 429
1751 1143
1752 869
1753 1587
1754 805
1755 271
1756 271
1757 271
1758 913
1759 1487
1760 1665
1761 271
1762 1394
1763 1238
1764 1190
1765 1290
1766 777
1767 1013
1768 1204
1769 412
1770 537
1771 271
1772 42
1773 380
1774 271
1775 426
1776 271
1777 674
1778 271
1779 872
1780 1540
1781 1499
1782 1661
1783 271
1784 271
1785 271
1786 300
1787 271
1788 271
1789 1588
1790 271
1791 271
1792 271
1793 1159
1794 271
1795 704
1796 1044
1797 1004
1798 695
1799 1049
1800 1447
1801 271
1802 271
1803 1441
1804 271
1805 1123
1806 1633
1807 1733
1808 92
1809 271
1810 271
1811 1734
1812 271
1813 271
1814 271
1815 38
1816 317
1817 476
1818 271
1819 1756
1820 1360
1821 383
1822 582
1823 970
1824 703
1825 271
1826 1461
1827 1438
1828 271
1829 1719
1830 271
1831 1760
1832 1568
1833 271
1834 271
1835 1043
1836 1320
1837 909
1838 1506
1839 588
1840 271
1841 271
1842 1010
1843 1377
1844 271
1845 1333
1846 778
1847 1630
1848 271
1849 1651
1850 271
1851 271
1852 980
1853 61
1854 271
1855 985
1856 764
1857 698
1858 1289
1859 1323
1860 271
1861 271
1862 1408
1863 271
1864 1687
1865 271
1866 767
1867 271
1868 402
1869 1040
1870 271
1871 796
1872 271
1873 434
1874 1045
1875 271
1876 271
1877 271
1878 1347
1879 129
1880 1381
1881 928
1882 755
1883 271
1884 326
1885 271
1886 1573
1887 271
1888 1876
1889 638
1890 1648
1891 271
1892 1116
1893 271
1894 618
1895 271
1896 706
1897 1322
1898 201
1899 1206
1900 271
1901 1762
1902 1527
1903 1365
1904 783
1905 634
1906 271
1907 271
1908 1445
1909 1150
1910 907
1911 694
1912 271
1913 271
1914 1570
1915 105
1916 1794
1917 271
1918 271
1919 271
1920 271
1921 1788
1922 401
1923 1059
1924 940
1925 927
1926 549
1927 1789
1928 1656
1929 271
1930 1363
1931 1031
1932 271
1933 1524
1934 271
1935 392
1936 297
1937 1420
1938 271
1939 1811
1940 969
1941 1436
1942 943
1943 322
1944 746
1945 1873
1946 271
1947 271
1948 1721
1949 1492
1950 271
1951 1578
1952 1501
1953 271
1954 1931
1955 1525
1956 1221
1957 1935
1958 759
1959 1459
1960 1027
1961 271
1962 1475
1963 271
1964 1617
1965 271
1966 384
1967 271
1968 1834
1969 1286
1970 472
1971 973
1972 271
1973 751
1974 1541
1975 271
1976 271
1977 271
1978 229
1979 1627
1980 715
1981 1161
1982 499
1983 271
1984 1488
1985 1511
1986 271
1987 271
1988 245
1989 1288
1990 271
1991 836
1992 1209
1993 1844
1994 390
1995 271
1996 1148
1997 271
1998 914
1999 1252
2000 1177
