500
1 289
2 289
3 289
4 289
5 289
6 289
7 289
8 289
9 289
10 289
11 289
12 289
13 289
14 289
15 289
16 289
17 289
18 289
19 289
20 289
21 289
22 289
23 289
24 20
25 289
26 289
27 289
28 289
29 289
30 289
31 289
32 289
33 289
34 289
35 289
36 289
37 289
38 289
39 289
40 289
41 289
42 289
43 289
44 289
45 289
46 289
47 289
48 289
49 1
50 289
51 289
52 289
53 289
54 289
55 289
56 289
57 289
58 289
59 289
60 289
61 36
62 289
63 289
64 289
65 289
66 289
67 289
68 289
69 289
70 289
71 8
72 289
73 289
74 33
75 289
76 289
77 289
78 289
79 289
80 30
81 80
82 289
83 289
84 289
85 289
86 289
87 289
88 289
89 289
90 70
91 21
92 289
93 289
94 289
95 289
96 4
97 289
98 60
99 289
100 289
101 289
102 289
103 289
104 289
105 289
106 289
107 289
108 289
109 289
110 289
111 72
112 77
113 48
114 289
115 289
116 56
117 289
118 289
119 289
120 289
121 42
122 289
123 87
124 289
125 289
126 289
127 57
128 46
129 289
130 289
131 289
132 289
133 289
134 92
135 122
136 289
137 124
138 289
139 289
140 289
141 289
142 289
143 289
144 289
145 289
146 144
147 289
148 289
149 289
150 7
151 289
152 71
153 289
154 289
155 289
156 289
157 289
158 289
159 289
160 114
161 289
162 289
163 289
164 289
165 289
166 107
167 289
168 136
169 289
170 289
171 289
172 289
173 17
174 289
175 289
176 62
177 89
178 289
179 289
180 19
181 289
182 160
183 289
184 289
185 22
186 289
187 35
188 155
189 289
190 289
191 177
192 183
193 289
194 289
195 289
196 289
197 289
198 289
199 289
200 13
201 289
202 289
203 167
204 289
205 289
206 68
207 112
208 165
209 289
210 82
211 171
212 289
213 289
214 178
215 187
216 99
217 289
218 217
219 289
220 289
221 289
222 289
223 39
224 289
225 158
226 289
227 289
228 209
229 225
230 289
231 289
232 199
233 53
234 289
235 29
236 289
237 289
238 289
239 289
240 289
241 289
242 289
243 63
244 12
245 289
246 289
247 289
248 24
249 289
250 289
251 289
252 289
253 59
254 289
255 37
256 289
257 289
258 289
259 289
260 210
261 289
262 289
263 14
264 129
265 289
266 289
267 289
268 51
269 215
270 289
271 289
272 289
273 153
274 289
275 169
276 289
277 54
278 234
279 73
280 219
281 192
282 233
283 289
284 74
285 123
286 157
287 289
288 289
290 289
291 289
292 289
293 289
294 185
295 248
296 93
297 84
298 250
299 103
300 289
301 298
302 218
303 289
304 276
305 289
306 289
307 85
308 289
309 277
310 290
311 289
312 76
313 143
314 154
315 289
316 289
317 285
318 289
319 101
320 5
321 289
322 175
323 289
324 289
325 208
326 94
327 6
328 289
329 212
330 289
331 289
332 182
333 289
334 289
335 200
336 179
337 289
338 289
339 100
340 280
341 27
342 289
343 3
344 322
345 289
346 314
347 289
348 287
349 340
350 211
351 289
352 289
353 289
354 224
355 289
356 289
357 289
358 132
359 289
360 23
361 289
362 289
363 313
364 289
365 18
366 289
367 357
368 289
369 304
370 289
371 38
372 289
373 330
374 289
375 150
376 149
377 289
378 289
379 352
380 105
381 289
382 318
383 369
384 289
385 380
386 249
387 334
388 329
389 181
390 156
391 289
392 284
393 289
394 289
395 292
396 388
397 205
398 111
399 351
400 289
401 397
402 289
403 193
404 343
405 289
406 168
407 289
408 97
409 273
410 162
411 390
412 65
413 294
414 267
415 289
416 55
417 366
418 289
419 230
420 278
421 416
422 64
423 50
424 289
425 363
426 289
427 350
428 240
429 109
430 151
431 325
432 265
433 347
434 371
435 375
436 226
437 391
438 348
439 295
440 289
441 289
442 421
443 323
444 349
445 289
446 159
447 78
448 289
449 289
450 289
451 376
452 300
453 289
454 289
455 432
456 327
457 289
458 439
459 289
460 243
461 337
462 289
463 147
464 449
465 399
466 228
467 463
468 465
469 289
470 28
471 398
472 289
473 459
474 254
475 235
476 418
477 454
478 356
479 452
480 361
481 10
482 289
483 281
484 310
485 88
486 289
487 170
488 134
489 296
490 289
491 121
492 138
493 393
494 130
495 289
496 32
497 184
498 289
499 289
500 166
