100 10
20 64 99 80 78 45 79 30 94 72 92 87 3 6 95 73 48 8 21 90 59 46 55 84 69 98 81 91 76 4 86 68 54 93 5 100 96 12 37 50 40 36 28 34 57 39 60 10 1 42 77 31 62 70 61 13 17 22 35 85 9 53 58 24 15 19 16 25 49 66 18 83 71 75 47 41 29 56 26 51 38 27 7 82 67 2 89 65 23 63 44 97 32 74 43 11 14 88 52 33 
32 25 35 92 7 49 50 59 54 2 42 26 55 87 82 58 60 78 89 94 68 43 20 100 61 14 5 31 79 52 34 48 9 6 93 47 83 86 81 95 45 37 21 44 11 63 96 56 70 12 72 15 71 33 8 41 30 69 97 29 76 19 27 46 18 84 22 57 75 36 40 28 16 91 38 62 39 67 24 51 53 23 1 88 73 13 98 65 99 74 77 64 17 3 90 4 85 66 10 80 
76 1 99 8 27 7 82 64 60 84 90 11 59 24 92 42 79 53 43 49 38 71 85 16 25 2 67 65 63 58 95 3 100 89 22 17 12 66 23 48 44 21 41 47 9 75 88 70 20 80 35 4 46 94 93 91 81 73 69 33 32 68 36 77 78 86 62 13 61 83 39 52 51 28 56 74 14 26 97 30 54 15 29 57 40 45 50 31 10 98 34 19 6 96 72 37 87 18 5 55 
16 21 23 76 20 79 51 9 97 56 57 24 41 92 94 17 89 38 14 40 36 6 10 60 2 65 70 81 72 61 52 78 77 50 30 59 34 91 54 74 39 66 69 18 85 88 84 29 35 31 13 62 67 32 83 4 71 48 42 93 55 22 90 47 87 1 8 3 49 98 46 95 99 96 68 27 44 80 45 73 53 75 82 5 43 86 63 58 26 37 25 15 33 64 100 11 12 7 28 19 
37 86 11 21 98 27 60 72 39 52 66 79 94 56 83 68 15 77 20 34 76 70 25 2 36 26 19 57 6 10 14 64 82 65 96 1 45 63 59 54 42 35 62 16 43 71 18 69 9 81 22 80 24 23 8 51 44 67 31 49 38 90 55 4 93 3 75 28 7 61 74 30 99 85 95 40 88 47 50 13 87 53 91 73 41 32 12 84 58 48 46 89 29 100 5 78 97 33 92 17 
24 75 83 97 41 67 96 18 57 65 70 35 43 48 7 29 71 44 84 49 8 64 28 47 79 34 42 20 55 73 82 6 16 37 5 39 61 33 21 51 100 52 45 87 91 12 9 69 10 54 23 98 19 46 13 85 38 53 99 81 36 76 30 62 80 93 59 2 31 63 1 25 94 22 66 92 90 68 78 11 27 58 77 17 50 4 32 3 56 86 40 88 60 89 74 95 26 14 72 15 
92 5 73 37 11 80 55 30 68 97 22 76 82 15 42 57 70 81 19 44 86 12 77 48 100 65 62 79 88 34 45 78 54 28 61 17 84 21 29 52 38 4 20 23 74 7 50 24 89 53 6 51 41 1 87 96 35 40 33 93 71 95 66 56 2 72 10 64 18 3 26 49 63 67 75 83 9 47 99 58 13 14 27 60 59 98 46 91 25 43 31 16 94 85 69 39 90 32 8 36 
2 99 13 95 11 28 62 18 35 5 9 31 81 15 82 57 54 3 76 22 40 61 66 19 91 97 25 56 50 4 48 51 84 30 37 88 78 41 72 90 86 46 68 74 70 14 16 79 8 47 29 83 92 87 94 21 77 23 7 100 73 71 67 60 75 34 52 33 69 20 80 98 59 96 93 58 45 38 26 36 65 89 44 63 6 42 27 1 49 17 64 32 39 55 24 12 10 43 53 85 
62 81 73 4 70 16 83 13 64 32 51 98 21 53 90 57 45 68 24 14 95 34 56 97 96 58 49 44 8 66 76 31 80 20 17 27 25 91 35 67 3 72 86 78 11 52 43 18 75 10 77 47 7 9 63 29 40 61 22 54 41 60 65 48 23 19 92 46 69 42 26 37 36 71 38 82 50 87 28 2 93 79 5 85 12 39 100 88 89 15 55 74 1 94 30 33 99 59 84 6 
60 40 65 32 23 50 16 98 55 2 76 68 95 64 47 96 87 49 91 100 46 45 28 48 99 35 1 15 7 19 72 94 92 63 17 67 71 13 22 79 66 86 61 52 37 62 97 4 77 5 33 78 10 41 82 42 58 6 27 80 26 3 14 84 9 44 89 59 88 85 51 69 70 12 34 31 83 81 57 29 11 75 53 74 25 90 93 30 24 39 20 56 18 8 36 73 54 38 21 43 
