100 10
63 46 8 43 42 87 16 28 48 31 85 15 61 52 11 78 64 1 71 66 53 68 45 72 91 13 56 36 29 10 17 32 22 5 77 84 49 23 73 9 7 50 80 2 3 4 55 38 88 92 86 14 41 37 67 74 18 6 65 76 34 60 57 44 51 89 20 54 25 75 47 30 70 26 82 62 90 83 58 93 19 21 27 79 33 81 59 94 12 24 40 69 95 96 97 35 98 99 100 39 
80 49 78 29 82 43 25 20 27 18 39 65 60 70 59 12 4 72 85 50 57 23 53 33 32 6 42 89 3 31 35 16 40 44 61 62 87 46 13 30 77 8 47 37 52 28 91 90 84 26 69 38 54 92 71 93 2 22 76 73 63 66 11 24 81 67 19 55 5 15 34 36 51 56 9 83 86 74 88 48 17 75 1 14 10 41 94 68 21 58 95 7 64 96 97 79 98 99 100 45 
24 84 83 80 28 5 88 12 1 57 77 46 38 22 37 32 91 89 64 70 71 29 33 14 78 23 92 43 63 51 31 36 30 85 90 67 65 11 55 79 87 19 73 68 44 2 9 27 35 81 50 54 17 40 26 21 10 25 7 52 8 61 34 62 49 42 66 93 59 6 94 75 69 3 86 58 18 82 72 39 76 60 16 15 53 47 41 56 74 4 95 13 96 20 97 48 98 99 100 45 
90 89 19 51 14 78 65 91 70 6 27 45 60 20 56 12 74 59 64 32 77 63 38 92 8 23 21 5 75 41 71 83 7 69 28 46 29 79 52 68 61 76 3 25 37 50 42 24 49 73 55 93 48 58 86 40 82 67 62 30 17 87 47 22 33 94 34 44 84 26 1 18 43 53 4 35 85 36 72 10 11 66 81 15 31 2 95 54 57 88 9 80 39 16 96 97 98 99 100 13 
88 77 71 69 26 62 45 38 81 65 79 35 90 37 57 4 80 60 59 58 13 44 19 84 91 85 12 48 30 64 83 36 61 63 49 46 39 7 74 56 14 8 55 2 23 76 28 68 6 21 24 31 22 67 27 54 52 1 9 33 87 86 50 75 32 66 42 78 40 72 73 53 10 18 41 34 47 3 25 89 29 82 51 20 17 92 70 43 93 16 5 15 94 95 96 97 98 99 100 11 
36 81 37 77 5 86 49 44 78 38 41 4 64 67 10 23 27 42 54 47 57 79 1 88 84 72 24 75 71 74 28 2 18 3 20 61 58 91 82 46 11 26 9 65 8 35 32 76 80 13 12 53 33 90 6 17 16 50 85 30 52 48 51 87 7 22 56 34 73 59 21 83 19 63 39 55 70 66 31 69 60 68 15 14 62 92 43 89 45 93 94 29 40 95 96 97 98 99 100 25 
17 15 78 64 76 12 67 66 51 10 84 4 62 2 41 56 30 45 26 91 34 92 63 39 25 48 77 8 35 9 31 23 46 93 49 74 71 16 11 13 65 52 54 50 59 27 86 20 24 22 87 89 69 85 21 88 3 57 73 81 83 90 70 44 37 55 43 60 36 29 5 18 6 19 28 32 40 1 53 38 47 14 42 61 79 58 75 72 7 68 33 94 95 96 97 98 80 99 100 82 
38 60 30 32 35 47 10 91 5 43 8 27 14 13 61 53 24 82 58 65 31 18 89 26 40 25 64 76 23 59 37 33 17 48 75 73 56 57 77 88 68 67 12 80 87 9 70 41 20 85 28 90 52 51 92 55 2 83 49 15 11 62 1 46 71 44 39 84 42 16 36 50 79 54 29 45 7 86 3 93 21 66 81 6 22 78 69 19 4 34 63 94 95 72 96 97 98 99 100 74 
40 59 75 12 47 6 16 17 50 80 18 20 30 68 37 25 77 32 86 38 84 91 92 79 28 4 62 76 52 3 44 56 83 43 14 61 48 33 31 81 45 93 42 19 73 26 90 72 66 29 65 60 34 39 5 63 8 71 85 15 94 54 88 41 95 11 96 53 67 7 2 64 24 36 69 10 23 57 70 1 74 82 49 55 97 13 46 22 58 98 35 51 9 99 78 89 87 21 100 27 
83 89 79 18 46 88 65 44 63 78 12 54 14 87 33 35 7 23 62 24 8 49 59 13 27 82 6 86 19 15 57 72 66 75 73 53 26 61 51 91 11 9 77 21 28 55 5 47 76 31 80 22 50 42 81 29 92 58 16 34 93 1 36 25 69 48 37 40 17 84 30 43 85 20 10 90 38 32 4 39 41 71 52 67 70 94 3 2 64 95 96 56 74 97 68 98 99 100 45 60 
