100 10
41 72 10 73 71 27 70 11 56 26 76 4 66 39 2 6 12 29 64 33 18 50 15 47 34 14 45 43 40 55 51 75 36 68 67 48 22 21 8 25 74 58 16 44 23 46 28 17 54 19 63 31 1 9 7 79 30 42 24 80 78 69 57 59 35 62 20 49 32 65 53 77 52 3 61 60 38 5 81 82 13 83 84 85 86 87 88 89 90 91 92 93 94 95 96 97 98 99 100 37 
81 10 61 24 39 11 2 49 77 31 23 52 21 16 15 62 60 22 56 28 78 4 26 43 3 25 54 19 33 6 63 42 37 59 65 64 70 36 32 76 9 14 57 40 55 12 51 80 30 20 17 18 71 8 82 68 75 29 48 72 58 44 53 47 13 69 83 7 46 79 74 38 50 45 73 41 27 67 84 85 1 86 66 87 34 5 88 89 90 91 92 93 94 95 96 97 98 99 100 35 
32 13 17 38 48 39 29 71 76 77 46 16 80 7 27 35 20 60 4 31 78 52 14 9 6 30 43 41 42 62 21 49 10 53 54 74 5 11 56 22 81 47 66 44 64 15 51 45 34 24 65 72 79 37 50 36 82 2 40 63 19 18 8 25 55 1 61 26 67 3 73 83 59 57 23 33 12 70 28 75 58 69 84 85 86 87 88 89 90 91 92 93 94 95 96 97 98 99 100 68 
4 22 76 50 6 18 72 7 5 27 10 59 33 40 45 75 47 48 56 37 64 28 19 57 9 11 39 12 42 66 51 53 21 49 36 26 54 25 81 29 14 80 17 65 31 20 30 70 78 34 55 8 82 41 15 67 1 77 13 23 68 63 58 35 62 3 46 16 52 73 60 79 74 69 43 32 2 71 38 61 24 83 84 85 86 87 88 89 90 91 92 93 94 95 96 97 98 99 100 44 
54 44 43 27 77 24 4 80 14 36 37 78 65 1 42 62 70 25 16 60 74 3 64 46 23 39 55 41 59 28 20 67 49 63 48 68 79 51 18 30 71 29 45 53 35 73 19 81 56 33 12 31 75 10 6 21 69 32 22 7 50 82 13 57 11 52 76 8 17 83 2 66 15 72 40 47 34 58 5 84 26 38 9 85 86 87 88 89 90 91 92 93 94 95 96 97 98 99 100 61 
22 62 40 60 78 63 47 50 46 6 28 72 43 5 14 21 32 37 45 25 3 31 75 76 68 29 13 77 33 4 73 7 27 17 30 2 59 34 48 54 58 26 61 55 8 16 66 11 49 51 24 56 69 18 15 35 19 81 71 57 67 42 36 70 79 53 41 20 38 10 52 64 23 80 74 65 39 12 1 44 82 83 84 85 86 87 88 89 90 91 92 93 94 95 96 97 98 99 100 9 
38 54 75 67 56 40 35 76 37 26 5 47 62 71 42 4 31 7 29 77 50 10 69 17 12 68 66 61 15 36 55 57 49 16 70 78 18 2 28 8 32 22 23 3 79 43 34 41 44 39 46 30 72 51 25 21 52 33 20 74 65 81 48 63 59 60 24 58 9 80 14 53 45 27 82 6 83 13 19 84 1 11 85 64 86 87 88 89 90 91 92 93 94 95 96 97 98 99 100 73 
70 51 72 31 61 11 6 79 29 30 35 66 62 34 43 37 13 52 69 40 46 16 22 1 55 68 3 33 2 27 21 58 41 74 25 20 78 44 47 24 42 50 17 14 4 77 73 19 10 48 71 8 75 32 28 15 81 18 9 7 39 5 82 54 12 60 83 63 49 67 56 59 45 65 38 64 36 23 53 84 80 85 26 76 86 87 88 89 90 91 92 93 94 95 96 97 98 99 100 57 
1 34 48 42 38 50 45 6 71 25 78 22 43 57 26 3 69 9 29 31 72 20 51 39 54 17 47 73 70 23 13 67 35 76 28 19 4 77 7 5 27 58 37 66 59 65 14 2 80 18 21 56 32 62 30 11 75 79 60 68 12 53 49 36 10 55 81 24 82 61 74 33 44 52 83 41 63 40 64 16 46 84 85 86 15 87 88 89 90 91 92 93 94 95 96 97 98 99 100 8 
23 67 80 39 72 58 40 4 57 37 16 29 50 52 22 35 71 20 30 41 66 81 21 61 14 64 28 19 62 3 53 60 10 43 34 65 42 55 46 82 15 6 12 31 8 38 45 7 63 24 2 48 32 83 56 78 49 27 13 25 9 47 11 84 69 54 26 76 68 36 44 75 17 70 33 18 1 74 5 77 73 59 85 51 86 87 88 89 90 91 92 93 94 95 96 97 98 99 100 79 
