100
2 1
3 2
4 1
5 1
6 3
7 5
8 2
9 2
10 6
11 10
12 7
13 9
14 2
15 5
16 9
17 2
18 2
19 6
20 12
21 10
22 14
23 14
24 19
25 15
26 19
27 13
28 15
29 15
30 26
31 19
32 27
33 25
34 32
35 33
36 21
37 33
38 22
39 28
40 34
41 33
42 34
43 32
44 41
45 35
46 44
47 42
48 36
49 40
50 34
51 45
52 50
53 52
54 52
55 46
56 40
57 47
58 56
59 56
60 59
61 53
62 55
63 57
64 55
65 55
66 62
67 51
68 59
69 56
70 62
71 60
72 59
73 65
74 61
75 62
76 61
77 62
78 67
79 72
80 76
81 79
82 78
83 75
84 73
85 72
86 78
87 77
88 84
89 81
90 89
91 90
92 87
93 86
94 88
95 94
96 92
97 88
98 89
99 92
100 98
