100
26 86
22 91
4 92
10 97
61 70
93 72
51 35
56 58
79 57
25 61
49 62
73 12
43 24
58 74
59 20
99 42
47 19
96 7
34 41
36 37
44 33
92 1
86 24
55 14
52 75
16 40
78 50
95 67
71 80
31 66
40 53
19 33
45 76
6 56
89 78
41 38
35 81
91 6
13 28
29 5
20 14
48 59
90 26
87 60
50 91
64 96
72 28
38 83
63 41
28 90
94 63
24 5
12 47
65 73
18 75
62 71
27 4
32 9
82 29
80 18
66 63
42 76
46 54
39 19
37 65
76 51
23 91
14 84
2 99
70 15
68 89
97 17
17 54
69 32
9 57
54 30
57 97
77 51
75 1
60 7
5 94
53 21
84 98
3 96
8 68
67 27
100 19
83 88
81 49
15 31
98 2
11 48
88 95
85 31
21 25
33 3
7 93
30 87
74 76
