100
43 67
37 35
88 57
32 14
59 75
12 51
100 59
10 52
89 15
74 13
3 54
71 37
50 46
41 74
76 33
29 16
5 49
14 43
94 34
28 9
30 10
31 95
22 71
69 49
15 23
86 100
45 96
48 84
66 2
65 69
25 59
8 14
24 72
36 41
18 94
47 20
39 26
20 38
17 50
75 53
19 76
23 17
81 1
93 36
40 98
62 2
85 62
80 89
26 20
44 16
51 63
73 68
35 44
95 41
96 19
52 78
42 65
34 77
55 80
98 13
79 25
82 35
21 22
61 18
2 1
97 47
72 30
56 94
54 97
7 86
13 85
92 39
53 57
57 36
6 77
70 92
63 55
90 72
11 86
60 79
67 45
84 11
91 61
38 8
27 28
83 3
68 60
58 51
16 83
77 4
9 70
46 48
33 1
87 4
78 58
4 73
64 78
49 27
99 68
