100
68 65
74 71
53 38
14 26
83 89
84 68
33 97
36 82
54 1
25 31
56 92
61 35
15 93
79 23
9 21
18 6
45 63
81 22
64 8
3 33
60 2
90 24
10 76
63 18
51 17
21 79
55 78
49 84
44 11
48 43
43 30
99 46
59 54
80 87
100 62
23 96
66 99
38 86
87 67
93 3
13 17
96 73
72 35
73 40
2 75
91 4
58 74
5 15
41 27
46 37
75 12
8 29
35 48
69 45
28 19
11 85
20 38
7 87
37 1
57 65
31 37
26 4
71 84
94 5
19 98
97 45
85 8
70 50
47 40
76 50
86 47
40 44
82 79
17 83
92 13
42 32
22 66
32 7
62 36
29 60
89 38
12 98
52 14
98 54
65 62
78 63
30 32
88 55
67 88
77 85
95 60
16 28
34 31
27 90
50 81
4 56
24 94
39 89
6 10
