100
2 1
3 1
4 2
5 3
6 5
7 5
8 6
9 7
10 8
11 9
12 11
13 12
14 12
15 13
16 15
17 15
18 17
19 17
20 18
21 19
22 21
23 21
24 22
25 24
26 24
27 26
28 26
29 27
30 29
31 30
32 31
33 31
34 32
35 34
36 34
37 35
38 36
39 38
40 39
41 40
42 40
43 41
44 42
45 44
46 44
47 46
48 47
49 47
50 49
51 49
52 50
53 52
54 53
55 53
56 55
57 55
58 57
59 57
60 59
61 60
62 60
63 61
64 62
65 64
66 64
67 65
68 67
69 67
70 69
71 69
72 71
73 72
74 73
75 73
76 75
77 75
78 77
79 78
80 79
81 79
82 81
83 82
84 82
85 83
86 84
87 85
88 87
89 88
90 89
91 90
92 91
93 92
94 93
95 93
96 94
97 95
98 97
99 97
100 99
