100
2 1
3 2
4 3
5 2
6 5
7 5
8 6
9 7
10 8
11 7
12 11
13 10
14 12
15 11
16 14
17 15
18 13
19 14
20 19
21 18
22 18
23 19
24 19
25 22
26 23
27 23
28 27
29 26
30 28
31 30
32 27
33 30
34 33
35 33
36 34
37 35
38 35
39 34
40 38
41 39
42 39
43 41
44 43
45 41
46 45
47 45
48 44
49 44
50 46
51 47
52 49
53 52
54 53
55 54
56 51
57 55
58 57
59 56
60 55
61 59
62 58
63 59
64 63
65 60
66 65
67 64
68 66
69 64
70 69
71 66
72 68
73 69
74 71
75 74
76 71
77 74
78 74
79 77
80 76
81 79
82 78
83 79
84 82
85 80
86 83
87 86
88 84
89 85
90 86
91 88
92 89
93 91
94 91
95 91
96 92
97 96
98 97
99 97
100 96
