100
2 1
3 1
4 3
5 1
6 5
7 1
8 4
9 2
10 9
11 9
12 8
13 10
14 9
15 10
16 13
17 15
18 17
19 17
20 15
21 19
22 19
23 18
24 20
25 19
26 25
27 24
28 26
29 26
30 29
31 29
32 31
33 30
34 27
35 30
36 31
37 33
38 37
39 32
40 39
41 36
42 37
43 41
44 41
45 39
46 43
47 42
48 44
49 44
50 44
51 48
52 49
53 50
54 53
55 50
56 52
57 56
58 52
59 56
60 57
61 56
62 58
63 60
64 58
65 59
66 65
67 62
68 66
69 65
70 66
71 70
72 71
73 69
74 72
75 72
76 75
77 71
78 76
79 77
80 76
81 80
82 77
83 78
84 80
85 78
86 79
87 81
88 86
89 82
90 84
91 84
92 88
93 87
94 88
95 91
96 93
97 93
98 93
99 92
100 99
