90
68 34
84 78
59 3
5 9
29 62
60 69
51 48
22 26
65 38
27 74
21 81
76 89
40 2
34 46
67 49
5 54
49 13
72 64
62 38
54 80
61 88
87 40
80 2
3 73
80 70
45 87
47 75
33 1
10 64
12 56
44 89
62 73
24 56
44 34
20 61
20 19
61 86
42 69
1 25
28 88
87 64
42 35
73 7
51 70
4 63
46 35
21 17
40 75
34 59
9 53
61 38
15 30
67 51
33 72
44 74
60 32
37 38
33 38
65 15
16 78
58 61
16 41
78 85
62 63
20 77
6 37
79 32
15 24
39 72
89 55
82 76
71 28
16 27
11 52
62 11
21 44
2 23
81 18
81 14
84 31
8 82
22 78
66 46
90 77
50 47
43 71
8 83
39 57
36 44
