100
2 1
3 1
4 2
5 2
6 2
7 1
8 2
9 6
10 7
11 3
12 2
13 5
14 10
15 4
16 6
17 16
18 14
19 17
20 12
21 15
22 10
23 21
24 18
25 16
26 10
27 24
28 20
29 19
30 14
31 20
32 27
33 22
34 24
35 32
36 32
37 21
38 30
39 29
40 35
41 33
42 37
43 34
44 41
45 40
46 41
47 41
48 33
49 46
50 37
51 45
52 41
53 51
54 53
55 52
56 42
57 49
58 52
59 46
60 50
61 48
62 60
63 55
64 52
65 60
66 57
67 57
68 56
69 68
70 62
71 66
72 64
73 63
74 70
75 60
76 72
77 60
78 76
79 62
80 71
81 67
82 69
83 70
84 73
85 77
86 79
87 78
88 75
89 85
90 89
91 82
92 76
93 82
94 86
95 86
96 89
97 93
98 97
99 85
100 92
