100
2 1
3 2
4 2
5 3
6 1
7 2
8 5
9 5
10 2
11 9
12 2
13 9
14 8
15 12
16 5
17 9
18 17
19 2
20 2
21 16
22 19
23 6
24 8
25 14
26 10
27 1
28 13
29 21
30 25
31 6
32 21
33 28
34 20
35 34
36 13
37 33
38 20
39 18
40 34
41 36
42 16
43 42
44 31
45 37
46 43
47 20
48 33
49 46
50 24
51 37
52 51
53 31
54 51
55 53
56 54
57 42
58 33
59 55
60 53
61 56
62 43
63 37
64 53
65 44
66 53
67 50
68 46
69 43
70 48
71 59
72 65
73 59
74 60
75 52
76 58
77 74
78 66
79 74
80 57
81 59
82 56
83 70
84 57
85 78
86 85
87 82
88 74
89 80
90 65
91 76
92 70
93 86
94 91
95 68
96 92
97 75
98 97
99 82
100 98
