100
2 1
3 2
4 1
5 3
6 3
7 1
8 2
9 5
10 1
11 7
12 1
13 9
14 11
15 1
16 11
17 3
18 3
19 15
20 5
21 10
22 19
23 14
24 1
25 6
26 13
27 23
28 14
29 2
30 11
31 24
32 14
33 18
34 17
35 4
36 35
37 23
38 18
39 16
40 16
41 17
42 13
43 18
44 26
45 37
46 12
47 12
48 16
49 18
50 26
51 49
52 46
53 30
54 50
55 27
56 46
57 51
58 25
59 38
60 45
61 45
62 30
63 47
64 45
65 64
66 58
67 63
68 39
69 42
70 44
71 36
72 49
73 69
74 41
75 39
76 73
77 68
78 76
79 42
80 69
81 61
82 64
83 54
84 47
85 64
86 72
87 55
88 85
89 77
90 71
91 64
92 90
93 79
94 70
95 71
96 75
97 78
98 93
99 82
100 87
