100
2 1
3 2
4 2
5 3
6 1
7 5
8 2
9 4
10 4
11 7
12 8
13 2
14 9
15 4
16 9
17 12
18 15
19 1
20 16
21 16
22 11
23 1
24 6
25 21
26 7
27 19
28 15
29 16
30 17
31 7
32 30
33 8
34 15
35 25
36 17
37 14
38 27
39 37
40 19
41 29
42 8
43 40
44 28
45 31
46 24
47 13
48 10
49 46
50 49
51 13
52 47
53 8
54 17
55 37
56 27
57 47
58 20
59 24
60 40
61 35
62 15
63 18
64 24
65 64
66 58
67 44
68 49
69 25
70 53
71 41
72 39
73 40
74 30
75 47
76 44
77 61
78 64
79 56
80 79
81 44
82 78
83 47
84 38
85 78
86 60
87 52
88 72
89 75
90 43
91 75
92 46
93 64
94 51
95 50
96 68
97 81
98 87
99 88
100 53
