100
2 1
3 2
4 3
5 4
6 5
7 4
8 4
9 3
10 8
11 8
12 7
13 2
14 11
15 13
16 14
17 6
18 17
19 14
20 7
21 6
22 20
23 9
24 22
25 13
26 10
27 15
28 16
29 21
30 18
31 3
32 20
33 30
34 17
35 20
36 21
37 12
38 6
39 8
40 37
41 13
42 32
43 19
44 43
45 41
46 35
47 30
48 3
49 31
50 25
51 48
52 43
53 47
54 11
55 27
56 8
57 10
58 20
59 45
60 39
61 19
62 15
63 56
64 61
65 34
66 18
67 44
68 26
69 40
70 19
71 54
72 54
73 68
74 36
75 67
76 60
77 46
78 45
79 72
80 66
81 73
82 55
83 30
84 52
85 56
86 33
87 31
88 78
89 75
90 55
91 43
92 84
93 69
94 65
95 79
96 41
97 95
98 75
99 44
100 75
