100
2 1
3 1
4 2
5 2
6 2
7 5
8 6
9 3
10 2
11 4
12 1
13 12
14 2
15 7
16 12
17 8
18 3
19 7
20 15
21 14
22 15
23 8
24 23
25 2
26 6
27 15
28 17
29 16
30 26
31 21
32 21
33 7
34 13
35 16
36 1
37 12
38 34
39 27
40 6
41 13
42 36
43 12
44 26
45 34
46 20
47 8
48 35
49 7
50 19
51 22
52 6
53 23
54 39
55 40
56 55
57 54
58 45
59 43
60 19
61 49
62 56
63 35
64 16
65 43
66 63
67 61
68 59
69 44
70 43
71 67
72 22
73 69
74 52
75 57
76 59
77 61
78 48
79 44
80 62
81 54
82 33
83 78
84 81
85 37
86 46
87 76
88 62
89 57
90 58
91 81
92 64
93 47
94 45
95 88
96 60
97 66
98 67
99 59
100 81
