100
2 1
3 1
4 2
5 2
6 4
7 6
8 2
9 3
10 6
11 2
12 11
13 12
14 9
15 3
16 4
17 1
18 6
19 11
20 6
21 16
22 3
23 17
24 16
25 18
26 12
27 11
28 13
29 1
30 2
31 20
32 10
33 29
34 15
35 27
36 5
37 10
38 13
39 30
40 24
41 12
42 23
43 32
44 41
45 8
46 31
47 13
48 22
49 8
50 32
51 13
52 21
53 42
54 24
55 50
56 25
57 10
58 24
59 14
60 25
61 4
62 8
63 60
64 43
65 28
66 19
67 19
68 7
69 67
70 34
71 60
72 39
73 24
74 18
75 74
76 75
77 48
78 62
79 63
80 77
81 44
82 38
83 46
84 25
85 70
86 29
87 48
88 74
89 66
90 66
91 69
92 89
93 35
94 39
95 34
96 71
97 45
98 86
99 85
100 57
