100
1 15
2 15
3 15
4 15
5 15
6 15
7 3
8 15
9 15
10 15
11 15
12 1
13 15
14 15
16 15
17 15
18 6
19 15
20 15
21 15
22 15
23 15
24 15
25 15
26 15
27 15
28 15
29 8
30 29
31 15
32 15
33 7
34 33
35 15
36 15
37 18
38 24
39 11
40 15
41 4
42 15
43 21
44 15
45 15
46 15
47 28
48 15
49 15
50 17
51 2
52 31
53 38
54 40
55 35
56 45
57 52
58 30
59 34
60 44
61 15
62 47
63 49
64 12
65 36
66 15
67 43
68 15
69 53
70 5
71 42
72 70
73 15
74 23
75 57
76 62
77 72
78 60
79 25
80 37
81 48
82 64
83 51
84 76
85 15
86 77
87 54
88 41
89 15
90 86
91 22
92 81
93 69
94 13
95 19
96 59
97 55
98 78
99 15
100 87
